-2971.94339933
-3070.98894222
-3141.17566822
-3171.53521545
-3180.09566410
-3189.24979755
-3190.99774580
-3191.23793334
-3191.26520092
-2976.23881150
-3075.21973315
-3145.25580913
-3175.45574621
-3183.98278403
-3193.08700718
-3194.82719187
-3195.06440186
-3195.09042044  -2971.94339933
-3070.98894222
-3141.17566822
-3171.53521545
-3180.09566410
-3189.24979755
-3190.99774580
-3191.23793334
-3191.26520092
-2976.23881150
-3075.21973315
-3145.25580913
-3175.45574621
-3183.98278403
-3193.08700718
-3194.82719187
-3195.06440186
-3195.09042044 15m51.40s 
-2971.94339933
-3070.98894222
-3141.17566822
-3171.53521545
-3180.09566410
-3189.24979755
-3190.99774580
-3191.23793334
-3191.26520092
-2976.23881150
-3075.21973315
-3145.25580913
-3175.45574621
-3183.98278403
-3193.08700718
-3194.82719187
-3195.06440186
-3195.09042044 18 -2971.94339933
-3070.98894222
-3141.17566822
-3171.53521545
-3180.09566410
-3189.24979755
-3190.99774580
-3191.23793334
-3191.26520092
-2976.23881150
-3075.21973315
-3145.25580913
-3175.45574621
-3183.98278403
-3193.08700718
-3194.82719187
-3195.06440186
-3195.09042044 15m51.40s 317
-2971.94339933
-3070.98894222
-3141.17566822
-3171.53521545
-3180.09566410
-3189.24979755
-3190.99774580
-3191.23793334
-3191.26520092
-2976.23881150
-3075.21973315
-3145.25580913
-3175.45574621
-3183.98278403
-3193.08700718
-3194.82719187
-3195.06440186
-3195.09042044 output 15m51.40s 317
