-23.6007 3.676e-06
-23.5907 2.4340000000000003e-06
-23.5807 1.596e-06
-23.570700000000002 1.037e-06
-23.5607 6.649e-07
-23.5507 4.2300000000000007e-07
-23.5407 2.666e-07
-23.5307 1.6609999999999999e-07
-23.520699999999998 1.0239999999999999e-07
-23.5107 6.252e-08
-23.500700000000002 3.778e-08
-23.4907 2.259e-08
-23.4807 1.336e-08
-23.4707 7.832e-09
-23.4607 4.538e-09
-23.450699999999998 2.6030000000000002e-09
-23.4407 1.478e-09
-23.4307 8.305e-10
-23.4207 4.624e-10
-23.4107 2.542e-10
-23.4007 1.3829999999999998e-10
-23.3907 7.466e-11
-23.380699999999997 3.9769999999999996e-11
-23.3707 2.096e-11
-23.3607 1.0934999999999999e-11
-23.3507 5.651999999999999e-12
-23.3407 2.885e-12
-23.3307 1.4559999999999999e-12
-23.320700000000002 7.222e-13
-23.3107 3.504e-13
-23.3007 1.675e-13
-23.2907 7.901999999999999e-14
-23.2807 3.7180000000000005e-14
-23.270699999999998 1.419e-14
-23.2607 1.2536e-15
-23.250700000000002 0.0
-23.2407 0.0
-23.2307 0.0
-23.2207 0.0
-23.2107 0.0
-23.200699999999998 0.0
-23.1907 0.0
-23.1807 0.0
-23.1707 0.0
-23.1607 0.0
-23.1507 0.0
-23.1407 0.0
-23.130699999999997 0.0
-23.1207 0.0
-23.1107 0.0
-23.1007 0.0
-23.0907 0.0
-23.0807 0.0
-23.070700000000002 0.0
-23.0607 0.0
-23.0507 0.0
-23.0407 0.0
-23.0307 0.0
-23.020699999999998 0.0
-23.0107 0.0
-23.000700000000002 0.0
-22.9907 0.0
-22.9807 0.0
-22.9707 0.0
-22.9607 0.0
-22.950699999999998 0.0
-22.9407 0.0
-22.9307 0.0
-22.9207 0.0
-22.9107 0.0
-22.9007 0.0
-22.8907 0.0
-22.880699999999997 0.0
-22.8707 0.0
-22.8607 0.0
-22.8507 0.0
-22.8407 0.0
-22.8307 0.0
-22.820700000000002 0.0
-22.8107 0.0
-22.8007 0.0
-22.7907 0.0
-22.7807 0.0
-22.770699999999998 0.0
-22.7607 0.0
-22.750700000000002 0.0
-22.7407 0.0
-22.7307 0.0
-22.7207 0.0
-22.7107 0.0
-22.700699999999998 0.0
-22.6907 0.0
-22.6807 0.0
-22.6707 0.0
-22.6607 0.0
-22.6507 0.0
-22.6407 0.0
-22.630699999999997 0.0
-22.6207 0.0
-22.6107 0.0
-22.6007 0.0
-22.5907 0.0
-22.5807 0.0
-22.570700000000002 0.0
-22.5607 0.0
-22.5507 0.0
-22.5407 0.0
-22.5307 0.0
-22.520699999999998 0.0
-22.5107 0.0
-22.500700000000002 0.0
-22.4907 0.0
-22.4807 0.0
-22.4707 0.0
-22.4607 0.0
-22.450699999999998 0.0
-22.4407 0.0
-22.4307 0.0
-22.4207 0.0
-22.4107 0.0
-22.4007 0.0
-22.3907 0.0
-22.380699999999997 0.0
-22.3707 0.0
-22.3607 0.0
-22.3507 0.0
-22.3407 0.0
-22.3307 0.0
-22.320700000000002 0.0
-22.3107 0.0
-22.3007 0.0
-22.2907 0.0
-22.2807 0.0
-22.270699999999998 0.0
-22.2607 0.0
-22.250700000000002 0.0
-22.2407 0.0
-22.2307 0.0
-22.2207 0.0
-22.2107 0.0
-22.200699999999998 0.0
-22.1907 0.0
-22.1807 0.0
-22.1707 0.0
-22.1607 0.0
-22.1507 0.0
-22.1407 0.0
-22.130699999999997 0.0
-22.1207 0.0
-22.1107 0.0
-22.1007 0.0
-22.0907 0.0
-22.0807 0.0
-22.070700000000002 0.0
-22.0607 0.0
-22.0507 0.0
-22.0407 0.0
-22.0307 0.0
-22.020699999999998 0.0
-22.0107 0.0
-22.000700000000002 0.0
-21.9907 0.0
-21.9807 0.0
-21.9707 0.0
-21.9607 0.0
-21.950699999999998 0.0
-21.9407 0.0
-21.9307 0.0
-21.9207 0.0
-21.9107 0.0
-21.9007 0.0
-21.8907 0.0
-21.880699999999997 0.0
-21.8707 0.0
-21.8607 0.0
-21.8507 0.0
-21.8407 0.0
-21.8307 0.0
-21.820700000000002 0.0
-21.8107 0.0
-21.8007 0.0
-21.7907 0.0
-21.7807 0.0
-21.770699999999998 0.0
-21.7607 0.0
-21.750700000000002 0.0
-21.7407 0.0
-21.7307 0.0
-21.7207 0.0
-21.7107 0.0
-21.700699999999998 0.0
-21.6907 0.0
-21.6807 0.0
-21.6707 0.0
-21.6607 0.0
-21.6507 0.0
-21.6407 0.0
-21.630699999999997 0.0
-21.6207 0.0
-21.6107 0.0
-21.6007 0.0
-21.5907 0.0
-21.5807 0.0
-21.5707 0.0
-21.5607 1.803049e-15
-21.5507 3.76268e-15
-21.5407 1.3562e-14
-21.5307 2.7989e-14
-21.520699999999998 5.721299999999999e-14
-21.5107 1.2057e-13
-21.500700000000002 2.4125e-13
-21.4907 4.7783e-13
-21.4807 9.37e-13
-21.4707 1.8403e-12
-21.4607 3.5321e-12
-21.450699999999998 6.778e-12
-21.4407 1.2777e-11
-21.4307 2.3822e-11
-21.4207 4.3995e-11
-21.4107 8.027999999999999e-11
-21.4007 1.4506000000000001e-10
-21.3907 2.6005e-10
-21.3807 4.602e-10
-21.3707 8.057999999999999e-10
-21.3607 1.3989e-09
-21.3507 2.4032e-09
-21.3407 4.082e-09
-21.3307 6.88e-09
-21.3207 1.1478e-08
-21.3107 1.8927e-08
-21.3007 3.0965e-08
-21.2907 5.0100000000000005e-08
-21.2807 8.04e-08
-21.270699999999998 1.2748999999999999e-07
-21.2607 2.0063000000000002e-07
-21.250700000000002 3.12e-07
-21.2407 4.816000000000001e-07
-21.2307 7.362999999999999e-07
-21.2207 1.1157e-06
-21.2107 1.6754e-06
-21.200699999999998 2.4918e-06
-21.1907 3.675e-06
-21.1807 5.367e-06
-21.1707 7.77e-06
-21.1607 1.115e-05
-21.1507 1.588e-05
-21.1407 2.2409999999999997e-05
-21.1307 3.129e-05
-21.1207 4.3429999999999996e-05
-21.1107 5.996e-05
-21.1007 8.162e-05
-21.0907 0.00011043999999999998
-21.0807 0.00014832000000000002
-21.0707 0.0001972
-21.0607 0.0002604
-21.0507 0.0003404
-21.0407 0.0004426
-21.0307 0.0005698999999999999
-21.020699999999998 0.0007286
-21.0107 0.0009241
-21.000700000000002 0.0011597
-20.9907 0.001446
-20.9807 0.0017850000000000001
-20.9707 0.0021880000000000003
-20.9607 0.0026579999999999998
-20.950699999999998 0.0032040000000000003
-20.9407 0.0038250000000000003
-20.9307 0.004537
-20.9207 0.00533
-20.9107 0.006215
-20.9007 0.007179
-20.8907 0.008216999999999999
-20.8807 0.009361
-20.8707 0.010548
-20.8607 0.011814999999999999
-20.8507 0.013121
-20.8407 0.014490000000000001
-20.8307 0.015870000000000002
-20.8207 0.01728
-20.8107 0.01874
-20.8007 0.02018
-20.7907 0.021679999999999998
-20.7807 0.02319
-20.770699999999998 0.02473
-20.7607 0.02633
-20.750700000000002 0.02801
-20.7407 0.02977
-20.7307 0.03168
-20.7207 0.033710000000000004
-20.7107 0.03591
-20.700699999999998 0.0383
-20.6907 0.04093
-20.6807 0.04373
-20.6707 0.04664
-20.6607 0.049879999999999994
-20.6507 0.053360000000000005
-20.6407 0.05684
-20.6307 0.06038
-20.6207 0.06413999999999999
-20.6107 0.06773000000000001
-20.6007 0.07150000000000001
-20.5907 0.07494
-20.5807 0.07830000000000001
-20.5707 0.08152000000000001
-20.5607 0.08455
-20.5507 0.08724000000000001
-20.5407 0.08985000000000001
-20.5307 0.09184
-20.520699999999998 0.09402999999999999
-20.5107 0.09572
-20.500700000000002 0.09751
-20.4907 0.0992
-20.4807 0.1008
-20.4707 0.10269999999999999
-20.4607 0.1048
-20.450699999999998 0.1072
-20.4407 0.1098
-20.4307 0.113
-20.4207 0.11680000000000001
-20.4107 0.121
-20.4007 0.1259
-20.3907 0.1312
-20.3807 0.1371
-20.3707 0.14329999999999998
-20.3607 0.14989999999999998
-20.3507 0.15689999999999998
-20.3407 0.1638
-20.3307 0.17099999999999999
-20.3207 0.17819999999999997
-20.3107 0.1851
-20.3007 0.19179999999999997
-20.2907 0.198
-20.2807 0.20400000000000001
-20.270699999999998 0.20950000000000002
-20.2607 0.21450000000000002
-20.250700000000002 0.2192
-20.2407 0.22349999999999998
-20.2307 0.2274
-20.2207 0.2309
-20.2107 0.2341
-20.200699999999998 0.2371
-20.1907 0.24029999999999999
-20.1807 0.24309999999999998
-20.1707 0.2461
-20.1607 0.24919999999999998
-20.1507 0.25220000000000004
-20.1407 0.2553
-20.1307 0.2586
-20.1207 0.2621
-20.1107 0.2657
-20.1007 0.26949999999999996
-20.0907 0.2734
-20.0807 0.2774
-20.0707 0.2816
-20.0607 0.2858
-20.0507 0.29000000000000004
-20.0407 0.2944
-20.0307 0.2986
-20.020699999999998 0.3026
-20.0107 0.30670000000000003
-20.000700000000002 0.3105
-19.9907 0.31410000000000005
-19.9807 0.3173
-19.9707 0.3202
-19.9607 0.32280000000000003
-19.950699999999998 0.3247
-19.9407 0.3262
-19.9307 0.32720000000000005
-19.9207 0.3276
-19.9107 0.3276
-19.9007 0.3272
-19.8907 0.3263
-19.8807 0.32530000000000003
-19.8707 0.32389999999999997
-19.8607 0.3224
-19.8507 0.32089999999999996
-19.8407 0.3192
-19.8307 0.3177
-19.8207 0.3165
-19.8107 0.31549999999999995
-19.8007 0.3144
-19.7907 0.3136
-19.7807 0.3132
-19.770699999999998 0.313
-19.7607 0.3127
-19.750700000000002 0.3126
-19.7407 0.3124
-19.7307 0.31220000000000003
-19.7207 0.31170000000000003
-19.7107 0.31079999999999997
-19.700699999999998 0.3098
-19.6907 0.3085
-19.6807 0.3064
-19.6707 0.30419999999999997
-19.6607 0.3014
-19.6507 0.2984
-19.6407 0.2951
-19.6307 0.2915
-19.6207 0.2879
-19.6107 0.2843
-19.6007 0.2808
-19.5907 0.2773
-19.5807 0.2742
-19.5707 0.2712
-19.5607 0.26880000000000004
-19.5507 0.2666
-19.5407 0.2649
-19.5307 0.2636
-19.520699999999998 0.26270000000000004
-19.5107 0.2622
-19.500700000000002 0.262
-19.4907 0.2623
-19.4807 0.2633
-19.4707 0.26449999999999996
-19.4607 0.26630000000000004
-19.450699999999998 0.2692
-19.4407 0.2728
-19.4307 0.2773
-19.4207 0.283
-19.4107 0.2901
-19.4007 0.2985
-19.3907 0.3084
-19.3807 0.3199
-19.3707 0.3331
-19.3607 0.3478
-19.3507 0.36410000000000003
-19.3407 0.38200000000000006
-19.3307 0.40079999999999993
-19.3207 0.4214
-19.3107 0.4415
-19.3007 0.46320000000000006
-19.2907 0.48539999999999994
-19.2807 0.5067
-19.270699999999998 0.5281
-19.2607 0.549
-19.250700000000002 0.5695
-19.2407 0.5872999999999999
-19.2307 0.6051
-19.2207 0.6214999999999999
-19.2107 0.6339
-19.200699999999998 0.6452
-19.1907 0.6546000000000001
-19.1807 0.6631
-19.1707 0.6676000000000001
-19.1607 0.6712
-19.1507 0.6717000000000001
-19.1407 0.6714
-19.1307 0.6689
-19.1207 0.6655
-19.1107 0.66
-19.1007 0.6525
-19.0907 0.6439
-19.0807 0.6333
-19.0707 0.623
-19.0607 0.6108
-19.0507 0.5977
-19.0407 0.5856
-19.0307 0.5706
-19.020699999999998 0.5568
-19.0107 0.5401
-19.000700000000002 0.5255
-18.9907 0.5093
-18.9807 0.49299999999999994
-18.9707 0.4758
-18.9607 0.4587
-18.950699999999998 0.4416
-18.9407 0.4246
-18.9307 0.4076
-18.9207 0.3908
-18.9107 0.37470000000000003
-18.9007 0.35890000000000005
-18.8907 0.3438
-18.8807 0.3296
-18.8707 0.3162
-18.8607 0.30389999999999995
-18.8507 0.29259999999999997
-18.8407 0.2827
-18.8307 0.27390000000000003
-18.8207 0.2666
-18.8107 0.2607
-18.8007 0.25570000000000004
-18.7907 0.252
-18.7807 0.2503
-18.770699999999998 0.2487
-18.7607 0.2489
-18.750700000000002 0.24921
-18.7407 0.25034
-18.7307 0.25114000000000003
-18.7207 0.25259
-18.7107 0.25484
-18.700699999999998 0.25625
-18.6907 0.257
-18.6807 0.2582
-18.6707 0.25744999999999996
-18.6607 0.25682
-18.6507 0.2563
-18.6407 0.25375000000000003
-18.6307 0.25119
-18.6207 0.24755
-18.6107 0.24398
-18.6007 0.23934
-18.5907 0.23472
-18.5807 0.22993
-18.5707 0.22526
-18.5607 0.21941
-18.5507 0.21386
-18.5407 0.20831
-18.5307 0.20257999999999998
-18.520699999999998 0.19684
-18.5107 0.191
-18.500700000000002 0.18495
-18.4907 0.17849
-18.4807 0.171908
-18.4707 0.16500900000000002
-18.4607 0.157685
-18.450699999999998 0.149944
-18.4407 0.141996
-18.4307 0.133611
-18.4207 0.12483999999999998
-18.4107 0.115952
-18.4007 0.106867
-18.3907 0.09779499999999999
-18.3807 0.08871700000000002
-18.3707 0.07987100000000001
-18.3607 0.07135
-18.3507 0.06326200000000001
-18.3407 0.055396999999999995
-18.3307 0.048066000000000005
-18.3207 0.041479
-18.3107 0.035401
-18.3007 0.029887999999999998
-18.2907 0.0249938
-18.2807 0.0207051
-18.270699999999998 0.016990699999999997
-18.2607 0.013797499999999999
-18.250700000000002 0.011101300000000001
-18.2407 0.0088397
-18.2307 0.0069594999999999995
-18.2207 0.005438500000000001
-18.2107 0.0041875
-18.200699999999998 0.0032096200000000003
-18.1907 0.0024263099999999997
-18.1807 0.0018170600000000001
-18.1707 0.00134716
-18.1607 0.0009880000000000002
-18.1507 0.00071731
-18.1407 0.00051423
-18.1307 0.00036648999999999997
-18.1207 0.000257721
-18.1107 0.000179583
-18.1007 0.00012374999999999997
-18.0907 8.4343e-05
-18.0807 5.7019e-05
-18.0707 3.80239e-05
-18.0607 2.50968e-05
-18.0507 1.6432e-05
-18.0407 1.0628e-05
-18.0307 6.8081999999999995e-06
-18.020699999999998 4.311e-06
-18.0107 2.7041199999999998e-06
-18.000700000000002 1.6772399999999998e-06
-17.9907 1.0282200000000003e-06
-17.9807 6.2562e-07
-17.9707 3.74819e-07
-17.9607 2.2324700000000001e-07
-17.950699999999998 1.31244e-07
-17.9407 7.6442e-08
-17.9307 4.4055e-08
-17.9207 2.5134000000000002e-08
-17.9107 1.41511e-08
-17.9007 7.891400000000001e-09
-17.8907 4.3575e-09
-17.8807 2.3751799999999996e-09
-17.8707 1.28565e-09
-17.8607 6.8727e-10
-17.8507 3.64126e-10
-17.8407 1.9020999999999998e-10
-17.8307 9.8492e-11
-17.8207 5.0483e-11
-17.8107 2.55026e-11
-17.8007 1.2770100000000001e-11
-17.7907 6.3419e-12
-17.7807 3.04917e-12
-17.770699999999998 1.4826899999999998e-12
-17.7607 6.5816e-13
-17.750700000000002 2.21694e-13
-17.7407 6.12145e-14
-17.7307 0.0
-17.7207 0.0
-17.7107 0.0
-17.700699999999998 0.0
-17.6907 0.0
-17.6807 0.0
-17.6707 0.0
-17.6607 0.0
-17.6507 0.0
-17.6407 0.0
-17.6307 0.0
-17.6207 0.0
-17.6107 0.0
-17.6007 0.0
-17.5907 0.0
-17.5807 0.0
-17.5707 0.0
-17.5607 0.0
-17.5507 0.0
-17.5407 0.0
-17.5307 0.0
-17.520699999999998 0.0
-17.5107 0.0
-17.5007 0.0
-17.4907 0.0
-17.4807 0.0
-17.4707 0.0
-17.4607 0.0
-17.4507 0.0
-17.4407 0.0
-17.4307 0.0
-17.4207 0.0
-17.4107 0.0
-17.4007 0.0
-17.3907 0.0
-17.3807 0.0
-17.3707 0.0
-17.3607 0.0
-17.3507 0.0
-17.3407 0.0
-17.3307 0.0
-17.3207 0.0
-17.3107 0.0
-17.3007 0.0
-17.2907 0.0
-17.2807 0.0
-17.270699999999998 0.0
-17.2607 0.0
-17.2507 0.0
-17.2407 0.0
-17.2307 0.0
-17.2207 0.0
-17.2107 0.0
-17.2007 0.0
-17.1907 0.0
-17.1807 0.0
-17.1707 0.0
-17.1607 0.0
-17.1507 0.0
-17.1407 0.0
-17.1307 0.0
-17.1207 0.0
-17.1107 0.0
-17.1007 0.0
-17.0907 0.0
-17.0807 0.0
-17.0707 0.0
-17.0607 0.0
-17.0507 0.0
-17.0407 0.0
-17.0307 0.0
-17.020699999999998 0.0
-17.0107 0.0
-17.0007 0.0
-16.9907 0.0
-16.9807 0.0
-16.9707 0.0
-16.9607 0.0
-16.9507 0.0
-16.9407 0.0
-16.9307 0.0
-16.9207 0.0
-16.9107 0.0
-16.9007 0.0
-16.8907 0.0
-16.8807 0.0
-16.8707 0.0
-16.8607 0.0
-16.8507 0.0
-16.8407 0.0
-16.8307 0.0
-16.8207 0.0
-16.8107 0.0
-16.8007 0.0
-16.7907 0.0
-16.7807 0.0
-16.770699999999998 0.0
-16.7607 0.0
-16.7507 0.0
-16.7407 0.0
-16.7307 0.0
-16.7207 0.0
-16.7107 0.0
-16.7007 0.0
-16.6907 0.0
-16.6807 0.0
-16.6707 0.0
-16.6607 0.0
-16.6507 0.0
-16.6407 0.0
-16.6307 0.0
-16.6207 0.0
-16.6107 0.0
-16.6007 0.0
-16.5907 0.0
-16.5807 0.0
-16.5707 0.0
-16.5607 0.0
-16.5507 0.0
-16.5407 0.0
-16.5307 0.0
-16.520699999999998 0.0
-16.5107 0.0
-16.5007 0.0
-16.4907 0.0
-16.4807 0.0
-16.4707 0.0
-16.4607 0.0
-16.4507 0.0
-16.4407 0.0
-16.4307 0.0
-16.4207 0.0
-16.4107 0.0
-16.4007 0.0
-16.3907 0.0
-16.3807 0.0
-16.3707 0.0
-16.3607 0.0
-16.3507 0.0
-16.3407 0.0
-16.3307 0.0
-16.3207 0.0
-16.3107 0.0
-16.3007 0.0
-16.2907 0.0
-16.2807 0.0
-16.270699999999998 0.0
-16.2607 0.0
-16.2507 0.0
-16.2407 0.0
-16.2307 0.0
-16.2207 0.0
-16.2107 0.0
-16.2007 0.0
-16.1907 0.0
-16.1807 0.0
-16.1707 0.0
-16.1607 0.0
-16.1507 0.0
-16.1407 0.0
-16.1307 0.0
-16.1207 0.0
-16.1107 0.0
-16.1007 0.0
-16.0907 0.0
-16.0807 0.0
-16.0707 0.0
-16.0607 0.0
-16.0507 0.0
-16.0407 0.0
-16.0307 0.0
-16.020699999999998 0.0
-16.0107 0.0
-16.0007 0.0
-15.9907 0.0
-15.980699999999999 0.0
-15.9707 0.0
-15.9607 0.0
-15.9507 0.0
-15.9407 0.0
-15.9307 0.0
-15.9207 0.0
-15.9107 0.0
-15.9007 0.0
-15.890699999999999 0.0
-15.8807 0.0
-15.8707 0.0
-15.8607 0.0
-15.8507 0.0
-15.8407 0.0
-15.8307 0.0
-15.8207 0.0
-15.8107 0.0
-15.800699999999999 0.0
-15.7907 0.0
-15.7807 0.0
-15.7707 0.0
-15.7607 0.0
-15.7507 0.0
-15.7407 0.0
-15.730699999999999 0.0
-15.7207 0.0
-15.7107 0.0
-15.7007 0.0
-15.6907 0.0
-15.6807 0.0
-15.6707 0.0
-15.6607 0.0
-15.6507 0.0
-15.640699999999999 0.0
-15.6307 0.0
-15.6207 0.0
-15.6107 0.0
-15.6007 0.0
-15.5907 0.0
-15.5807 0.0
-15.5707 0.0
-15.5607 0.0
-15.550699999999999 0.0
-15.5407 0.0
-15.5307 0.0
-15.5207 0.0
-15.5107 0.0
-15.5007 0.0
-15.4907 0.0
-15.480699999999999 0.0
-15.4707 0.0
-15.4607 0.0
-15.4507 0.0
-15.4407 0.0
-15.4307 0.0
-15.4207 0.0
-15.4107 0.0
-15.4007 0.0
-15.390699999999999 0.0
-15.3807 0.0
-15.3707 0.0
-15.3607 0.0
-15.3507 0.0
-15.3407 0.0
-15.3307 0.0
-15.3207 0.0
-15.3107 0.0
-15.300699999999999 0.0
-15.2907 0.0
-15.2807 0.0
-15.2707 0.0
-15.2607 0.0
-15.2507 0.0
-15.2407 0.0
-15.230699999999999 0.0
-15.2207 0.0
-15.2107 0.0
-15.2007 0.0
-15.1907 0.0
-15.1807 0.0
-15.1707 0.0
-15.1607 0.0
-15.1507 0.0
-15.140699999999999 0.0
-15.1307 0.0
-15.1207 0.0
-15.1107 0.0
-15.1007 0.0
-15.0907 0.0
-15.0807 0.0
-15.0707 0.0
-15.0607 0.0
-15.050699999999999 0.0
-15.0407 0.0
-15.0307 0.0
-15.0207 0.0
-15.0107 0.0
-15.0007 0.0
-14.9907 0.0
-14.980699999999999 0.0
-14.9707 0.0
-14.9607 0.0
-14.9507 0.0
-14.9407 0.0
-14.9307 0.0
-14.9207 0.0
-14.9107 0.0
-14.9007 0.0
-14.890699999999999 0.0
-14.8807 0.0
-14.8707 0.0
-14.8607 0.0
-14.8507 0.0
-14.8407 0.0
-14.8307 0.0
-14.8207 0.0
-14.8107 0.0
-14.800699999999999 0.0
-14.7907 0.0
-14.7807 0.0
-14.7707 0.0
-14.7607 0.0
-14.7507 0.0
-14.7407 0.0
-14.730699999999999 0.0
-14.7207 0.0
-14.7107 0.0
-14.7007 0.0
-14.6907 0.0
-14.6807 0.0
-14.6707 0.0
-14.6607 0.0
-14.6507 0.0
-14.640699999999999 0.0
-14.6307 0.0
-14.6207 0.0
-14.6107 0.0
-14.6007 0.0
-14.5907 0.0
-14.5807 0.0
-14.5707 0.0
-14.5607 0.0
-14.550699999999999 0.0
-14.5407 0.0
-14.5307 0.0
-14.5207 0.0
-14.5107 0.0
-14.5007 0.0
-14.4907 0.0
-14.4807 0.0
-14.470699999999999 0.0
-14.4607 0.0
-14.4507 0.0
-14.4407 0.0
-14.4307 0.0
-14.4207 0.0
-14.4107 0.0
-14.4007 0.0
-14.390699999999999 0.0
-14.3807 0.0
-14.3707 0.0
-14.3607 0.0
-14.3507 0.0
-14.3407 0.0
-14.3307 0.0
-14.3207 0.0
-14.3107 0.0
-14.300699999999999 0.0
-14.2907 0.0
-14.2807 0.0
-14.2707 0.0
-14.2607 0.0
-14.2507 0.0
-14.2407 0.0
-14.2307 0.0
-14.220699999999999 0.0
-14.2107 0.0
-14.2007 0.0
-14.1907 0.0
-14.1807 0.0
-14.1707 0.0
-14.1607 0.0
-14.1507 0.0
-14.140699999999999 0.0
-14.1307 0.0
-14.1207 0.0
-14.1107 0.0
-14.1007 0.0
-14.0907 0.0
-14.0807 0.0
-14.0707 0.0
-14.0607 0.0
-14.050699999999999 0.0
-14.0407 0.0
-14.0307 0.0
-14.0207 0.0
-14.0107 0.0
-14.0007 0.0
-13.9907 0.0
-13.9807 0.0
-13.970699999999999 0.0
-13.9607 0.0
-13.9507 0.0
-13.9407 0.0
-13.9307 0.0
-13.9207 0.0
-13.9107 0.0
-13.9007 0.0
-13.890699999999999 0.0
-13.8807 0.0
-13.8707 0.0
-13.8607 0.0
-13.8507 0.0
-13.8407 0.0
-13.8307 0.0
-13.8207 0.0
-13.8107 0.0
-13.800699999999999 0.0
-13.7907 0.0
-13.7807 0.0
-13.7707 0.0
-13.7607 0.0
-13.7507 0.0
-13.7407 0.0
-13.7307 0.0
-13.720699999999999 0.0
-13.7107 0.0
-13.7007 0.0
-13.6907 0.0
-13.6807 0.0
-13.6707 0.0
-13.6607 0.0
-13.6507 0.0
-13.640699999999999 0.0
-13.6307 0.0
-13.6207 0.0
-13.6107 0.0
-13.6007 0.0
-13.5907 0.0
-13.5807 0.0
-13.5707 0.0
-13.5607 0.0
-13.550699999999999 0.0
-13.5407 0.0
-13.5307 0.0
-13.5207 0.0
-13.5107 0.0
-13.5007 0.0
-13.4907 0.0
-13.4807 0.0
-13.470699999999999 0.0
-13.4607 0.0
-13.4507 0.0
-13.4407 0.0
-13.4307 0.0
-13.4207 0.0
-13.4107 0.0
-13.4007 0.0
-13.390699999999999 0.0
-13.3807 0.0
-13.3707 0.0
-13.3607 0.0
-13.3507 0.0
-13.3407 0.0
-13.3307 0.0
-13.3207 0.0
-13.3107 0.0
-13.300699999999999 0.0
-13.2907 0.0
-13.2807 0.0
-13.2707 0.0
-13.2607 0.0
-13.2507 0.0
-13.2407 0.0
-13.2307 0.0
-13.220699999999999 0.0
-13.2107 0.0
-13.2007 0.0
-13.1907 0.0
-13.1807 0.0
-13.1707 0.0
-13.1607 0.0
-13.1507 0.0
-13.140699999999999 0.0
-13.1307 0.0
-13.1207 0.0
-13.1107 0.0
-13.1007 0.0
-13.0907 0.0
-13.0807 0.0
-13.0707 0.0
-13.0607 0.0
-13.050699999999999 0.0
-13.0407 0.0
-13.0307 0.0
-13.0207 0.0
-13.0107 0.0
-13.0007 0.0
-12.9907 0.0
-12.9807 0.0
-12.970699999999999 0.0
-12.9607 0.0
-12.9507 0.0
-12.9407 0.0
-12.9307 0.0
-12.9207 0.0
-12.9107 0.0
-12.9007 0.0
-12.890699999999999 0.0
-12.8807 0.0
-12.8707 0.0
-12.8607 0.0
-12.8507 0.0
-12.8407 0.0
-12.8307 0.0
-12.8207 0.0
-12.8107 0.0
-12.800699999999999 0.0
-12.7907 0.0
-12.7807 0.0
-12.7707 0.0
-12.7607 3.613000000000001e-15
-12.7507 1.3087e-14
-12.7407 2.7220000000000003e-14
-12.7307 7.246e-14
-12.720699999999999 1.543e-13
-12.7107 3.2029999999999996e-13
-12.7007 6.447e-13
-12.6907 1.2852999999999998e-12
-12.6807 2.567e-12
-12.6707 5.0420000000000005e-12
-12.6607 9.762e-12
-12.6507 1.867e-11
-12.640699999999999 3.532e-11
-12.6307 6.621e-11
-12.6207 1.2256000000000001e-10
-12.6107 2.249e-10
-12.6007 4.0789999999999996e-10
-12.5907 7.342e-10
-12.5807 1.305e-09
-12.5707 2.298e-09
-12.5607 4.005e-09
-12.550699999999999 6.905e-09
-12.5407 1.1789e-08
-12.5307 1.995e-08
-12.5207 3.338e-08
-12.5107 5.525000000000001e-08
-12.5007 9.051999999999999e-08
-12.4907 1.471e-07
-12.480699999999999 2.3660000000000001e-07
-12.4707 3.762e-07
-12.4607 5.927e-07
-12.4507 9.244e-07
-12.4407 1.4280000000000001e-06
-12.4307 2.182e-06
-12.4207 3.303e-06
-12.4107 4.952e-06
-12.4007 7.353000000000001e-06
-12.390699999999999 1.0804e-05
-12.3807 1.571e-05
-12.3707 2.2689999999999998e-05
-12.3607 3.237e-05
-12.3507 4.57e-05
-12.3407 6.409e-05
-12.3307 8.888e-05
-12.3207 0.000122
-12.3107 0.0001659
-12.300699999999999 0.0002236
-12.2907 0.0002984
-12.2807 0.0003946
-12.2707 0.0005163
-12.2607 0.0006711999999999999
-12.2507 0.000861
-12.2407 0.0010961999999999999
-12.230699999999999 0.001382
-12.2207 0.001728
-12.2107 0.0021409999999999997
-12.2007 0.002627
-12.1907 0.003193
-12.1807 0.0038450000000000003
-12.1707 0.004588
-12.1607 0.0054269999999999995
-12.1507 0.0063549999999999995
-12.140699999999999 0.007388
-12.1307 0.00853
-12.1207 0.009741
-12.1107 0.01103
-12.1007 0.0124
-12.0907 0.01379
-12.0807 0.015229999999999999
-12.0707 0.01668
-12.0607 0.01814
-12.050699999999999 0.01958
-12.0407 0.02097
-12.0307 0.02233
-12.0207 0.023599999999999996
-12.0107 0.0248
-12.0007 0.02588
-11.9907 0.02688
-11.980699999999999 0.027780000000000003
-11.9707 0.02857
-11.9607 0.029259999999999998
-11.9507 0.029859999999999998
-11.9407 0.030360000000000005
-11.9307 0.0308
-11.9207 0.03118
-11.9107 0.0315
-11.9007 0.03175
-11.890699999999999 0.03198
-11.8807 0.03218
-11.8707 0.03234
-11.8607 0.03252000000000001
-11.8507 0.03265
-11.8407 0.032760000000000004
-11.8307 0.03288
-11.8207 0.03298
-11.8107 0.03307
-11.800699999999999 0.03313
-11.7907 0.03318
-11.7807 0.03323
-11.7707 0.03325
-11.7607 0.03324
-11.7507 0.03322
-11.7407 0.033190000000000004
-11.730699999999999 0.033139999999999996
-11.7207 0.03309
-11.7107 0.03299
-11.7007 0.03289
-11.6907 0.032780000000000004
-11.6807 0.032670000000000005
-11.6707 0.03253
-11.6607 0.0324
-11.6507 0.03226
-11.640699999999999 0.03212
-11.6307 0.03198
-11.6207 0.03185
-11.6107 0.031740000000000004
-11.6007 0.03162
-11.5907 0.031509999999999996
-11.5807 0.031420000000000003
-11.5707 0.03135
-11.5607 0.031299999999999994
-11.550699999999999 0.03128
-11.5407 0.03128
-11.5307 0.0313
-11.5207 0.03133
-11.5107 0.03137
-11.5007 0.03144
-11.4907 0.0315
-11.480699999999999 0.03157
-11.4707 0.03163
-11.4607 0.031689999999999996
-11.4507 0.031740000000000004
-11.4407 0.03177
-11.4307 0.031799999999999995
-11.4207 0.0318
-11.4107 0.03178
-11.4007 0.03177
-11.390699999999999 0.031720000000000005
-11.3807 0.03168
-11.3707 0.03163
-11.3607 0.03157
-11.3507 0.03152
-11.3407 0.03145
-11.3307 0.03139
-11.3207 0.03132
-11.3107 0.03123
-11.300699999999999 0.031120000000000002
-11.2907 0.030989999999999997
-11.2807 0.03083
-11.2707 0.0306
-11.2607 0.03034
-11.2507 0.030039999999999997
-11.2407 0.029670000000000002
-11.230699999999999 0.029220000000000003
-11.2207 0.028720000000000002
-11.2107 0.02816
-11.2007 0.027549999999999998
-11.1907 0.02689
-11.1807 0.026189999999999998
-11.1707 0.02549
-11.1607 0.02475
-11.1507 0.02406
-11.140699999999999 0.02337
-11.1307 0.02271
-11.1207 0.0221
-11.1107 0.02155
-11.1007 0.02107
-11.0907 0.02066
-11.0807 0.0203
-11.0707 0.020040000000000002
-11.0607 0.01982
-11.050699999999999 0.01966
-11.0407 0.01958
-11.0307 0.019540000000000002
-11.0207 0.01955
-11.0107 0.019540000000000002
-11.0007 0.01958
-10.9907 0.01961
-10.980699999999999 0.01964
-10.9707 0.019639999999999998
-10.9607 0.0196
-10.9507 0.01953
-10.9407 0.01938
-10.9307 0.01919
-10.9207 0.018930000000000002
-10.9107 0.018600000000000002
-10.9007 0.01819
-10.890699999999999 0.01771
-10.8807 0.017169999999999998
-10.8707 0.01655
-10.8607 0.0159
-10.8507 0.01519
-10.8407 0.014450000000000001
-10.8307 0.01369
-10.8207 0.01289
-10.8107 0.012130000000000002
-10.800699999999999 0.011360000000000002
-10.7907 0.010620000000000001
-10.7807 0.00992
-10.7707 0.00925
-10.7607 0.00863
-10.7507 0.00807
-10.7407 0.007579999999999999
-10.730699999999999 0.0071400000000000005
-10.7207 0.00675
-10.7107 0.0064340000000000005
-10.7007 0.006185
-10.6907 0.005982
-10.6807 0.005828000000000001
-10.6707 0.005722
-10.6607 0.005652
-10.6507 0.005633000000000001
-10.640699999999999 0.005641
-10.6307 0.005680999999999999
-10.6207 0.005738999999999999
-10.6107 0.005822999999999999
-10.6007 0.005915999999999999
-10.5907 0.006014
-10.5807 0.006103
-10.5707 0.006191
-10.5607 0.006265000000000001
-10.550699999999999 0.006318
-10.5407 0.006348
-10.5307 0.006351
-10.5207 0.006326999999999999
-10.5107 0.006259
-10.5007 0.00615
-10.4907 0.006016
-10.480699999999999 0.005828
-10.4707 0.005619
-10.4607 0.005376
-10.4507 0.005094
-10.4407 0.004799
-10.4307 0.00448
-10.4207 0.004148
-10.4107 0.00381
-10.4007 0.00347
-10.390699999999999 0.003138
-10.3807 0.002816
-10.3707 0.0025060000000000004
-10.3607 0.0022170000000000002
-10.3507 0.001948
-10.3407 0.0017029999999999999
-10.3307 0.00148
-10.3207 0.001282
-10.3107 0.001109
-10.300699999999999 0.000956
-10.2907 0.000825
-10.2807 0.0007159000000000001
-10.2707 0.0006201000000000001
-10.2607 0.0005414
-10.2507 0.0004751
-10.2407 0.00041970000000000006
-10.230699999999999 0.0003733
-10.2207 0.000334
-10.2107 0.0003004
-10.2007 0.00027160000000000004
-10.1907 0.00024619999999999997
-10.1807 0.0002233
-10.1707 0.00020250000000000002
-10.1607 0.00018339999999999999
-10.1507 0.00016549999999999998
-10.140699999999999 0.00014879999999999998
-10.1307 0.0001331
-10.1207 0.0001184
-10.1107 0.00010460000000000001
-10.1007 9.169000000000001e-05
-10.0907 7.986999999999999e-05
-10.0807 6.898999999999999e-05
-10.0707 5.909e-05
-10.0607 5.0180000000000004e-05
-10.050699999999999 4.2239999999999995e-05
-10.0407 3.5289999999999996e-05
-10.0307 2.923e-05
-10.0207 2.3970000000000003e-05
-10.0107 1.949e-05
-10.0007 1.571e-05
-9.9907 1.255e-05
-9.980699999999999 9.924e-06
-9.9707 7.783e-06
-9.9607 6.053e-06
-9.9507 4.6669999999999995e-06
-9.9407 3.575e-06
-9.9307 2.739e-06
-9.9207 2.109e-06
-9.9107 1.6669999999999999e-06
-9.9007 1.3980000000000002e-06
-9.890699999999999 1.3114e-06
-9.8807 1.4339e-06
-9.8707 1.8263000000000002e-06
-9.8607 2.595e-06
-9.8507 3.9269000000000005e-06
-9.8407 6.0713e-06
-9.8307 9.4423e-06
-9.8207 1.46314e-05
-9.8107 2.25252e-05
-9.800699999999999 3.4305000000000004e-05
-9.7907 5.1882e-05
-9.7807 7.754100000000001e-05
-9.7707 0.000114685
-9.7607 0.000167875
-9.7507 0.000243306
-9.7407 0.00034869999999999996
-9.730699999999999 0.00049418
-9.7207 0.0006934
-9.7107 0.00096452
-9.7007 0.00132554
-9.6907 0.00180447
-9.6807 0.0024318
-9.6707 0.0032300000000000002
-9.6607 0.0042655
-9.6507 0.005577
-9.640699999999999 0.007202399999999999
-9.6307 0.0092126
-9.6207 0.0116541
-9.6107 0.014609999999999998
-9.6007 0.018116999999999998
-9.5907 0.022246
-9.5807 0.027087
-9.570699999999999 0.03254
-9.5607 0.038849
-9.550699999999999 0.045814999999999995
-9.540700000000001 0.053457
-9.5307 0.061954999999999996
-9.5207 0.071027
-9.5107 0.080744
-9.5007 0.090757
-9.4907 0.101294
-9.480699999999999 0.111844
-9.4707 0.122819
-9.4607 0.133487
-9.4507 0.144047
-9.4407 0.154179
-9.4307 0.16388000000000003
-9.4207 0.17304
-9.410699999999999 0.18150999999999998
-9.4007 0.18933
-9.390699999999999 0.19652999999999998
-9.380700000000001 0.203
-9.3707 0.20895
-9.3607 0.21447
-9.3507 0.21947
-9.3407 0.22415000000000002
-9.3307 0.22871000000000002
-9.320699999999999 0.23325999999999997
-9.3107 0.23841
-9.300699999999999 0.24325000000000002
-9.290700000000001 0.24728
-9.2807 0.25282
-9.2707 0.25866
-9.2607 0.26481
-9.2507 0.27027
-9.2407 0.27692
-9.230699999999999 0.28289
-9.2207 0.28876
-9.2107 0.29463
-9.2007 0.2993
-9.1907 0.30466
-9.1807 0.30881
-9.1707 0.31115
-9.160699999999999 0.31408
-9.1507 0.31428999999999996
-9.140699999999999 0.31489
-9.130700000000001 0.31379
-9.1207 0.31189
-9.1107 0.30857
-9.1007 0.30567
-9.0907 0.30128
-9.0807 0.29642
-9.070699999999999 0.29129
-9.0607 0.28619
-9.050699999999999 0.28125
-9.040700000000001 0.27666
-9.0307 0.27253
-9.0207 0.26897
-9.0107 0.26619
-9.0007 0.26432999999999995
-8.9907 0.26337
-8.980699999999999 0.26322999999999996
-8.9707 0.26393
-8.9607 0.26554
-8.9507 0.26828
-8.9407 0.27154
-8.9307 0.27562
-8.9207 0.28042
-8.910699999999999 0.28583000000000003
-8.9007 0.29155
-8.890699999999999 0.29797999999999997
-8.880700000000001 0.30461
-8.8707 0.31145
-8.8607 0.31857
-8.8507 0.32579
-8.8407 0.33299999999999996
-8.8307 0.3402
-8.820699999999999 0.34709999999999996
-8.8107 0.35390000000000005
-8.800699999999999 0.3595999999999999
-8.790700000000001 0.36629999999999996
-8.7807 0.3714
-8.7707 0.3754
-8.7607 0.3799
-8.7507 0.382
-8.7407 0.3847
-8.730699999999999 0.385
-8.7207 0.3851
-8.7107 0.38480000000000003
-8.7007 0.383
-8.6907 0.38
-8.6807 0.37679999999999997
-8.6707 0.37229999999999996
-8.660699999999999 0.36729999999999996
-8.6507 0.3622
-8.640699999999999 0.3558
-8.630700000000001 0.34909999999999997
-8.6207 0.3419
-8.6107 0.3347
-8.6007 0.327
-8.5907 0.3192
-8.5807 0.31120000000000003
-8.570699999999999 0.3027
-8.5607 0.29479999999999995
-8.550699999999999 0.2863
-8.540700000000001 0.278
-8.5307 0.2697
-8.5207 0.2615
-8.5107 0.25329999999999997
-8.5007 0.24509999999999998
-8.4907 0.23700000000000002
-8.480699999999999 0.229
-8.4707 0.2212
-8.4607 0.2132
-8.4507 0.2057
-8.4407 0.1981
-8.4307 0.1907
-8.4207 0.1835
-8.410699999999999 0.1763
-8.4007 0.1694
-8.390699999999999 0.1626
-8.380700000000001 0.156
-8.3707 0.1497
-8.3607 0.1435
-8.3507 0.1375
-8.3407 0.1316
-8.3307 0.12639999999999998
-8.320699999999999 0.1211
-8.3107 0.11629999999999999
-8.300699999999999 0.11177000000000001
-8.290700000000001 0.10777
-8.2807 0.10407
-8.2707 0.10069000000000002
-8.2607 0.09791000000000001
-8.2507 0.09555000000000001
-8.2407 0.09360000000000002
-8.230699999999999 0.09207000000000001
-8.2207 0.09095
-8.2107 0.09004999999999999
-8.2007 0.08956999999999998
-8.1907 0.08940000000000001
-8.1807 0.08935
-8.1707 0.08941
-8.160699999999999 0.08979000000000001
-8.1507 0.08987
-8.140699999999999 0.08987
-8.130700000000001 0.08987
-8.1207 0.08957000000000001
-8.1107 0.08897999999999999
-8.1007 0.08799
-8.0907 0.08660000000000001
-8.0807 0.08491
-8.070699999999999 0.08281
-8.0607 0.08042
-8.050699999999999 0.07752999999999999
-8.040700000000001 0.07433000000000001
-8.0307 0.07095
-8.0207 0.06726
-8.0107 0.06355
-8.0007 0.05949
-7.9906999999999995 0.05562
-7.9807 0.051550000000000006
-7.9707 0.047580000000000004
-7.9607 0.04378
-7.950699999999999 0.04008
-7.9407 0.03655
-7.9307 0.03326
-7.9207 0.03023
-7.910699999999999 0.027470000000000005
-7.9007 0.02501
-7.8907 0.02285
-7.8807 0.021006000000000004
-7.870699999999999 0.019479
-7.8607 0.018289
-7.8507 0.017424000000000002
-7.8407 0.016864999999999998
-7.8307 0.0166
-7.8206999999999995 0.01662
-7.8107 0.016890000000000002
-7.8007 0.017410000000000002
-7.7907 0.018119999999999997
-7.7806999999999995 0.01901
-7.7707 0.02003
-7.7607 0.02115
-7.7507 0.022350000000000002
-7.7406999999999995 0.02358
-7.7307 0.0248
-7.7207 0.02602
-7.7107 0.02712
-7.700699999999999 0.02819
-7.6907 0.029110000000000004
-7.6807 0.02991
-7.6707 0.0306
-7.660699999999999 0.031149999999999997
-7.6507 0.03157
-7.6407 0.03188
-7.6307 0.032100000000000004
-7.620699999999999 0.03226
-7.6107 0.03237
-7.6007 0.0325
-7.5907 0.03268
-7.5807 0.03295
-7.5706999999999995 0.03337
-7.5607 0.03398
-7.5507 0.034839999999999996
-7.5407 0.03601
-7.5306999999999995 0.03753
-7.5207 0.03947
-7.5107 0.04185
-7.5007 0.04469
-7.4906999999999995 0.04809000000000001
-7.4807 0.05205
-7.4707 0.05659
-7.4607 0.0616
-7.450699999999999 0.06719
-7.4407 0.07339
-7.4307 0.08005
-7.4207 0.08714
-7.410699999999999 0.09480000000000001
-7.4007 0.1027
-7.3907 0.1108
-7.3807 0.1194
-7.370699999999999 0.128
-7.3607 0.1367
-7.3507 0.14539999999999997
-7.3407 0.1545
-7.3307 0.1633
-7.3206999999999995 0.1724
-7.3107 0.1815
-7.3007 0.1908
-7.2907 0.2005
-7.2806999999999995 0.2108
-7.2707 0.22149999999999997
-7.2607 0.23320000000000002
-7.2507 0.2458
-7.2406999999999995 0.25939999999999996
-7.2307 0.2743
-7.2207 0.2908
-7.2107 0.30839999999999995
-7.200699999999999 0.32780000000000004
-7.1907 0.34959999999999997
-7.1807 0.3712
-7.1707 0.39630000000000004
-7.160699999999999 0.4211
-7.1507 0.4485
-7.1407 0.4765
-7.1307 0.5049
-7.120699999999999 0.5338
-7.1107 0.5622999999999999
-7.1007 0.591
-7.0907 0.6193
-7.0807 0.6462
-7.0706999999999995 0.6736000000000001
-7.0607 0.6981
-7.0507 0.7217
-7.0407 0.7444999999999999
-7.0306999999999995 0.7671
-7.0207 0.7858999999999999
-7.0107 0.8035999999999999
-7.0007 0.8182
-6.9906999999999995 0.8328
-6.9807 0.8442
-6.9707 0.8546
-6.9607 0.8637
-6.950699999999999 0.8706
-6.9407 0.8763000000000001
-6.9307 0.8807
-6.9207 0.8839
-6.910699999999999 0.8848000000000001
-6.9007 0.8854
-6.8907 0.8848000000000001
-6.8807 0.8840999999999999
-6.870699999999999 0.8812
-6.8607 0.8791
-6.8507 0.8759
-6.8407 0.8726999999999999
-6.8307 0.8705999999999998
-6.8206999999999995 0.8666
-6.8107 0.8655
-6.8007 0.8617
-6.7907 0.8601
-6.7806999999999995 0.8587
-6.7707 0.857
-6.7607 0.8566
-6.7507 0.8563
-6.7406999999999995 0.8572
-6.7307 0.8574
-6.7207 0.8597
-6.7107 0.8612
-6.700699999999999 0.8639000000000001
-6.6907 0.8667
-6.6807 0.8706999999999999
-6.6707 0.8759000000000001
-6.660699999999999 0.8813000000000001
-6.6507 0.8868
-6.6407 0.8964
-6.6307 0.9035000000000001
-6.620699999999999 0.9144000000000001
-6.6107 0.9253
-6.6007 0.9392999999999999
-6.5907 0.9532
-6.5807 0.9702999999999999
-6.5706999999999995 0.9884000000000001
-6.5607 1.0077
-6.5507 1.0290000000000001
-6.5407 1.0505
-6.5306999999999995 1.0721
-6.5207 1.0968
-6.5107 1.1185999999999998
-6.5007 1.1435
-6.4906999999999995 1.1666
-6.4807 1.1887999999999999
-6.4707 1.2101
-6.4607 1.2306
-6.450699999999999 1.248
-6.4407 1.267
-6.4307 1.2830000000000001
-6.4207 1.296
-6.410699999999999 1.309
-6.4007 1.32
-6.3907 1.3289999999999997
-6.3807 1.339
-6.370699999999999 1.3439999999999999
-6.3607 1.352
-6.3507 1.3559999999999999
-6.3407 1.359
-6.3307 1.364
-6.3206999999999995 1.3659999999999999
-6.3107 1.3669999999999998
-6.3007 1.367
-6.2907 1.3659999999999999
-6.2806999999999995 1.365
-6.2707 1.362
-6.2607 1.357
-6.2507 1.351
-6.2406999999999995 1.346
-6.2307 1.3379999999999999
-6.2207 1.331
-6.2107 1.32
-6.200699999999999 1.3119999999999998
-6.1907 1.302
-6.1807 1.29
-6.1707 1.278
-6.160699999999999 1.267
-6.1507 1.2550000000000001
-6.1407 1.241
-6.1307 1.23
-6.120699999999999 1.2200000000000002
-6.1107 1.2060000000000002
-6.1007 1.1960000000000002
-6.0907 1.185
-6.0807 1.175
-6.0706999999999995 1.164
-6.0607 1.154
-6.0507 1.146
-6.0407 1.139
-6.0306999999999995 1.131
-6.0207 1.123
-6.0107 1.116
-6.0007 1.111
-5.9906999999999995 1.107
-5.9807 1.101
-5.9707 1.097
-5.9607 1.093
-5.950699999999999 1.09
-5.9407 1.086
-5.9307 1.083
-5.9207 1.082
-5.910699999999999 1.081
-5.9007 1.0799999999999998
-5.8907 1.079
-5.8807 1.078
-5.870699999999999 1.08
-5.8607 1.08
-5.8507 1.079
-5.8407 1.081
-5.8307 1.081
-5.8206999999999995 1.081
-5.8107 1.079
-5.8007 1.0779999999999998
-5.7907 1.077
-5.7806999999999995 1.074
-5.7707 1.072
-5.7607 1.068
-5.7507 1.065
-5.7406999999999995 1.061
-5.7307 1.057
-5.7207 1.053
-5.7107 1.048
-5.700699999999999 1.047
-5.6907 1.045
-5.6807 1.0450000000000002
-5.6707 1.044
-5.660699999999999 1.044
-5.6507 1.047
-5.6407 1.05
-5.6307 1.054
-5.620699999999999 1.056
-5.6107 1.062
-5.6007 1.067
-5.5907 1.07
-5.5807 1.0750000000000002
-5.5707 1.076
-5.560700000000001 1.078
-5.550699999999999 1.0779999999999998
-5.540699999999999 1.0750000000000002
-5.5306999999999995 1.073
-5.5207 1.069
-5.5107 1.062
-5.5007 1.056
-5.4907 1.046
-5.480700000000001 1.036
-5.470699999999999 1.026
-5.460699999999999 1.0150000000000001
-5.450699999999999 1.004
-5.4407 0.995
-5.4307 0.9850000000000001
-5.4207 0.9770000000000001
-5.4107 0.97
-5.4007000000000005 0.9650000000000001
-5.390699999999999 0.961
-5.380699999999999 0.958
-5.370699999999999 0.9550000000000001
-5.3607 0.955
-5.3507 0.9590000000000001
-5.3407 0.961
-5.3307 0.964
-5.3207 0.967
-5.310700000000001 0.9720000000000001
-5.300699999999999 0.978
-5.290699999999999 0.9820000000000001
-5.2806999999999995 0.9860000000000001
-5.2707 0.992
-5.2607 0.995
-5.2507 0.999
-5.2407 1.002
-5.230700000000001 1.0050000000000001
-5.220699999999999 1.0050000000000001
-5.210699999999999 1.0070000000000001
-5.200699999999999 1.0070000000000001
-5.1907 1.006
-5.1807 1.006
-5.1707 1.004
-5.1607 1.0030000000000001
-5.1507000000000005 1.0
-5.140699999999999 0.998
-5.130699999999999 0.995
-5.120699999999999 0.991
-5.1107 0.987
-5.1007 0.9850000000000001
-5.0907 0.9830000000000001
-5.0807 0.9790000000000001
-5.0707 0.976
-5.060700000000001 0.974
-5.050699999999999 0.972
-5.040699999999999 0.9710000000000001
-5.0306999999999995 0.97
-5.0207 0.968
-5.0107 0.9690000000000001
-5.0007 0.97
-4.9907 0.972
-4.980700000000001 0.972
-4.970699999999999 0.9730000000000001
-4.960699999999999 0.9750000000000001
-4.950699999999999 0.976
-4.9407 0.9770000000000001
-4.9307 0.978
-4.9207 0.9770000000000001
-4.9107 0.978
-4.9007000000000005 0.9750000000000001
-4.890699999999999 0.976
-4.880699999999999 0.972
-4.870699999999999 0.968
-4.8607 0.966
-4.8507 0.9610000000000001
-4.8407 0.956
-4.8307 0.9510000000000001
-4.8207 0.9450000000000001
-4.810700000000001 0.9390000000000001
-4.800699999999999 0.933
-4.790699999999999 0.928
-4.7806999999999995 0.922
-4.7707 0.916
-4.7607 0.9110000000000001
-4.7507 0.9060000000000001
-4.7407 0.9020000000000001
-4.730700000000001 0.8990000000000001
-4.720699999999999 0.8960000000000001
-4.710699999999999 0.8920000000000001
-4.700699999999999 0.8890000000000001
-4.6907 0.8880000000000001
-4.6807 0.8850000000000001
-4.6707 0.8840000000000001
-4.6607 0.8830000000000001
-4.6507000000000005 0.8820000000000001
-4.640699999999999 0.8810000000000001
-4.630699999999999 0.8810000000000001
-4.620699999999999 0.8820000000000001
-4.6107 0.883
-4.6007 0.883
-4.5907 0.8859999999999999
-4.5807 0.889
-4.5707 0.8919999999999999
-4.560700000000001 0.895
-4.550699999999999 0.899
-4.540699999999999 0.903
-4.5306999999999995 0.909
-4.5207 0.913
-4.5107 0.9169999999999999
-4.5007 0.92
-4.4907 0.924
-4.480700000000001 0.9259
-4.470699999999999 0.9271999999999999
-4.460699999999999 0.9276000000000001
-4.450699999999999 0.9269999999999999
-4.4407 0.9246000000000001
-4.4307 0.9210999999999999
-4.4207 0.9148
-4.4107 0.9084
-4.4007000000000005 0.899
-4.390699999999999 0.8886000000000001
-4.380699999999999 0.8781000000000001
-4.370699999999999 0.8646
-4.3607 0.8500000000000001
-4.3507 0.8353999999999999
-4.3407 0.8206
-4.3307 0.8048
-4.3207 0.7879
-4.310700000000001 0.772
-4.300699999999999 0.755
-4.290699999999999 0.7399
-4.2806999999999995 0.7249
-4.2707 0.7108
-4.2607 0.6967
-4.2507 0.6826000000000001
-4.2407 0.6705
-4.230700000000001 0.6584000000000001
-4.220699999999999 0.6462
-4.210699999999999 0.6358
-4.200699999999999 0.6255
-4.1907 0.6163
-4.1807 0.6065
-4.1707 0.5979
-4.1607 0.5896
-4.1507000000000005 0.5826
-4.140699999999999 0.5737
-4.130699999999999 0.5673
-4.120699999999999 0.5612
-4.1107 0.5547
-4.1007 0.5484
-4.0907 0.5426
-4.0807 0.5375
-4.0707 0.5327999999999999
-4.060700000000001 0.5293
-4.050699999999999 0.5255000000000001
-4.040699999999999 0.5215
-4.0306999999999995 0.5187999999999999
-4.0207 0.5165000000000001
-4.0107 0.5137
-4.0007 0.5119
-3.9907000000000004 0.5103
-3.9807000000000006 0.5087
-3.970699999999999 0.5075000000000001
-3.960699999999999 0.5065
-3.9506999999999994 0.5056
-3.9406999999999996 0.5045999999999999
-3.9307 0.5038999999999999
-3.9207 0.5033
-3.9107000000000003 0.5027
-3.9007000000000005 0.5018999999999999
-3.890699999999999 0.5014000000000001
-3.880699999999999 0.5007999999999999
-3.8706999999999994 0.5003000000000001
-3.8606999999999996 0.49960000000000004
-3.8507 0.4989
-3.8407 0.498
-3.8307 0.4972
-3.8207000000000004 0.4963
-3.8107000000000006 0.4951
-3.800699999999999 0.4936
-3.7906999999999993 0.4921
-3.7806999999999995 0.49029999999999996
-3.7706999999999997 0.4882
-3.7607 0.48560000000000003
-3.7507 0.483
-3.7407000000000004 0.47969999999999996
-3.7307000000000006 0.47609999999999997
-3.720699999999999 0.4721
-3.710699999999999 0.46770000000000006
-3.7006999999999994 0.4628
-3.6906999999999996 0.45759999999999995
-3.6807 0.45199999999999996
-3.6707 0.4462
-3.6607000000000003 0.44000000000000006
-3.6507000000000005 0.43349999999999994
-3.640699999999999 0.4269
-3.630699999999999 0.41979999999999995
-3.6206999999999994 0.4128
-3.6106999999999996 0.4058
-3.6007 0.3984
-3.5907 0.3912
-3.5807 0.384
-3.5707000000000004 0.3766
-3.5607000000000006 0.36920000000000003
-3.550699999999999 0.3621
-3.5406999999999993 0.35479999999999995
-3.5306999999999995 0.3479
-3.5206999999999997 0.3407
-3.5107 0.33409999999999995
-3.5007 0.32730000000000004
-3.4907000000000004 0.32080000000000003
-3.4807000000000006 0.31439999999999996
-3.470699999999999 0.3083
-3.460699999999999 0.3021
-3.4506999999999994 0.29629999999999995
-3.4406999999999996 0.2908
-3.4307 0.2852
-3.4207 0.2797
-3.4107000000000003 0.2745
-3.4007000000000005 0.2693
-3.390699999999999 0.26430000000000003
-3.380699999999999 0.259
-3.3706999999999994 0.254
-3.3606999999999996 0.24879999999999997
-3.3507 0.2435
-3.3407 0.2383
-3.3307 0.23290000000000002
-3.3207000000000004 0.2276
-3.3107000000000006 0.2223
-3.300699999999999 0.217
-3.2906999999999993 0.2115
-3.2806999999999995 0.2061
-3.2706999999999997 0.2009
-3.2607 0.19569999999999999
-3.2507 0.1907
-3.2407000000000004 0.1861
-3.2307000000000006 0.18180000000000002
-3.220699999999999 0.17779999999999999
-3.210699999999999 0.17400000000000002
-3.2006999999999994 0.1706
-3.1906999999999996 0.1678
-3.1807 0.1651
-3.1707 0.1629
-3.1607000000000003 0.161
-3.1507000000000005 0.1593
-3.140699999999999 0.158
-3.130699999999999 0.15669999999999998
-3.1206999999999994 0.15560000000000002
-3.1106999999999996 0.1547
-3.1007 0.1539
-3.0907 0.153
-3.0807 0.1525
-3.0707000000000004 0.1518
-3.0607000000000006 0.1511
-3.050699999999999 0.1508
-3.0406999999999993 0.1503
-3.0306999999999995 0.15000000000000002
-3.0206999999999997 0.1497
-3.0107 0.1495
-3.0007 0.14939999999999998
-2.9907000000000004 0.1493
-2.9807000000000006 0.1494
-2.970699999999999 0.1492
-2.960699999999999 0.14909999999999998
-2.9506999999999994 0.14900000000000002
-2.9406999999999996 0.1491
-2.9307 0.1488
-2.9207 0.1487
-2.9107000000000003 0.1484
-2.9007000000000005 0.148
-2.890699999999999 0.1476
-2.880699999999999 0.1473
-2.8706999999999994 0.14689999999999998
-2.8606999999999996 0.1464
-2.8507 0.1461
-2.8407 0.1457
-2.8307 0.1455
-2.8207000000000004 0.1456
-2.8107000000000006 0.1459
-2.800699999999999 0.1465
-2.7906999999999993 0.1472
-2.7806999999999995 0.14839999999999998
-2.7706999999999997 0.14969999999999997
-2.7607 0.15150000000000002
-2.7507 0.15370000000000003
-2.7407000000000004 0.15610000000000002
-2.7307000000000006 0.1588
-2.720699999999999 0.1619
-2.710699999999999 0.16510000000000002
-2.7006999999999994 0.1686
-2.6906999999999996 0.17229999999999998
-2.6807 0.176
-2.6707 0.1799
-2.6607000000000003 0.1837
-2.6507000000000005 0.18739999999999998
-2.640699999999999 0.19090000000000001
-2.630699999999999 0.1943
-2.6206999999999994 0.1974
-2.6106999999999996 0.2003
-2.6007 0.203
-2.5907 0.20520000000000002
-2.5807 0.2072
-2.5707000000000004 0.20879999999999999
-2.5607000000000006 0.2103
-2.550699999999999 0.21150000000000002
-2.5406999999999993 0.2122
-2.5306999999999995 0.21280000000000002
-2.5206999999999997 0.2132
-2.5107 0.21320000000000003
-2.5007 0.2133
-2.4907000000000004 0.21299999999999997
-2.4807000000000006 0.2129
-2.470699999999999 0.2125
-2.460699999999999 0.2123
-2.4506999999999994 0.21189999999999998
-2.4406999999999996 0.21150000000000002
-2.4307 0.21109999999999998
-2.4207 0.21100000000000002
-2.4107000000000003 0.2109
-2.4007000000000005 0.2109
-2.390699999999999 0.211
-2.380699999999999 0.21119999999999997
-2.3706999999999994 0.2113
-2.3606999999999996 0.2117
-2.3507 0.2121
-2.3407 0.21259999999999998
-2.3307 0.21309999999999998
-2.3207000000000004 0.21339999999999998
-2.3107000000000006 0.2137
-2.300699999999999 0.21389999999999998
-2.2906999999999993 0.2136
-2.2806999999999995 0.21320000000000003
-2.2706999999999997 0.2124
-2.2607 0.2113
-2.2507 0.2097
-2.2407000000000004 0.20759999999999998
-2.2307000000000006 0.205
-2.220699999999999 0.2019
-2.210699999999999 0.1984
-2.2006999999999994 0.19469999999999998
-2.1906999999999996 0.1903
-2.1807 0.1856
-2.1707 0.18059999999999998
-2.1607000000000003 0.1752
-2.1507000000000005 0.1696
-2.140699999999999 0.1638
-2.130699999999999 0.15789999999999998
-2.1206999999999994 0.1517
-2.1106999999999996 0.1458
-2.1007 0.1397
-2.0907 0.1336
-2.0807 0.1277
-2.0707000000000004 0.1217
-2.0607000000000006 0.1157
-2.050699999999999 0.10969999999999999
-2.0406999999999993 0.104
-2.0306999999999995 0.0984
-2.0206999999999997 0.09269999999999999
-2.0107 0.0871
-2.0007 0.08183
-1.9907000000000004 0.07665000000000001
-1.9807000000000006 0.07164999999999999
-1.970699999999999 0.06681999999999999
-1.9606999999999992 0.062060000000000004
-1.9506999999999994 0.05772000000000001
-1.9406999999999996 0.05357
-1.9306999999999999 0.04963999999999999
-1.9207 0.04611
-1.9107000000000003 0.04281
-1.9007000000000005 0.03985
-1.890699999999999 0.0372
-1.8806999999999992 0.03487
-1.8706999999999994 0.03287
-1.8606999999999996 0.03117
-1.8506999999999998 0.02978
-1.8407 0.02865
-1.8307000000000002 0.027780000000000003
-1.8207000000000004 0.02714
-1.8107000000000006 0.02667
-1.800699999999999 0.026359999999999998
-1.7906999999999993 0.02617
-1.7806999999999995 0.02609
-1.7706999999999997 0.026039999999999997
-1.7607 0.026010000000000002
-1.7507000000000001 0.025970000000000003
-1.7407000000000004 0.025859999999999998
-1.7307000000000006 0.02571
-1.720699999999999 0.025429999999999998
-1.7106999999999992 0.025050000000000003
-1.7006999999999994 0.02455
-1.6906999999999996 0.02393
-1.6806999999999999 0.02316
-1.6707 0.02225
-1.6607000000000003 0.02122
-1.6507000000000005 0.020090000000000004
-1.640699999999999 0.01888
-1.6306999999999992 0.0176
-1.6206999999999994 0.01626
-1.6106999999999996 0.0149
-1.6006999999999998 0.01353
-1.5907 0.01218
-1.5807000000000002 0.01087
-1.5707000000000004 0.009604
-1.5607000000000006 0.008412
-1.550699999999999 0.007306999999999999
-1.5406999999999993 0.0062699999999999995
-1.5306999999999995 0.005342000000000001
-1.5206999999999997 0.004503999999999999
-1.5107 0.0037689999999999998
-1.5007000000000001 0.0031139999999999996
-1.4907000000000004 0.0025510000000000003
-1.4807000000000006 0.002068
-1.470699999999999 0.001661
-1.4606999999999992 0.0013211000000000002
-1.4506999999999994 0.001039
-1.4406999999999996 0.00081
-1.4306999999999999 0.0006246
-1.4207 0.0004766
-1.4107000000000003 0.0003601
-1.4007000000000005 0.0002697
-1.390699999999999 0.0001997
-1.3806999999999992 0.00014639999999999998
-1.3706999999999994 0.00010630000000000001
-1.3606999999999996 7.615000000000001e-05
-1.3506999999999998 5.424e-05
-1.3407 3.816e-05
-1.3307000000000002 2.653e-05
-1.3207000000000004 1.825e-05
-1.3107000000000006 1.2458e-05
-1.300699999999999 8.406e-06
-1.2906999999999993 5.605e-06
-1.2806999999999995 3.7040000000000005e-06
-1.2706999999999997 2.42e-06
-1.2607 1.5649999999999998e-06
-1.2507000000000001 1.0018e-06
-1.2407000000000004 6.345e-07
-1.2307000000000006 3.9790000000000004e-07
-1.220699999999999 2.466e-07
-1.2106999999999992 1.5129999999999999e-07
-1.2006999999999994 9.170999999999999e-08
-1.1906999999999996 5.525e-08
-1.1806999999999999 3.28e-08
-1.1707 1.928e-08
-1.1607000000000003 1.1224e-08
-1.1507000000000005 6.458999999999999e-09
-1.140699999999999 3.6820000000000003e-09
-1.1306999999999992 2.0760000000000003e-09
-1.1206999999999994 1.1582e-09
-1.1106999999999996 6.388e-10
-1.1006999999999998 3.49e-10
-1.0907 1.884e-10
-1.0807000000000002 1.0068000000000001e-10
-1.0707000000000004 5.323e-11
-1.0607000000000006 2.7860000000000004e-11
-1.050699999999999 1.4406000000000001e-11
-1.0406999999999993 7.384e-12
-1.0306999999999995 3.74e-12
-1.0206999999999997 1.874e-12
-1.0107 9.278000000000001e-13
-1.0007000000000001 4.566e-13
-0.9907000000000004 2.097e-13
-0.9807000000000006 9.621999999999999e-14
-0.970699999999999 2.929e-14
-0.9606999999999992 5.584e-15
-0.9506999999999994 0.0
-0.9406999999999996 0.0
-0.9306999999999999 0.0
-0.9207000000000001 0.0
-0.9107000000000003 0.0
-0.9007000000000005 0.0
-0.8906999999999989 0.0
-0.8806999999999992 0.0
-0.8706999999999994 0.0
-0.8606999999999996 0.0
-0.8506999999999998 0.0
-0.8407 0.0
-0.8307000000000002 0.0
-0.8207000000000004 0.0
-0.8107000000000006 0.0
-0.8006999999999991 0.0
-0.7906999999999993 0.0
-0.7806999999999995 0.0
-0.7706999999999997 0.0
-0.7606999999999999 0.0
-0.7507000000000001 0.0
-0.7407000000000004 0.0
-0.7307000000000006 0.0
-0.720699999999999 0.0
-0.7106999999999992 0.0
-0.7006999999999994 0.0
-0.6906999999999996 0.0
-0.6806999999999999 0.0
-0.6707000000000001 0.0
-0.6607000000000003 0.0
-0.6507000000000005 0.0
-0.6406999999999989 0.0
-0.6306999999999992 0.0
-0.6206999999999994 2.6300000000000002e-14
-0.6106999999999996 2.4e-13
-0.6006999999999998 6.988e-13
-0.5907 1.79e-12
-0.5807000000000002 3.718e-12
-0.5707000000000004 7.591999999999999e-12
-0.5607000000000006 1.5321999999999996e-11
-0.5506999999999991 3.062e-11
-0.5406999999999993 6.053e-11
-0.5306999999999995 1.1838e-10
-0.5206999999999997 2.2920000000000005e-10
-0.5106999999999999 4.386e-10
-0.5007000000000001 8.311000000000001e-10
-0.49070000000000036 1.5576e-09
-0.48070000000000057 2.8890000000000007e-09
-0.470699999999999 5.296e-09
-0.4606999999999992 9.61e-09
-0.45069999999999943 1.724e-08
-0.44069999999999965 3.0580000000000006e-08
-0.43069999999999986 5.382e-08
-0.4207000000000001 9.359999999999999e-08
-0.4107000000000003 1.6088e-07
-0.4007000000000005 2.7419999999999995e-07
-0.39069999999999894 4.613000000000001e-07
-0.38069999999999915 7.694e-07
-0.37069999999999936 1.2675e-06
-0.3606999999999996 2.0670000000000003e-06
-0.3506999999999998 3.3329999999999997e-06
-0.3407 5.329e-06
-0.3307000000000002 8.417e-06
-0.32070000000000043 1.3155999999999999e-05
-0.31070000000000064 2.0359999999999998e-05
-0.3006999999999991 3.1179999999999996e-05
-0.2906999999999993 4.728e-05
-0.2806999999999995 7.076e-05
-0.2706999999999997 0.00010491000000000001
-0.26069999999999993 0.00015388
-0.25070000000000014 0.00022359999999999996
-0.24070000000000036 0.0003209
-0.23070000000000057 0.0004569
-0.220699999999999 0.000643
-0.21069999999999922 0.0008962999999999999
-0.20069999999999943 0.001235
-0.19069999999999965 0.0016849999999999999
-0.18069999999999986 0.002276
-0.17070000000000007 0.003045
-0.1607000000000003 0.004024000000000001
-0.1507000000000005 0.00526
-0.14069999999999894 0.006831
-0.13069999999999915 0.008762
-0.12069999999999936 0.011133
-0.11069999999999958 0.014014
-0.10069999999999979 0.01746
-0.0907 0.02155
-0.08070000000000022 0.026310000000000004
-0.07070000000000043 0.03188
-0.06070000000000064 0.038270000000000005
-0.05069999999999908 0.04539000000000001
-0.04069999999999929 0.05349
-0.030699999999999505 0.062369999999999995
-0.02069999999999972 0.07217
-0.010699999999999932 0.08275000000000002
-0.000700000000000145 0.0941
0.009299999999999642 0.10608000000000001
0.01929999999999943 0.11866
0.029300000000000992 0.13204
0.03930000000000078 0.14533
0.049300000000000566 0.15894
0.05930000000000035 0.17271
0.06930000000000014 0.18655
0.07929999999999993 0.2001
0.08929999999999971 0.21350000000000002
0.0992999999999995 0.2264
0.10930000000000106 0.23879999999999998
0.11930000000000085 0.2507
0.12930000000000064 0.2628
0.13930000000000042 0.2736
0.1493000000000002 0.28400000000000003
0.1593 0.2929
0.16929999999999978 0.3025
0.17929999999999957 0.31160000000000004
0.18929999999999936 0.3195
0.19930000000000092 0.3281
0.2093000000000007 0.3355
0.2193000000000005 0.3438
0.22930000000000028 0.35109999999999997
0.23930000000000007 0.35940000000000005
0.24929999999999986 0.3671
0.25929999999999964 0.37489999999999996
0.26929999999999943 0.38339999999999996
0.279300000000001 0.39219999999999994
0.2893000000000008 0.40120000000000006
0.29930000000000057 0.41180000000000005
0.30930000000000035 0.42179999999999995
0.31930000000000014 0.4324
0.3292999999999999 0.44470000000000004
0.3392999999999997 0.45660000000000006
0.3492999999999995 0.47
0.35930000000000106 0.4819
0.36930000000000085 0.49439999999999995
0.37930000000000064 0.5083
0.3893000000000004 0.5227999999999999
0.3993000000000002 0.5357
0.4093 0.548
0.4192999999999998 0.5612
0.42929999999999957 0.5723999999999999
0.43929999999999936 0.5836
0.4493000000000009 0.5926
0.4593000000000007 0.6003000000000001
0.4693000000000005 0.6065
0.4793000000000003 0.6114
0.48930000000000007 0.6125999999999999
0.49929999999999986 0.6113000000000001
0.5092999999999996 0.6081000000000001
0.5192999999999994 0.6023
0.529300000000001 0.5937
0.5393000000000008 0.5833999999999999
0.5493000000000006 0.5694
0.5593000000000004 0.5547
0.5693000000000001 0.5374000000000001
0.5792999999999999 0.5186
0.5892999999999997 0.4994
0.5992999999999995 0.47809999999999997
0.6093000000000011 0.4576
0.6193000000000008 0.43760000000000004
0.6293000000000006 0.4177
0.6393000000000004 0.39990000000000003
0.6493000000000002 0.3821
0.6593 0.36649999999999994
0.6692999999999998 0.35350000000000004
0.6792999999999996 0.3423
0.6892999999999994 0.3334
0.6993000000000009 0.32680000000000003
0.7093000000000007 0.3227
0.7193000000000005 0.3207
0.7293000000000003 0.3207
0.7393000000000001 0.3227
0.7492999999999999 0.3268
0.7592999999999996 0.3319
0.7692999999999994 0.3385
0.779300000000001 0.3461
0.7893000000000008 0.3543
0.7993000000000006 0.36329999999999996
0.8093000000000004 0.3724
0.8193000000000001 0.382
0.8292999999999999 0.3913
0.8392999999999997 0.4007
0.8492999999999995 0.4099
0.8593000000000011 0.4184999999999999
0.8693000000000008 0.4278
0.8793000000000006 0.43599999999999994
0.8893000000000004 0.44399999999999995
0.8993000000000002 0.45159999999999995
0.9093 0.4592
0.9192999999999998 0.4666
0.9292999999999996 0.4728
0.9392999999999994 0.479
0.9493000000000009 0.4848
0.9593000000000007 0.4895999999999999
0.9693000000000005 0.4931
0.9793000000000003 0.4964
0.9893000000000001 0.49750000000000005
0.9992999999999999 0.4985
1.0092999999999996 0.4982
1.0192999999999994 0.49690000000000006
1.029300000000001 0.4944
1.0393000000000008 0.4906
1.0493000000000006 0.4849
1.0593000000000004 0.48019999999999996
1.0693000000000001 0.4744
1.0793 0.46669999999999995
1.0892999999999997 0.46119999999999994
1.0992999999999995 0.45399999999999996
1.109300000000001 0.44689999999999996
1.1193000000000008 0.4392
1.1293000000000006 0.43290000000000006
1.1393000000000004 0.4284
1.1493000000000002 0.42200000000000004
1.1593 0.41769999999999996
1.1692999999999998 0.4141
1.1792999999999996 0.4116
1.1892999999999994 0.40890000000000004
1.199300000000001 0.40840000000000004
1.2093000000000007 0.4082
1.2193000000000005 0.40890000000000004
1.2293000000000003 0.41100000000000003
1.2393 0.4142
1.2492999999999999 0.41879999999999995
1.2592999999999996 0.42449999999999993
1.2692999999999994 0.4314
1.279300000000001 0.4395
1.2893000000000008 0.44889999999999997
1.2993000000000006 0.45920000000000005
1.3093000000000004 0.47140000000000004
1.3193000000000001 0.483
1.3293 0.4961
1.3392999999999997 0.5094000000000001
1.3492999999999995 0.5224000000000001
1.359300000000001 0.5339
1.3693000000000008 0.5452
1.3793000000000006 0.5549999999999999
1.3893000000000004 0.5634
1.3993000000000002 0.5697
1.4093 0.5736
1.4192999999999998 0.5751
1.4292999999999996 0.5747
1.4392999999999994 0.5715
1.449300000000001 0.5680999999999999
1.4593000000000007 0.5643999999999999
1.4693000000000005 0.5596
1.4793000000000003 0.5557000000000001
1.4893 0.5527
1.4992999999999999 0.5514
1.5092999999999996 0.5545
1.5192999999999994 0.5613
1.529300000000001 0.5738
1.5393000000000008 0.5911
1.5493000000000006 0.616
1.5593000000000004 0.6459
1.5693000000000001 0.6825
1.5793 0.7275
1.5892999999999997 0.7786000000000001
1.5992999999999995 0.8356
1.609300000000001 0.8983000000000001
1.6193000000000008 0.9657
1.6293000000000006 1.0377
1.6393000000000004 1.1121999999999999
1.6493000000000002 1.186
1.6593 1.264
1.6692999999999998 1.338
1.6792999999999996 1.413
1.6892999999999994 1.487
1.699300000000001 1.556
1.7093000000000007 1.623
1.7193000000000005 1.6880000000000002
1.7293000000000003 1.7489999999999997
1.7393 1.807
1.7492999999999999 1.8639999999999999
1.7592999999999996 1.9169999999999998
1.7692999999999994 1.967
1.779300000000001 2.0170000000000003
1.7893000000000008 2.065
1.7993000000000006 2.111
1.8093000000000004 2.1550000000000002
1.8193000000000001 2.201
1.8293 2.244
1.8392999999999997 2.288
1.8492999999999995 2.332
1.859300000000001 2.374
1.8693000000000008 2.4160000000000004
1.8793000000000006 2.456
1.8893000000000004 2.499
1.8993000000000002 2.5380000000000003
1.9093 2.576
1.9192999999999998 2.613
1.9292999999999996 2.65
1.9392999999999994 2.686
1.949300000000001 2.721
1.9593000000000007 2.755
1.9693000000000005 2.788
1.9793000000000003 2.822
1.9893 2.856
1.9992999999999999 2.8890000000000002
2.0092999999999996 2.9229999999999996
2.0192999999999994 2.9560000000000004
2.029300000000001 2.9920000000000004
2.039300000000001 3.0260000000000002
2.0493000000000006 3.0629999999999997
2.0593000000000004 3.0980000000000003
2.0693 3.134
2.0793 3.168
2.0892999999999997 3.2010000000000005
2.0992999999999995 3.232
2.109300000000001 3.2600000000000002
2.119300000000001 3.286
2.1293000000000006 3.308
2.1393000000000004 3.325
2.1493 3.338
2.1593 3.348
2.1693 3.3499999999999996
2.1792999999999996 3.3499999999999996
2.1892999999999994 3.343
2.199300000000001 3.3329999999999997
2.2093000000000007 3.318
2.2193000000000005 3.3030000000000004
2.2293000000000003 3.2830000000000004
2.2393 3.263
2.2493 3.24
2.2592999999999996 3.2199999999999998
2.2692999999999994 3.1990000000000003
2.279300000000001 3.1799999999999997
2.289300000000001 3.1639999999999997
2.2993000000000006 3.1489999999999996
2.3093000000000004 3.139
2.3193 3.131
2.3293 3.128
2.3392999999999997 3.1270000000000002
2.3492999999999995 3.129
2.359300000000001 3.133
2.369300000000001 3.138
2.3793000000000006 3.144
2.3893000000000004 3.149
2.3993 3.1510000000000007
2.4093000000000018 3.151
2.4193 3.1450000000000005
2.4293000000000013 3.1340000000000003
2.4392999999999994 3.1180000000000003
2.449300000000001 3.093
2.459299999999999 3.06
2.4693000000000005 3.022
2.4792999999999985 2.974
2.4893 2.918
2.4993000000000016 2.856
2.5092999999999996 2.7889999999999997
2.519300000000001 2.716
2.529299999999999 2.643
2.539300000000001 2.5660000000000003
2.549299999999999 2.492
2.5593000000000004 2.419
2.569300000000002 2.351
2.5793 2.2880000000000003
2.5893000000000015 2.231
2.5992999999999995 2.182
2.609300000000001 2.143
2.619299999999999 2.112
2.6293000000000006 2.088
2.6392999999999986 2.076
2.6493 2.072
2.6593000000000018 2.074
2.6693 2.084
2.6793000000000013 2.099
2.6892999999999994 2.1189999999999998
2.699300000000001 2.142
2.709299999999999 2.167
2.7193000000000005 2.195
2.7292999999999985 2.2239999999999998
2.7393 2.25
2.7493000000000016 2.277
2.7592999999999996 2.301
2.769300000000001 2.326
2.779299999999999 2.348
2.789300000000001 2.371
2.799299999999999 2.391
2.8093000000000004 2.411
2.819300000000002 2.43
2.8293 2.45
2.8393000000000015 2.471
2.8492999999999995 2.499
2.859300000000001 2.525
2.869299999999999 2.559
2.8793000000000006 2.5960000000000005
2.8892999999999986 2.638
2.8993 2.6870000000000003
2.9093000000000018 2.7410000000000005
2.9193 2.8000000000000003
2.9293000000000013 2.8659999999999997
2.9392999999999994 2.934
2.949300000000001 3.005
2.959299999999999 3.0759999999999996
2.9693000000000005 3.1480000000000006
2.9792999999999985 3.2190000000000003
2.9893 3.2840000000000003
2.9993000000000016 3.3430000000000004
3.0092999999999996 3.396
3.019300000000001 3.44
3.029299999999999 3.4729999999999994
3.039300000000001 3.496
3.049299999999999 3.5069999999999997
3.0593000000000004 3.5069999999999997
3.069300000000002 3.4959999999999996
3.0793 3.473
3.0893000000000015 3.441
3.0992999999999995 3.4010000000000002
3.109300000000001 3.354
3.119299999999999 3.301
3.1293000000000006 3.2470000000000003
3.1392999999999986 3.1879999999999997
3.1493 3.1300000000000003
3.1593000000000018 3.075
3.1693 3.025
3.1793000000000013 2.975
3.1892999999999994 2.936
3.199300000000001 2.9000000000000004
3.209299999999999 2.8739999999999997
3.2193000000000005 2.858
3.2292999999999985 2.851
3.2393 2.8520000000000003
3.2493000000000016 2.864
3.2592999999999996 2.886
3.269300000000001 2.9179999999999997
3.279299999999999 2.959
3.289300000000001 3.0100000000000002
3.299299999999999 3.0709999999999997
3.3093000000000004 3.142
3.319300000000002 3.221
3.3293 3.312
3.3393000000000015 3.408
3.3492999999999995 3.5120000000000005
3.359300000000001 3.6239999999999997
3.369299999999999 3.742
3.3793000000000006 3.865
3.3892999999999986 3.9920000000000004
3.3993 4.122
3.4093000000000018 4.2540000000000004
3.4193 4.385
3.4293000000000013 4.515000000000001
3.4392999999999994 4.6419999999999995
3.449300000000001 4.763
3.459299999999999 4.882000000000001
3.4693000000000005 4.9910000000000005
3.4792999999999985 5.0969999999999995
3.4893 5.188
3.4993000000000016 5.274
3.5092999999999996 5.35
3.519300000000001 5.416
3.529299999999999 5.475
3.539300000000001 5.5249999999999995
3.549299999999999 5.568
3.5593000000000004 5.604
3.569300000000002 5.636
3.5793 5.6610000000000005
3.5893000000000015 5.693
3.5992999999999995 5.720999999999999
3.609300000000001 5.747
3.619299999999999 5.775
3.6293000000000006 5.815
3.6392999999999986 5.846
3.6493 5.892
3.6593000000000018 5.937
3.6693 5.982000000000001
3.6793000000000013 6.0329999999999995
3.6892999999999994 6.071999999999999
3.699300000000001 6.111000000000001
3.709299999999999 6.149
3.7193000000000005 6.194999999999999
3.7292999999999985 6.238
3.7393 6.237
3.7493000000000016 6.243
3.7592999999999996 6.234
3.769300000000001 6.222
3.779299999999999 6.194
3.789300000000001 6.133
3.799299999999999 6.066
3.8093000000000004 5.974
3.819300000000002 5.8790000000000004
3.8293 5.763999999999999
3.8393000000000015 5.64
3.8492999999999995 5.5
3.859300000000001 5.357
3.869299999999999 5.199
3.8793000000000006 5.034
3.8892999999999986 4.865
3.8993 4.691
3.9093000000000018 4.515
3.9193 4.334
3.9293000000000013 4.153
3.9392999999999994 3.971
3.949300000000001 3.791
3.959299999999999 3.6100000000000003
3.9693000000000005 3.4290000000000003
3.9792999999999985 3.253
3.9893 3.078
3.9993000000000016 2.9059999999999997
4.0093 2.736
4.019300000000001 2.571
4.029299999999999 2.4099999999999997
4.039300000000001 2.253
4.049299999999999 2.101
4.0593 1.956
4.069300000000002 1.8130000000000002
4.0793 1.678
4.0893000000000015 1.547
4.0992999999999995 1.4240000000000002
4.109300000000001 1.308
4.119299999999999 1.196
4.129300000000001 1.0909999999999997
4.139299999999999 0.9930000000000001
4.1493 0.9010000000000001
4.159300000000002 0.8160000000000001
4.1693 0.737
4.179300000000001 0.6638000000000001
4.189299999999999 0.5968
4.199300000000001 0.5345000000000001
4.209299999999999 0.4776
4.2193000000000005 0.4256
4.2292999999999985 0.3783
4.2393 0.335
4.249300000000002 0.2958
4.2593 0.2604
4.269300000000001 0.22799999999999998
4.279299999999999 0.1992
4.289300000000001 0.17290000000000003
4.299299999999999 0.1495
4.3093 0.1286
4.319300000000002 0.1099
4.3293 0.09319999999999999
4.3393000000000015 0.07869999999999999
4.3492999999999995 0.06605
4.359300000000001 0.05493000000000001
4.369299999999999 0.04536
4.379300000000001 0.037160000000000006
4.389299999999999 0.03018
4.3993 0.024329999999999997
4.409300000000002 0.019420000000000003
4.4193 0.01536
4.429300000000001 0.012040000000000002
4.439299999999999 0.009360000000000002
4.449300000000001 0.00721
4.459299999999999 0.005494000000000001
4.4693000000000005 0.004143000000000001
4.4792999999999985 0.003095
4.4893 0.0022890000000000002
4.499300000000002 0.001676
4.5093 0.0012139999999999998
4.519300000000001 0.00087
4.529299999999999 0.000619
4.539300000000001 0.0004349
4.549299999999999 0.00030260000000000004
4.5593 0.00020819999999999996
4.569300000000002 0.0001417
4.5793 9.559999999999999e-05
4.5893000000000015 6.374e-05
4.5992999999999995 4.201e-05
4.609300000000001 2.7420000000000002e-05
4.619299999999999 1.7709999999999998e-05
4.629300000000001 1.132e-05
