-23.6007 -3.7e-06
-23.5907 -2.452e-06
-23.5807 -1.609e-06
-23.570700000000002 -1.045e-06
-23.5607 -6.718e-07
-23.5507 -4.271e-07
-23.5407 -2.6900000000000004e-07
-23.5307 -1.677e-07
-23.520699999999998 -1.0347000000000001e-07
-23.5107 -6.331e-08
-23.500700000000002 -3.8240000000000004e-08
-23.4907 -2.286e-08
-23.4807 -1.354e-08
-23.4707 -7.931e-09
-23.4607 -4.6020000000000004e-09
-23.450699999999998 -2.6409999999999995e-09
-23.4407 -1.5e-09
-23.4307 -8.422000000000002e-10
-23.4207 -4.688000000000001e-10
-23.4107 -2.584e-10
-23.4007 -1.408e-10
-23.3907 -7.597000000000001e-11
-23.380699999999997 -4.0489999999999994e-11
-23.3707 -2.1359999999999998e-11
-23.3607 -1.1156e-11
-23.3507 -5.7659999999999995e-12
-23.3407 -2.9440000000000004e-12
-23.3307 -1.487e-12
-23.320700000000002 -7.377999999999998e-13
-23.3107 -3.5930000000000004e-13
-23.3007 -1.7199999999999997e-13
-23.2907 -8.114999999999999e-14
-23.2807 -3.691e-14
-23.270699999999998 -1.4459e-14
-23.2607 -2.591e-15
-23.250700000000002 -0.0
-23.2407 -0.0
-23.2307 -0.0
-23.2207 -0.0
-23.2107 -0.0
-23.200699999999998 -0.0
-23.1907 -0.0
-23.1807 -0.0
-23.1707 -0.0
-23.1607 -0.0
-23.1507 -0.0
-23.1407 -0.0
-23.130699999999997 -0.0
-23.1207 -0.0
-23.1107 -0.0
-23.1007 -0.0
-23.0907 -0.0
-23.0807 -0.0
-23.070700000000002 -0.0
-23.0607 -0.0
-23.0507 -0.0
-23.0407 -0.0
-23.0307 -0.0
-23.020699999999998 -0.0
-23.0107 -0.0
-23.000700000000002 -0.0
-22.9907 -0.0
-22.9807 -0.0
-22.9707 -0.0
-22.9607 -0.0
-22.950699999999998 -0.0
-22.9407 -0.0
-22.9307 -0.0
-22.9207 -0.0
-22.9107 -0.0
-22.9007 -0.0
-22.8907 -0.0
-22.880699999999997 -0.0
-22.8707 -0.0
-22.8607 -0.0
-22.8507 -0.0
-22.8407 -0.0
-22.8307 -0.0
-22.820700000000002 -0.0
-22.8107 -0.0
-22.8007 -0.0
-22.7907 -0.0
-22.7807 -0.0
-22.770699999999998 -0.0
-22.7607 -0.0
-22.750700000000002 -0.0
-22.7407 -0.0
-22.7307 -0.0
-22.7207 -0.0
-22.7107 -0.0
-22.700699999999998 -0.0
-22.6907 -0.0
-22.6807 -0.0
-22.6707 -0.0
-22.6607 -0.0
-22.6507 -0.0
-22.6407 -0.0
-22.630699999999997 -0.0
-22.6207 -0.0
-22.6107 -0.0
-22.6007 -0.0
-22.5907 -0.0
-22.5807 -0.0
-22.570700000000002 -0.0
-22.5607 -0.0
-22.5507 -0.0
-22.5407 -0.0
-22.5307 -0.0
-22.520699999999998 -0.0
-22.5107 -0.0
-22.500700000000002 -0.0
-22.4907 -0.0
-22.4807 -0.0
-22.4707 -0.0
-22.4607 -0.0
-22.450699999999998 -0.0
-22.4407 -0.0
-22.4307 -0.0
-22.4207 -0.0
-22.4107 -0.0
-22.4007 -0.0
-22.3907 -0.0
-22.380699999999997 -0.0
-22.3707 -0.0
-22.3607 -0.0
-22.3507 -0.0
-22.3407 -0.0
-22.3307 -0.0
-22.320700000000002 -0.0
-22.3107 -0.0
-22.3007 -0.0
-22.2907 -0.0
-22.2807 -0.0
-22.270699999999998 -0.0
-22.2607 -0.0
-22.250700000000002 -0.0
-22.2407 -0.0
-22.2307 -0.0
-22.2207 -0.0
-22.2107 -0.0
-22.200699999999998 -0.0
-22.1907 -0.0
-22.1807 -0.0
-22.1707 -0.0
-22.1607 -0.0
-22.1507 -0.0
-22.1407 -0.0
-22.130699999999997 -0.0
-22.1207 -0.0
-22.1107 -0.0
-22.1007 -0.0
-22.0907 -0.0
-22.0807 -0.0
-22.070700000000002 -0.0
-22.0607 -0.0
-22.0507 -0.0
-22.0407 -0.0
-22.0307 -0.0
-22.020699999999998 -0.0
-22.0107 -0.0
-22.000700000000002 -0.0
-21.9907 -0.0
-21.9807 -0.0
-21.9707 -0.0
-21.9607 -0.0
-21.950699999999998 -0.0
-21.9407 -0.0
-21.9307 -0.0
-21.9207 -0.0
-21.9107 -0.0
-21.9007 -0.0
-21.8907 -0.0
-21.880699999999997 -0.0
-21.8707 -0.0
-21.8607 -0.0
-21.8507 -0.0
-21.8407 -0.0
-21.8307 -0.0
-21.820700000000002 -0.0
-21.8107 -0.0
-21.8007 -0.0
-21.7907 -0.0
-21.7807 -0.0
-21.770699999999998 -0.0
-21.7607 -0.0
-21.750700000000002 -0.0
-21.7407 -0.0
-21.7307 -0.0
-21.7207 -0.0
-21.7107 -0.0
-21.700699999999998 -0.0
-21.6907 -0.0
-21.6807 -0.0
-21.6707 -0.0
-21.6607 -0.0
-21.6507 -0.0
-21.6407 -0.0
-21.630699999999997 -0.0
-21.6207 -0.0
-21.6107 -0.0
-21.6007 -0.0
-21.5907 -0.0
-21.5807 -0.0
-21.5707 -0.0
-21.5607 -1.918716e-15
-21.5507 -4.006e-15
-21.5407 -1.4479e-14
-21.5307 -2.9844e-14
-21.520699999999998 -6.0835e-14
-21.5107 -1.2840000000000001e-13
-21.500700000000002 -2.5731e-13
-21.4907 -5.091400000000001e-13
-21.4807 -9.973999999999998e-13
-21.4707 -1.9558000000000002e-12
-21.4607 -3.7551e-12
-21.450699999999998 -7.198e-12
-21.4407 -1.3542e-11
-21.4307 -2.5239999999999998e-11
-21.4207 -4.6588e-11
-21.4107 -8.494e-11
-21.4007 -1.5351000000000002e-10
-21.3907 -2.7447999999999997e-10
-21.3807 -4.860999999999999e-10
-21.3707 -8.494e-10
-21.3607 -1.4738999999999998e-09
-21.3507 -2.5302000000000002e-09
-21.3407 -4.299e-09
-21.3307 -7.2290000000000006e-09
-21.3207 -1.2041999999999998e-08
-21.3107 -1.9862999999999997e-08
-21.3007 -3.2448e-08
-21.2907 -5.2480000000000004e-08
-21.2807 -8.405e-08
-21.270699999999998 -1.3331000000000002e-07
-21.2607 -2.0951999999999999e-07
-21.250700000000002 -3.261e-07
-21.2407 -5.023e-07
-21.2307 -7.685e-07
-21.2207 -1.1620999999999999e-06
-21.2107 -1.7419000000000002e-06
-21.200699999999998 -2.59e-06
-21.1907 -3.811e-06
-21.1807 -5.576999999999999e-06
-21.1707 -8.065e-06
-21.1607 -1.1554000000000002e-05
-21.1507 -1.6436e-05
-21.1407 -2.3179999999999998e-05
-21.1307 -3.2370000000000003e-05
-21.1207 -4.4949999999999995e-05
-21.1107 -6.18e-05
-21.1007 -8.419e-05
-21.0907 -0.00011382
-21.0807 -0.00015256000000000002
-21.0707 -0.0002031
-21.0607 -0.0002678
-21.0507 -0.0003506
-21.0407 -0.0004539999999999999
-21.0307 -0.0005852999999999999
-21.020699999999998 -0.0007474
-21.0107 -0.0009457000000000001
-21.000700000000002 -0.0011868000000000002
-20.9907 -0.001478
-20.9807 -0.001824
-20.9707 -0.002234
-20.9607 -0.0027129999999999997
-20.950699999999998 -0.003266
-20.9407 -0.003903
-20.9307 -0.004615
-20.9207 -0.0054210000000000005
-20.9107 -0.00631
-20.9007 -0.007289
-20.8907 -0.008348
-20.8807 -0.009470999999999999
-20.8707 -0.010688999999999999
-20.8607 -0.011947
-20.8507 -0.013263
-20.8407 -0.01461
-20.8307 -0.01601
-20.8207 -0.01744
-20.8107 -0.01887
-20.8007 -0.020319999999999998
-20.7907 -0.02181
-20.7807 -0.02331
-20.770699999999998 -0.02486
-20.7607 -0.02647
-20.750700000000002 -0.02814
-20.7407 -0.029910000000000003
-20.7307 -0.03181
-20.7207 -0.033850000000000005
-20.7107 -0.03604999999999999
-20.700699999999998 -0.038450000000000005
-20.6907 -0.04101
-20.6807 -0.04391
-20.6707 -0.04686
-20.6607 -0.0501
-20.6507 -0.053509999999999995
-20.6407 -0.057
-20.6307 -0.06061999999999999
-20.6207 -0.06429000000000001
-20.6107 -0.06796
-20.6007 -0.07163
-20.5907 -0.07508
-20.5807 -0.07853
-20.5707 -0.08175
-20.5607 -0.08456999999999998
-20.5507 -0.08736000000000001
-20.5407 -0.08988000000000002
-20.5307 -0.09198
-20.520699999999998 -0.09387
-20.5107 -0.09575
-20.500700000000002 -0.09744
-20.4907 -0.09913
-20.4807 -0.10081999999999999
-20.4707 -0.10263000000000001
-20.4607 -0.1047
-20.450699999999998 -0.10700000000000001
-20.4407 -0.1098
-20.4307 -0.11320000000000001
-20.4207 -0.11689999999999999
-20.4107 -0.1212
-20.4007 -0.1261
-20.3907 -0.13149999999999998
-20.3807 -0.13740000000000002
-20.3707 -0.1438
-20.3607 -0.1503
-20.3507 -0.15739999999999998
-20.3407 -0.16459999999999997
-20.3307 -0.1715
-20.3207 -0.17870000000000003
-20.3107 -0.18569999999999998
-20.3007 -0.1923
-20.2907 -0.19850000000000004
-20.2807 -0.2045
-20.270699999999998 -0.2099
-20.2607 -0.2148
-20.250700000000002 -0.21949999999999997
-20.2407 -0.22360000000000002
-20.2307 -0.22740000000000002
-20.2207 -0.2309
-20.2107 -0.234
-20.200699999999998 -0.2371
-20.1907 -0.2402
-20.1807 -0.2429
-20.1707 -0.24579999999999996
-20.1607 -0.2488
-20.1507 -0.2519
-20.1407 -0.255
-20.1307 -0.2583
-20.1207 -0.2619
-20.1107 -0.2656
-20.1007 -0.2694
-20.0907 -0.2732
-20.0807 -0.27730000000000005
-20.0707 -0.28140000000000004
-20.0607 -0.28559999999999997
-20.0507 -0.2902
-20.0407 -0.2942
-20.0307 -0.2986
-20.020699999999998 -0.30260000000000004
-20.0107 -0.30670000000000003
-20.000700000000002 -0.3105
-19.9907 -0.3141
-19.9807 -0.3172
-19.9707 -0.32
-19.9607 -0.32249999999999995
-19.950699999999998 -0.3245
-19.9407 -0.3258
-19.9307 -0.32689999999999997
-19.9207 -0.32730000000000004
-19.9107 -0.3272
-19.9007 -0.3267
-19.8907 -0.3259
-19.8807 -0.3248
-19.8707 -0.32339999999999997
-19.8607 -0.32189999999999996
-19.8507 -0.3203
-19.8407 -0.3187
-19.8307 -0.3173
-19.8207 -0.31600000000000006
-19.8107 -0.31479999999999997
-19.8007 -0.3139
-19.7907 -0.3133
-19.7807 -0.31270000000000003
-19.770699999999998 -0.3124
-19.7607 -0.3123
-19.750700000000002 -0.3123
-19.7407 -0.3119
-19.7307 -0.3117
-19.7207 -0.31139999999999995
-19.7107 -0.31070000000000003
-19.700699999999998 -0.3096
-19.6907 -0.3081
-19.6807 -0.3063
-19.6707 -0.3041
-19.6607 -0.3014
-19.6507 -0.29850000000000004
-19.6407 -0.2952
-19.6307 -0.2915
-19.6207 -0.28789999999999993
-19.6107 -0.2844
-19.6007 -0.2807
-19.5907 -0.2773
-19.5807 -0.2742
-19.5707 -0.27140000000000003
-19.5607 -0.26890000000000003
-19.5507 -0.26680000000000004
-19.5407 -0.265
-19.5307 -0.2637
-19.520699999999998 -0.2628
-19.5107 -0.2624
-19.500700000000002 -0.2622
-19.4907 -0.2626
-19.4807 -0.2634
-19.4707 -0.2647
-19.4607 -0.2668
-19.450699999999998 -0.26959999999999995
-19.4407 -0.27340000000000003
-19.4307 -0.27799999999999997
-19.4207 -0.2838
-19.4107 -0.29109999999999997
-19.4007 -0.2995
-19.3907 -0.30979999999999996
-19.3807 -0.3214
-19.3707 -0.3345
-19.3607 -0.3496
-19.3507 -0.3659
-19.3407 -0.38370000000000004
-19.3307 -0.40270000000000006
-19.3207 -0.4225
-19.3107 -0.44360000000000005
-19.3007 -0.4653999999999999
-19.2907 -0.4875
-19.2807 -0.5087999999999999
-19.270699999999998 -0.5302
-19.2607 -0.5509999999999999
-19.250700000000002 -0.5716
-19.2407 -0.5883
-19.2307 -0.6062
-19.2207 -0.6213000000000001
-19.2107 -0.6355999999999999
-19.200699999999998 -0.6449
-19.1907 -0.6553
-19.1807 -0.6627
-19.1707 -0.6672
-19.1607 -0.6708000000000001
-19.1507 -0.6704
-19.1407 -0.669
-19.1307 -0.6677000000000001
-19.1207 -0.6632
-19.1107 -0.6577999999999999
-19.1007 -0.6491
-19.0907 -0.6415000000000001
-19.0807 -0.6315999999999999
-19.0707 -0.6212
-19.0607 -0.609
-19.0507 -0.5968
-19.0407 -0.5828
-19.0307 -0.5689000000000001
-19.020699999999998 -0.5543
-19.0107 -0.5396
-19.000700000000002 -0.5233
-18.9907 -0.5071
-18.9807 -0.491
-18.9707 -0.4737
-18.9607 -0.45699999999999996
-18.950699999999998 -0.43999999999999995
-18.9407 -0.42290000000000005
-18.9307 -0.40590000000000004
-18.9207 -0.3893
-18.9107 -0.3729
-18.9007 -0.35719999999999996
-18.8907 -0.34209999999999996
-18.8807 -0.3276
-18.8707 -0.3144
-18.8607 -0.3019
-18.8507 -0.2907
-18.8407 -0.28059999999999996
-18.8307 -0.272
-18.8207 -0.2645
-18.8107 -0.2584
-18.8007 -0.2536
-18.7907 -0.2508
-18.7807 -0.2481
-18.770699999999998 -0.2474
-18.7607 -0.24680000000000002
-18.750700000000002 -0.24715
-18.7407 -0.24845
-18.7307 -0.25033
-18.7207 -0.25182
-18.7107 -0.25408
-18.700699999999998 -0.25551999999999997
-18.6907 -0.25640999999999997
-18.6807 -0.25762999999999997
-18.6707 -0.25801999999999997
-18.6607 -0.25751999999999997
-18.6507 -0.25592
-18.6407 -0.2545
-18.6307 -0.25196
-18.6207 -0.24844
-18.6107 -0.24488000000000001
-18.6007 -0.24015999999999998
-18.5907 -0.23556
-18.5807 -0.23087000000000002
-18.5707 -0.22610999999999998
-18.5607 -0.22036
-18.5507 -0.21471
-18.5407 -0.20919
-18.5307 -0.20356000000000002
-18.520699999999998 -0.19784
-18.5107 -0.19199
-18.500700000000002 -0.18605
-18.4907 -0.17959999999999998
-18.4807 -0.173124
-18.4707 -0.166126
-18.4607 -0.158923
-18.450699999999998 -0.151392
-18.4407 -0.143336
-18.4307 -0.13508199999999998
-18.4207 -0.126401
-18.4107 -0.11752299999999999
-18.4007 -0.108538
-18.3907 -0.099457
-18.3807 -0.090389
-18.3707 -0.081544
-18.3607 -0.072923
-18.3507 -0.064625
-18.3407 -0.05676
-18.3307 -0.049428999999999994
-18.3207 -0.042541
-18.3107 -0.036409
-18.3007 -0.030843000000000002
-18.2907 -0.0258625
-18.2807 -0.021419599999999997
-18.270699999999998 -0.01761
-18.2607 -0.0143217
-18.250700000000002 -0.011542199999999999
-18.2407 -0.0092065
-18.2307 -0.0072642
-18.2207 -0.0056811
-18.2107 -0.0044011
-18.200699999999998 -0.00336206
-18.1907 -0.0025550799999999995
-18.1807 -0.00191457
-18.1707 -0.0014205199999999998
-18.1607 -0.00104452
-18.1507 -0.0007593
-18.1407 -0.0005477
-18.1307 -0.00038953
-18.1207 -0.000274486
-18.1107 -0.000191619
-18.1007 -0.00013233800000000002
-18.0907 -9.0406e-05
-18.0807 -6.1108e-05
-18.0707 -4.0952e-05
-18.0607 -2.70128e-05
-18.0507 -1.7740699999999998e-05
-18.0407 -1.14968e-05
-18.0307 -7.3723000000000005e-06
-18.020699999999998 -4.6745e-06
-18.0107 -2.9404e-06
-18.000700000000002 -1.82585e-06
-17.9907 -1.12332e-06
-17.9807 -6.831399999999999e-07
-17.9707 -4.1173200000000005e-07
-17.9607 -2.45182e-07
-17.950699999999998 -1.44511e-07
-17.9407 -8.4288e-08
-17.9307 -4.8672999999999995e-08
-17.9207 -2.7757399999999997e-08
-17.9107 -1.56862e-08
-17.9007 -8.7681e-09
-17.8907 -4.8337999999999996e-09
-17.8807 -2.65173e-09
-17.8707 -1.4359499999999998e-09
-17.8607 -7.686300000000001e-10
-17.8507 -4.06973e-10
-17.8407 -2.1358600000000003e-10
-17.8307 -1.1079599999999999e-10
-17.8207 -5.685e-11
-17.8107 -2.8799e-11
-17.8007 -1.4448400000000001e-11
-17.7907 -7.1765e-12
-17.7807 -3.53273e-12
-17.770699999999998 -1.68698e-12
-17.7607 -7.517499999999999e-13
-17.750700000000002 -3.09664e-13
-17.7407 -8.006500000000001e-14
-17.7307 -0.0
-17.7207 -0.0
-17.7107 -0.0
-17.700699999999998 -0.0
-17.6907 -0.0
-17.6807 -0.0
-17.6707 -0.0
-17.6607 -0.0
-17.6507 -0.0
-17.6407 -0.0
-17.6307 -0.0
-17.6207 -0.0
-17.6107 -0.0
-17.6007 -0.0
-17.5907 -0.0
-17.5807 -0.0
-17.5707 -0.0
-17.5607 -0.0
-17.5507 -0.0
-17.5407 -0.0
-17.5307 -0.0
-17.520699999999998 -0.0
-17.5107 -0.0
-17.5007 -0.0
-17.4907 -0.0
-17.4807 -0.0
-17.4707 -0.0
-17.4607 -0.0
-17.4507 -0.0
-17.4407 -0.0
-17.4307 -0.0
-17.4207 -0.0
-17.4107 -0.0
-17.4007 -0.0
-17.3907 -0.0
-17.3807 -0.0
-17.3707 -0.0
-17.3607 -0.0
-17.3507 -0.0
-17.3407 -0.0
-17.3307 -0.0
-17.3207 -0.0
-17.3107 -0.0
-17.3007 -0.0
-17.2907 -0.0
-17.2807 -0.0
-17.270699999999998 -0.0
-17.2607 -0.0
-17.2507 -0.0
-17.2407 -0.0
-17.2307 -0.0
-17.2207 -0.0
-17.2107 -0.0
-17.2007 -0.0
-17.1907 -0.0
-17.1807 -0.0
-17.1707 -0.0
-17.1607 -0.0
-17.1507 -0.0
-17.1407 -0.0
-17.1307 -0.0
-17.1207 -0.0
-17.1107 -0.0
-17.1007 -0.0
-17.0907 -0.0
-17.0807 -0.0
-17.0707 -0.0
-17.0607 -0.0
-17.0507 -0.0
-17.0407 -0.0
-17.0307 -0.0
-17.020699999999998 -0.0
-17.0107 -0.0
-17.0007 -0.0
-16.9907 -0.0
-16.9807 -0.0
-16.9707 -0.0
-16.9607 -0.0
-16.9507 -0.0
-16.9407 -0.0
-16.9307 -0.0
-16.9207 -0.0
-16.9107 -0.0
-16.9007 -0.0
-16.8907 -0.0
-16.8807 -0.0
-16.8707 -0.0
-16.8607 -0.0
-16.8507 -0.0
-16.8407 -0.0
-16.8307 -0.0
-16.8207 -0.0
-16.8107 -0.0
-16.8007 -0.0
-16.7907 -0.0
-16.7807 -0.0
-16.770699999999998 -0.0
-16.7607 -0.0
-16.7507 -0.0
-16.7407 -0.0
-16.7307 -0.0
-16.7207 -0.0
-16.7107 -0.0
-16.7007 -0.0
-16.6907 -0.0
-16.6807 -0.0
-16.6707 -0.0
-16.6607 -0.0
-16.6507 -0.0
-16.6407 -0.0
-16.6307 -0.0
-16.6207 -0.0
-16.6107 -0.0
-16.6007 -0.0
-16.5907 -0.0
-16.5807 -0.0
-16.5707 -0.0
-16.5607 -0.0
-16.5507 -0.0
-16.5407 -0.0
-16.5307 -0.0
-16.520699999999998 -0.0
-16.5107 -0.0
-16.5007 -0.0
-16.4907 -0.0
-16.4807 -0.0
-16.4707 -0.0
-16.4607 -0.0
-16.4507 -0.0
-16.4407 -0.0
-16.4307 -0.0
-16.4207 -0.0
-16.4107 -0.0
-16.4007 -0.0
-16.3907 -0.0
-16.3807 -0.0
-16.3707 -0.0
-16.3607 -0.0
-16.3507 -0.0
-16.3407 -0.0
-16.3307 -0.0
-16.3207 -0.0
-16.3107 -0.0
-16.3007 -0.0
-16.2907 -0.0
-16.2807 -0.0
-16.270699999999998 -0.0
-16.2607 -0.0
-16.2507 -0.0
-16.2407 -0.0
-16.2307 -0.0
-16.2207 -0.0
-16.2107 -0.0
-16.2007 -0.0
-16.1907 -0.0
-16.1807 -0.0
-16.1707 -0.0
-16.1607 -0.0
-16.1507 -0.0
-16.1407 -0.0
-16.1307 -0.0
-16.1207 -0.0
-16.1107 -0.0
-16.1007 -0.0
-16.0907 -0.0
-16.0807 -0.0
-16.0707 -0.0
-16.0607 -0.0
-16.0507 -0.0
-16.0407 -0.0
-16.0307 -0.0
-16.020699999999998 -0.0
-16.0107 -0.0
-16.0007 -0.0
-15.9907 -0.0
-15.980699999999999 -0.0
-15.9707 -0.0
-15.9607 -0.0
-15.9507 -0.0
-15.9407 -0.0
-15.9307 -0.0
-15.9207 -0.0
-15.9107 -0.0
-15.9007 -0.0
-15.890699999999999 -0.0
-15.8807 -0.0
-15.8707 -0.0
-15.8607 -0.0
-15.8507 -0.0
-15.8407 -0.0
-15.8307 -0.0
-15.8207 -0.0
-15.8107 -0.0
-15.800699999999999 -0.0
-15.7907 -0.0
-15.7807 -0.0
-15.7707 -0.0
-15.7607 -0.0
-15.7507 -0.0
-15.7407 -0.0
-15.730699999999999 -0.0
-15.7207 -0.0
-15.7107 -0.0
-15.7007 -0.0
-15.6907 -0.0
-15.6807 -0.0
-15.6707 -0.0
-15.6607 -0.0
-15.6507 -0.0
-15.640699999999999 -0.0
-15.6307 -0.0
-15.6207 -0.0
-15.6107 -0.0
-15.6007 -0.0
-15.5907 -0.0
-15.5807 -0.0
-15.5707 -0.0
-15.5607 -0.0
-15.550699999999999 -0.0
-15.5407 -0.0
-15.5307 -0.0
-15.5207 -0.0
-15.5107 -0.0
-15.5007 -0.0
-15.4907 -0.0
-15.480699999999999 -0.0
-15.4707 -0.0
-15.4607 -0.0
-15.4507 -0.0
-15.4407 -0.0
-15.4307 -0.0
-15.4207 -0.0
-15.4107 -0.0
-15.4007 -0.0
-15.390699999999999 -0.0
-15.3807 -0.0
-15.3707 -0.0
-15.3607 -0.0
-15.3507 -0.0
-15.3407 -0.0
-15.3307 -0.0
-15.3207 -0.0
-15.3107 -0.0
-15.300699999999999 -0.0
-15.2907 -0.0
-15.2807 -0.0
-15.2707 -0.0
-15.2607 -0.0
-15.2507 -0.0
-15.2407 -0.0
-15.230699999999999 -0.0
-15.2207 -0.0
-15.2107 -0.0
-15.2007 -0.0
-15.1907 -0.0
-15.1807 -0.0
-15.1707 -0.0
-15.1607 -0.0
-15.1507 -0.0
-15.140699999999999 -0.0
-15.1307 -0.0
-15.1207 -0.0
-15.1107 -0.0
-15.1007 -0.0
-15.0907 -0.0
-15.0807 -0.0
-15.0707 -0.0
-15.0607 -0.0
-15.050699999999999 -0.0
-15.0407 -0.0
-15.0307 -0.0
-15.0207 -0.0
-15.0107 -0.0
-15.0007 -0.0
-14.9907 -0.0
-14.980699999999999 -0.0
-14.9707 -0.0
-14.9607 -0.0
-14.9507 -0.0
-14.9407 -0.0
-14.9307 -0.0
-14.9207 -0.0
-14.9107 -0.0
-14.9007 -0.0
-14.890699999999999 -0.0
-14.8807 -0.0
-14.8707 -0.0
-14.8607 -0.0
-14.8507 -0.0
-14.8407 -0.0
-14.8307 -0.0
-14.8207 -0.0
-14.8107 -0.0
-14.800699999999999 -0.0
-14.7907 -0.0
-14.7807 -0.0
-14.7707 -0.0
-14.7607 -0.0
-14.7507 -0.0
-14.7407 -0.0
-14.730699999999999 -0.0
-14.7207 -0.0
-14.7107 -0.0
-14.7007 -0.0
-14.6907 -0.0
-14.6807 -0.0
-14.6707 -0.0
-14.6607 -0.0
-14.6507 -0.0
-14.640699999999999 -0.0
-14.6307 -0.0
-14.6207 -0.0
-14.6107 -0.0
-14.6007 -0.0
-14.5907 -0.0
-14.5807 -0.0
-14.5707 -0.0
-14.5607 -0.0
-14.550699999999999 -0.0
-14.5407 -0.0
-14.5307 -0.0
-14.5207 -0.0
-14.5107 -0.0
-14.5007 -0.0
-14.4907 -0.0
-14.4807 -0.0
-14.470699999999999 -0.0
-14.4607 -0.0
-14.4507 -0.0
-14.4407 -0.0
-14.4307 -0.0
-14.4207 -0.0
-14.4107 -0.0
-14.4007 -0.0
-14.390699999999999 -0.0
-14.3807 -0.0
-14.3707 -0.0
-14.3607 -0.0
-14.3507 -0.0
-14.3407 -0.0
-14.3307 -0.0
-14.3207 -0.0
-14.3107 -0.0
-14.300699999999999 -0.0
-14.2907 -0.0
-14.2807 -0.0
-14.2707 -0.0
-14.2607 -0.0
-14.2507 -0.0
-14.2407 -0.0
-14.2307 -0.0
-14.220699999999999 -0.0
-14.2107 -0.0
-14.2007 -0.0
-14.1907 -0.0
-14.1807 -0.0
-14.1707 -0.0
-14.1607 -0.0
-14.1507 -0.0
-14.140699999999999 -0.0
-14.1307 -0.0
-14.1207 -0.0
-14.1107 -0.0
-14.1007 -0.0
-14.0907 -0.0
-14.0807 -0.0
-14.0707 -0.0
-14.0607 -0.0
-14.050699999999999 -0.0
-14.0407 -0.0
-14.0307 -0.0
-14.0207 -0.0
-14.0107 -0.0
-14.0007 -0.0
-13.9907 -0.0
-13.9807 -0.0
-13.970699999999999 -0.0
-13.9607 -0.0
-13.9507 -0.0
-13.9407 -0.0
-13.9307 -0.0
-13.9207 -0.0
-13.9107 -0.0
-13.9007 -0.0
-13.890699999999999 -0.0
-13.8807 -0.0
-13.8707 -0.0
-13.8607 -0.0
-13.8507 -0.0
-13.8407 -0.0
-13.8307 -0.0
-13.8207 -0.0
-13.8107 -0.0
-13.800699999999999 -0.0
-13.7907 -0.0
-13.7807 -0.0
-13.7707 -0.0
-13.7607 -0.0
-13.7507 -0.0
-13.7407 -0.0
-13.7307 -0.0
-13.720699999999999 -0.0
-13.7107 -0.0
-13.7007 -0.0
-13.6907 -0.0
-13.6807 -0.0
-13.6707 -0.0
-13.6607 -0.0
-13.6507 -0.0
-13.640699999999999 -0.0
-13.6307 -0.0
-13.6207 -0.0
-13.6107 -0.0
-13.6007 -0.0
-13.5907 -0.0
-13.5807 -0.0
-13.5707 -0.0
-13.5607 -0.0
-13.550699999999999 -0.0
-13.5407 -0.0
-13.5307 -0.0
-13.5207 -0.0
-13.5107 -0.0
-13.5007 -0.0
-13.4907 -0.0
-13.4807 -0.0
-13.470699999999999 -0.0
-13.4607 -0.0
-13.4507 -0.0
-13.4407 -0.0
-13.4307 -0.0
-13.4207 -0.0
-13.4107 -0.0
-13.4007 -0.0
-13.390699999999999 -0.0
-13.3807 -0.0
-13.3707 -0.0
-13.3607 -0.0
-13.3507 -0.0
-13.3407 -0.0
-13.3307 -0.0
-13.3207 -0.0
-13.3107 -0.0
-13.300699999999999 -0.0
-13.2907 -0.0
-13.2807 -0.0
-13.2707 -0.0
-13.2607 -0.0
-13.2507 -0.0
-13.2407 -0.0
-13.2307 -0.0
-13.220699999999999 -0.0
-13.2107 -0.0
-13.2007 -0.0
-13.1907 -0.0
-13.1807 -0.0
-13.1707 -0.0
-13.1607 -0.0
-13.1507 -0.0
-13.140699999999999 -0.0
-13.1307 -0.0
-13.1207 -0.0
-13.1107 -0.0
-13.1007 -0.0
-13.0907 -0.0
-13.0807 -0.0
-13.0707 -0.0
-13.0607 -0.0
-13.050699999999999 -0.0
-13.0407 -0.0
-13.0307 -0.0
-13.0207 -0.0
-13.0107 -0.0
-13.0007 -0.0
-12.9907 -0.0
-12.9807 -0.0
-12.970699999999999 -0.0
-12.9607 -0.0
-12.9507 -0.0
-12.9407 -0.0
-12.9307 -0.0
-12.9207 -0.0
-12.9107 -0.0
-12.9007 -0.0
-12.890699999999999 -0.0
-12.8807 -0.0
-12.8707 -0.0
-12.8607 -0.0
-12.8507 -0.0
-12.8407 -0.0
-12.8307 -0.0
-12.8207 -0.0
-12.8107 -0.0
-12.800699999999999 -0.0
-12.7907 -0.0
-12.7807 -0.0
-12.7707 -0.0
-12.7607 -3.857e-15
-12.7507 -1.401e-14
-12.7407 -2.912e-14
-12.7307 -7.766000000000001e-14
-12.720699999999999 -1.65e-13
-12.7107 -3.423e-13
-12.7007 -6.874000000000001e-13
-12.6907 -1.379e-12
-12.6807 -2.745e-12
-12.6707 -5.377000000000001e-12
-12.6607 -1.0398e-11
-12.6507 -1.984e-11
-12.640699999999999 -3.753e-11
-12.6307 -7.023e-11
-12.6207 -1.3002e-10
-12.6107 -2.383e-10
-12.6007 -4.327e-10
-12.5907 -7.756e-10
-12.5807 -1.3789999999999999e-09
-12.5707 -2.426e-09
-12.5607 -4.226e-09
-12.550699999999999 -7.271000000000001e-09
-12.5407 -1.2426e-08
-12.5307 -2.097e-08
-12.5207 -3.505e-08
-12.5107 -5.803e-08
-12.5007 -9.508e-08
-12.4907 -1.541e-07
-12.480699999999999 -2.475e-07
-12.4707 -3.934e-07
-12.4607 -6.197000000000001e-07
-12.4507 -9.644e-07
-12.4407 -1.489e-06
-12.4307 -2.274e-06
-12.4207 -3.438e-06
-12.4107 -5.15e-06
-12.4007 -7.634999999999999e-06
-12.390699999999999 -1.1214e-05
-12.3807 -1.631e-05
-12.3707 -2.349e-05
-12.3607 -3.349e-05
-12.3507 -4.727e-05
-12.3407 -6.619e-05
-12.3307 -9.167999999999999e-05
-12.3207 -0.0001258
-12.3107 -0.000171
-12.300699999999999 -0.00023019999999999998
-12.2907 -0.00030690000000000003
-12.2807 -0.0004053
-12.2707 -0.0005307999999999999
-12.2607 -0.0006874
-12.2507 -0.0008827
-12.2407 -0.0011225
-12.230699999999999 -0.001414
-12.2207 -0.001766
-12.2107 -0.0021839999999999997
-12.2007 -0.002677
-12.1907 -0.0032509999999999995
-12.1807 -0.003913
-12.1707 -0.004663
-12.1607 -0.005519
-12.1507 -0.006465
-12.140699999999999 -0.0074979999999999995
-12.1307 -0.008640000000000002
-12.1207 -0.009851
-12.1107 -0.011139000000000001
-12.1007 -0.012499999999999999
-12.0907 -0.013910000000000002
-12.0807 -0.01534
-12.0707 -0.01679
-12.0607 -0.01822
-12.050699999999999 -0.01967
-12.0407 -0.02106
-12.0307 -0.02239
-12.0207 -0.023640000000000005
-12.0107 -0.02483
-12.0007 -0.025910000000000002
-11.9907 -0.02687
-11.980699999999999 -0.02774
-11.9707 -0.028519999999999997
-11.9607 -0.02921
-11.9507 -0.02979
-11.9407 -0.03029
-11.9307 -0.03073
-11.9207 -0.03109
-11.9107 -0.03139
-11.9007 -0.03166
-11.890699999999999 -0.03189
-11.8807 -0.03209
-11.8707 -0.03227
-11.8607 -0.03243
-11.8507 -0.03257
-11.8407 -0.03269
-11.8307 -0.032819999999999995
-11.8207 -0.03292
-11.8107 -0.033010000000000005
-11.800699999999999 -0.03308
-11.7907 -0.033139999999999996
-11.7807 -0.03318
-11.7707 -0.0332
-11.7607 -0.0332
-11.7507 -0.03318
-11.7407 -0.03315
-11.730699999999999 -0.0331
-11.7207 -0.033030000000000004
-11.7107 -0.03296
-11.7007 -0.03286
-11.6907 -0.032740000000000005
-11.6807 -0.03263
-11.6707 -0.03251
-11.6607 -0.032380000000000006
-11.6507 -0.03224
-11.640699999999999 -0.03211
-11.6307 -0.031970000000000005
-11.6207 -0.03185
-11.6107 -0.03173
-11.6007 -0.031619999999999995
-11.5907 -0.031520000000000006
-11.5807 -0.031439999999999996
-11.5707 -0.03138
-11.5607 -0.03134
-11.550699999999999 -0.03132
-11.5407 -0.03131
-11.5307 -0.03134
-11.5207 -0.03138
-11.5107 -0.031420000000000003
-11.5007 -0.031490000000000004
-11.4907 -0.03154
-11.480699999999999 -0.03161
-11.4707 -0.031650000000000005
-11.4607 -0.03172
-11.4507 -0.03177
-11.4407 -0.03178
-11.4307 -0.03179
-11.4207 -0.03179
-11.4107 -0.031760000000000004
-11.4007 -0.03172
-11.390699999999999 -0.03166
-11.3807 -0.0316
-11.3707 -0.03154
-11.3607 -0.03148
-11.3507 -0.03143
-11.3407 -0.03134
-11.3307 -0.03129
-11.3207 -0.03121
-11.3107 -0.03115
-11.300699999999999 -0.031049999999999998
-11.2907 -0.03091
-11.2807 -0.03076
-11.2707 -0.030569999999999996
-11.2607 -0.03032
-11.2507 -0.030019999999999998
-11.2407 -0.029670000000000002
-11.230699999999999 -0.029240000000000002
-11.2207 -0.028749999999999998
-11.2107 -0.028210000000000002
-11.2007 -0.027609999999999996
-11.1907 -0.026959999999999998
-11.1807 -0.02628
-11.1707 -0.025570000000000002
-11.1607 -0.024849999999999997
-11.1507 -0.024149999999999998
-11.140699999999999 -0.02345
-11.1307 -0.022779999999999998
-11.1207 -0.022180000000000002
-11.1107 -0.02161
-11.1007 -0.02111
-11.0907 -0.02068
-11.0807 -0.02032
-11.0707 -0.020030000000000003
-11.0607 -0.01981
-11.050699999999999 -0.01965
-11.0407 -0.01955
-11.0307 -0.01951
-11.0207 -0.01951
-11.0107 -0.01951
-11.0007 -0.019559999999999998
-10.9907 -0.01958
-10.980699999999999 -0.0196
-10.9707 -0.0196
-10.9607 -0.01958
-10.9507 -0.019500000000000003
-10.9407 -0.01938
-10.9307 -0.019190000000000002
-10.9207 -0.01894
-10.9107 -0.01861
-10.9007 -0.0182
-10.890699999999999 -0.01773
-10.8807 -0.0172
-10.8707 -0.01659
-10.8607 -0.01594
-10.8507 -0.01523
-10.8407 -0.014490000000000003
-10.8307 -0.01372
-10.8207 -0.01295
-10.8107 -0.01216
-10.800699999999999 -0.0114
-10.7907 -0.01066
-10.7807 -0.00995
-10.7707 -0.00928
-10.7607 -0.00866
-10.7507 -0.008079999999999999
-10.7407 -0.0075899999999999995
-10.730699999999999 -0.00715
-10.7207 -0.0067599999999999995
-10.7107 -0.006443
-10.7007 -0.006182000000000001
-10.6907 -0.00598
-10.6807 -0.005822
-10.6707 -0.005716000000000001
-10.6607 -0.005655
-10.6507 -0.005624
-10.640699999999999 -0.005641
-10.6307 -0.005671000000000001
-10.6207 -0.005739
-10.6107 -0.0058130000000000005
-10.6007 -0.005916
-10.5907 -0.006005
-10.5807 -0.006096
-10.5707 -0.0061849999999999995
-10.5607 -0.006268
-10.550699999999999 -0.006324
-10.5407 -0.006364
-10.5307 -0.006368
-10.5207 -0.006333999999999999
-10.5107 -0.006267999999999999
-10.5007 -0.006169
-10.4907 -0.006026
-10.480699999999999 -0.005849
-10.4707 -0.005638000000000001
-10.4607 -0.0053890000000000006
-10.4507 -0.005109000000000001
-10.4407 -0.0048070000000000005
-10.4307 -0.00449
-10.4207 -0.004156
-10.4107 -0.003818
-10.4007 -0.0034800000000000005
-10.390699999999999 -0.003145
-10.3807 -0.002824
-10.3707 -0.0025139999999999997
-10.3607 -0.002223
-10.3507 -0.0019530000000000003
-10.3407 -0.001708
-10.3307 -0.001485
-10.3207 -0.0012859999999999998
-10.3107 -0.0011099999999999999
-10.300699999999999 -0.000959
-10.2907 -0.0008290000000000001
-10.2807 -0.0007169
-10.2707 -0.0006238999999999999
-10.2607 -0.0005430000000000001
-10.2507 -0.00047670000000000004
-10.2407 -0.0004213
-10.230699999999999 -0.00037450000000000005
-10.2207 -0.0003351
-10.2107 -0.0003015
-10.2007 -0.0002724
-10.1907 -0.00024680000000000004
-10.1807 -0.0002238
-10.1707 -0.0002032
-10.1607 -0.00018400000000000003
-10.1507 -0.0001661
-10.140699999999999 -0.0001494
-10.1307 -0.0001336
-10.1207 -0.00011860000000000001
-10.1107 -0.0001048
-10.1007 -9.192e-05
-10.0907 -8.007999999999999e-05
-10.0807 -6.923000000000001e-05
-10.0707 -5.9319999999999994e-05
-10.0607 -5.031e-05
-10.050699999999999 -4.2420000000000004e-05
-10.0407 -3.5380000000000003e-05
-10.0307 -2.9310000000000002e-05
-10.0207 -2.4060000000000003e-05
-10.0107 -1.956e-05
-10.0007 -1.5759999999999998e-05
-9.9907 -1.2590000000000001e-05
-9.980699999999999 -9.964999999999999e-06
-9.9707 -7.802000000000001e-06
-9.9607 -6.078e-06
-9.9507 -4.693e-06
-9.9407 -3.601e-06
-9.9307 -2.7560000000000004e-06
-9.9207 -2.132e-06
-9.9107 -1.6969999999999998e-06
-9.9007 -1.4449999999999997e-06
-9.890699999999999 -1.3831e-06
-9.8807 -1.5504999999999998e-06
-9.8707 -2.0112e-06
-9.8607 -2.8864000000000004e-06
-9.8507 -4.3809e-06
-9.8407 -6.773999999999999e-06
-9.8307 -1.05263e-05
-9.8207 -1.62754e-05
-9.8107 -2.505e-05
-9.800699999999999 -3.8098e-05
-9.7907 -5.7292e-05
-9.7807 -8.542000000000002e-05
-9.7707 -0.000126018
-9.7607 -0.000184046
-9.7507 -0.00026594
-9.7407 -0.00038064
-9.730699999999999 -0.00053744
-9.7207 -0.0007526200000000001
-9.7107 -0.00104393
-9.7007 -0.0014321499999999999
-9.6907 -0.00194282
-9.6807 -0.0026132
-9.6707 -0.0034637
-9.6607 -0.0045618
-9.6507 -0.0059366
-9.640699999999999 -0.0076613
-9.6307 -0.009767
-9.6207 -0.0123289
-9.6107 -0.0154045
-9.6007 -0.019072099999999998
-9.5907 -0.023346
-9.5807 -0.028341
-9.570699999999999 -0.033920000000000006
-9.5607 -0.040463000000000006
-9.550699999999999 -0.047574000000000005
-9.540700000000001 -0.055437
-9.5307 -0.064085
-9.5207 -0.07327800000000001
-9.5107 -0.08304700000000001
-9.5007 -0.09324
-9.4907 -0.103887
-9.480699999999999 -0.114549
-9.4707 -0.12531399999999998
-9.4607 -0.135982
-9.4507 -0.14642200000000002
-9.4407 -0.156444
-9.4307 -0.16593000000000002
-9.4207 -0.17496
-9.410699999999999 -0.18336
-9.4007 -0.19087
-9.390699999999999 -0.19786
-9.380700000000001 -0.20412
-9.3707 -0.20995999999999995
-9.3607 -0.21528
-9.3507 -0.22017
-9.3407 -0.22485000000000002
-9.3307 -0.2293
-9.320699999999999 -0.23385
-9.3107 -0.23858
-9.300699999999999 -0.24352000000000001
-9.290700000000001 -0.24864999999999998
-9.2807 -0.25409
-9.2707 -0.25904
-9.2607 -0.26528
-9.2507 -0.27074
-9.2407 -0.2776
-9.230699999999999 -0.28337000000000007
-9.2207 -0.28944000000000003
-9.2107 -0.29531
-9.2007 -0.29997
-9.1907 -0.30523
-9.1807 -0.30917999999999995
-9.1707 -0.3115200000000001
-9.160699999999999 -0.31334999999999996
-9.1507 -0.31456
-9.140699999999999 -0.31487000000000004
-9.130700000000001 -0.31356
-9.1207 -0.31075
-9.1107 -0.30824
-9.1007 -0.30413999999999997
-9.0907 -0.29975999999999997
-9.0807 -0.2951
-9.070699999999999 -0.28997
-9.0607 -0.28488
-9.050699999999999 -0.28005
-9.040700000000001 -0.27546999999999994
-9.0307 -0.27135000000000004
-9.0207 -0.26801
-9.0107 -0.26543
-9.0007 -0.26365
-8.9907 -0.2626
-8.980699999999999 -0.26267
-8.9707 -0.26366000000000006
-8.9607 -0.26548000000000005
-8.9507 -0.26803000000000005
-8.9407 -0.27159
-8.9307 -0.27577
-8.9207 -0.28076999999999996
-8.910699999999999 -0.28598
-8.9007 -0.292
-8.890699999999999 -0.29833000000000004
-8.880700000000001 -0.30516000000000004
-8.8707 -0.31199
-8.8607 -0.31912
-8.8507 -0.32633
-8.8407 -0.3336
-8.8307 -0.34049999999999997
-8.820699999999999 -0.34759999999999996
-8.8107 -0.3542
-8.800699999999999 -0.36060000000000003
-8.790700000000001 -0.3661
-8.7807 -0.37139999999999995
-8.7707 -0.3762
-8.7607 -0.3795
-8.7507 -0.3816
-8.7407 -0.3843
-8.730699999999999 -0.3846
-8.7207 -0.3847
-8.7107 -0.38419999999999993
-8.7007 -0.3825
-8.6907 -0.37949999999999995
-8.6807 -0.3761
-8.6707 -0.37150000000000005
-8.660699999999999 -0.3666
-8.6507 -0.3605
-8.640699999999999 -0.3543
-8.630700000000001 -0.3476
-8.6207 -0.3406
-8.6107 -0.3331
-8.6007 -0.32539999999999997
-8.5907 -0.3176
-8.5807 -0.3096
-8.570699999999999 -0.3014
-8.5607 -0.2931
-8.550699999999999 -0.28490000000000004
-8.540700000000001 -0.2766
-8.5307 -0.2681
-8.5207 -0.26
-8.5107 -0.25170000000000003
-8.5007 -0.24370000000000003
-8.4907 -0.2355
-8.480699999999999 -0.2275
-8.4707 -0.21949999999999997
-8.4607 -0.2118
-8.4507 -0.20400000000000001
-8.4407 -0.1966
-8.4307 -0.1891
-8.4207 -0.1819
-8.410699999999999 -0.1747
-8.4007 -0.16790000000000002
-8.390699999999999 -0.1612
-8.380700000000001 -0.15450000000000003
-8.3707 -0.1482
-8.3607 -0.1421
-8.3507 -0.1361
-8.3407 -0.1306
-8.3307 -0.125
-8.320699999999999 -0.11989999999999999
-8.3107 -0.11520000000000001
-8.300699999999999 -0.11084
-8.290700000000001 -0.10684999999999999
-8.2807 -0.10314999999999999
-8.2707 -0.10007
-8.2607 -0.0973
-8.2507 -0.09504000000000001
-8.2407 -0.0931
-8.230699999999999 -0.09157000000000001
-8.2207 -0.09045999999999998
-8.2107 -0.08986999999999999
-8.2007 -0.08939
-8.1907 -0.08932
-8.1807 -0.08928
-8.1707 -0.08934
-8.160699999999999 -0.08962
-8.1507 -0.08981
-8.140699999999999 -0.0897
-8.130700000000001 -0.08961000000000001
-8.1207 -0.08941
-8.1107 -0.08872
-8.1007 -0.08753
-8.0907 -0.08614000000000001
-8.0807 -0.08435000000000001
-8.070699999999999 -0.08235999999999999
-8.0607 -0.07966000000000001
-8.050699999999999 -0.07687
-8.040700000000001 -0.07357999999999999
-8.0307 -0.07015
-8.0207 -0.06645
-8.0107 -0.06263
-8.0007 -0.058769999999999996
-7.9906999999999995 -0.05465
-7.9807 -0.0508
-7.9707 -0.0468
-7.9607 -0.043030000000000006
-7.950699999999999 -0.03937
-7.9407 -0.03587
-7.9307 -0.03263
-7.9207 -0.02965
-7.910699999999999 -0.026940000000000002
-7.9007 -0.024530000000000003
-7.8907 -0.02244
-7.8807 -0.02065
-7.870699999999999 -0.019185999999999998
-7.8607 -0.018057
-7.8507 -0.017224
-7.8407 -0.016697
-7.8307 -0.016470000000000002
-7.8206999999999995 -0.016540000000000003
-7.8107 -0.016839999999999997
-7.8007 -0.01737
-7.7907 -0.018119999999999997
-7.7806999999999995 -0.01903
-7.7707 -0.02006
-7.7607 -0.0212
-7.7507 -0.02239
-7.7406999999999995 -0.023630000000000005
-7.7307 -0.02486
-7.7207 -0.026050000000000004
-7.7107 -0.02717
-7.700699999999999 -0.028199999999999996
-7.6907 -0.029120000000000004
-7.6807 -0.0299
-7.6707 -0.03057
-7.660699999999999 -0.031110000000000002
-7.6507 -0.031509999999999996
-7.6407 -0.03181
-7.6307 -0.03201999999999999
-7.620699999999999 -0.03214
-7.6107 -0.03227
-7.6007 -0.03239
-7.5907 -0.032569999999999995
-7.5807 -0.03282
-7.5706999999999995 -0.033229999999999996
-7.5607 -0.03386
-7.5507 -0.034730000000000004
-7.5407 -0.0359
-7.5306999999999995 -0.03743
-7.5207 -0.03937
-7.5107 -0.04175
-7.5007 -0.04463
-7.4906999999999995 -0.048010000000000004
-7.4807 -0.051879999999999996
-7.4707 -0.05644
-7.4607 -0.06146
-7.450699999999999 -0.06705
-7.4407 -0.07325
-7.4307 -0.07981
-7.4207 -0.08689999999999999
-7.410699999999999 -0.0945
-7.4007 -0.1023
-7.3907 -0.1104
-7.3807 -0.11870000000000001
-7.370699999999999 -0.1273
-7.3607 -0.13599999999999998
-7.3507 -0.1446
-7.3407 -0.1535
-7.3307 -0.1623
-7.3206999999999995 -0.1712
-7.3107 -0.1804
-7.3007 -0.1896
-7.2907 -0.1992
-7.2806999999999995 -0.20920000000000002
-7.2707 -0.22
-7.2607 -0.23139999999999997
-7.2507 -0.2439
-7.2406999999999995 -0.2573
-7.2307 -0.2723
-7.2207 -0.2885
-7.2107 -0.3061
-7.200699999999999 -0.3256
-7.1907 -0.3474
-7.1807 -0.369
-7.1707 -0.394
-7.160699999999999 -0.41890000000000005
-7.1507 -0.44519999999999993
-7.1407 -0.47320000000000007
-7.1307 -0.5016
-7.120699999999999 -0.5306
-7.1107 -0.5590999999999999
-7.1007 -0.5889
-7.0907 -0.616
-7.0807 -0.6444
-7.0706999999999995 -0.6708
-7.0607 -0.6973
-7.0507 -0.7210000000000001
-7.0407 -0.7436
-7.0306999999999995 -0.7645000000000001
-7.0207 -0.7842
-7.0107 -0.8019000000000001
-7.0007 -0.8186
-6.9906999999999995 -0.8323
-6.9807 -0.8448
-6.9707 -0.8552
-6.9607 -0.8634
-6.950699999999999 -0.8723000000000001
-6.9407 -0.877
-6.9307 -0.8815
-6.9207 -0.8847
-6.910699999999999 -0.8866
-6.9007 -0.8862000000000001
-6.8907 -0.8867999999999998
-6.8807 -0.885
-6.870699999999999 -0.883
-6.8607 -0.8818999999999999
-6.8507 -0.8777999999999999
-6.8407 -0.8756999999999999
-6.8307 -0.8725
-6.8206999999999995 -0.8694000000000001
-6.8107 -0.8666
-6.8007 -0.8637
-6.7907 -0.8620000000000001
-6.7806999999999995 -0.8606
-6.7707 -0.8596
-6.7607 -0.8582
-6.7507 -0.8578
-6.7406999999999995 -0.8578
-6.7307 -0.8599
-6.7207 -0.8612
-6.7107 -0.8637
-6.700699999999999 -0.8654000000000001
-6.6907 -0.8682000000000001
-6.6807 -0.8713
-6.6707 -0.8763
-6.660699999999999 -0.8806999999999999
-6.6507 -0.8872
-6.6407 -0.8957999999999999
-6.6307 -0.9036
-6.620699999999999 -0.9136
-6.6107 -0.9255
-6.6007 -0.9394
-6.5907 -0.9534
-6.5807 -0.9715
-6.5706999999999995 -0.9876999999999999
-6.5607 -1.0069000000000001
-6.5507 -1.0283
-6.5407 -1.0497
-6.5306999999999995 -1.0713
-6.5207 -1.096
-6.5107 -1.1199
-6.5007 -1.1429
-6.4906999999999995 -1.166
-6.4807 -1.1882
-6.4707 -1.2085000000000001
-6.4607 -1.23
-6.450699999999999 -1.2489999999999999
-6.4407 -1.267
-6.4307 -1.283
-6.4207 -1.297
-6.410699999999999 -1.309
-6.4007 -1.32
-6.3907 -1.331
-6.3807 -1.34
-6.370699999999999 -1.346
-6.3607 -1.353
-6.3507 -1.359
-6.3407 -1.3619999999999999
-6.3307 -1.3659999999999999
-6.3206999999999995 -1.367
-6.3107 -1.369
-6.3007 -1.368
-6.2907 -1.3679999999999999
-6.2806999999999995 -1.3649999999999998
-6.2707 -1.363
-6.2607 -1.358
-6.2507 -1.354
-6.2406999999999995 -1.3479999999999999
-6.2307 -1.341
-6.2207 -1.332
-6.2107 -1.325
-6.200699999999999 -1.3139999999999998
-6.1907 -1.304
-6.1807 -1.292
-6.1707 -1.28
-6.160699999999999 -1.269
-6.1507 -1.257
-6.1407 -1.245
-6.1307 -1.231
-6.120699999999999 -1.22
-6.1107 -1.2069999999999999
-6.1007 -1.1969999999999998
-6.0907 -1.185
-6.0807 -1.176
-6.0706999999999995 -1.165
-6.0607 -1.1549999999999998
-6.0507 -1.147
-6.0407 -1.1400000000000001
-6.0306999999999995 -1.133
-6.0207 -1.125
-6.0107 -1.118
-6.0007 -1.1119999999999999
-5.9906999999999995 -1.1059999999999999
-5.9807 -1.101
-5.9707 -1.097
-5.9607 -1.0939999999999999
-5.950699999999999 -1.091
-5.9407 -1.087
-5.9307 -1.085
-5.9207 -1.0819999999999999
-5.910699999999999 -1.081
-5.9007 -1.08
-5.8907 -1.08
-5.8807 -1.0779999999999998
-5.870699999999999 -1.0799999999999998
-5.8607 -1.0799999999999998
-5.8507 -1.08
-5.8407 -1.081
-5.8307 -1.0819999999999999
-5.8206999999999995 -1.0819999999999999
-5.8107 -1.0790000000000002
-5.8007 -1.079
-5.7907 -1.077
-5.7806999999999995 -1.074
-5.7707 -1.073
-5.7607 -1.069
-5.7507 -1.065
-5.7406999999999995 -1.061
-5.7307 -1.0579999999999998
-5.7207 -1.053
-5.7107 -1.05
-5.700699999999999 -1.049
-5.6907 -1.046
-5.6807 -1.045
-5.6707 -1.046
-5.660699999999999 -1.046
-5.6507 -1.049
-5.6407 -1.0510000000000002
-5.6307 -1.0550000000000002
-5.620699999999999 -1.06
-5.6107 -1.0630000000000002
-5.6007 -1.0670000000000002
-5.5907 -1.0699999999999998
-5.5807 -1.076
-5.5707 -1.077
-5.560700000000001 -1.0779999999999998
-5.550699999999999 -1.079
-5.540699999999999 -1.078
-5.5306999999999995 -1.073
-5.5207 -1.069
-5.5107 -1.0630000000000002
-5.5007 -1.056
-5.4907 -1.045
-5.480700000000001 -1.036
-5.470699999999999 -1.0259999999999998
-5.460699999999999 -1.0150000000000001
-5.450699999999999 -1.005
-5.4407 -0.9950000000000001
-5.4307 -0.9850000000000001
-5.4207 -0.9780000000000001
-5.4107 -0.9700000000000001
-5.4007000000000005 -0.9650000000000001
-5.390699999999999 -0.9600000000000001
-5.380699999999999 -0.9570000000000001
-5.370699999999999 -0.9580000000000001
-5.3607 -0.9560000000000001
-5.3507 -0.9590000000000001
-5.3407 -0.9600000000000001
-5.3307 -0.9640000000000001
-5.3207 -0.9680000000000001
-5.310700000000001 -0.9720000000000001
-5.300699999999999 -0.9780000000000001
-5.290699999999999 -0.9820000000000001
-5.2806999999999995 -0.9860000000000001
-5.2707 -0.992
-5.2607 -0.996
-5.2507 -0.998
-5.2407 -1.002
-5.230700000000001 -1.004
-5.220699999999999 -1.005
-5.210699999999999 -1.006
-5.200699999999999 -1.0070000000000001
-5.1907 -1.005
-5.1807 -1.006
-5.1707 -1.0030000000000001
-5.1607 -1.002
-5.1507000000000005 -0.999
-5.140699999999999 -0.996
-5.130699999999999 -0.994
-5.120699999999999 -0.991
-5.1107 -0.987
-5.1007 -0.9830000000000001
-5.0907 -0.9810000000000001
-5.0807 -0.978
-5.0707 -0.975
-5.060700000000001 -0.9740000000000001
-5.050699999999999 -0.9700000000000001
-5.040699999999999 -0.9710000000000001
-5.0306999999999995 -0.9700000000000001
-5.0207 -0.9680000000000001
-5.0107 -0.9690000000000001
-5.0007 -0.9700000000000001
-4.9907 -0.9720000000000001
-4.980700000000001 -0.9710000000000001
-4.970699999999999 -0.9730000000000001
-4.960699999999999 -0.9740000000000001
-4.950699999999999 -0.9760000000000001
-4.9407 -0.977
-4.9307 -0.9770000000000001
-4.9207 -0.9770000000000001
-4.9107 -0.978
-4.9007000000000005 -0.976
-4.890699999999999 -0.9740000000000001
-4.880699999999999 -0.97
-4.870699999999999 -0.968
-4.8607 -0.965
-4.8507 -0.9590000000000001
-4.8407 -0.955
-4.8307 -0.948
-4.8207 -0.9440000000000001
-4.810700000000001 -0.9380000000000001
-4.800699999999999 -0.931
-4.790699999999999 -0.927
-4.7806999999999995 -0.921
-4.7707 -0.916
-4.7607 -0.9110000000000001
-4.7507 -0.9070000000000001
-4.7407 -0.9030000000000001
-4.730700000000001 -0.9000000000000001
-4.720699999999999 -0.8950000000000001
-4.710699999999999 -0.8920000000000001
-4.700699999999999 -0.8900000000000001
-4.6907 -0.8870000000000001
-4.6807 -0.8860000000000001
-4.6707 -0.8840000000000001
-4.6607 -0.8850000000000001
-4.6507000000000005 -0.8830000000000001
-4.640699999999999 -0.8820000000000001
-4.630699999999999 -0.8820000000000001
-4.620699999999999 -0.884
-4.6107 -0.884
-4.6007 -0.885
-4.5907 -0.887
-4.5807 -0.889
-4.5707 -0.893
-4.560700000000001 -0.896
-4.550699999999999 -0.899
-4.540699999999999 -0.903
-4.5306999999999995 -0.909
-4.5207 -0.912
-4.5107 -0.917
-4.5007 -0.921
-4.4907 -0.924
-4.480700000000001 -0.9259
-4.470699999999999 -0.9271999999999999
-4.460699999999999 -0.9276000000000001
-4.450699999999999 -0.9259999999999999
-4.4407 -0.9246000000000001
-4.4307 -0.9212
-4.4207 -0.9148000000000001
-4.4107 -0.9084
-4.4007000000000005 -0.899
-4.390699999999999 -0.8896000000000001
-4.380699999999999 -0.8771
-4.370699999999999 -0.8646
-4.3607 -0.8491
-4.3507 -0.8354
-4.3407 -0.8197
-4.3307 -0.8039
-4.3207 -0.786
-4.310700000000001 -0.772
-4.300699999999999 -0.755
-4.290699999999999 -0.74
-4.2806999999999995 -0.7229
-4.2707 -0.7098
-4.2607 -0.6957
-4.2507 -0.6827
-4.2407 -0.6695
-4.230700000000001 -0.6583
-4.220699999999999 -0.6461
-4.210699999999999 -0.6358
-4.200699999999999 -0.6245
-4.1907 -0.6165
-4.1807 -0.6066
-4.1707 -0.5981000000000001
-4.1607 -0.5897
-4.1507000000000005 -0.5817
-4.140699999999999 -0.575
-4.130699999999999 -0.5676
-4.120699999999999 -0.5616
-4.1107 -0.5548
-4.1007 -0.5477
-4.0907 -0.5430999999999999
-4.0807 -0.5378
-4.0707 -0.5329999999999999
-4.060700000000001 -0.5293
-4.050699999999999 -0.5249
-4.040699999999999 -0.5216
-4.0306999999999995 -0.519
-4.0207 -0.5156000000000001
-4.0107 -0.5136000000000001
-4.0007 -0.5118
-3.9907000000000004 -0.5102
-3.9807000000000006 -0.5086
-3.970699999999999 -0.5073000000000001
-3.960699999999999 -0.5063
-3.9506999999999994 -0.5053000000000001
-3.9406999999999996 -0.5044000000000001
-3.9307 -0.5037
-3.9207 -0.5031
-3.9107000000000003 -0.5024
-3.9007000000000005 -0.5019
-3.890699999999999 -0.5012
-3.880699999999999 -0.5007
-3.8706999999999994 -0.5001
-3.8606999999999996 -0.49939999999999996
-3.8507 -0.49860000000000004
-3.8407 -0.4979
-3.8307 -0.497
-3.8207000000000004 -0.4962
-3.8107000000000006 -0.4949
-3.800699999999999 -0.49360000000000004
-3.7906999999999993 -0.492
-3.7806999999999995 -0.49010000000000004
-3.7706999999999997 -0.4879
-3.7607 -0.4855
-3.7507 -0.4827
-3.7407000000000004 -0.4794
-3.7307000000000006 -0.4757
-3.720699999999999 -0.47180000000000005
-3.710699999999999 -0.4674
-3.7006999999999994 -0.46240000000000003
-3.6906999999999996 -0.45720000000000005
-3.6807 -0.4517
-3.6707 -0.4457
-3.6607000000000003 -0.4395
-3.6507000000000005 -0.43310000000000004
-3.640699999999999 -0.4265
-3.630699999999999 -0.4195
-3.6206999999999994 -0.41259999999999997
-3.6106999999999996 -0.4053
-3.6007 -0.3981
-3.5907 -0.39080000000000004
-3.5807 -0.38349999999999995
-3.5707000000000004 -0.37629999999999997
-3.5607000000000006 -0.36899999999999994
-3.550699999999999 -0.3618
-3.5406999999999993 -0.3548
-3.5306999999999995 -0.3477
-3.5206999999999997 -0.3407
-3.5107 -0.3339
-3.5007 -0.3274
-3.4907000000000004 -0.3208
-3.4807000000000006 -0.3145
-3.470699999999999 -0.3083
-3.460699999999999 -0.3024
-3.4506999999999994 -0.2965999999999999
-3.4406999999999996 -0.291
-3.4307 -0.2855
-3.4207 -0.28009999999999996
-3.4107000000000003 -0.2748
-3.4007000000000005 -0.2697
-3.390699999999999 -0.2646
-3.380699999999999 -0.2594
-3.3706999999999994 -0.25429999999999997
-3.3606999999999996 -0.24939999999999998
-3.3507 -0.24409999999999998
-3.3407 -0.23890000000000003
-3.3307 -0.2336
-3.3207000000000004 -0.2283
-3.3107000000000006 -0.2228
-3.300699999999999 -0.21749999999999997
-3.2906999999999993 -0.212
-3.2806999999999995 -0.2067
-3.2706999999999997 -0.2014
-3.2607 -0.19630000000000003
-3.2507 -0.19140000000000001
-3.2407000000000004 -0.18669999999999998
-3.2307000000000006 -0.1823
-3.220699999999999 -0.17830000000000001
-3.210699999999999 -0.1745
-3.2006999999999994 -0.1711
-3.1906999999999996 -0.16809999999999997
-3.1807 -0.16560000000000002
-3.1707 -0.16330000000000003
-3.1607000000000003 -0.1613
-3.1507000000000005 -0.15969999999999998
-3.140699999999999 -0.1582
-3.130699999999999 -0.1569
-3.1206999999999994 -0.15580000000000002
-3.1106999999999996 -0.15480000000000002
-3.1007 -0.1539
-3.0907 -0.15309999999999999
-3.0807 -0.1524
-3.0707000000000004 -0.1517
-3.0607000000000006 -0.1511
-3.050699999999999 -0.1504
-3.0406999999999993 -0.15
-3.0306999999999995 -0.1496
-3.0206999999999997 -0.14930000000000002
-3.0107 -0.1492
-3.0007 -0.1491
-2.9907000000000004 -0.1489
-2.9807000000000006 -0.1488
-2.970699999999999 -0.1487
-2.960699999999999 -0.14870000000000003
-2.9506999999999994 -0.1487
-2.9406999999999996 -0.1485
-2.9307 -0.1485
-2.9207 -0.1482
-2.9107000000000003 -0.14780000000000001
-2.9007000000000005 -0.1476
-2.890699999999999 -0.1472
-2.880699999999999 -0.1468
-2.8706999999999994 -0.14629999999999999
-2.8606999999999996 -0.14589999999999997
-2.8507 -0.1456
-2.8407 -0.1454
-2.8307 -0.1451
-2.8207000000000004 -0.14529999999999998
-2.8107000000000006 -0.1456
-2.800699999999999 -0.1462
-2.7906999999999993 -0.1471
-2.7806999999999995 -0.1483
-2.7706999999999997 -0.1497
-2.7607 -0.1514
-2.7507 -0.1537
-2.7407000000000004 -0.1562
-2.7307000000000006 -0.1589
-2.720699999999999 -0.16190000000000002
-2.710699999999999 -0.1654
-2.7006999999999994 -0.1689
-2.6906999999999996 -0.1724
-2.6807 -0.17619999999999997
-2.6707 -0.18
-2.6607000000000003 -0.18369999999999997
-2.6507000000000005 -0.18730000000000002
-2.640699999999999 -0.191
-2.630699999999999 -0.19440000000000002
-2.6206999999999994 -0.19759999999999997
-2.6106999999999996 -0.20049999999999998
-2.6007 -0.20309999999999997
-2.5907 -0.20550000000000002
-2.5807 -0.2074
-2.5707000000000004 -0.209
-2.5607000000000006 -0.21039999999999998
-2.550699999999999 -0.2115
-2.5406999999999993 -0.2124
-2.5306999999999995 -0.21309999999999998
-2.5206999999999997 -0.21330000000000002
-2.5107 -0.2135
-2.5007 -0.21339999999999998
-2.4907000000000004 -0.2133
-2.4807000000000006 -0.2131
-2.470699999999999 -0.2127
-2.460699999999999 -0.21239999999999998
-2.4506999999999994 -0.21200000000000002
-2.4406999999999996 -0.21170000000000003
-2.4307 -0.2114
-2.4207 -0.21130000000000002
-2.4107000000000003 -0.2111
-2.4007000000000005 -0.21109999999999998
-2.390699999999999 -0.21109999999999998
-2.380699999999999 -0.21129999999999996
-2.3706999999999994 -0.21139999999999998
-2.3606999999999996 -0.212
-2.3507 -0.2124
-2.3407 -0.21280000000000002
-2.3307 -0.21319999999999997
-2.3207000000000004 -0.21359999999999998
-2.3107000000000006 -0.21380000000000002
-2.300699999999999 -0.21389999999999998
-2.2906999999999993 -0.2137
-2.2806999999999995 -0.2132
-2.2706999999999997 -0.21250000000000002
-2.2607 -0.21130000000000002
-2.2507 -0.2098
-2.2407000000000004 -0.2077
-2.2307000000000006 -0.205
-2.220699999999999 -0.2021
-2.210699999999999 -0.1984
-2.2006999999999994 -0.1945
-2.1906999999999996 -0.19019999999999998
-2.1807 -0.18549999999999997
-2.1707 -0.18030000000000002
-2.1607000000000003 -0.1749
-2.1507000000000005 -0.1693
-2.140699999999999 -0.1635
-2.130699999999999 -0.1577
-2.1206999999999994 -0.1515
-2.1106999999999996 -0.14550000000000002
-2.1007 -0.1394
-2.0907 -0.1335
-2.0807 -0.1274
-2.0707000000000004 -0.12130000000000002
-2.0607000000000006 -0.1154
-2.050699999999999 -0.10959999999999999
-2.0406999999999993 -0.10369999999999999
-2.0306999999999995 -0.09809999999999999
-2.0206999999999997 -0.0925
-2.0107 -0.08689999999999999
-2.0007 -0.08169
-1.9907000000000004 -0.07651000000000001
-1.9807000000000006 -0.0716
-1.970699999999999 -0.06671
-1.9606999999999992 -0.06197
-1.9506999999999994 -0.05764
-1.9406999999999996 -0.05341
-1.9306999999999999 -0.04959
-1.9207 -0.04597
-1.9107000000000003 -0.04275
-1.9007000000000005 -0.03981
-1.890699999999999 -0.03719
-1.8806999999999992 -0.03488
-1.8706999999999994 -0.032900000000000006
-1.8606999999999996 -0.0312
-1.8506999999999998 -0.029830000000000002
-1.8407 -0.02871
-1.8307000000000002 -0.027860000000000003
-1.8207000000000004 -0.02721
-1.8107000000000006 -0.02675
-1.800699999999999 -0.02645
-1.7906999999999993 -0.026269999999999998
-1.7806999999999995 -0.026180000000000002
-1.7706999999999997 -0.026119999999999997
-1.7607 -0.02608
-1.7507000000000001 -0.026010000000000002
-1.7407000000000004 -0.02591
-1.7307000000000006 -0.02571
-1.720699999999999 -0.02543
-1.7106999999999992 -0.02503
-1.7006999999999994 -0.024499999999999997
-1.6906999999999996 -0.02386
-1.6806999999999999 -0.023069999999999997
-1.6707 -0.02214
-1.6607000000000003 -0.02111
-1.6507000000000005 -0.01996
-1.640699999999999 -0.01873
-1.6306999999999992 -0.017439999999999997
-1.6206999999999994 -0.01609
-1.6106999999999996 -0.014730000000000002
-1.6006999999999998 -0.01336
-1.5907 -0.01201
-1.5807000000000002 -0.010694999999999998
-1.5707000000000004 -0.009451
-1.5607000000000006 -0.008261
-1.550699999999999 -0.007157
-1.5406999999999993 -0.006142
-1.5306999999999995 -0.0052309999999999995
-1.5206999999999997 -0.004405999999999999
-1.5107 -0.003679
-1.5007000000000001 -0.0030370000000000006
-1.4907000000000004 -0.002484
-1.4807000000000006 -0.002012
-1.470699999999999 -0.001615
-1.4606999999999992 -0.0012822
-1.4506999999999994 -0.0010061
-1.4406999999999996 -0.0007839
-1.4306999999999999 -0.0006034
-1.4207 -0.0004599
-1.4107000000000003 -0.0003471
-1.4007000000000005 -0.00025949999999999997
-1.390699999999999 -0.000192
-1.3806999999999992 -0.00014057000000000002
-1.3706999999999994 -0.00010173
-1.3606999999999996 -7.295e-05
-1.3506999999999998 -5.184e-05
-1.3407 -3.635e-05
-1.3307000000000002 -2.53e-05
-1.3207000000000004 -1.7389999999999998e-05
-1.3107000000000006 -1.1846000000000001e-05
-1.300699999999999 -7.97e-06
-1.2906999999999993 -5.319e-06
-1.2806999999999995 -3.5070000000000005e-06
-1.2706999999999997 -2.29e-06
-1.2607 -1.478e-06
-1.2507000000000001 -9.453000000000001e-07
-1.2407000000000004 -5.975e-07
-1.2307000000000006 -3.74e-07
-1.220699999999999 -2.316e-07
-1.2106999999999992 -1.4190999999999998e-07
-1.2006999999999994 -8.616e-08
-1.1906999999999996 -5.1630000000000006e-08
-1.1806999999999999 -3.064e-08
-1.1707 -1.801e-08
-1.1607000000000003 -1.0453000000000001e-08
-1.1507000000000005 -6.015e-09
-1.140699999999999 -3.423e-09
-1.1306999999999992 -1.926e-09
-1.1206999999999994 -1.0725999999999998e-09
-1.1106999999999996 -5.906e-10
-1.1006999999999998 -3.223e-10
-1.0907 -1.7390000000000001e-10
-1.0807000000000002 -9.277e-11
-1.0707000000000004 -4.901e-11
-1.0607000000000006 -2.561e-11
-1.050699999999999 -1.3219e-11
-1.0406999999999993 -6.767e-12
-1.0306999999999995 -3.423e-12
-1.0206999999999997 -1.71e-12
-1.0107 -8.472999999999999e-13
-1.0007000000000001 -4.1550000000000005e-13
-0.9907000000000004 -1.91e-13
-0.9807000000000006 -8.758e-14
-0.970699999999999 -2.6669999999999998e-14
-0.9606999999999992 -4.038e-15
-0.9506999999999994 -0.0
-0.9406999999999996 -0.0
-0.9306999999999999 -0.0
-0.9207000000000001 -0.0
-0.9107000000000003 -0.0
-0.9007000000000005 -0.0
-0.8906999999999989 -0.0
-0.8806999999999992 -0.0
-0.8706999999999994 -0.0
-0.8606999999999996 -0.0
-0.8506999999999998 -0.0
-0.8407 -0.0
-0.8307000000000002 -0.0
-0.8207000000000004 -0.0
-0.8107000000000006 -0.0
-0.8006999999999991 -0.0
-0.7906999999999993 -0.0
-0.7806999999999995 -0.0
-0.7706999999999997 -0.0
-0.7606999999999999 -0.0
-0.7507000000000001 -0.0
-0.7407000000000004 -0.0
-0.7307000000000006 -0.0
-0.720699999999999 -0.0
-0.7106999999999992 -0.0
-0.7006999999999994 -0.0
-0.6906999999999996 -0.0
-0.6806999999999999 -0.0
-0.6707000000000001 -0.0
-0.6607000000000003 -0.0
-0.6507000000000005 -0.0
-0.6406999999999989 -0.0
-0.6306999999999992 -0.0
-0.6206999999999994 -0.0
-0.6106999999999996 -1.792e-13
-0.6006999999999998 -5.762e-13
-0.5907 -1.4942999999999998e-12
-0.5807000000000002 -3.169e-12
-0.5707000000000004 -6.493e-12
-0.5607000000000006 -1.3125e-11
-0.5506999999999991 -2.625e-11
-0.5406999999999993 -5.215e-11
-0.5306999999999995 -1.0224e-10
-0.5206999999999997 -1.982e-10
-0.5106999999999999 -3.807e-10
-0.5007000000000001 -7.224e-10
-0.49070000000000036 -1.3561000000000001e-09
-0.48070000000000057 -2.518e-09
-0.470699999999999 -4.630000000000001e-09
-0.4606999999999992 -8.43e-09
-0.45069999999999943 -1.5152e-08
-0.44069999999999965 -2.6970000000000003e-08
-0.43069999999999986 -4.7560000000000004e-08
-0.4207000000000001 -8.289e-08
-0.4107000000000003 -1.4295e-07
-0.4007000000000005 -2.436e-07
-0.39069999999999894 -4.112e-07
-0.38069999999999915 -6.875e-07
-0.37069999999999936 -1.1356e-06
-0.3606999999999996 -1.8569999999999998e-06
-0.3506999999999998 -3.0009999999999997e-06
-0.3407 -4.814e-06
-0.3307000000000002 -7.622000000000001e-06
-0.32070000000000043 -1.1933e-05
-0.31070000000000064 -1.851e-05
-0.3006999999999991 -2.8429999999999997e-05
-0.2906999999999993 -4.3020000000000005e-05
-0.2806999999999995 -6.467e-05
-0.2706999999999997 -9.618999999999999e-05
-0.26069999999999993 -0.00014157999999999998
-0.25070000000000014 -0.0002062
-0.24070000000000036 -0.0002973
-0.23070000000000057 -0.0004235
-0.220699999999999 -0.0005970000000000001
-0.21069999999999922 -0.0008327
-0.20069999999999943 -0.0011511999999999998
-0.19069999999999965 -0.0015750000000000002
-0.18069999999999986 -0.002132
-0.17070000000000007 -0.00285
-0.1607000000000003 -0.0037760000000000003
-0.1507000000000005 -0.004965
-0.14069999999999894 -0.006464
-0.13069999999999915 -0.008303
-0.12069999999999936 -0.010576
-0.11069999999999958 -0.013336
-0.10069999999999979 -0.01666
-0.0907 -0.020589999999999997
-0.08070000000000022 -0.025259999999999998
-0.07070000000000043 -0.03063
-0.06070000000000064 -0.036770000000000004
-0.05069999999999908 -0.043820000000000005
-0.04069999999999929 -0.05166
-0.030699999999999505 -0.060399999999999995
-0.02069999999999972 -0.06993
-0.010699999999999932 -0.08034999999999999
-0.000700000000000145 -0.09154999999999999
0.009299999999999642 -0.10348
0.01929999999999943 -0.11604
0.029300000000000992 -0.12905
0.03930000000000078 -0.14244
0.049300000000000566 -0.15605
0.05930000000000035 -0.16974
0.06930000000000014 -0.18359
0.07929999999999993 -0.1974
0.08929999999999971 -0.21080000000000002
0.0992999999999995 -0.2238
0.10930000000000106 -0.23639999999999997
0.11930000000000085 -0.2484
0.12930000000000064 -0.26039999999999996
0.13930000000000042 -0.2711
0.1493000000000002 -0.2816
0.1593 -0.29169999999999996
0.16929999999999978 -0.3004
0.17929999999999957 -0.3098
0.18929999999999936 -0.3187
0.19930000000000092 -0.3263
0.2093000000000007 -0.3348
0.2193000000000005 -0.34220000000000006
0.22930000000000028 -0.3496
0.23930000000000007 -0.358
0.24929999999999986 -0.36569999999999997
0.25929999999999964 -0.37470000000000003
0.26929999999999943 -0.383
0.279300000000001 -0.3917
0.2893000000000008 -0.401
0.29930000000000057 -0.41150000000000003
0.30930000000000035 -0.4214
0.31930000000000014 -0.432
0.3292999999999999 -0.4433
0.3392999999999997 -0.45499999999999996
0.3492999999999995 -0.4683
0.35930000000000106 -0.4802
0.36930000000000085 -0.4945
0.37930000000000064 -0.5074000000000001
0.3893000000000004 -0.5205
0.3993000000000002 -0.5335
0.4093 -0.5477
0.4192999999999998 -0.5599000000000001
0.42929999999999957 -0.5722
0.43929999999999936 -0.5823
0.4493000000000009 -0.5923
0.4593000000000007 -0.6011
0.4693000000000005 -0.6073999999999999
0.4793000000000003 -0.6112
0.48930000000000007 -0.6136999999999999
0.49929999999999986 -0.6124
0.5092999999999996 -0.6093999999999999
0.5192999999999994 -0.6047
0.529300000000001 -0.5962000000000001
0.5393000000000008 -0.585
0.5493000000000006 -0.5732
0.5593000000000004 -0.5574
0.5693000000000001 -0.5393
0.5792999999999999 -0.5226
0.5892999999999997 -0.5035999999999999
0.5992999999999995 -0.48219999999999996
0.6093000000000011 -0.4617
0.6193000000000008 -0.4411
0.6293000000000006 -0.4214
0.6393000000000004 -0.40349999999999997
0.6493000000000002 -0.38539999999999996
0.6593 -0.3697
0.6692999999999998 -0.3564
0.6792999999999996 -0.3448
0.6892999999999994 -0.3355
0.6993000000000009 -0.3285
0.7093000000000007 -0.324
0.7193000000000005 -0.3217
0.7293000000000003 -0.32149999999999995
0.7393000000000001 -0.3232
0.7492999999999999 -0.3269
0.7592999999999996 -0.33199999999999996
0.7692999999999994 -0.3383
0.779300000000001 -0.34580000000000005
0.7893000000000008 -0.354
0.7993000000000006 -0.3628
0.8093000000000004 -0.3719
0.8193000000000001 -0.3814
0.8292999999999999 -0.3909
0.8392999999999997 -0.4004
0.8492999999999995 -0.4102
0.8593000000000011 -0.41879999999999995
0.8693000000000008 -0.427
0.8793000000000006 -0.4362
0.8893000000000004 -0.4443
0.8993000000000002 -0.4521
0.9093 -0.4597
0.9192999999999998 -0.4661
0.9292999999999996 -0.4733
0.9392999999999994 -0.4793
0.9493000000000009 -0.48529999999999995
0.9593000000000007 -0.4901
0.9693000000000005 -0.4936
0.9793000000000003 -0.4969
0.9893000000000001 -0.4981
0.9992999999999999 -0.4992
1.0092999999999996 -0.4989
1.0192999999999994 -0.49750000000000005
1.029300000000001 -0.4949
1.0393000000000008 -0.49129999999999996
1.0493000000000006 -0.4875
1.0593000000000004 -0.4819
1.0693000000000001 -0.476
1.0793 -0.4694
1.0892999999999997 -0.4629
1.0992999999999995 -0.4554
1.109300000000001 -0.44839999999999997
1.1193000000000008 -0.4415
1.1293000000000006 -0.4361
1.1393000000000004 -0.42999999999999994
1.1493000000000002 -0.42469999999999997
1.1593 -0.4193
1.1692999999999998 -0.41569999999999996
1.1792999999999996 -0.4128
1.1892999999999994 -0.4102
1.199300000000001 -0.40959999999999996
1.2093000000000007 -0.40919999999999995
1.2193000000000005 -0.40979999999999994
1.2293000000000003 -0.4117
1.2393 -0.4149
1.2492999999999999 -0.41919999999999996
1.2592999999999996 -0.42490000000000006
1.2692999999999994 -0.43179999999999996
1.279300000000001 -0.43979999999999997
1.2893000000000008 -0.4492
1.2993000000000006 -0.46049999999999996
1.3093000000000004 -0.47140000000000004
1.3193000000000001 -0.4842
1.3293 -0.49639999999999995
1.3392999999999997 -0.5097
1.3492999999999995 -0.5227
1.359300000000001 -0.5343
1.3693000000000008 -0.5458000000000001
1.3793000000000006 -0.5556000000000001
1.3893000000000004 -0.5643
1.3993000000000002 -0.5707
1.4093 -0.575
1.4192999999999998 -0.5776
1.4292999999999996 -0.5771999999999999
1.4392999999999994 -0.5761999999999999
1.449300000000001 -0.5718
1.4593000000000007 -0.5682999999999999
1.4693000000000005 -0.5629
1.4793000000000003 -0.5599999999999999
1.4893 -0.5557
1.4992999999999999 -0.5552999999999999
1.5092999999999996 -0.5582
1.5192999999999994 -0.5649
1.529300000000001 -0.5762
1.5393000000000008 -0.5938
1.5493000000000006 -0.6179000000000001
1.5593000000000004 -0.6486999999999999
1.5693000000000001 -0.6859999999999999
1.5793 -0.7288000000000001
1.5892999999999997 -0.7806
1.5992999999999995 -0.8365
1.609300000000001 -0.8991999999999999
1.6193000000000008 -0.9655
1.6293000000000006 -1.0364
1.6393000000000004 -1.1099
1.6493000000000002 -1.186
1.6593 -1.2610000000000001
1.6692999999999998 -1.3379999999999999
1.6792999999999996 -1.4109999999999998
1.6892999999999994 -1.485
1.699300000000001 -1.5559999999999998
1.7093000000000007 -1.624
1.7193000000000005 -1.688
1.7293000000000003 -1.7510000000000001
1.7393 -1.809
1.7492999999999999 -1.865
1.7592999999999996 -1.917
1.7692999999999994 -1.9689999999999999
1.779300000000001 -2.018
1.7893000000000008 -2.064
1.7993000000000006 -2.112
1.8093000000000004 -2.1559999999999997
1.8193000000000001 -2.201
1.8293 -2.2439999999999998
1.8392999999999997 -2.289
1.8492999999999995 -2.332
1.859300000000001 -2.373
1.8693000000000008 -2.416
1.8793000000000006 -2.457
1.8893000000000004 -2.497
1.8993000000000002 -2.5370000000000004
1.9093 -2.575
1.9192999999999998 -2.612
1.9292999999999996 -2.648
1.9392999999999994 -2.685
1.949300000000001 -2.7199999999999998
1.9593000000000007 -2.752
1.9693000000000005 -2.7849999999999997
1.9793000000000003 -2.82
1.9893 -2.8539999999999996
1.9992999999999999 -2.886
2.0092999999999996 -2.92
2.0192999999999994 -2.955
2.029300000000001 -2.989
2.039300000000001 -3.0250000000000004
2.0493000000000006 -3.0589999999999997
2.0593000000000004 -3.096
2.0693 -3.131
2.0793 -3.1659999999999995
2.0892999999999997 -3.199
2.0992999999999995 -3.231
2.109300000000001 -3.2590000000000003
2.119300000000001 -3.2840000000000003
2.1293000000000006 -3.306
2.1393000000000004 -3.3240000000000003
2.1493 -3.338
2.1593 -3.3459999999999996
2.1693 -3.35
2.1792999999999996 -3.348
2.1892999999999994 -3.3409999999999997
2.199300000000001 -3.332
2.2093000000000007 -3.3179999999999996
2.2193000000000005 -3.3020000000000005
2.2293000000000003 -3.2830000000000004
2.2393 -3.261
2.2493 -3.2390000000000003
2.2592999999999996 -3.218
2.2692999999999994 -3.1969999999999996
2.279300000000001 -3.179
2.289300000000001 -3.161
2.2993000000000006 -3.149
2.3093000000000004 -3.138
2.3193 -3.131
2.3293 -3.1270000000000002
2.3392999999999997 -3.126
2.3492999999999995 -3.128
2.359300000000001 -3.1330000000000005
2.369300000000001 -3.1369999999999996
2.3793000000000006 -3.1439999999999997
2.3893000000000004 -3.1480000000000006
2.3993 -3.1510000000000002
2.4093000000000018 -3.1499999999999995
2.4193 -3.1460000000000004
2.4293000000000013 -3.135
2.4392999999999994 -3.1180000000000003
2.449300000000001 -3.094
2.459299999999999 -3.061
2.4693000000000005 -3.021
2.4792999999999985 -2.974
2.4893 -2.9200000000000004
2.4993000000000016 -2.857
2.5092999999999996 -2.79
2.519300000000001 -2.7180000000000004
2.529299999999999 -2.644
2.539300000000001 -2.568
2.549299999999999 -2.494
2.5593000000000004 -2.4190000000000005
2.569300000000002 -2.3529999999999998
2.5793 -2.29
2.5893000000000015 -2.2329999999999997
2.5992999999999995 -2.1830000000000003
2.609300000000001 -2.145
2.619299999999999 -2.112
2.6293000000000006 -2.0900000000000003
2.6392999999999986 -2.077
2.6493 -2.0709999999999997
2.6593000000000018 -2.073
2.6693 -2.084
2.6793000000000013 -2.099
2.6892999999999994 -2.1170000000000004
2.699300000000001 -2.141
2.709299999999999 -2.168
2.7193000000000005 -2.195
2.7292999999999985 -2.2220000000000004
2.7393 -2.2510000000000003
2.7493000000000016 -2.276
2.7592999999999996 -2.302
2.769300000000001 -2.326
2.779299999999999 -2.3480000000000003
2.789300000000001 -2.37
2.799299999999999 -2.391
2.8093000000000004 -2.4099999999999997
2.819300000000002 -2.428
2.8293 -2.4499999999999997
2.8393000000000015 -2.471
2.8492999999999995 -2.4979999999999998
2.859300000000001 -2.525
2.869299999999999 -2.5580000000000003
2.8793000000000006 -2.594
2.8892999999999986 -2.638
2.8993 -2.6870000000000003
2.9093000000000018 -2.7399999999999998
2.9193 -2.8
2.9293000000000013 -2.8649999999999998
2.9392999999999994 -2.934
2.949300000000001 -3.004
2.959299999999999 -3.076
2.9693000000000005 -3.148
2.9792999999999985 -3.2170000000000005
2.9893 -3.2840000000000003
2.9993000000000016 -3.3430000000000004
3.0092999999999996 -3.396
3.019300000000001 -3.439
3.029299999999999 -3.473
3.039300000000001 -3.4969999999999994
3.049299999999999 -3.5069999999999997
3.0593000000000004 -3.508
3.069300000000002 -3.496
3.0793 -3.475
3.0893000000000015 -3.4429999999999996
3.0992999999999995 -3.4019999999999997
3.109300000000001 -3.3549999999999995
3.119299999999999 -3.3030000000000004
3.1293000000000006 -3.2460000000000004
3.1392999999999986 -3.189
3.1493 -3.1310000000000002
3.1593000000000018 -3.077
3.1693 -3.025
3.1793000000000013 -2.977
3.1892999999999994 -2.9370000000000003
3.199300000000001 -2.903
3.209299999999999 -2.876
3.2193000000000005 -2.859
3.2292999999999985 -2.851
3.2393 -2.8539999999999996
3.2493000000000016 -2.864
3.2592999999999996 -2.8850000000000002
3.269300000000001 -2.916
3.279299999999999 -2.959
3.289300000000001 -3.01
3.299299999999999 -3.072
3.3093000000000004 -3.142
3.319300000000002 -3.223
3.3293 -3.312
3.3393000000000015 -3.409
3.3492999999999995 -3.513
3.359300000000001 -3.624
3.369299999999999 -3.742
3.3793000000000006 -3.866
3.3892999999999986 -3.992
3.3993 -4.122
3.4093000000000018 -4.254
3.4193 -4.386
3.4293000000000013 -4.514
3.4392999999999994 -4.640999999999999
3.449300000000001 -4.764
3.459299999999999 -4.881
3.4693000000000005 -4.99
3.4792999999999985 -5.095
3.4893 -5.188000000000001
3.4993000000000016 -5.274
3.5092999999999996 -5.35
3.519300000000001 -5.416
3.529299999999999 -5.473
3.539300000000001 -5.523
3.549299999999999 -5.566000000000001
3.5593000000000004 -5.602
3.569300000000002 -5.634
3.5793 -5.661
3.5893000000000015 -5.6930000000000005
3.5992999999999995 -5.718999999999999
3.609300000000001 -5.747
3.619299999999999 -5.773
3.6293000000000006 -5.815
3.6392999999999986 -5.846
3.6493 -5.8919999999999995
3.6593000000000018 -5.937999999999999
3.6693 -5.9719999999999995
3.6793000000000013 -6.023000000000001
3.6892999999999994 -6.073
3.699300000000001 -6.112
3.709299999999999 -6.159000000000001
3.7193000000000005 -6.195
3.7292999999999985 -6.238
3.7393 -6.237
3.7493000000000016 -6.243
3.7592999999999996 -6.235
3.769300000000001 -6.222
3.779299999999999 -6.194000000000001
3.789300000000001 -6.132000000000001
3.799299999999999 -6.0649999999999995
3.8093000000000004 -5.9830000000000005
3.819300000000002 -5.881
3.8293 -5.765
3.8393000000000015 -5.64
3.8492999999999995 -5.502000000000001
3.859300000000001 -5.356
3.869299999999999 -5.199
3.8793000000000006 -5.035
3.8892999999999986 -4.864999999999999
3.8993 -4.6899999999999995
3.9093000000000018 -4.513
3.9193 -4.333
3.9293000000000013 -4.152
3.9392999999999994 -3.9699999999999998
3.949300000000001 -3.788
3.959299999999999 -3.6079999999999997
3.9693000000000005 -3.427
3.9792999999999985 -3.251
3.9893 -3.0749999999999997
3.9993000000000016 -2.903
4.0093 -2.7350000000000003
4.019300000000001 -2.568
4.029299999999999 -2.4080000000000004
4.039300000000001 -2.2520000000000002
4.049299999999999 -2.1
4.0593 -1.9529999999999998
4.069300000000002 -1.8130000000000002
4.0793 -1.677
4.0893000000000015 -1.546
4.0992999999999995 -1.4240000000000002
4.109300000000001 -1.306
4.119299999999999 -1.195
4.129300000000001 -1.091
4.139299999999999 -0.9930000000000001
4.1493 -0.9010000000000001
4.159300000000002 -0.8170000000000001
4.1693 -0.738
4.179300000000001 -0.6641
4.189299999999999 -0.5963999999999999
4.199300000000001 -0.5347
4.209299999999999 -0.47779999999999995
4.2193000000000005 -0.42579999999999996
4.2292999999999985 -0.3785
4.2393 -0.3355
4.249300000000002 -0.29610000000000003
4.2593 -0.2605
4.269300000000001 -0.22830000000000003
4.279299999999999 -0.1994
4.289300000000001 -0.1731
4.299299999999999 -0.14980000000000002
4.3093 -0.1287
4.319300000000002 -0.11
4.3293 -0.0935
4.3393000000000015 -0.07899999999999999
4.3492999999999995 -0.06616000000000001
4.359300000000001 -0.05503
4.369299999999999 -0.045450000000000004
4.379300000000001 -0.037219999999999996
4.389299999999999 -0.03025
4.3993 -0.024369999999999996
4.409300000000002 -0.019459999999999998
4.4193 -0.0154
4.429300000000001 -0.012060000000000001
4.439299999999999 -0.00938
4.449300000000001 -0.00722
4.459299999999999 -0.005505
4.4693000000000005 -0.004153
4.4792999999999985 -0.003104
4.4893 -0.002295
4.499300000000002 -0.001681
4.5093 -0.00122
4.519300000000001 -0.0008749999999999999
4.529299999999999 -0.0006194999999999999
4.539300000000001 -0.00043630000000000003
4.549299999999999 -0.0003033
4.5593 -0.0002089
4.569300000000002 -0.00014230000000000002
4.5793 -9.58e-05
4.5893000000000015 -6.399e-05
4.5992999999999995 -4.2189999999999994e-05
4.609300000000001 -2.7530000000000002e-05
4.619299999999999 -1.778e-05
4.629300000000001 -1.136e-05
