-23.6007 -5.604000000000001e-07
-23.5907 -3.6949999999999997e-07
-23.5807 -2.408e-07
-23.570700000000002 -1.554e-07
-23.5607 -9.931000000000001e-08
-23.5507 -6.271e-08
-23.5407 -3.9259999999999996e-08
-23.5307 -2.432e-08
-23.520699999999998 -1.491e-08
-23.5107 -9.037e-09
-23.500700000000002 -5.436e-09
-23.4907 -3.2330000000000003e-09
-23.4807 -1.901e-09
-23.4707 -1.1068000000000001e-09
-23.4607 -6.385999999999999e-10
-23.450699999999998 -3.643e-10
-23.4407 -2.056e-10
-23.4307 -1.1498e-10
-23.4207 -6.355e-11
-23.4107 -3.4779999999999995e-11
-23.4007 -1.8829999999999998e-11
-23.3907 -1.0085000000000002e-11
-23.380699999999997 -5.346e-12
-23.3707 -2.808e-12
-23.3607 -1.4586000000000003e-12
-23.3507 -7.491e-13
-23.3407 -3.7940000000000003e-13
-23.3307 -1.8990000000000003e-13
-23.320700000000002 -9.332e-14
-23.3107 -4.499e-14
-23.3007 -2.135e-14
-23.2907 -9.819e-15
-23.2807 -4.039e-15
-23.270699999999998 -1.2137e-15
-23.2607 -1.4080000000000002e-16
-23.250700000000002 -0.0
-23.2407 -0.0
-23.2307 -0.0
-23.2207 -0.0
-23.2107 -0.0
-23.200699999999998 -0.0
-23.1907 -0.0
-23.1807 -0.0
-23.1707 -0.0
-23.1607 -0.0
-23.1507 -0.0
-23.1407 -0.0
-23.130699999999997 -0.0
-23.1207 -0.0
-23.1107 -0.0
-23.1007 -0.0
-23.0907 -0.0
-23.0807 -0.0
-23.070700000000002 -0.0
-23.0607 -0.0
-23.0507 -0.0
-23.0407 -0.0
-23.0307 -0.0
-23.020699999999998 -0.0
-23.0107 -0.0
-23.000700000000002 -0.0
-22.9907 -0.0
-22.9807 -0.0
-22.9707 -0.0
-22.9607 -0.0
-22.950699999999998 -0.0
-22.9407 -0.0
-22.9307 -0.0
-22.9207 -0.0
-22.9107 -0.0
-22.9007 -0.0
-22.8907 -0.0
-22.880699999999997 -0.0
-22.8707 -0.0
-22.8607 -0.0
-22.8507 -0.0
-22.8407 -0.0
-22.8307 -0.0
-22.820700000000002 -0.0
-22.8107 -0.0
-22.8007 -0.0
-22.7907 -0.0
-22.7807 -0.0
-22.770699999999998 -0.0
-22.7607 -0.0
-22.750700000000002 -0.0
-22.7407 -0.0
-22.7307 -0.0
-22.7207 -0.0
-22.7107 -0.0
-22.700699999999998 -0.0
-22.6907 -0.0
-22.6807 -0.0
-22.6707 -0.0
-22.6607 -0.0
-22.6507 -0.0
-22.6407 -0.0
-22.630699999999997 -0.0
-22.6207 -0.0
-22.6107 -0.0
-22.6007 -0.0
-22.5907 -0.0
-22.5807 -0.0
-22.570700000000002 -0.0
-22.5607 -0.0
-22.5507 -0.0
-22.5407 -0.0
-22.5307 -0.0
-22.520699999999998 -0.0
-22.5107 -0.0
-22.500700000000002 -0.0
-22.4907 -0.0
-22.4807 -0.0
-22.4707 -0.0
-22.4607 -0.0
-22.450699999999998 -0.0
-22.4407 -0.0
-22.4307 -0.0
-22.4207 -0.0
-22.4107 -0.0
-22.4007 -0.0
-22.3907 -0.0
-22.380699999999997 -0.0
-22.3707 -0.0
-22.3607 -0.0
-22.3507 -0.0
-22.3407 -0.0
-22.3307 -0.0
-22.320700000000002 -0.0
-22.3107 -0.0
-22.3007 -0.0
-22.2907 -0.0
-22.2807 -0.0
-22.270699999999998 -0.0
-22.2607 -0.0
-22.250700000000002 -0.0
-22.2407 -0.0
-22.2307 -0.0
-22.2207 -0.0
-22.2107 -0.0
-22.200699999999998 -0.0
-22.1907 -0.0
-22.1807 -0.0
-22.1707 -0.0
-22.1607 -0.0
-22.1507 -0.0
-22.1407 -0.0
-22.130699999999997 -0.0
-22.1207 -0.0
-22.1107 -0.0
-22.1007 -0.0
-22.0907 -0.0
-22.0807 -0.0
-22.070700000000002 -0.0
-22.0607 -0.0
-22.0507 -0.0
-22.0407 -0.0
-22.0307 -0.0
-22.020699999999998 -0.0
-22.0107 -0.0
-22.000700000000002 -0.0
-21.9907 -0.0
-21.9807 -0.0
-21.9707 -0.0
-21.9607 -0.0
-21.950699999999998 -0.0
-21.9407 -0.0
-21.9307 -0.0
-21.9207 -0.0
-21.9107 -0.0
-21.9007 -0.0
-21.8907 -0.0
-21.880699999999997 -0.0
-21.8707 -0.0
-21.8607 -0.0
-21.8507 -0.0
-21.8407 -0.0
-21.8307 -0.0
-21.820700000000002 -0.0
-21.8107 -0.0
-21.8007 -0.0
-21.7907 -0.0
-21.7807 -0.0
-21.770699999999998 -0.0
-21.7607 -0.0
-21.750700000000002 -0.0
-21.7407 -0.0
-21.7307 -0.0
-21.7207 -0.0
-21.7107 -0.0
-21.700699999999998 -0.0
-21.6907 -0.0
-21.6807 -0.0
-21.6707 -0.0
-21.6607 -0.0
-21.6507 -0.0
-21.6407 -0.0
-21.630699999999997 -0.0
-21.6207 -0.0
-21.6107 -0.0
-21.6007 -0.0
-21.5907 -0.0
-21.5807 -0.0
-21.5707 -0.0
-21.5607 -2.7959999999999998e-14
-21.5507 -5.843e-14
-21.5407 -1.767e-13
-21.5307 -3.6360000000000004e-13
-21.520699999999998 -7.401e-13
-21.5107 -1.52e-12
-21.500700000000002 -3.03e-12
-21.4907 -5.9709999999999995e-12
-21.4807 -1.1669000000000001e-11
-21.4707 -2.265e-11
-21.4607 -4.341e-11
-21.450699999999998 -8.227999999999999e-11
-21.4407 -1.5399999999999999e-10
-21.4307 -2.852e-10
-21.4207 -5.24e-10
-21.4107 -9.49e-10
-21.4007 -1.703e-09
-21.3907 -3.026e-09
-21.3807 -5.317e-09
-21.3707 -9.256999999999998e-09
-21.3607 -1.593e-08
-21.3507 -2.715e-08
-21.3407 -4.569e-08
-21.3307 -7.636e-08
-21.3207 -1.2627e-07
-21.3107 -2.0610000000000003e-07
-21.3007 -3.336e-07
-21.2907 -5.338e-07
-21.2807 -8.474e-07
-21.270699999999998 -1.3288e-06
-21.2607 -2.064e-06
-21.250700000000002 -3.173e-06
-21.2407 -4.8299999999999995e-06
-21.2307 -7.282e-06
-21.2207 -1.0858e-05
-21.2107 -1.607e-05
-21.200699999999998 -2.3500000000000002e-05
-21.1907 -3.406e-05
-21.1807 -4.889e-05
-21.1707 -6.946e-05
-21.1607 -9.784999999999999e-05
-21.1507 -0.00013635
-21.1407 -0.0001886
-21.1307 -0.0002584
-21.1207 -0.0003506
-21.1107 -0.00047139999999999997
-21.1007 -0.0006293
-21.0907 -0.0008299
-21.0807 -0.0010871
-21.0707 -0.0014137
-21.0607 -0.001819
-21.0507 -0.002321
-21.0407 -0.002937
-21.0307 -0.0036910000000000003
-21.020699999999998 -0.004596
-21.0107 -0.00567
-21.000700000000002 -0.006962
-20.9907 -0.008456
-20.9807 -0.010191
-20.9707 -0.012184
-20.9607 -0.014462
-20.950699999999998 -0.017007
-20.9407 -0.01988
-20.9307 -0.023020000000000002
-20.9207 -0.02647
-20.9107 -0.03018
-20.9007 -0.03415
-20.8907 -0.038380000000000004
-20.8807 -0.04271
-20.8707 -0.047200000000000006
-20.8607 -0.05173
-20.8507 -0.05636
-20.8407 -0.060899999999999996
-20.8307 -0.06531999999999999
-20.8207 -0.06963
-20.8107 -0.0737
-20.8007 -0.07757
-20.7907 -0.08123
-20.7807 -0.08437999999999998
-20.770699999999998 -0.08743
-20.7607 -0.0903
-20.750700000000002 -0.09289
-20.7407 -0.09531
-20.7307 -0.09769
-20.7207 -0.10002000000000001
-20.7107 -0.10260999999999999
-20.700699999999998 -0.10493000000000001
-20.6907 -0.10779
-20.6807 -0.11097000000000001
-20.6707 -0.11409000000000001
-20.6607 -0.11762
-20.6507 -0.1215
-20.6407 -0.1255
-20.6307 -0.1296
-20.6207 -0.13390000000000002
-20.6107 -0.1382
-20.6007 -0.1424
-20.5907 -0.1463
-20.5807 -0.15
-20.5707 -0.1533
-20.5607 -0.1561
-20.5507 -0.1584
-20.5407 -0.16010000000000002
-20.5307 -0.1613
-20.520699999999998 -0.1621
-20.5107 -0.1622
-20.500700000000002 -0.1621
-20.4907 -0.1616
-20.4807 -0.16099999999999998
-20.4707 -0.1602
-20.4607 -0.1595
-20.450699999999998 -0.1591
-20.4407 -0.1589
-20.4307 -0.1592
-20.4207 -0.15990000000000001
-20.4107 -0.1611
-20.4007 -0.16300000000000003
-20.3907 -0.1653
-20.3807 -0.1679
-20.3707 -0.17130000000000004
-20.3607 -0.1746
-20.3507 -0.17850000000000002
-20.3407 -0.18249999999999997
-20.3307 -0.1865
-20.3207 -0.19039999999999999
-20.3107 -0.1941
-20.3007 -0.1976
-20.2907 -0.2006
-20.2807 -0.2031
-20.270699999999998 -0.20529999999999998
-20.2607 -0.20689999999999997
-20.250700000000002 -0.20800000000000002
-20.2407 -0.2089
-20.2307 -0.20929999999999999
-20.2207 -0.20950000000000002
-20.2107 -0.2091
-20.200699999999998 -0.209
-20.1907 -0.20839999999999997
-20.1807 -0.20769999999999997
-20.1707 -0.20709999999999998
-20.1607 -0.20650000000000002
-20.1507 -0.2062
-20.1407 -0.20569999999999997
-20.1307 -0.2054
-20.1207 -0.2052
-20.1107 -0.2052
-20.1007 -0.2052
-20.0907 -0.20539999999999997
-20.0807 -0.2054
-20.0707 -0.2057
-20.0607 -0.2061
-20.0507 -0.20629999999999998
-20.0407 -0.2067
-20.0307 -0.20720000000000002
-20.020699999999998 -0.2074
-20.0107 -0.2078
-20.000700000000002 -0.208
-19.9907 -0.2082
-19.9807 -0.20809999999999998
-19.9707 -0.208
-19.9607 -0.2075
-19.950699999999998 -0.20700000000000002
-19.9407 -0.20609999999999998
-19.9307 -0.2051
-19.9207 -0.2037
-19.9107 -0.2022
-19.9007 -0.20049999999999998
-19.8907 -0.1988
-19.8807 -0.19669999999999999
-19.8707 -0.1946
-19.8607 -0.1925
-19.8507 -0.1904
-19.8407 -0.1881
-19.8307 -0.18619999999999998
-19.8207 -0.1843
-19.8107 -0.1826
-19.8007 -0.1811
-19.7907 -0.1795
-19.7807 -0.1783
-19.770699999999998 -0.1769
-19.7607 -0.1758
-19.750700000000002 -0.1746
-19.7407 -0.17350000000000004
-19.7307 -0.1722
-19.7207 -0.17089999999999997
-19.7107 -0.16939999999999997
-19.700699999999998 -0.1677
-19.6907 -0.1655
-19.6807 -0.16319999999999998
-19.6707 -0.16079999999999997
-19.6607 -0.15810000000000002
-19.6507 -0.15510000000000002
-19.6407 -0.15189999999999998
-19.6307 -0.1487
-19.6207 -0.14529999999999998
-19.6107 -0.1419
-19.6007 -0.1387
-19.5907 -0.1356
-19.5807 -0.1327
-19.5707 -0.1298
-19.5607 -0.1272
-19.5507 -0.12490000000000001
-19.5407 -0.12279999999999999
-19.5307 -0.12099999999999998
-19.520699999999998 -0.11930000000000002
-19.5107 -0.1178
-19.500700000000002 -0.1166
-19.4907 -0.1156
-19.4807 -0.11480000000000001
-19.4707 -0.11410000000000001
-19.4607 -0.1135
-19.450699999999998 -0.11320000000000002
-19.4407 -0.113
-19.4307 -0.1131
-19.4207 -0.1134
-19.4107 -0.11400000000000002
-19.4007 -0.1147
-19.3907 -0.11570000000000001
-19.3807 -0.117
-19.3707 -0.1186
-19.3607 -0.1203
-19.3507 -0.12230000000000002
-19.3407 -0.1243
-19.3307 -0.12639999999999998
-19.3207 -0.1288
-19.3107 -0.13099999999999998
-19.3007 -0.1331
-19.2907 -0.1351
-19.2807 -0.1369
-19.270699999999998 -0.1384
-19.2607 -0.13970000000000002
-19.250700000000002 -0.1406
-19.2407 -0.1413
-19.2307 -0.1418
-19.2207 -0.1417
-19.2107 -0.14150000000000001
-19.200699999999998 -0.1411
-19.1907 -0.1405
-19.1807 -0.13939999999999997
-19.1707 -0.1383
-19.1607 -0.1371
-19.1507 -0.13570000000000002
-19.1407 -0.1346
-19.1307 -0.1331
-19.1207 -0.13169999999999998
-19.1107 -0.1303
-19.1007 -0.1288
-19.0907 -0.12730000000000002
-19.0807 -0.1259
-19.0707 -0.1244
-19.0607 -0.12290000000000001
-19.0507 -0.12140000000000001
-19.0407 -0.11960000000000001
-19.0307 -0.1179
-19.020699999999998 -0.1159
-19.0107 -0.11380000000000001
-19.000700000000002 -0.1114
-18.9907 -0.10899999999999999
-18.9807 -0.10639999999999998
-18.9707 -0.10350000000000001
-18.9607 -0.10019999999999998
-18.950699999999998 -0.09709999999999999
-18.9407 -0.0935
-18.9307 -0.08978
-18.9207 -0.08593999999999999
-18.9107 -0.08204
-18.9007 -0.07807
-18.8907 -0.07402
-18.8807 -0.07007
-18.8707 -0.06616
-18.8607 -0.06237999999999999
-18.8507 -0.05872
-18.8407 -0.05525
-18.8307 -0.05216
-18.8207 -0.04924
-18.8107 -0.04672
-18.8007 -0.04449
-18.7907 -0.04264
-18.7807 -0.04117
-18.770699999999998 -0.04006
-18.7607 -0.03921
-18.750700000000002 -0.03869
-18.7407 -0.0385
-18.7307 -0.0385
-18.7207 -0.03887
-18.7107 -0.03933
-18.700699999999998 -0.03991000000000001
-18.6907 -0.040600000000000004
-18.6807 -0.041299999999999996
-18.6707 -0.042178
-18.6607 -0.042938
-18.6507 -0.043632000000000004
-18.6407 -0.044398
-18.6307 -0.045093999999999995
-18.6207 -0.045726
-18.6107 -0.046413
-18.6007 -0.04683500000000001
-18.5907 -0.047399
-18.5807 -0.047926
-18.5707 -0.048203
-18.5607 -0.048641
-18.5507 -0.04885
-18.5407 -0.049029
-18.5307 -0.048988
-18.520699999999998 -0.048947
-18.5107 -0.048604999999999995
-18.500700000000002 -0.048133999999999996
-18.4907 -0.047472
-18.4807 -0.04651
-18.4707 -0.045349
-18.4607 -0.043887
-18.450699999999998 -0.042246000000000006
-18.4407 -0.040415
-18.4307 -0.038384
-18.4207 -0.03617
-18.4107 -0.03377700000000001
-18.4007 -0.031306
-18.3907 -0.028655000000000003
-18.3807 -0.026135999999999996
-18.3707 -0.023599500000000002
-18.3607 -0.021084499999999996
-18.3507 -0.018653799999999998
-18.3407 -0.016365299999999996
-18.3307 -0.014209000000000001
-18.3207 -0.0122209
-18.3107 -0.010408
-18.3007 -0.008782
-18.2907 -0.007333000000000001
-18.2807 -0.0060572
-18.270699999999998 -0.0049549
-18.2607 -0.004011
-18.250700000000002 -0.00322546
-18.2407 -0.0025556000000000003
-18.2307 -0.00200953
-18.2207 -0.0015624699999999998
-18.2107 -0.00120317
-18.200699999999998 -0.0009155799999999999
-18.1907 -0.00069044
-18.1807 -0.00051536
-18.1707 -0.00038042100000000004
-18.1607 -0.000278603
-18.1507 -0.000201244
-18.1407 -0.000144049
-18.1307 -0.000101976
-18.1207 -7.1478e-05
-18.1107 -4.95999e-05
-18.1007 -3.39945e-05
-18.0907 -2.3122e-05
-18.0807 -1.55398e-05
-18.0707 -1.03419e-05
-18.0607 -6.8044e-06
-18.0507 -4.438210000000001e-06
-18.0407 -2.8620499999999996e-06
-18.0307 -1.8213e-06
-18.020699999999998 -1.1495399999999998e-06
-18.0107 -7.169299999999998e-07
-18.000700000000002 -4.4282699999999997e-07
-17.9907 -2.71407e-07
-17.9807 -1.63898e-07
-17.9707 -9.8141e-08
-17.9607 -5.80396e-08
-17.950699999999998 -3.4067e-08
-17.9407 -1.97186e-08
-17.9307 -1.13127e-08
-17.9207 -6.42634e-09
-17.9107 -3.6084299999999997e-09
-17.9007 -2.00342e-09
-17.8907 -1.10069e-09
-17.8807 -5.98485e-10
-17.8707 -3.21501e-10
-17.8607 -1.71438e-10
-17.8507 -9.0411e-11
-17.8407 -4.70901e-11
-17.8307 -2.4303900000000002e-11
-17.8207 -1.23741e-11
-17.8107 -6.22373e-12
-17.8007 -3.1080399999999997e-12
-17.7907 -1.5346000000000001e-12
-17.7807 -7.451099999999999e-13
-17.770699999999998 -3.5455800000000006e-13
-17.7607 -1.3331e-13
-17.750700000000002 -5.1153200000000006e-14
-17.7407 -5.29704e-15
-17.7307 -0.0
-17.7207 -0.0
-17.7107 -0.0
-17.700699999999998 -0.0
-17.6907 -0.0
-17.6807 -0.0
-17.6707 -0.0
-17.6607 -0.0
-17.6507 -0.0
-17.6407 -0.0
-17.6307 -0.0
-17.6207 -0.0
-17.6107 -0.0
-17.6007 -0.0
-17.5907 -0.0
-17.5807 -0.0
-17.5707 -0.0
-17.5607 -0.0
-17.5507 -0.0
-17.5407 -0.0
-17.5307 -0.0
-17.520699999999998 -0.0
-17.5107 -0.0
-17.5007 -0.0
-17.4907 -0.0
-17.4807 -0.0
-17.4707 -0.0
-17.4607 -0.0
-17.4507 -0.0
-17.4407 -0.0
-17.4307 -0.0
-17.4207 -0.0
-17.4107 -0.0
-17.4007 -0.0
-17.3907 -0.0
-17.3807 -0.0
-17.3707 -0.0
-17.3607 -0.0
-17.3507 -0.0
-17.3407 -0.0
-17.3307 -0.0
-17.3207 -0.0
-17.3107 -0.0
-17.3007 -0.0
-17.2907 -0.0
-17.2807 -0.0
-17.270699999999998 -0.0
-17.2607 -0.0
-17.2507 -0.0
-17.2407 -0.0
-17.2307 -0.0
-17.2207 -0.0
-17.2107 -0.0
-17.2007 -0.0
-17.1907 -0.0
-17.1807 -0.0
-17.1707 -0.0
-17.1607 -0.0
-17.1507 -0.0
-17.1407 -0.0
-17.1307 -0.0
-17.1207 -0.0
-17.1107 -0.0
-17.1007 -0.0
-17.0907 -0.0
-17.0807 -0.0
-17.0707 -0.0
-17.0607 -0.0
-17.0507 -0.0
-17.0407 -0.0
-17.0307 -0.0
-17.020699999999998 -0.0
-17.0107 -0.0
-17.0007 -0.0
-16.9907 -0.0
-16.9807 -0.0
-16.9707 -0.0
-16.9607 -0.0
-16.9507 -0.0
-16.9407 -0.0
-16.9307 -0.0
-16.9207 -0.0
-16.9107 -0.0
-16.9007 -0.0
-16.8907 -0.0
-16.8807 -0.0
-16.8707 -0.0
-16.8607 -0.0
-16.8507 -0.0
-16.8407 -0.0
-16.8307 -0.0
-16.8207 -0.0
-16.8107 -0.0
-16.8007 -0.0
-16.7907 -0.0
-16.7807 -0.0
-16.770699999999998 -0.0
-16.7607 -0.0
-16.7507 -0.0
-16.7407 -0.0
-16.7307 -0.0
-16.7207 -0.0
-16.7107 -0.0
-16.7007 -0.0
-16.6907 -0.0
-16.6807 -0.0
-16.6707 -0.0
-16.6607 -0.0
-16.6507 -0.0
-16.6407 -0.0
-16.6307 -0.0
-16.6207 -0.0
-16.6107 -0.0
-16.6007 -0.0
-16.5907 -0.0
-16.5807 -0.0
-16.5707 -0.0
-16.5607 -0.0
-16.5507 -0.0
-16.5407 -0.0
-16.5307 -0.0
-16.520699999999998 -0.0
-16.5107 -0.0
-16.5007 -0.0
-16.4907 -0.0
-16.4807 -0.0
-16.4707 -0.0
-16.4607 -0.0
-16.4507 -0.0
-16.4407 -0.0
-16.4307 -0.0
-16.4207 -0.0
-16.4107 -0.0
-16.4007 -0.0
-16.3907 -0.0
-16.3807 -0.0
-16.3707 -0.0
-16.3607 -0.0
-16.3507 -0.0
-16.3407 -0.0
-16.3307 -0.0
-16.3207 -0.0
-16.3107 -0.0
-16.3007 -0.0
-16.2907 -0.0
-16.2807 -0.0
-16.270699999999998 -0.0
-16.2607 -0.0
-16.2507 -0.0
-16.2407 -0.0
-16.2307 -0.0
-16.2207 -0.0
-16.2107 -0.0
-16.2007 -0.0
-16.1907 -0.0
-16.1807 -0.0
-16.1707 -0.0
-16.1607 -0.0
-16.1507 -0.0
-16.1407 -0.0
-16.1307 -0.0
-16.1207 -0.0
-16.1107 -0.0
-16.1007 -0.0
-16.0907 -0.0
-16.0807 -0.0
-16.0707 -0.0
-16.0607 -0.0
-16.0507 -0.0
-16.0407 -0.0
-16.0307 -0.0
-16.020699999999998 -0.0
-16.0107 -0.0
-16.0007 -0.0
-15.9907 -0.0
-15.980699999999999 -0.0
-15.9707 -0.0
-15.9607 -0.0
-15.9507 -0.0
-15.9407 -0.0
-15.9307 -0.0
-15.9207 -0.0
-15.9107 -0.0
-15.9007 -0.0
-15.890699999999999 -0.0
-15.8807 -0.0
-15.8707 -0.0
-15.8607 -0.0
-15.8507 -0.0
-15.8407 -0.0
-15.8307 -0.0
-15.8207 -0.0
-15.8107 -0.0
-15.800699999999999 -0.0
-15.7907 -0.0
-15.7807 -0.0
-15.7707 -0.0
-15.7607 -0.0
-15.7507 -0.0
-15.7407 -0.0
-15.730699999999999 -0.0
-15.7207 -0.0
-15.7107 -0.0
-15.7007 -0.0
-15.6907 -0.0
-15.6807 -0.0
-15.6707 -0.0
-15.6607 -0.0
-15.6507 -0.0
-15.640699999999999 -0.0
-15.6307 -0.0
-15.6207 -0.0
-15.6107 -0.0
-15.6007 -0.0
-15.5907 -0.0
-15.5807 -0.0
-15.5707 -0.0
-15.5607 -0.0
-15.550699999999999 -0.0
-15.5407 -0.0
-15.5307 -0.0
-15.5207 -0.0
-15.5107 -0.0
-15.5007 -0.0
-15.4907 -0.0
-15.480699999999999 -0.0
-15.4707 -0.0
-15.4607 -0.0
-15.4507 -0.0
-15.4407 -0.0
-15.4307 -0.0
-15.4207 -0.0
-15.4107 -0.0
-15.4007 -0.0
-15.390699999999999 -0.0
-15.3807 -0.0
-15.3707 -0.0
-15.3607 -0.0
-15.3507 -0.0
-15.3407 -0.0
-15.3307 -0.0
-15.3207 -0.0
-15.3107 -0.0
-15.300699999999999 -0.0
-15.2907 -0.0
-15.2807 -0.0
-15.2707 -0.0
-15.2607 -0.0
-15.2507 -0.0
-15.2407 -0.0
-15.230699999999999 -0.0
-15.2207 -0.0
-15.2107 -0.0
-15.2007 -0.0
-15.1907 -0.0
-15.1807 -0.0
-15.1707 -0.0
-15.1607 -0.0
-15.1507 -0.0
-15.140699999999999 -0.0
-15.1307 -0.0
-15.1207 -0.0
-15.1107 -0.0
-15.1007 -0.0
-15.0907 -0.0
-15.0807 -0.0
-15.0707 -0.0
-15.0607 -0.0
-15.050699999999999 -0.0
-15.0407 -0.0
-15.0307 -0.0
-15.0207 -0.0
-15.0107 -0.0
-15.0007 -0.0
-14.9907 -0.0
-14.980699999999999 -0.0
-14.9707 -0.0
-14.9607 -0.0
-14.9507 -0.0
-14.9407 -0.0
-14.9307 -0.0
-14.9207 -0.0
-14.9107 -0.0
-14.9007 -0.0
-14.890699999999999 -0.0
-14.8807 -0.0
-14.8707 -0.0
-14.8607 -0.0
-14.8507 -0.0
-14.8407 -0.0
-14.8307 -0.0
-14.8207 -0.0
-14.8107 -0.0
-14.800699999999999 -0.0
-14.7907 -0.0
-14.7807 -0.0
-14.7707 -0.0
-14.7607 -0.0
-14.7507 -0.0
-14.7407 -0.0
-14.730699999999999 -0.0
-14.7207 -0.0
-14.7107 -0.0
-14.7007 -0.0
-14.6907 -0.0
-14.6807 -0.0
-14.6707 -0.0
-14.6607 -0.0
-14.6507 -0.0
-14.640699999999999 -0.0
-14.6307 -0.0
-14.6207 -0.0
-14.6107 -0.0
-14.6007 -0.0
-14.5907 -0.0
-14.5807 -0.0
-14.5707 -0.0
-14.5607 -0.0
-14.550699999999999 -0.0
-14.5407 -0.0
-14.5307 -0.0
-14.5207 -0.0
-14.5107 -0.0
-14.5007 -0.0
-14.4907 -0.0
-14.4807 -0.0
-14.470699999999999 -0.0
-14.4607 -0.0
-14.4507 -0.0
-14.4407 -0.0
-14.4307 -0.0
-14.4207 -0.0
-14.4107 -0.0
-14.4007 -0.0
-14.390699999999999 -0.0
-14.3807 -0.0
-14.3707 -0.0
-14.3607 -0.0
-14.3507 -0.0
-14.3407 -0.0
-14.3307 -0.0
-14.3207 -0.0
-14.3107 -0.0
-14.300699999999999 -0.0
-14.2907 -0.0
-14.2807 -0.0
-14.2707 -0.0
-14.2607 -0.0
-14.2507 -0.0
-14.2407 -0.0
-14.2307 -0.0
-14.220699999999999 -0.0
-14.2107 -0.0
-14.2007 -0.0
-14.1907 -0.0
-14.1807 -0.0
-14.1707 -0.0
-14.1607 -0.0
-14.1507 -0.0
-14.140699999999999 -0.0
-14.1307 -0.0
-14.1207 -0.0
-14.1107 -0.0
-14.1007 -0.0
-14.0907 -0.0
-14.0807 -0.0
-14.0707 -0.0
-14.0607 -0.0
-14.050699999999999 -0.0
-14.0407 -0.0
-14.0307 -0.0
-14.0207 -0.0
-14.0107 -0.0
-14.0007 -0.0
-13.9907 -0.0
-13.9807 -0.0
-13.970699999999999 -0.0
-13.9607 -0.0
-13.9507 -0.0
-13.9407 -0.0
-13.9307 -0.0
-13.9207 -0.0
-13.9107 -0.0
-13.9007 -0.0
-13.890699999999999 -0.0
-13.8807 -0.0
-13.8707 -0.0
-13.8607 -0.0
-13.8507 -0.0
-13.8407 -0.0
-13.8307 -0.0
-13.8207 -0.0
-13.8107 -0.0
-13.800699999999999 -0.0
-13.7907 -0.0
-13.7807 -0.0
-13.7707 -0.0
-13.7607 -0.0
-13.7507 -0.0
-13.7407 -0.0
-13.7307 -0.0
-13.720699999999999 -0.0
-13.7107 -0.0
-13.7007 -0.0
-13.6907 -0.0
-13.6807 -0.0
-13.6707 -0.0
-13.6607 -0.0
-13.6507 -0.0
-13.640699999999999 -0.0
-13.6307 -0.0
-13.6207 -0.0
-13.6107 -0.0
-13.6007 -0.0
-13.5907 -0.0
-13.5807 -0.0
-13.5707 -0.0
-13.5607 -0.0
-13.550699999999999 -0.0
-13.5407 -0.0
-13.5307 -0.0
-13.5207 -0.0
-13.5107 -0.0
-13.5007 -0.0
-13.4907 -0.0
-13.4807 -0.0
-13.470699999999999 -0.0
-13.4607 -0.0
-13.4507 -0.0
-13.4407 -0.0
-13.4307 -0.0
-13.4207 -0.0
-13.4107 -0.0
-13.4007 -0.0
-13.390699999999999 -0.0
-13.3807 -0.0
-13.3707 -0.0
-13.3607 -0.0
-13.3507 -0.0
-13.3407 -0.0
-13.3307 -0.0
-13.3207 -0.0
-13.3107 -0.0
-13.300699999999999 -0.0
-13.2907 -0.0
-13.2807 -0.0
-13.2707 -0.0
-13.2607 -0.0
-13.2507 -0.0
-13.2407 -0.0
-13.2307 -0.0
-13.220699999999999 -0.0
-13.2107 -0.0
-13.2007 -0.0
-13.1907 -0.0
-13.1807 -0.0
-13.1707 -0.0
-13.1607 -0.0
-13.1507 -0.0
-13.140699999999999 -0.0
-13.1307 -0.0
-13.1207 -0.0
-13.1107 -0.0
-13.1007 -0.0
-13.0907 -0.0
-13.0807 -0.0
-13.0707 -0.0
-13.0607 -0.0
-13.050699999999999 -0.0
-13.0407 -0.0
-13.0307 -0.0
-13.0207 -0.0
-13.0107 -0.0
-13.0007 -0.0
-12.9907 -0.0
-12.9807 -0.0
-12.970699999999999 -0.0
-12.9607 -0.0
-12.9507 -0.0
-12.9407 -0.0
-12.9307 -0.0
-12.9207 -0.0
-12.9107 -0.0
-12.9007 -0.0
-12.890699999999999 -0.0
-12.8807 -0.0
-12.8707 -0.0
-12.8607 -0.0
-12.8507 -0.0
-12.8407 -0.0
-12.8307 -0.0
-12.8207 -0.0
-12.8107 -0.0
-12.800699999999999 -0.0
-12.7907 -0.0
-12.7807 -0.0
-12.7707 -0.0
-12.7607 -5.099999999999999e-13
-12.7507 -1.7990000000000003e-12
-12.7407 -3.728e-12
-12.7307 -9.769e-12
-12.720699999999999 -2.0777e-11
-12.7107 -4.3020000000000004e-11
-12.7007 -8.617999999999999e-11
-12.6907 -1.7313999999999998e-10
-12.6807 -3.447e-10
-12.6707 -6.739e-10
-12.6607 -1.3017e-09
-12.6507 -2.4861000000000003e-09
-12.640699999999999 -4.69e-09
-12.6307 -8.778000000000001e-09
-12.6207 -1.6253e-08
-12.6107 -2.9771000000000002e-08
-12.6007 -5.404e-08
-12.5907 -9.683e-08
-12.5807 -1.7198e-07
-12.5707 -3.0225e-07
-12.5607 -5.260999999999999e-07
-12.550699999999999 -9.059999999999999e-07
-12.5407 -1.5458999999999999e-06
-12.5307 -2.6092e-06
-12.5207 -4.354e-06
-12.5107 -7.210999999999999e-06
-12.5007 -1.1802e-05
-12.4907 -1.9143e-05
-12.480699999999999 -3.071e-05
-12.4707 -4.887e-05
-12.4607 -7.687e-05
-12.4507 -0.00011972000000000003
-12.4407 -0.00018463000000000003
-12.4307 -0.00028199000000000003
-12.4207 -0.00042580000000000005
-12.4107 -0.0006391000000000001
-12.4007 -0.0009469000000000001
-12.390699999999999 -0.0013907
-12.3807 -0.0020212
-12.3707 -0.0029106
-12.3607 -0.004161
-12.3507 -0.005869000000000001
-12.3407 -0.008201
-12.3307 -0.011366999999999999
-12.3207 -0.015602000000000001
-12.3107 -0.021191
-12.300699999999999 -0.028551
-12.2907 -0.038077999999999994
-12.2807 -0.05027
-12.2707 -0.06586
-12.2607 -0.08537
-12.2507 -0.10957
-12.2407 -0.13961
-12.230699999999999 -0.17587
-12.2207 -0.21983999999999998
-12.2107 -0.27222
-12.2007 -0.33432
-12.1907 -0.40518000000000004
-12.1807 -0.4879
-12.1707 -0.5825
-12.1607 -0.6905
-12.1507 -0.8089999999999999
-12.140699999999999 -0.9411
-12.1307 -1.0840999999999998
-12.1207 -1.24
-12.1107 -1.4048
-12.1007 -1.5779
-12.0907 -1.7611999999999999
-12.0807 -1.9464000000000001
-12.0707 -2.1367000000000003
-12.0607 -2.3281
-12.050699999999999 -2.5158
-12.0407 -2.703
-12.0307 -2.8840000000000003
-12.0207 -3.056
-12.0107 -3.218
-12.0007 -3.3680000000000003
-11.9907 -3.5100000000000002
-11.980699999999999 -3.6450000000000005
-11.9707 -3.7670000000000003
-11.9607 -3.8689999999999998
-11.9507 -3.966
-11.9407 -4.047
-11.9307 -4.123
-11.9207 -4.182
-11.9107 -4.237
-11.9007 -4.287999999999999
-11.890699999999999 -4.323
-11.8807 -4.3549999999999995
-11.8707 -4.382
-11.8607 -4.403
-11.8507 -4.418
-11.8407 -4.426
-11.8307 -4.428999999999999
-11.8207 -4.427
-11.8107 -4.420999999999999
-11.800699999999999 -4.407
-11.7907 -4.389
-11.7807 -4.364
-11.7707 -4.338
-11.7607 -4.3069999999999995
-11.7507 -4.269
-11.7407 -4.2299999999999995
-11.730699999999999 -4.186
-11.7207 -4.141
-11.7107 -4.094
-11.7007 -4.044
-11.6907 -3.9939999999999998
-11.6807 -3.943
-11.6707 -3.892
-11.6607 -3.841
-11.6507 -3.788
-11.640699999999999 -3.735
-11.6307 -3.687
-11.6207 -3.635
-11.6107 -3.587
-11.6007 -3.54
-11.5907 -3.493
-11.5807 -3.45
-11.5707 -3.407
-11.5607 -3.3660000000000005
-11.550699999999999 -3.3249999999999997
-11.5407 -3.2870000000000004
-11.5307 -3.2510000000000003
-11.5207 -3.216
-11.5107 -3.182
-11.5007 -3.15
-11.4907 -3.1209999999999996
-11.480699999999999 -3.0910000000000006
-11.4707 -3.062
-11.4607 -3.033
-11.4507 -3.002
-11.4407 -2.973
-11.4307 -2.944
-11.4207 -2.915
-11.4107 -2.8850000000000002
-11.4007 -2.856
-11.390699999999999 -2.8249999999999997
-11.3807 -2.7960000000000003
-11.3707 -2.7680000000000002
-11.3607 -2.7389999999999994
-11.3507 -2.711
-11.3407 -2.684
-11.3307 -2.658
-11.3207 -2.6310000000000002
-11.3107 -2.605
-11.300699999999999 -2.5769999999999995
-11.2907 -2.549
-11.2807 -2.5170000000000003
-11.2707 -2.487
-11.2607 -2.4499999999999997
-11.2507 -2.4099999999999997
-11.2407 -2.3659999999999997
-11.230699999999999 -2.319
-11.2207 -2.266
-11.2107 -2.21
-11.2007 -2.147
-11.1907 -2.085
-11.1807 -2.016
-11.1707 -1.9469999999999998
-11.1607 -1.879
-11.1507 -1.8090000000000002
-11.140699999999999 -1.74
-11.1307 -1.6759999999999997
-11.1207 -1.6139999999999999
-11.1107 -1.5549999999999997
-11.1007 -1.5
-11.0907 -1.451
-11.0807 -1.4089999999999998
-11.0707 -1.368
-11.0607 -1.336
-11.050699999999999 -1.308
-11.0407 -1.286
-11.0307 -1.267
-11.0207 -1.2510000000000001
-11.0107 -1.239
-11.0007 -1.2280000000000002
-10.9907 -1.219
-10.980699999999999 -1.211
-10.9707 -1.2
-10.9607 -1.191
-10.9507 -1.178
-10.9407 -1.163
-10.9307 -1.147
-10.9207 -1.1280000000000001
-10.9107 -1.104
-10.9007 -1.078
-10.890699999999999 -1.048
-10.8807 -1.0150000000000001
-10.8707 -0.9780000000000001
-10.8607 -0.9380000000000001
-10.8507 -0.8978
-10.8407 -0.8555
-10.8307 -0.8111
-10.8207 -0.7676
-10.8107 -0.7248
-10.800699999999999 -0.6830999999999999
-10.7907 -0.6411000000000001
-10.7807 -0.6039
-10.7707 -0.567
-10.7607 -0.5343
-10.7507 -0.5054000000000001
-10.7407 -0.4784
-10.730699999999999 -0.4556
-10.7207 -0.4366
-10.7107 -0.42069999999999996
-10.7007 -0.40800000000000003
-10.6907 -0.3983
-10.6807 -0.3917
-10.6707 -0.3878
-10.6607 -0.3863
-10.6507 -0.38670000000000004
-10.640699999999999 -0.3894
-10.6307 -0.39339999999999997
-10.6207 -0.3992
-10.6107 -0.4056
-10.6007 -0.4127
-10.5907 -0.4204
-10.5807 -0.4275
-10.5707 -0.43439999999999995
-10.5607 -0.4407
-10.550699999999999 -0.44530000000000003
-10.5407 -0.44780000000000003
-10.5307 -0.44889999999999997
-10.5207 -0.4484
-10.5107 -0.44420000000000004
-10.5007 -0.43779999999999997
-10.4907 -0.4296
-10.480699999999999 -0.4184
-10.4707 -0.4041
-10.4607 -0.3878
-10.4507 -0.3696
-10.4407 -0.3498
-10.4307 -0.32870000000000005
-10.4207 -0.3067
-10.4107 -0.28450000000000003
-10.4007 -0.26230000000000003
-10.390699999999999 -0.24050000000000002
-10.3807 -0.21939999999999998
-10.3707 -0.1996
-10.3607 -0.18109999999999998
-10.3507 -0.1642
-10.3407 -0.14900000000000002
-10.3307 -0.1355
-10.3207 -0.1238
-10.3107 -0.11349999999999999
-10.300699999999999 -0.1048
-10.2907 -0.0976
-10.2807 -0.0915
-10.2707 -0.0865
-10.2607 -0.082
-10.2507 -0.0784
-10.2407 -0.0751
-10.230699999999999 -0.07200000000000001
-10.2207 -0.069
-10.2107 -0.06606000000000001
-10.2007 -0.06318
-10.1907 -0.060160000000000005
-10.1807 -0.056889999999999996
-10.1707 -0.05362
-10.1607 -0.05011
-10.1507 -0.04659
-10.140699999999999 -0.04296
-10.1307 -0.03929
-10.1207 -0.03567
-10.1107 -0.03209
-10.1007 -0.02863
-10.0907 -0.025310000000000003
-10.0807 -0.02219
-10.0707 -0.01928
-10.0607 -0.0166
-10.050699999999999 -0.014160000000000002
-10.0407 -0.011969999999999998
-10.0307 -0.010029999999999999
-10.0207 -0.00832
-10.0107 -0.006840000000000001
-10.0007 -0.005574000000000001
-9.9907 -0.004498
-9.980699999999999 -0.0035940000000000004
-9.9707 -0.002845
-9.9607 -0.00223
-9.9507 -0.0017320000000000002
-9.9407 -0.00133
-9.9307 -0.001013
-9.9207 -0.000763
-9.9107 -0.0005692
-9.9007 -0.00042080000000000004
-9.890699999999999 -0.0003079
-9.8807 -0.00022300000000000003
-9.8707 -0.0001601
-9.8607 -0.00011389999999999999
-9.8507 -8.03e-05
-9.8407 -5.661e-05
-9.8307 -4.004e-05
-9.8207 -2.9020000000000003e-05
-9.8107 -2.231e-05
-9.800699999999999 -1.9149999999999998e-05
-9.7907 -1.917e-05
-9.7807 -2.239e-05
-9.7707 -2.922e-05
-9.7607 -4.072e-05
-9.7507 -5.798999999999999e-05
-9.7407 -8.32e-05
-9.730699999999999 -0.00011897000000000001
-9.7207 -0.00016885
-9.7107 -0.00023789000000000001
-9.7007 -0.00033137
-9.6907 -0.00045761
-9.6807 -0.0006247
-9.6707 -0.0008453
-9.6607 -0.0011312
-9.6507 -0.0015008999999999999
-9.640699999999999 -0.0019667
-9.6307 -0.0025544
-9.6207 -0.0032824000000000004
-9.6107 -0.0041859
-9.6007 -0.005274
-9.5907 -0.006594
-9.5807 -0.008156
-9.570699999999999 -0.009981
-9.5607 -0.012109
-9.550699999999999 -0.014544999999999999
-9.540700000000001 -0.017306000000000002
-9.5307 -0.020423000000000004
-9.5207 -0.023867
-9.5107 -0.027613
-9.5007 -0.031623
-9.4907 -0.036026
-9.480699999999999 -0.04052
-9.4707 -0.045355999999999994
-9.4607 -0.050301
-9.4507 -0.055265999999999996
-9.4407 -0.06021
-9.4307 -0.065161
-9.4207 -0.07000100000000001
-9.410699999999999 -0.074618
-9.4007 -0.07902300000000001
-9.390699999999999 -0.083015
-9.380700000000001 -0.08679
-9.3707 -0.09028
-9.3607 -0.0932
-9.3507 -0.09589
-9.3407 -0.09817000000000001
-9.3307 -0.10008
-9.320699999999999 -0.10178999999999999
-9.3107 -0.10314999999999999
-9.300699999999999 -0.1043
-9.290700000000001 -0.10541
-9.2807 -0.10625000000000001
-9.2707 -0.10710999999999998
-9.2607 -0.10800000000000001
-9.2507 -0.10891999999999999
-9.2407 -0.10985999999999999
-9.230699999999999 -0.11075
-9.2207 -0.11173000000000001
-9.2107 -0.11268
-9.2007 -0.11363
-9.1907 -0.11457999999999999
-9.1807 -0.11539
-9.1707 -0.11599
-9.160699999999999 -0.11646999999999999
-9.1507 -0.11664
-9.140699999999999 -0.11659
-9.130700000000001 -0.11632
-9.1207 -0.11555000000000001
-9.1107 -0.11448
-9.1007 -0.11321
-9.0907 -0.11175
-9.0807 -0.11003000000000002
-9.070699999999999 -0.10813
-9.0607 -0.10628
-9.050699999999999 -0.10427999999999998
-9.040700000000001 -0.10243000000000001
-9.0307 -0.10064999999999999
-9.0207 -0.09914
-9.0107 -0.09772
-9.0007 -0.09667999999999999
-8.9907 -0.09591999999999999
-8.980699999999999 -0.09543
-8.9707 -0.09530999999999999
-8.9607 -0.09542
-8.9507 -0.09584
-8.9407 -0.09657999999999999
-8.9307 -0.09774000000000001
-8.9207 -0.09902
-8.910699999999999 -0.10052
-8.9007 -0.10243000000000001
-8.890699999999999 -0.10454999999999999
-8.880700000000001 -0.10673
-8.8707 -0.10938000000000002
-8.8607 -0.11197999999999998
-8.8507 -0.11503
-8.8407 -0.11812
-8.8307 -0.12145
-8.820699999999999 -0.12507
-8.8107 -0.1289
-8.800699999999999 -0.13282
-8.790700000000001 -0.13682
-8.7807 -0.14112000000000002
-8.7707 -0.14549
-8.7607 -0.14994
-8.7507 -0.15468
-8.7407 -0.15949
-8.730699999999999 -0.16418000000000002
-8.7207 -0.16915000000000002
-8.7107 -0.17429999999999998
-8.7007 -0.17953
-8.6907 -0.18473
-8.6807 -0.19042
-8.6707 -0.19598
-8.660699999999999 -0.20203
-8.6507 -0.20817
-8.640699999999999 -0.21449
-8.630700000000001 -0.2212
-8.6207 -0.2281
-8.6107 -0.23539000000000002
-8.6007 -0.24297000000000002
-8.5907 -0.25085
-8.5807 -0.25903
-8.570699999999999 -0.26761
-8.5607 -0.27638
-8.550699999999999 -0.28516
-8.540700000000001 -0.29444
-8.5307 -0.30372
-8.5207 -0.31311
-8.5107 -0.3227
-8.5007 -0.33249
-8.4907 -0.34179000000000004
-8.480699999999999 -0.35099
-8.4707 -0.35960000000000003
-8.4607 -0.36821
-8.4507 -0.37711999999999996
-8.4407 -0.38414
-8.4307 -0.39126
-8.4207 -0.39708
-8.410699999999999 -0.40281
-8.4007 -0.40614
-8.390699999999999 -0.40987
-8.380700000000001 -0.4134
-8.3707 -0.41573
-8.3607 -0.41497
-8.3507 -0.4149
-8.3407 -0.41234
-8.3307 -0.40857
-8.320699999999999 -0.40531
-8.3107 -0.39995
-8.300699999999999 -0.39343
-8.290700000000001 -0.38595
-8.2807 -0.3763
-8.2707 -0.3669
-8.2607 -0.35663
-8.2507 -0.34459
-8.2407 -0.33269000000000004
-8.230699999999999 -0.31911
-8.2207 -0.30537000000000003
-8.2107 -0.29207
-8.2007 -0.27769
-8.1907 -0.26276
-8.1807 -0.24823999999999996
-8.1707 -0.23296
-8.160699999999999 -0.2186
-8.1507 -0.20416
-8.140699999999999 -0.19024
-8.130700000000001 -0.17643
-8.1207 -0.16333999999999999
-8.1107 -0.15065
-8.1007 -0.13857999999999998
-8.0907 -0.12701
-8.0807 -0.11614
-8.070699999999999 -0.10587000000000002
-8.0607 -0.09622999999999998
-8.050699999999999 -0.08709
-8.040700000000001 -0.07867
-8.0307 -0.07087
-8.0207 -0.06368
-8.0107 -0.05682
-8.0007 -0.050710000000000005
-7.9906999999999995 -0.045066999999999996
-7.9807 -0.039976
-7.9707 -0.0354
-7.9607 -0.031231999999999996
-7.950699999999999 -0.027470999999999995
-7.9407 -0.024116
-7.9307 -0.021129000000000002
-7.9207 -0.01849
-7.910699999999999 -0.016187
-7.9007 -0.014180000000000002
-7.8907 -0.012419
-7.8807 -0.010922000000000001
-7.870699999999999 -0.009666
-7.8607 -0.008622999999999999
-7.8507 -0.007771
-7.8407 -0.007079
-7.8307 -0.006554
-7.8206999999999995 -0.006174000000000001
-7.8107 -0.005925
-7.8007 -0.005776
-7.7907 -0.005734
-7.7806999999999995 -0.00577
-7.7707 -0.005864000000000001
-7.7607 -0.006019
-7.7507 -0.006203
-7.7406999999999995 -0.006433
-7.7307 -0.006673
-7.7207 -0.00692
-7.7107 -0.007172
-7.700699999999999 -0.007415
-7.6907 -0.0076370000000000006
-7.6807 -0.007848
-7.6707 -0.008045
-7.660699999999999 -0.008224
-7.6507 -0.008381
-7.6407 -0.008520999999999999
-7.6307 -0.008656
-7.620699999999999 -0.008766
-7.6107 -0.008882999999999999
-7.6007 -0.008997
-7.5907 -0.009120000000000001
-7.5807 -0.009245
-7.5706999999999995 -0.009391
-7.5607 -0.009562
-7.5507 -0.009749
-7.5407 -0.009963
-7.5306999999999995 -0.010218
-7.5207 -0.010491
-7.5107 -0.010807
-7.5007 -0.011155000000000002
-7.4906999999999995 -0.011535
-7.4807 -0.011951
-7.4707 -0.01239
-7.4607 -0.012862
-7.450699999999999 -0.013335
-7.4407 -0.013838
-7.4307 -0.014346000000000001
-7.4207 -0.014831
-7.410699999999999 -0.015322
-7.4007 -0.015778999999999998
-7.3907 -0.016217
-7.3807 -0.016611
-7.370699999999999 -0.016986
-7.3607 -0.017300999999999997
-7.3507 -0.017580000000000002
-7.3407 -0.017802
-7.3307 -0.017989
-7.3206999999999995 -0.018153000000000002
-7.3107 -0.018305
-7.3007 -0.018436
-7.2907 -0.018579
-7.2806999999999995 -0.018764000000000003
-7.2707 -0.019001
-7.2607 -0.019275999999999998
-7.2507 -0.01964
-7.2406999999999995 -0.02009
-7.2307 -0.020669999999999997
-7.2207 -0.02137
-7.2107 -0.022189999999999998
-7.200699999999999 -0.023149999999999997
-7.1907 -0.024220000000000005
-7.1807 -0.02542
-7.1707 -0.02674
-7.160699999999999 -0.02816
-7.1507 -0.029680000000000005
-7.1407 -0.03128
-7.1307 -0.03292
-7.120699999999999 -0.03461
-7.1107 -0.03635
-7.1007 -0.0381
-7.0907 -0.03984000000000001
-7.0807 -0.04163
-7.0706999999999995 -0.043300000000000005
-7.0607 -0.04506
-7.0507 -0.04673000000000001
-7.0407 -0.04835
-7.0306999999999995 -0.049870000000000005
-7.0207 -0.05136
-7.0107 -0.05283
-7.0007 -0.05428999999999999
-6.9906999999999995 -0.05552
-6.9807 -0.056839999999999995
-6.9707 -0.05805
-6.9607 -0.05914
-6.950699999999999 -0.060009999999999994
-6.9407 -0.06098
-6.9307 -0.061739999999999996
-6.9207 -0.0624
-6.910699999999999 -0.06293
-6.9007 -0.06346
-6.8907 -0.0639
-6.8807 -0.06412999999999999
-6.870699999999999 -0.06444
-6.8607 -0.06467
-6.8507 -0.0648
-6.8407 -0.06502
-6.8307 -0.06527
-6.8206999999999995 -0.06561
-6.8107 -0.06585
-6.8007 -0.06618
-6.7907 -0.06653
-6.7806999999999995 -0.0669
-6.7707 -0.06759
-6.7607 -0.06809
-6.7507 -0.06871
-6.7406999999999995 -0.06955
-6.7307 -0.07029
-6.7207 -0.07118
-6.7107 -0.07208999999999999
-6.700699999999999 -0.07304
-6.6907 -0.07403
-6.6807 -0.07507
-6.6707 -0.07626000000000001
-6.660699999999999 -0.07730000000000001
-6.6507 -0.07841999999999999
-6.6407 -0.07948999999999999
-6.6307 -0.08051
-6.620699999999999 -0.08171
-6.6107 -0.08310000000000001
-6.6007 -0.08425000000000002
-6.5907 -0.08540999999999999
-6.5807 -0.08665999999999999
-6.5706999999999995 -0.08794
-6.5607 -0.08913999999999998
-6.5507 -0.09046
-6.5407 -0.09169999999999998
-6.5306999999999995 -0.09295
-6.5207 -0.0942
-6.5107 -0.09556
-6.5007 -0.09671
-6.4906999999999995 -0.0978
-6.4807 -0.09879999999999999
-6.4707 -0.09979999999999999
-6.4607 -0.1005
-6.450699999999999 -0.1013
-6.4407 -0.1018
-6.4307 -0.10200000000000001
-6.4207 -0.1022
-6.410699999999999 -0.1024
-6.4007 -0.1024
-6.3907 -0.102
-6.3807 -0.10149999999999999
-6.370699999999999 -0.1009
-6.3607 -0.1002
-6.3507 -0.09940000000000002
-6.3407 -0.09839999999999999
-6.3307 -0.09740000000000001
-6.3206999999999995 -0.09629999999999998
-6.3107 -0.09519999999999999
-6.3007 -0.094
-6.2907 -0.0929
-6.2806999999999995 -0.0914
-6.2707 -0.0903
-6.2607 -0.08910000000000001
-6.2507 -0.08789999999999998
-6.2406999999999995 -0.0867
-6.2307 -0.0854
-6.2207 -0.0846
-6.2107 -0.08339999999999999
-6.200699999999999 -0.0825
-6.1907 -0.08159999999999999
-6.1807 -0.08070000000000001
-6.1707 -0.08
-6.160699999999999 -0.07930000000000001
-6.1507 -0.0787
-6.1407 -0.0782
-6.1307 -0.07780000000000001
-6.120699999999999 -0.07750000000000001
-6.1107 -0.07719999999999999
-6.1007 -0.07718
-6.0907 -0.07689000000000001
-6.0807 -0.07700000000000001
-6.0706999999999995 -0.07683000000000001
-6.0607 -0.07691
-6.0507 -0.07705000000000001
-6.0407 -0.07702
-6.0306999999999995 -0.07716
-6.0207 -0.07713999999999999
-6.0107 -0.07735999999999998
-6.0007 -0.07740000000000001
-5.9906999999999995 -0.07739
-5.9807 -0.07741
-5.9707 -0.07757
-5.9607 -0.07755
-5.950699999999999 -0.07756999999999999
-5.9407 -0.07774
-5.9307 -0.07786
-5.9207 -0.07798
-5.910699999999999 -0.07825000000000001
-5.9007 -0.07852999999999999
-5.8907 -0.07892
-5.8807 -0.0794
-5.870699999999999 -0.07979000000000001
-5.8607 -0.08037
-5.8507 -0.08095000000000001
-5.8407 -0.08135
-5.8307 -0.08183
-5.8206999999999995 -0.08211
-5.8107 -0.08238999999999999
-5.8007 -0.08254
-5.7907 -0.08252999999999999
-5.7806999999999995 -0.08229
-5.7707 -0.08186999999999998
-5.7607 -0.08144
-5.7507 -0.08073999999999999
-5.7406999999999995 -0.07993
-5.7307 -0.07905
-5.7207 -0.07798000000000001
-5.7107 -0.07704
-5.700699999999999 -0.07592
-5.6907 -0.07493000000000001
-5.6807 -0.07377
-5.6707 -0.07304
-5.660699999999999 -0.07211999999999999
-5.6507 -0.07143999999999999
-5.6407 -0.07087
-5.6307 -0.07042
-5.620699999999999 -0.07018
-5.6107 -0.07004
-5.6007 -0.06999999999999999
-5.5907 -0.07003000000000001
-5.5807 -0.06997999999999999
-5.5707 -0.0702
-5.560700000000001 -0.0702
-5.550699999999999 -0.07026
-5.540699999999999 -0.07029999999999999
-5.5306999999999995 -0.07011999999999999
-5.5207 -0.07002000000000001
-5.5107 -0.06978
-5.5007 -0.06943
-5.4907 -0.06906999999999999
-5.480700000000001 -0.0685
-5.470699999999999 -0.06814
-5.460699999999999 -0.06749
-5.450699999999999 -0.06706000000000001
-5.4407 -0.06657
-5.4307 -0.06613999999999999
-5.4207 -0.06585
-5.4107 -0.06562
-5.4007000000000005 -0.06555
-5.390699999999999 -0.06557
-5.380699999999999 -0.06586
-5.370699999999999 -0.06622
-5.3607 -0.06686
-5.3507 -0.06757
-5.3407 -0.06842999999999999
-5.3307 -0.06958
-5.3207 -0.07061999999999999
-5.310700000000001 -0.07188
-5.300699999999999 -0.07326
-5.290699999999999 -0.07465999999999999
-5.2806999999999995 -0.07596
-5.2707 -0.07744999999999999
-5.2607 -0.07904
-5.2507 -0.08051
-5.2407 -0.08184
-5.230700000000001 -0.08325
-5.220699999999999 -0.08463
-5.210699999999999 -0.0858
-5.200699999999999 -0.08695
-5.1907 -0.08797999999999999
-5.1807 -0.0889
-5.1707 -0.08959
-5.1607 -0.09037
-5.1507000000000005 -0.09094
-5.140699999999999 -0.09129
-5.130699999999999 -0.09133999999999999
-5.120699999999999 -0.09148
-5.1107 -0.09141
-5.1007 -0.09124
-5.0907 -0.09107
-5.0807 -0.09061
-5.0707 -0.09025
-5.060700000000001 -0.08989
-5.050699999999999 -0.08924
-5.040699999999999 -0.08889999999999999
-5.0306999999999995 -0.08847
-5.0207 -0.08794
-5.0107 -0.08762
-5.0007 -0.08711
-4.9907 -0.08677
-4.980700000000001 -0.08632000000000001
-4.970699999999999 -0.08599000000000001
-4.960699999999999 -0.08576999999999999
-4.950699999999999 -0.08537
-4.9407 -0.08518
-4.9307 -0.08478
-4.9207 -0.08428000000000001
-4.9107 -0.08388000000000001
-4.9007000000000005 -0.08348
-4.890699999999999 -0.08287
-4.880699999999999 -0.08213999999999999
-4.870699999999999 -0.08131000000000001
-4.8607 -0.08035999999999999
-4.8507 -0.0796
-4.8407 -0.07853
-4.8307 -0.07745
-4.8207 -0.07625000000000001
-4.810700000000001 -0.07495
-4.800699999999999 -0.07374
-4.790699999999999 -0.07253
-4.7806999999999995 -0.07111999999999999
-4.7707 -0.06991
-4.7607 -0.0685
-4.7507 -0.06729
-4.7407 -0.06609
-4.730700000000001 -0.0648
-4.720699999999999 -0.06382
-4.710699999999999 -0.06275
-4.700699999999999 -0.06179
-4.6907 -0.06085
-4.6807 -0.06003
-4.6707 -0.05932
-4.6607 -0.05863000000000001
-4.6507000000000005 -0.05806
-4.640699999999999 -0.057609999999999995
-4.630699999999999 -0.05721
-4.620699999999999 -0.05696
-4.6107 -0.05688
-4.6007 -0.056870000000000004
-4.5907 -0.05694
-4.5807 -0.05718
-4.5707 -0.057479999999999996
-4.560700000000001 -0.05797
-4.550699999999999 -0.05842
-4.540699999999999 -0.05912
-4.5306999999999995 -0.05978
-4.5207 -0.060610000000000004
-4.5107 -0.061380000000000004
-4.5007 -0.062259999999999996
-4.4907 -0.06304000000000001
-4.480700000000001 -0.06391000000000001
-4.470699999999999 -0.06477999999999999
-4.460699999999999 -0.06547
-4.450699999999999 -0.06636
-4.4407 -0.06694
-4.4307 -0.06742000000000001
-4.4207 -0.06799000000000001
-4.4107 -0.06825
-4.4007000000000005 -0.06856
-4.390699999999999 -0.06865
-4.380699999999999 -0.06884000000000001
-4.370699999999999 -0.06871999999999999
-4.3607 -0.06867999999999999
-4.3507 -0.06853999999999999
-4.3407 -0.06828999999999999
-4.3307 -0.06804
-4.3207 -0.06779
-4.310700000000001 -0.06754
-4.300699999999999 -0.0673
-4.290699999999999 -0.06714
-4.2806999999999995 -0.06695
-4.2707 -0.06678
-4.2607 -0.06674
-4.2507 -0.06684000000000001
-4.2407 -0.06695999999999999
-4.230700000000001 -0.06713
-4.220699999999999 -0.06754
-4.210699999999999 -0.06798000000000001
-4.200699999999999 -0.06867999999999999
-4.1907 -0.06942000000000001
-4.1807 -0.0703
-4.1707 -0.07132
-4.1607 -0.07249
-4.1507000000000005 -0.07393
-4.140699999999999 -0.07544
-4.130699999999999 -0.0771
-4.120699999999999 -0.0788
-4.1107 -0.08059999999999999
-4.1007 -0.08270000000000001
-4.0907 -0.0851
-4.0807 -0.0874
-4.0707 -0.0899
-4.060700000000001 -0.0925
-4.050699999999999 -0.09509999999999999
-4.040699999999999 -0.0979
-4.0306999999999995 -0.1008
-4.0207 -0.10369999999999999
-4.0107 -0.10649999999999998
-4.0007 -0.1094
-3.9907000000000004 -0.1125
-3.9807000000000006 -0.1155
-3.970699999999999 -0.11830000000000002
-3.960699999999999 -0.12129999999999999
-3.9506999999999994 -0.124
-3.9406999999999996 -0.1267
-3.9307 -0.1292
-3.9207 -0.1318
-3.9107000000000003 -0.1342
-3.9007000000000005 -0.1366
-3.890699999999999 -0.1389
-3.880699999999999 -0.141
-3.8706999999999994 -0.1429
-3.8606999999999996 -0.1451
-3.8507 -0.14689999999999998
-3.8407 -0.1488
-3.8307 -0.1504
-3.8207000000000004 -0.1523
-3.8107000000000006 -0.15370000000000003
-3.800699999999999 -0.15530000000000002
-3.7906999999999993 -0.1568
-3.7806999999999995 -0.1581
-3.7706999999999997 -0.15910000000000002
-3.7607 -0.1603
-3.7507 -0.16110000000000002
-3.7407000000000004 -0.1617
-3.7307000000000006 -0.16219999999999998
-3.720699999999999 -0.16240000000000002
-3.710699999999999 -0.1623
-3.7006999999999994 -0.162
-3.6906999999999996 -0.16149999999999998
-3.6807 -0.16069999999999998
-3.6707 -0.1596
-3.6607000000000003 -0.1583
-3.6507000000000005 -0.1569
-3.640699999999999 -0.15510000000000002
-3.630699999999999 -0.15309999999999999
-3.6206999999999994 -0.1511
-3.6106999999999996 -0.1487
-3.6007 -0.1463
-3.5907 -0.1438
-3.5807 -0.14120000000000002
-3.5707000000000004 -0.1383
-3.5607000000000006 -0.1355
-3.550699999999999 -0.13269999999999998
-3.5406999999999993 -0.12980000000000003
-3.5306999999999995 -0.127
-3.5206999999999997 -0.12410000000000002
-3.5107 -0.12119999999999999
-3.5007 -0.11829999999999999
-3.4907000000000004 -0.11549999999999999
-3.4807000000000006 -0.1129
-3.470699999999999 -0.11000000000000001
-3.460699999999999 -0.1076
-3.4506999999999994 -0.1053
-3.4406999999999996 -0.1029
-3.4307 -0.1007
-3.4207 -0.0988
-3.4107000000000003 -0.0972
-3.4007000000000005 -0.09539999999999998
-3.390699999999999 -0.094
-3.380699999999999 -0.0927
-3.3706999999999994 -0.0917
-3.3606999999999996 -0.0909
-3.3507 -0.0901
-3.3407 -0.08970000000000002
-3.3307 -0.0894
-3.3207000000000004 -0.0891
-3.3107000000000006 -0.089
-3.300699999999999 -0.0891
-3.2906999999999993 -0.08930000000000002
-3.2806999999999995 -0.0896
-3.2706999999999997 -0.09
-3.2607 -0.0907
-3.2507 -0.0915
-3.2407000000000004 -0.0925
-3.2307000000000006 -0.0937
-3.220699999999999 -0.09490000000000001
-3.210699999999999 -0.09620000000000001
-3.2006999999999994 -0.0979
-3.1906999999999996 -0.0995
-3.1807 -0.1016
-3.1707 -0.1034
-3.1607000000000003 -0.10550000000000001
-3.1507000000000005 -0.10779999999999999
-3.140699999999999 -0.11029999999999998
-3.130699999999999 -0.11270000000000001
-3.1206999999999994 -0.11580000000000001
-3.1106999999999996 -0.1187
-3.1007 -0.1221
-3.0907 -0.12569999999999998
-3.0807 -0.12969999999999998
-3.0707000000000004 -0.1343
-3.0607000000000006 -0.1393
-3.050699999999999 -0.1449
-3.0406999999999993 -0.15100000000000002
-3.0306999999999995 -0.15789999999999998
-3.0206999999999997 -0.16549999999999998
-3.0107 -0.174
-3.0007 -0.18309999999999998
-2.9907000000000004 -0.193
-2.9807000000000006 -0.20360000000000003
-2.970699999999999 -0.2151
-2.960699999999999 -0.22710000000000002
-2.9506999999999994 -0.2398
-2.9406999999999996 -0.2531
-2.9307 -0.267
-2.9207 -0.2814
-2.9107000000000003 -0.29580000000000006
-2.9007000000000005 -0.3107
-2.890699999999999 -0.3259
-2.880699999999999 -0.341
-2.8706999999999994 -0.35619999999999996
-2.8606999999999996 -0.3707
-2.8507 -0.3862
-2.8407 -0.4008
-2.8307 -0.41459999999999997
-2.8207000000000004 -0.4295
-2.8107000000000006 -0.4426
-2.800699999999999 -0.457
-2.7906999999999993 -0.4707
-2.7806999999999995 -0.4841
-2.7706999999999997 -0.49650000000000005
-2.7607 -0.5098
-2.7507 -0.5234
-2.7407000000000004 -0.5374
-2.7307000000000006 -0.5503999999999999
-2.720699999999999 -0.5655
-2.710699999999999 -0.5777
-2.7006999999999994 -0.592
-2.6906999999999996 -0.6073
-2.6807 -0.6216
-2.6707 -0.636
-2.6607000000000003 -0.6492
-2.6507000000000005 -0.6635
-2.640699999999999 -0.6778000000000001
-2.630699999999999 -0.6900000000000001
-2.6206999999999994 -0.7024000000000001
-2.6106999999999996 -0.7137000000000001
-2.6007 -0.724
-2.5907 -0.7345
-2.5807 -0.7431000000000001
-2.5707000000000004 -0.7509000000000001
-2.5607000000000006 -0.7578
-2.550699999999999 -0.7659000000000001
-2.5406999999999993 -0.7694000000000002
-2.5306999999999995 -0.7743000000000001
-2.5206999999999997 -0.7805000000000002
-2.5107 -0.7833000000000001
-2.5007 -0.7885000000000001
-2.4907000000000004 -0.792
-2.4807000000000006 -0.7968
-2.470699999999999 -0.8019
-2.460699999999999 -0.8063
-2.4506999999999994 -0.8132
-2.4406999999999996 -0.8205
-2.4307 -0.8303
-2.4207 -0.8397
-2.4107000000000003 -0.8517
-2.4007000000000005 -0.8635
-2.390699999999999 -0.8789
-2.380699999999999 -0.893
-2.3706999999999994 -0.911
-2.3606999999999996 -0.928
-2.3507 -0.946
-2.3407 -0.9650000000000001
-2.3307 -0.985
-2.3207000000000004 -1.004
-2.3107000000000006 -1.021
-2.300699999999999 -1.038
-2.2906999999999993 -1.0550000000000002
-2.2806999999999995 -1.0670000000000002
-2.2706999999999997 -1.0770000000000002
-2.2607 -1.086
-2.2507 -1.0910000000000002
-2.2407000000000004 -1.092
-2.2307000000000006 -1.0910000000000002
-2.220699999999999 -1.086
-2.210699999999999 -1.079
-2.2006999999999994 -1.069
-2.1906999999999996 -1.054
-2.1807 -1.036
-2.1707 -1.017
-2.1607000000000003 -0.9949999999999999
-2.1507000000000005 -0.97
-2.140699999999999 -0.9449999999999998
-2.130699999999999 -0.9163999999999999
-2.1206999999999994 -0.8872
-2.1106999999999996 -0.8571
-2.1007 -0.8274
-2.0907 -0.7949
-2.0807 -0.7637
-2.0707000000000004 -0.7318
-2.0607000000000006 -0.6993
-2.050699999999999 -0.6663
-2.0406999999999993 -0.6343
-2.0306999999999995 -0.6011
-2.0206999999999997 -0.5698
-2.0107 -0.5375
-2.0007 -0.5063000000000001
-1.9907000000000004 -0.4758
-1.9807000000000006 -0.4456
-1.970699999999999 -0.4171
-1.9606999999999992 -0.3891
-1.9506999999999994 -0.36169999999999997
-1.9406999999999996 -0.3363
-1.9306999999999999 -0.3122
-1.9207 -0.2893
-1.9107000000000003 -0.2679
-1.9007000000000005 -0.24800000000000003
-1.890699999999999 -0.2294
-1.8806999999999992 -0.2124
-1.8706999999999994 -0.19690000000000002
-1.8606999999999996 -0.1827
-1.8506999999999998 -0.17
-1.8407 -0.15827999999999998
-1.8307000000000002 -0.14804
-1.8207000000000004 -0.13881000000000002
-1.8107000000000006 -0.1306
-1.800699999999999 -0.12328
-1.7906999999999993 -0.11696
-1.7806999999999995 -0.11101
-1.7706999999999997 -0.10602
-1.7607 -0.10129
-1.7507000000000001 -0.097
-1.7407000000000004 -0.09305999999999999
-1.7307000000000006 -0.08931
-1.720699999999999 -0.08552
-1.7106999999999992 -0.08178
-1.7006999999999994 -0.07816
-1.6906999999999996 -0.07447000000000001
-1.6806999999999999 -0.07058
-1.6707 -0.06669
-1.6607000000000003 -0.0627
-1.6507000000000005 -0.05866999999999999
-1.640699999999999 -0.0544
-1.6306999999999992 -0.050230000000000004
-1.6206999999999994 -0.045959999999999994
-1.6106999999999996 -0.04179
-1.6006999999999998 -0.03768
-1.5907 -0.03374
-1.5807000000000002 -0.02993
-1.5707000000000004 -0.02633
-1.5607000000000006 -0.022970000000000004
-1.550699999999999 -0.019847999999999998
-1.5406999999999993 -0.017006
-1.5306999999999995 -0.014426000000000001
-1.5206999999999997 -0.012128
-1.5107 -0.010113
-1.5007000000000001 -0.008335
-1.4907000000000004 -0.006805
-1.4807000000000006 -0.005506
-1.470699999999999 -0.0044150000000000005
-1.4606999999999992 -0.003504
-1.4506999999999994 -0.002754
-1.4406999999999996 -0.002143
-1.4306999999999999 -0.0016498000000000003
-1.4207 -0.0012579000000000002
-1.4107000000000003 -0.0009503000000000001
-1.4007000000000005 -0.0007103999999999999
-1.390699999999999 -0.0005249
-1.3806999999999992 -0.0003844
-1.3706999999999994 -0.0002788
-1.3606999999999996 -0.00019996000000000003
-1.3506999999999998 -0.00014205
-1.3407 -9.971e-05
-1.3307000000000002 -6.953000000000001e-05
-1.3207000000000004 -4.7810000000000005e-05
-1.3107000000000006 -3.256e-05
-1.300699999999999 -2.1949999999999998e-05
-1.2906999999999993 -1.4651e-05
-1.2806999999999995 -9.671999999999998e-06
-1.2706999999999997 -6.315e-06
-1.2607 -4.085e-06
-1.2507000000000001 -2.616e-06
-1.2407000000000004 -1.6564e-06
-1.2307000000000006 -1.0379999999999998e-06
-1.220699999999999 -6.437e-07
-1.2106999999999992 -3.9540000000000006e-07
-1.2006999999999994 -2.399e-07
-1.1906999999999996 -1.4403e-07
-1.1806999999999999 -8.562e-08
-1.1707 -5.039e-08
-1.1607000000000003 -2.932e-08
-1.1507000000000005 -1.6879000000000002e-08
-1.140699999999999 -9.624e-09
-1.1306999999999992 -5.417000000000001e-09
-1.1206999999999994 -3.0249999999999998e-09
-1.1106999999999996 -1.6701e-09
-1.1006999999999998 -9.134e-10
-1.0907 -4.931e-10
-1.0807000000000002 -2.635e-10
-1.0707000000000004 -1.3936e-10
-1.0607000000000006 -7.294e-11
-1.050699999999999 -3.774e-11
-1.0406999999999993 -1.9309e-11
-1.0306999999999995 -9.794e-12
-1.0206999999999997 -4.87e-12
-1.0107 -2.418e-12
-1.0007000000000001 -1.1884e-12
-0.9907000000000004 -5.637e-13
-0.9807000000000006 -2.5890000000000004e-13
-0.970699999999999 -8.882e-14
-0.9606999999999992 -1.9853e-14
-0.9506999999999994 -0.0
-0.9406999999999996 -0.0
-0.9306999999999999 -0.0
-0.9207000000000001 -0.0
-0.9107000000000003 -0.0
-0.9007000000000005 -0.0
-0.8906999999999989 -0.0
-0.8806999999999992 -0.0
-0.8706999999999994 -0.0
-0.8606999999999996 -0.0
-0.8506999999999998 -0.0
-0.8407 -0.0
-0.8307000000000002 -0.0
-0.8207000000000004 -0.0
-0.8107000000000006 -0.0
-0.8006999999999991 -0.0
-0.7906999999999993 -0.0
-0.7806999999999995 -0.0
-0.7706999999999997 -0.0
-0.7606999999999999 -0.0
-0.7507000000000001 -0.0
-0.7407000000000004 -0.0
-0.7307000000000006 -0.0
-0.720699999999999 -0.0
-0.7106999999999992 -0.0
-0.7006999999999994 -0.0
-0.6906999999999996 -0.0
-0.6806999999999999 -0.0
-0.6707000000000001 -0.0
-0.6607000000000003 -0.0
-0.6507000000000005 -0.0
-0.6406999999999989 -0.0
-0.6306999999999992 -0.0
-0.6206999999999994 -0.0
-0.6106999999999996 -3.3979999999999996e-15
-0.6006999999999998 -1.316e-14
-0.5907 -4.048000000000001e-14
-0.5807000000000002 -8.919999999999999e-14
-0.5707000000000004 -1.8329999999999999e-13
-0.5607000000000006 -3.723e-13
-0.5506999999999991 -7.486000000000001e-13
-0.5406999999999993 -1.4900000000000001e-12
-0.5306999999999995 -2.935e-12
-0.5206999999999997 -5.717e-12
-0.5106999999999999 -1.101e-11
-0.5007000000000001 -2.0990000000000003e-11
-0.49070000000000036 -3.959e-11
-0.48070000000000057 -7.388999999999999e-11
-0.470699999999999 -1.3640000000000001e-10
-0.4606999999999992 -2.491e-10
-0.45069999999999943 -4.5e-10
-0.44069999999999965 -8.05e-10
-0.43069999999999986 -1.4230000000000002e-09
-0.4207000000000001 -2.491e-09
-0.4107000000000003 -4.314e-09
-0.4007000000000005 -7.383e-09
-0.39069999999999894 -1.253e-08
-0.38069999999999915 -2.1000000000000003e-08
-0.37069999999999936 -3.488e-08
-0.3606999999999996 -5.722999999999999e-08
-0.3506999999999998 -9.3e-08
-0.3407 -1.495e-07
-0.3307000000000002 -2.379e-07
-0.32070000000000043 -3.745e-07
-0.31070000000000064 -5.828e-07
-0.3006999999999991 -8.99e-07
-0.2906999999999993 -1.37e-06
-0.2806999999999995 -2.0670000000000003e-06
-0.2706999999999997 -3.088e-06
-0.26069999999999993 -4.559e-06
-0.25070000000000014 -6.6679999999999995e-06
-0.24070000000000036 -9.659999999999999e-06
-0.23070000000000057 -1.382e-05
-0.220699999999999 -1.959e-05
-0.21069999999999922 -2.749e-05
-0.20069999999999943 -3.8150000000000006e-05
-0.19069999999999965 -5.246e-05
-0.18069999999999986 -7.132e-05
-0.17070000000000007 -9.609999999999999e-05
-0.1607000000000003 -0.000128
-0.1507000000000005 -0.00016879999999999998
-0.14069999999999894 -0.0002205
-0.13069999999999915 -0.00028530000000000005
-0.12069999999999936 -0.00036520000000000004
-0.11069999999999958 -0.00046320000000000004
-0.10069999999999979 -0.0005813999999999999
-0.0907 -0.0007241999999999999
-0.08070000000000022 -0.000891
-0.07070000000000043 -0.001087
-0.06070000000000064 -0.001317
-0.05069999999999908 -0.001578
-0.04069999999999929 -0.001874
-0.030699999999999505 -0.002208
-0.02069999999999972 -0.00258
-0.010699999999999932 -0.002987
-0.000700000000000145 -0.0034300000000000003
0.009299999999999642 -0.003909
0.01929999999999943 -0.004422000000000001
0.029300000000000992 -0.004965000000000001
0.03930000000000078 -0.005529
0.049300000000000566 -0.006117000000000001
0.05930000000000035 -0.006727
0.06930000000000014 -0.00736
0.07929999999999993 -0.008005
0.08929999999999971 -0.008649000000000002
0.0992999999999995 -0.009300999999999999
0.10930000000000106 -0.00992
0.11930000000000085 -0.010557
0.12930000000000064 -0.011193
0.13930000000000042 -0.011807
0.1493000000000002 -0.01239
0.1593 -0.01297
0.16929999999999978 -0.013540000000000002
0.17929999999999957 -0.01407
0.18929999999999936 -0.014599999999999998
0.19930000000000092 -0.0151
0.2093000000000007 -0.015570000000000002
0.2193000000000005 -0.016040000000000002
0.22930000000000028 -0.016479999999999998
0.23930000000000007 -0.01692
0.24929999999999986 -0.017359999999999997
0.25929999999999964 -0.01778
0.26929999999999943 -0.0182
0.279300000000001 -0.01862
0.2893000000000008 -0.01905
0.29930000000000057 -0.01949
0.30930000000000035 -0.019950000000000002
0.31930000000000014 -0.02043
0.3292999999999999 -0.02092
0.3392999999999997 -0.021450000000000004
0.3492999999999995 -0.022000000000000002
0.35930000000000106 -0.02255
0.36930000000000085 -0.023159999999999997
0.37930000000000064 -0.023799999999999998
0.3893000000000004 -0.02445
0.3993000000000002 -0.02513
0.4093 -0.025859999999999998
0.4192999999999998 -0.02658
0.42929999999999957 -0.027299999999999998
0.43929999999999936 -0.02806
0.4493000000000009 -0.02882
0.4593000000000007 -0.02957
0.4693000000000005 -0.03031
0.4793000000000003 -0.031039999999999998
0.48930000000000007 -0.03175
0.49929999999999986 -0.03242
0.5092999999999996 -0.03306
0.5192999999999994 -0.03363
0.529300000000001 -0.034170000000000006
0.5393000000000008 -0.03466
0.5493000000000006 -0.03508
0.5593000000000004 -0.03542
0.5693000000000001 -0.0357
0.5792999999999999 -0.0359
0.5892999999999997 -0.03605
0.5992999999999995 -0.03608
0.6093000000000011 -0.03611
0.6193000000000008 -0.036039999999999996
0.6293000000000006 -0.0359
0.6393000000000004 -0.035789999999999995
0.6493000000000002 -0.035642
0.6593 -0.035467
0.6692999999999998 -0.035274
0.6792999999999996 -0.035196
0.6892999999999994 -0.035135
0.6993000000000009 -0.035208
0.7093000000000007 -0.035325999999999996
0.7193000000000005 -0.035479
0.7293000000000003 -0.035816
0.7393000000000001 -0.03619599999999999
0.7492999999999999 -0.036775
0.7592999999999996 -0.037436
0.7692999999999994 -0.038134
0.779300000000001 -0.038828
0.7893000000000008 -0.03968599999999999
0.7993000000000006 -0.04049799999999999
0.8093000000000004 -0.041363
0.8193000000000001 -0.041986
0.8292999999999999 -0.04275
0.8392999999999997 -0.043244
0.8492999999999995 -0.043566
0.8593000000000011 -0.043914999999999996
0.8693000000000008 -0.043873
0.8793000000000006 -0.043729000000000004
0.8893000000000004 -0.043493000000000004
0.8993000000000002 -0.042857000000000006
0.9093 -0.04219
0.9192999999999998 -0.041330000000000006
0.9292999999999996 -0.04026
0.9392999999999994 -0.03916
0.9493000000000009 -0.037849999999999995
0.9593000000000007 -0.036520000000000004
0.9693000000000005 -0.03508
0.9793000000000003 -0.033710000000000004
0.9893000000000001 -0.03225
0.9992999999999999 -0.030780000000000002
1.0092999999999996 -0.029429999999999998
1.0192999999999994 -0.0281
1.029300000000001 -0.0269
1.0393000000000008 -0.025740000000000002
1.0493000000000006 -0.024659999999999998
1.0593000000000004 -0.023700000000000002
1.0693000000000001 -0.02282
1.0793 -0.02204
1.0892999999999997 -0.021339999999999998
1.0992999999999995 -0.02072
1.109300000000001 -0.020200000000000003
1.1193000000000008 -0.01973
1.1293000000000006 -0.01934
1.1393000000000004 -0.019000000000000003
1.1493000000000002 -0.01871
1.1593 -0.01847
1.1692999999999998 -0.01824
1.1792999999999996 -0.01804
1.1892999999999994 -0.01786
1.199300000000001 -0.017689999999999997
1.2093000000000007 -0.017509999999999998
1.2193000000000005 -0.01734
1.2293000000000003 -0.017140000000000002
1.2393 -0.016959999999999996
1.2492999999999999 -0.016760000000000004
1.2592999999999996 -0.016519999999999996
1.2692999999999994 -0.01629
1.279300000000001 -0.01603
1.2893000000000008 -0.01575
1.2993000000000006 -0.015450000000000002
1.3093000000000004 -0.01516
1.3193000000000001 -0.014839999999999999
1.3293 -0.014519999999999998
1.3392999999999997 -0.01419
1.3492999999999995 -0.013859999999999999
1.359300000000001 -0.013540000000000002
1.3693000000000008 -0.0132
1.3793000000000006 -0.01287
1.3893000000000004 -0.012539999999999999
1.3993000000000002 -0.01224
1.4093 -0.01194
1.4192999999999998 -0.01168
1.4292999999999996 -0.01142
1.4392999999999994 -0.01121
1.449300000000001 -0.01104
1.4593000000000007 -0.010940000000000002
1.4693000000000005 -0.010910000000000001
1.4793000000000003 -0.010969999999999999
1.4893 -0.011130000000000001
1.4992999999999999 -0.0114
1.5092999999999996 -0.01184
1.5192999999999994 -0.01243
1.529300000000001 -0.01318
1.5393000000000008 -0.01411
1.5493000000000006 -0.01523
1.5593000000000004 -0.01656
1.5693000000000001 -0.01808
1.5793 -0.01978
1.5892999999999997 -0.02167
1.5992999999999995 -0.02371
1.609300000000001 -0.0259
1.6193000000000008 -0.0282
1.6293000000000006 -0.03061
1.6393000000000004 -0.03308
1.6493000000000002 -0.03556
1.6593 -0.03805
1.6692999999999998 -0.04053
1.6792999999999996 -0.04294
1.6892999999999994 -0.04528
1.699300000000001 -0.04754
1.7093000000000007 -0.04964
1.7193000000000005 -0.05164999999999999
1.7293000000000003 -0.053559999999999997
1.7393 -0.055420000000000004
1.7492999999999999 -0.05699
1.7592999999999996 -0.058410000000000004
1.7692999999999994 -0.059879999999999996
1.779300000000001 -0.06112000000000001
1.7893000000000008 -0.06237
1.7993000000000006 -0.06328
1.8093000000000004 -0.06426
1.8193000000000001 -0.0652
1.8293 -0.06592
1.8392999999999997 -0.0667
1.8492999999999995 -0.06745
1.859300000000001 -0.06807
1.8693000000000008 -0.06857
1.8793000000000006 -0.06906
1.8893000000000004 -0.0694
1.8993000000000002 -0.06988
1.9093 -0.07026
1.9192999999999998 -0.07056
1.9292999999999996 -0.07077
1.9392999999999994 -0.0711
1.949300000000001 -0.07134
1.9593000000000007 -0.0717
1.9693000000000005 -0.07178000000000001
1.9793000000000003 -0.07208
1.9893 -0.07229
1.9992999999999999 -0.07263
2.0092999999999996 -0.07278
2.0192999999999994 -0.07325
2.029300000000001 -0.07363
2.039300000000001 -0.07373
2.0493000000000006 -0.07424
2.0593000000000004 -0.07454000000000001
2.0693 -0.07493
2.0793 -0.07522999999999999
2.0892999999999997 -0.0756
2.0992999999999995 -0.07577
2.109300000000001 -0.07605
2.119300000000001 -0.07632
2.1293000000000006 -0.0763
2.1393000000000004 -0.07619
2.1493 -0.07627
2.1593 -0.07596
2.1693 -0.07576000000000001
2.1792999999999996 -0.07526000000000001
2.1892999999999994 -0.07488
2.199300000000001 -0.07429999999999999
2.2093000000000007 -0.07373
2.2193000000000005 -0.07286999999999999
2.2293000000000003 -0.07222999999999999
2.2393 -0.07139999999999999
2.2493 -0.07079
2.2592999999999996 -0.07003
2.2692999999999994 -0.06924999999999999
2.279300000000001 -0.06871000000000001
2.289300000000001 -0.06811
2.2993000000000006 -0.06756
2.3093000000000004 -0.06706000000000001
2.3193 -0.0668
2.3293 -0.06648000000000001
2.3392999999999997 -0.06626
2.3492999999999995 -0.06609999999999999
2.359300000000001 -0.06589
2.369300000000001 -0.06581999999999999
2.3793000000000006 -0.06568
2.3893000000000004 -0.06557
2.3993 -0.06545
2.4093000000000018 -0.06522
2.4193 -0.06495
2.4293000000000013 -0.06451
2.4392999999999994 -0.06401
2.449300000000001 -0.06337
2.459299999999999 -0.06240999999999999
2.4693000000000005 -0.06149
2.4792999999999985 -0.06042
2.4893 -0.059129999999999995
2.4993000000000016 -0.05766
2.5092999999999996 -0.05619000000000001
2.519300000000001 -0.05456
2.529299999999999 -0.0529
2.539300000000001 -0.05126000000000001
2.549299999999999 -0.049629999999999994
2.5593000000000004 -0.04806
2.569300000000002 -0.046579999999999996
2.5793 -0.04524
2.5893000000000015 -0.044039999999999996
2.5992999999999995 -0.04307
2.609300000000001 -0.042269999999999995
2.619299999999999 -0.041710000000000004
2.6293000000000006 -0.041389999999999996
2.6392999999999986 -0.04128
2.6493 -0.04141
2.6593000000000018 -0.04172
2.6693 -0.042249999999999996
2.6793000000000013 -0.0429
2.6892999999999994 -0.04371
2.699300000000001 -0.0446
2.709299999999999 -0.045559999999999996
2.7193000000000005 -0.04656
2.7292999999999985 -0.047549999999999995
2.7393 -0.04852000000000001
2.7493000000000016 -0.04943999999999999
2.7592999999999996 -0.05026
2.769300000000001 -0.05099000000000001
2.779299999999999 -0.051609999999999996
2.789300000000001 -0.0521
2.799299999999999 -0.052469999999999996
2.8093000000000004 -0.05271000000000001
2.819300000000002 -0.05281
2.8293 -0.05283
2.8393000000000015 -0.052719999999999996
2.8492999999999995 -0.05255
2.859300000000001 -0.05234
2.869299999999999 -0.052090000000000004
2.8793000000000006 -0.05185000000000001
2.8892999999999986 -0.051609999999999996
2.8993 -0.05142
2.9093000000000018 -0.05128
2.9193 -0.0512
2.9293000000000013 -0.0512
2.9392999999999994 -0.05128
2.949300000000001 -0.05142
2.959299999999999 -0.05161
2.9693000000000005 -0.05186999999999999
2.9792999999999985 -0.052140000000000006
2.9893 -0.05241
2.9993000000000016 -0.05263999999999999
3.0092999999999996 -0.0528
3.019300000000001 -0.05283
3.029299999999999 -0.052809999999999996
3.039300000000001 -0.0527
3.049299999999999 -0.052360000000000004
3.0593000000000004 -0.051910000000000005
3.069300000000002 -0.05123
3.0793 -0.05043
3.0893000000000015 -0.04953
3.0992999999999995 -0.04844999999999999
3.109300000000001 -0.04726
3.119299999999999 -0.04597
3.1293000000000006 -0.044610000000000004
3.1392999999999986 -0.04321
3.1493 -0.04181000000000001
3.1593000000000018 -0.040400000000000005
3.1693 -0.039029999999999995
3.1793000000000013 -0.037750000000000006
3.1892999999999994 -0.036520000000000004
3.199300000000001 -0.035429999999999996
3.209299999999999 -0.03443
3.2193000000000005 -0.033569999999999996
3.2292999999999985 -0.03283
3.2393 -0.03225
3.2493000000000016 -0.03181
3.2592999999999996 -0.03151
3.269300000000001 -0.03135
3.279299999999999 -0.03134000000000001
3.289300000000001 -0.03145
3.299299999999999 -0.03168
3.3093000000000004 -0.032029999999999996
3.319300000000002 -0.0325
3.3293 -0.03304
3.3393000000000015 -0.03369
3.3492999999999995 -0.034409999999999996
3.359300000000001 -0.035199999999999995
3.369299999999999 -0.036050000000000006
3.3793000000000006 -0.03696
3.3892999999999986 -0.03789
3.3993 -0.03887
3.4093000000000018 -0.03988
3.4193 -0.040870000000000004
3.4293000000000013 -0.04188
3.4392999999999994 -0.04287
3.449300000000001 -0.04382
3.459299999999999 -0.04474
3.4693000000000005 -0.045619999999999994
3.4792999999999985 -0.046450000000000005
3.4893 -0.047209999999999995
3.4993000000000016 -0.047909999999999994
3.5092999999999996 -0.048519999999999994
3.519300000000001 -0.04906
3.529299999999999 -0.04954
3.539300000000001 -0.049929999999999995
3.549299999999999 -0.05026
3.5593000000000004 -0.05053
3.569300000000002 -0.05074
3.5793 -0.05093
3.5893000000000015 -0.05109999999999999
3.5992999999999995 -0.051230000000000005
3.609300000000001 -0.051399999999999994
3.619299999999999 -0.05158
3.6293000000000006 -0.05176
3.6392999999999986 -0.05197999999999999
3.6493 -0.05225
3.6593000000000018 -0.05255
3.6693 -0.0529
3.6793000000000013 -0.053290000000000004
3.6892999999999994 -0.053700000000000005
3.699300000000001 -0.05409
3.709299999999999 -0.05459
3.7193000000000005 -0.05505
3.7292999999999985 -0.055409999999999994
3.7393 -0.055729999999999995
3.7493000000000016 -0.05589
3.7592999999999996 -0.055990000000000005
3.769300000000001 -0.055900000000000005
3.779299999999999 -0.05574
3.789300000000001 -0.05548
3.799299999999999 -0.05493000000000001
3.8093000000000004 -0.054279999999999995
3.819300000000002 -0.0535
3.8293 -0.052539999999999996
3.8393000000000015 -0.051460000000000006
3.8492999999999995 -0.050230000000000004
3.859300000000001 -0.04894
3.869299999999999 -0.04753
3.8793000000000006 -0.046040000000000005
3.8892999999999986 -0.04447999999999999
3.8993 -0.04289
3.9093000000000018 -0.04128
3.9193 -0.039650000000000005
3.9293000000000013 -0.03802
3.9392999999999994 -0.0364
3.949300000000001 -0.03483000000000001
3.959299999999999 -0.03325
3.9693000000000005 -0.03172
3.9792999999999985 -0.03024
3.9893 -0.028800000000000003
3.9993000000000016 -0.02744
4.0093 -0.02613
4.019300000000001 -0.02486
4.029299999999999 -0.02367
4.039300000000001 -0.022500000000000003
4.049299999999999 -0.021419999999999998
4.0593 -0.02038
4.069300000000002 -0.01939
4.0793 -0.01843
4.0893000000000015 -0.017519999999999997
4.0992999999999995 -0.016640000000000002
4.109300000000001 -0.015780000000000002
4.119299999999999 -0.01497
4.129300000000001 -0.01417
4.139299999999999 -0.013380000000000001
4.1493 -0.01262
4.159300000000002 -0.01188
4.1693 -0.01113
4.179300000000001 -0.010409999999999999
4.189299999999999 -0.009703999999999999
4.199300000000001 -0.009007
4.209299999999999 -0.008336
4.2193000000000005 -0.007686
4.2292999999999985 -0.0070409999999999995
4.2393 -0.00643
4.249300000000002 -0.005835
4.2593 -0.005262
4.269300000000001 -0.0047220000000000005
4.279299999999999 -0.00421
4.289300000000001 -0.0037289999999999997
4.299299999999999 -0.003281
4.3093 -0.002866
4.319300000000002 -0.002484
4.3293 -0.002138
4.3393000000000015 -0.001824
4.3492999999999995 -0.001546
4.359300000000001 -0.001296
4.369299999999999 -0.0010799999999999998
4.379300000000001 -0.0008902000000000001
4.389299999999999 -0.0007283
4.3993 -0.0005903
4.409300000000002 -0.0004737
4.4193 -0.0003764
4.429300000000001 -0.0002964
4.439299999999999 -0.00023109999999999998
4.449300000000001 -0.0001783
4.459299999999999 -0.0001363
4.4693000000000005 -0.0001031
4.4792999999999985 -7.728e-05
4.4893 -5.725e-05
4.499300000000002 -4.2040000000000004e-05
4.5093 -3.053e-05
4.519300000000001 -2.193e-05
4.529299999999999 -1.561e-05
4.539300000000001 -1.1e-05
4.549299999999999 -7.657e-06
4.5593 -5.274e-06
4.569300000000002 -3.6000000000000003e-06
4.5793 -2.429e-06
4.5893000000000015 -1.6219999999999999e-06
4.5992999999999995 -1.072e-06
4.609300000000001 -7.001000000000001e-07
4.619299999999999 -4.532e-07
4.629300000000001 -2.9e-07
