-23.6007 0.021284234
-23.5907 0.014118800799999998
-23.5807 0.009251834900000002
-23.570700000000002 0.006019191199999999
-23.5607 0.00387106338
-23.5507 0.00246338528
-23.5407 0.0015525054999999998
-23.5307 0.0009671901899999999
-23.520699999999998 0.0005964171499999997
-23.5107 0.00036435148200000003
-23.500700000000002 0.000220093158
-23.4907 0.00013167578500000002
-23.4807 7.798524000000001e-05
-23.4707 4.56229272e-05
-23.4607 2.6426167100000003e-05
-23.450699999999998 1.5184962399999997e-05
-23.4407 8.611680800000002e-06
-23.4307 4.840643700000001e-06
-23.4207 2.6917249900000006e-06
-23.4107 1.48108843e-06
-23.4007 8.0645682e-07
-23.3907 4.3451457499999996e-07
-23.380699999999997 2.3130503300000003e-07
-23.3707 1.22103716e-07
-23.3607 6.376236400000001e-08
-23.3507 3.28283873e-08
-23.3407 1.68022568e-08
-23.3307 8.4866419e-09
-23.320700000000002 4.2198134e-09
-23.3107 2.05399424e-09
-23.3007 9.797883300000002e-10
-23.2907 4.4758852100000007e-10
-23.2807 2.05521462e-10
-23.270699999999998 7.948535040000003e-11
-23.2607 1.0365304890000001e-11
-23.250700000000002 0.0
-23.2407 0.0
-23.2307 0.0
-23.2207 0.0
-23.2107 0.0
-23.200699999999998 0.0
-23.1907 0.0
-23.1807 0.0
-23.1707 0.0
-23.1607 0.0
-23.1507 0.0
-23.1407 0.0
-23.130699999999997 0.0
-23.1207 0.0
-23.1107 0.0
-23.1007 0.0
-23.0907 0.0
-23.0807 0.0
-23.070700000000002 0.0
-23.0607 0.0
-23.0507 0.0
-23.0407 0.0
-23.0307 0.0
-23.020699999999998 0.0
-23.0107 0.0
-23.000700000000002 0.0
-22.9907 0.0
-22.9807 0.0
-22.9707 0.0
-22.9607 0.0
-22.950699999999998 0.0
-22.9407 0.0
-22.9307 0.0
-22.9207 0.0
-22.9107 0.0
-22.9007 0.0
-22.8907 0.0
-22.880699999999997 0.0
-22.8707 0.0
-22.8607 0.0
-22.8507 0.0
-22.8407 0.0
-22.8307 0.0
-22.820700000000002 0.0
-22.8107 0.0
-22.8007 0.0
-22.7907 0.0
-22.7807 0.0
-22.770699999999998 0.0
-22.7607 0.0
-22.750700000000002 0.0
-22.7407 0.0
-22.7307 0.0
-22.7207 0.0
-22.7107 0.0
-22.700699999999998 0.0
-22.6907 0.0
-22.6807 0.0
-22.6707 0.0
-22.6607 0.0
-22.6507 0.0
-22.6407 0.0
-22.630699999999997 0.0
-22.6207 0.0
-22.6107 0.0
-22.6007 0.0
-22.5907 0.0
-22.5807 0.0
-22.570700000000002 0.0
-22.5607 0.0
-22.5507 0.0
-22.5407 0.0
-22.5307 0.0
-22.520699999999998 0.0
-22.5107 0.0
-22.500700000000002 0.0
-22.4907 0.0
-22.4807 0.0
-22.4707 0.0
-22.4607 0.0
-22.450699999999998 0.0
-22.4407 0.0
-22.4307 0.0
-22.4207 0.0
-22.4107 0.0
-22.4007 0.0
-22.3907 0.0
-22.380699999999997 0.0
-22.3707 0.0
-22.3607 0.0
-22.3507 0.0
-22.3407 0.0
-22.3307 0.0
-22.320700000000002 0.0
-22.3107 0.0
-22.3007 0.0
-22.2907 0.0
-22.2807 0.0
-22.270699999999998 0.0
-22.2607 0.0
-22.250700000000002 0.0
-22.2407 0.0
-22.2307 0.0
-22.2207 0.0
-22.2107 0.0
-22.200699999999998 0.0
-22.1907 0.0
-22.1807 0.0
-22.1707 0.0
-22.1607 0.0
-22.1507 0.0
-22.1407 0.0
-22.130699999999997 0.0
-22.1207 0.0
-22.1107 0.0
-22.1007 0.0
-22.0907 0.0
-22.0807 0.0
-22.070700000000002 0.0
-22.0607 0.0
-22.0507 0.0
-22.0407 0.0
-22.0307 0.0
-22.020699999999998 0.0
-22.0107 0.0
-22.000700000000002 0.0
-21.9907 0.0
-21.9807 0.0
-21.9707 0.0
-21.9607 0.0
-21.950699999999998 0.0
-21.9407 0.0
-21.9307 0.0
-21.9207 0.0
-21.9107 0.0
-21.9007 0.0
-21.8907 0.0
-21.880699999999997 0.0
-21.8707 0.0
-21.8607 0.0
-21.8507 0.0
-21.8407 0.0
-21.8307 0.0
-21.820700000000002 0.0
-21.8107 0.0
-21.8007 0.0
-21.7907 0.0
-21.7807 0.0
-21.770699999999998 0.0
-21.7607 0.0
-21.750700000000002 0.0
-21.7407 0.0
-21.7307 0.0
-21.7207 0.0
-21.7107 0.0
-21.700699999999998 0.0
-21.6907 0.0
-21.6807 0.0
-21.6707 0.0
-21.6607 0.0
-21.6507 0.0
-21.6407 0.0
-21.630699999999997 0.0
-21.6207 0.0
-21.6107 0.0
-21.6007 0.0
-21.5907 0.0
-21.5807 0.0
-21.5707 0.0
-21.5607 2.8338883999999995e-14
-21.5507 5.9202933e-14
-21.5407 1.8104789999999997e-13
-21.5307 3.728107e-13
-21.520699999999998 7.607222e-13
-21.5107 1.5636474000000002e-12
-21.500700000000002 3.1204380000000004e-12
-21.4907 6.1639889999999985e-12
-21.4807 1.2046246000000001e-11
-21.4707 2.3419019999999998e-11
-21.4607 4.482112e-11
-21.450699999999998 8.529047e-11
-21.4407 1.5983569999999999e-10
-21.4307 2.964385e-10
-21.4207 5.439132999999998e-10
-21.4107 9.889705000000001e-10
-21.4007 1.777728e-09
-21.3907 3.1625950000000007e-09
-21.3807 5.5637620000000005e-09
-21.3707 9.687229999999998e-09
-21.3607 1.6733029999999998e-08
-21.3507 2.85381e-08
-21.3407 4.8268660000000004e-08
-21.3307 8.05356e-08
-21.3207 1.332024e-07
-21.3107 2.179751e-07
-21.3007 3.53346e-07
-21.2907 5.662515e-07
-21.2807 8.99796e-07
-21.270699999999998 1.414883e-06
-21.2607 2.201904e-06
-21.250700000000002 3.3931490000000005e-06
-21.2407 5.16923e-06
-21.2307 7.82861e-06
-21.2207 1.1693529999999998e-05
-21.2107 1.7318839999999997e-05
-21.200699999999998 2.5385970000000002e-05
-21.1907 3.690280000000001e-05
-21.1807 5.3080399999999994e-05
-21.1707 7.570379999999999e-05
-21.1607 0.00010690580000000001
-21.1507 0.0001495918
-21.1407 0.00020741219999999999
-21.1307 0.0002848560000000001
-21.1207 0.000387761
-21.1107 0.0005235219999999999
-21.1007 0.000700268
-21.0907 0.0009284200000000001
-21.0807 0.001220603
-21.0707 0.001591695
-21.0607 0.00205492
-21.0507 0.00263309
-21.0407 0.0033498000000000004
-21.0307 0.0042243
-21.020699999999998 0.005279230000000001
-21.0107 0.00654727
-21.000700000000002 0.00806006
-20.9907 0.009854889999999998
-20.9807 0.011911930000000001
-20.9707 0.014312199999999999
-20.9607 0.0170819
-20.950699999999998 0.020178600000000005
-20.9407 0.0236735
-20.9307 0.027552100000000006
-20.9207 0.0318275
-20.9107 0.036450899999999994
-20.9007 0.041439899999999995
-20.8907 0.0467184
-20.8807 0.0523087
-20.8707 0.058066200000000005
-20.8607 0.06393870000000001
-20.8507 0.0699853
-20.8407 0.0760001
-20.8307 0.08191910000000001
-20.8207 0.08775129999999999
-20.8107 0.09341569999999999
-20.8007 0.098836
-20.7907 0.10409999999999998
-20.7807 0.10918699999999999
-20.770699999999998 0.113813
-20.7607 0.11832400000000001
-20.750700000000002 0.12284499999999998
-20.7407 0.127287
-20.7307 0.131744
-20.7207 0.13629499999999997
-20.7107 0.141122
-20.700699999999998 0.146349
-20.6907 0.151976
-20.6807 0.157923
-20.6707 0.16452100000000003
-20.6607 0.17149799999999996
-20.6507 0.179169
-20.6407 0.186986
-20.6307 0.195169
-20.6207 0.20347700000000002
-20.6107 0.211714
-20.6007 0.220034
-20.5907 0.22783300000000004
-20.5807 0.23512200000000003
-20.5707 0.241972
-20.5607 0.24810999999999997
-20.5507 0.253408
-20.5407 0.258205
-20.5307 0.26166100000000003
-20.520699999999998 0.264815
-20.5107 0.267061
-20.500700000000002 0.268896
-20.4907 0.270463
-20.4807 0.27174299999999996
-20.4707 0.273144
-20.4607 0.274891
-20.450699999999998 0.277173
-20.4407 0.27999699999999994
-20.4307 0.283903
-20.4207 0.288852
-20.4107 0.29497199999999996
-20.4007 0.30216000000000004
-20.3907 0.31042
-20.3807 0.31984
-20.3707 0.3301
-20.3607 0.34124
-20.3507 0.35298999999999997
-20.3407 0.36458
-20.3307 0.37688
-20.3207 0.38898
-20.3107 0.40058999999999995
-20.3007 0.41165
-20.2907 0.4218
-20.2807 0.43133000000000005
-20.270699999999998 0.44011
-20.2607 0.44775000000000004
-20.250700000000002 0.45433999999999997
-20.2407 0.46019999999999994
-20.2307 0.4654500000000001
-20.2207 0.46974999999999995
-20.2107 0.47357
-20.200699999999998 0.47684999999999994
-20.1907 0.48035000000000005
-20.1807 0.48314
-20.1707 0.4863799999999999
-20.1607 0.4898100000000001
-20.1507 0.49297
-20.1407 0.4965800000000001
-20.1307 0.5003000000000001
-20.1207 0.5044599999999999
-20.1107 0.50897
-20.1007 0.51361
-20.0907 0.51848
-20.0807 0.5235700000000001
-20.0707 0.529
-20.0607 0.5346500000000001
-20.0507 0.54024
-20.0407 0.5460900000000001
-20.0307 0.5517799999999999
-20.020699999999998 0.55724
-20.0107 0.5626900000000001
-20.000700000000002 0.56781
-19.9907 0.57218
-19.9807 0.5765399999999998
-19.9707 0.5799500000000001
-19.9607 0.58304
-19.950699999999998 0.5851900000000001
-19.9407 0.58629
-19.9307 0.58678
-19.9207 0.58622
-19.9107 0.58516
-19.9007 0.5833599999999999
-19.8907 0.5809599999999999
-19.8807 0.57814
-19.8707 0.5747199999999999
-19.8607 0.5713099999999999
-19.8507 0.56781
-19.8407 0.5641799999999999
-19.8307 0.56093
-19.8207 0.55812
-19.8107 0.5555199999999999
-19.8007 0.55316
-19.7907 0.55113
-19.7807 0.54983
-19.770699999999998 0.54866
-19.7607 0.5477
-19.750700000000002 0.54686
-19.7407 0.5458
-19.7307 0.54475
-19.7207 0.54324
-19.7107 0.54112
-19.700699999999998 0.5384599999999999
-19.6907 0.53514
-19.6807 0.5309699999999999
-19.6707 0.5263599999999998
-19.6607 0.52059
-19.6507 0.5144000000000001
-19.6407 0.5078400000000001
-19.6307 0.50058
-19.6207 0.49338000000000004
-19.6107 0.48638
-19.6007 0.47938000000000003
-19.5907 0.4726799999999999
-19.5807 0.46641999999999995
-19.5707 0.46057000000000003
-19.5607 0.45566
-19.5507 0.4510799999999999
-19.5407 0.44752000000000003
-19.5307 0.44489000000000006
-19.520699999999998 0.44282
-19.5107 0.44164999999999993
-19.500700000000002 0.44088000000000005
-19.4907 0.44083000000000006
-19.4807 0.44209
-19.4707 0.44367999999999996
-19.4607 0.44639999999999996
-19.450699999999998 0.45055
-19.4407 0.4559299999999999
-19.4307 0.46255000000000007
-19.4207 0.47113
-19.4107 0.48217000000000004
-19.4007 0.4945800000000001
-19.3907 0.50954
-19.3807 0.5267200000000001
-19.3707 0.5465000000000001
-19.3607 0.56871
-19.3507 0.5930300000000001
-19.3407 0.6194600000000001
-19.3307 0.6477200000000001
-19.3207 0.6776800000000002
-19.3107 0.7080699999999999
-19.3007 0.7400599999999999
-19.2907 0.7727700000000001
-19.2807 0.80459
-19.270699999999998 0.8365099999999999
-19.2607 0.8674
-19.250700000000002 0.8982000000000001
-19.2407 0.9258
-19.2307 0.9531
-19.2207 0.9786000000000001
-19.2107 0.9997999999999999
-19.200699999999998 1.0197
-19.1907 1.0374999999999999
-19.1807 1.054
-19.1707 1.0663000000000002
-19.1607 1.0776
-19.1507 1.0858999999999999
-19.1407 1.0929
-19.1307 1.0979000000000003
-19.1207 1.1021999999999998
-19.1107 1.1042999999999998
-19.1007 1.1042000000000003
-19.0907 1.1029
-19.0807 1.0993000000000002
-19.0707 1.0958
-19.0607 1.0898999999999999
-19.0507 1.0828
-19.0407 1.0759999999999998
-19.0307 1.0654
-19.020699999999998 1.0552000000000001
-19.0107 1.0406
-19.000700000000002 1.0278
-18.9907 1.0113
-18.9807 0.9927
-18.9707 0.9728000000000001
-18.9607 0.9510999999999998
-18.950699999999998 0.9270999999999999
-18.9407 0.9022
-18.9307 0.87538
-18.9207 0.8481000000000001
-18.9107 0.81939
-18.9007 0.78953
-18.8907 0.7601499999999999
-18.8807 0.7306000000000001
-18.8707 0.7006199999999998
-18.8607 0.6727200000000001
-18.8507 0.64506
-18.8407 0.6192799999999999
-18.8307 0.59509
-18.8207 0.57326
-18.8107 0.55373
-18.8007 0.53618
-18.7907 0.52132
-18.7807 0.51004
-18.770699999999998 0.50041
-18.7607 0.49385000000000007
-18.750700000000002 0.48904
-18.7407 0.4863499999999999
-18.7307 0.48475000000000007
-18.7207 0.4849800000000001
-18.7107 0.48687
-18.700699999999998 0.48895999999999995
-18.6907 0.4910900000000001
-18.6807 0.49404000000000003
-18.6707 0.495653
-18.6607 0.49769
-18.6507 0.500053
-18.6407 0.500617
-18.6307 0.501081
-18.6207 0.5005320000000001
-18.6107 0.5002179999999999
-18.6007 0.4987889999999999
-18.5907 0.4972330000000001
-18.5807 0.49532799999999994
-18.5707 0.493305
-18.5607 0.49014300000000005
-18.5507 0.48674100000000003
-18.5407 0.48286
-18.5307 0.4779580000000001
-18.520699999999998 0.47269700000000003
-18.5107 0.46573500000000007
-18.500700000000002 0.457916
-18.4907 0.44840900000000006
-18.4807 0.437207
-18.4707 0.4243950000000001
-18.4607 0.40969300000000014
-18.450699999999998 0.39319799999999994
-18.4407 0.37512099999999987
-18.4307 0.3553169999999999
-18.4207 0.33397600000000005
-18.4107 0.31174900000000005
-18.4007 0.2886390000000001
-18.3907 0.265095
-18.3807 0.24117
-18.3707 0.2177331
-18.3607 0.19474719999999998
-18.3507 0.17271750000000002
-18.3407 0.15165410000000004
-18.3307 0.13180599999999998
-18.3207 0.11365399999999999
-18.3107 0.09698159999999999
-18.3007 0.0819068
-18.2907 0.06859599999999998
-18.2807 0.05681530000000001
-18.270699999999998 0.04654369999999999
-18.2607 0.0378258
-18.250700000000002 0.030409689999999996
-18.2407 0.024208990000000007
-18.2307 0.019062460000000003
-18.2207 0.014868039999999999
-18.2107 0.01147107
-18.200699999999998 0.00876888
-18.1907 0.00662959
-18.1807 0.00495624
-18.1707 0.003674176
-18.1607 0.002692697
-18.1507 0.001953775
-18.1407 0.0014007950000000003
-18.1307 0.000996587
-18.1207 0.0007008240000000001
-18.1107 0.0004877631
-18.1007 0.00033580919999999997
-18.0907 0.00022874269999999995
-18.0807 0.00015431919999999997
-18.0707 0.00010294339999999998
-18.0607 6.792710000000001e-05
-18.0507 4.440534999999999e-05
-18.0407 2.870305000000001e-05
-18.0307 1.836271e-05
-18.020699999999998 1.1619100000000002e-05
-18.0107 7.288538000000001e-06
-18.000700000000002 4.512558e-06
-17.9907 2.766177e-06
-17.9807 1.680709e-06
-17.9707 1.0076690000000003e-06
-17.9607 5.99129e-07
-17.950699999999998 3.51926e-07
-17.9407 2.0466730000000002e-07
-17.9307 1.1785179999999999e-07
-17.9207 6.719046999999999e-08
-17.9107 3.78135e-08
-17.9007 2.1061680000000004e-08
-17.8907 1.162931e-08
-17.8807 6.3350799999999975e-09
-17.8707 3.42531e-09
-17.8607 1.829066e-09
-17.8507 9.677179999999998e-10
-17.8407 5.056629e-10
-17.8307 2.615597000000001e-10
-17.8207 1.3384299999999997e-10
-17.8107 6.76472e-11
-17.8007 3.383733e-11
-17.7907 1.677969e-11
-17.7807 8.070495999999998e-12
-17.770699999999998 3.914260999999999e-12
-17.7607 1.7049340000000002e-12
-17.750700000000002 5.607046e-13
-17.7407 1.4827807000000003e-13
-17.7307 0.0
-17.7207 0.0
-17.7107 0.0
-17.700699999999998 0.0
-17.6907 0.0
-17.6807 0.0
-17.6707 0.0
-17.6607 0.0
-17.6507 0.0
-17.6407 0.0
-17.6307 0.0
-17.6207 0.0
-17.6107 0.0
-17.6007 0.0
-17.5907 0.0
-17.5807 0.0
-17.5707 0.0
-17.5607 0.0
-17.5507 0.0
-17.5407 0.0
-17.5307 0.0
-17.520699999999998 0.0
-17.5107 0.0
-17.5007 0.0
-17.4907 0.0
-17.4807 0.0
-17.4707 0.0
-17.4607 0.0
-17.4507 0.0
-17.4407 0.0
-17.4307 0.0
-17.4207 0.0
-17.4107 0.0
-17.4007 0.0
-17.3907 0.0
-17.3807 0.0
-17.3707 0.0
-17.3607 0.0
-17.3507 0.0
-17.3407 0.0
-17.3307 0.0
-17.3207 0.0
-17.3107 0.0
-17.3007 0.0
-17.2907 0.0
-17.2807 0.0
-17.270699999999998 0.0
-17.2607 0.0
-17.2507 0.0
-17.2407 0.0
-17.2307 0.0
-17.2207 0.0
-17.2107 0.0
-17.2007 0.0
-17.1907 0.0
-17.1807 0.0
-17.1707 0.0
-17.1607 0.0
-17.1507 0.0
-17.1407 0.0
-17.1307 0.0
-17.1207 0.0
-17.1107 0.0
-17.1007 0.0
-17.0907 0.0
-17.0807 0.0
-17.0707 0.0
-17.0607 0.0
-17.0507 0.0
-17.0407 0.0
-17.0307 0.0
-17.020699999999998 0.0
-17.0107 0.0
-17.0007 0.0
-16.9907 0.0
-16.9807 0.0
-16.9707 0.0
-16.9607 0.0
-16.9507 0.0
-16.9407 0.0
-16.9307 0.0
-16.9207 0.0
-16.9107 0.0
-16.9007 0.0
-16.8907 0.0
-16.8807 0.0
-16.8707 0.0
-16.8607 0.0
-16.8507 0.0
-16.8407 0.0
-16.8307 0.0
-16.8207 0.0
-16.8107 0.0
-16.8007 0.0
-16.7907 0.0
-16.7807 0.0
-16.770699999999998 0.0
-16.7607 0.0
-16.7507 0.0
-16.7407 0.0
-16.7307 0.0
-16.7207 0.0
-16.7107 0.0
-16.7007 0.0
-16.6907 0.0
-16.6807 0.0
-16.6707 0.0
-16.6607 0.0
-16.6507 0.0
-16.6407 0.0
-16.6307 0.0
-16.6207 0.0
-16.6107 0.0
-16.6007 0.0
-16.5907 0.0
-16.5807 0.0
-16.5707 0.0
-16.5607 0.0
-16.5507 0.0
-16.5407 0.0
-16.5307 0.0
-16.520699999999998 0.0
-16.5107 0.0
-16.5007 0.0
-16.4907 0.0
-16.4807 0.0
-16.4707 0.0
-16.4607 0.0
-16.4507 0.0
-16.4407 0.0
-16.4307 0.0
-16.4207 0.0
-16.4107 0.0
-16.4007 0.0
-16.3907 0.0
-16.3807 0.0
-16.3707 0.0
-16.3607 0.0
-16.3507 0.0
-16.3407 0.0
-16.3307 0.0
-16.3207 0.0
-16.3107 0.0
-16.3007 0.0
-16.2907 0.0
-16.2807 0.0
-16.270699999999998 0.0
-16.2607 0.0
-16.2507 0.0
-16.2407 0.0
-16.2307 0.0
-16.2207 0.0
-16.2107 0.0
-16.2007 0.0
-16.1907 0.0
-16.1807 0.0
-16.1707 0.0
-16.1607 0.0
-16.1507 0.0
-16.1407 0.0
-16.1307 0.0
-16.1207 0.0
-16.1107 0.0
-16.1007 0.0
-16.0907 0.0
-16.0807 0.0
-16.0707 0.0
-16.0607 0.0
-16.0507 0.0
-16.0407 0.0
-16.0307 0.0
-16.020699999999998 0.0
-16.0107 0.0
-16.0007 0.0
-15.9907 0.0
-15.980699999999999 0.0
-15.9707 0.0
-15.9607 0.0
-15.9507 0.0
-15.9407 0.0
-15.9307 0.0
-15.9207 0.0
-15.9107 0.0
-15.9007 0.0
-15.890699999999999 0.0
-15.8807 0.0
-15.8707 0.0
-15.8607 0.0
-15.8507 0.0
-15.8407 0.0
-15.8307 0.0
-15.8207 0.0
-15.8107 0.0
-15.800699999999999 0.0
-15.7907 0.0
-15.7807 0.0
-15.7707 0.0
-15.7607 0.0
-15.7507 0.0
-15.7407 0.0
-15.730699999999999 0.0
-15.7207 0.0
-15.7107 0.0
-15.7007 0.0
-15.6907 0.0
-15.6807 0.0
-15.6707 0.0
-15.6607 0.0
-15.6507 0.0
-15.640699999999999 0.0
-15.6307 0.0
-15.6207 0.0
-15.6107 0.0
-15.6007 0.0
-15.5907 0.0
-15.5807 0.0
-15.5707 0.0
-15.5607 0.0
-15.550699999999999 0.0
-15.5407 0.0
-15.5307 0.0
-15.5207 0.0
-15.5107 0.0
-15.5007 0.0
-15.4907 0.0
-15.480699999999999 0.0
-15.4707 0.0
-15.4607 0.0
-15.4507 0.0
-15.4407 0.0
-15.4307 0.0
-15.4207 0.0
-15.4107 0.0
-15.4007 0.0
-15.390699999999999 0.0
-15.3807 0.0
-15.3707 0.0
-15.3607 0.0
-15.3507 0.0
-15.3407 0.0
-15.3307 0.0
-15.3207 0.0
-15.3107 0.0
-15.300699999999999 0.0
-15.2907 0.0
-15.2807 0.0
-15.2707 0.0
-15.2607 0.0
-15.2507 0.0
-15.2407 0.0
-15.230699999999999 0.0
-15.2207 0.0
-15.2107 0.0
-15.2007 0.0
-15.1907 0.0
-15.1807 0.0
-15.1707 0.0
-15.1607 0.0
-15.1507 0.0
-15.140699999999999 0.0
-15.1307 0.0
-15.1207 0.0
-15.1107 0.0
-15.1007 0.0
-15.0907 0.0
-15.0807 0.0
-15.0707 0.0
-15.0607 0.0
-15.050699999999999 0.0
-15.0407 0.0
-15.0307 0.0
-15.0207 0.0
-15.0107 0.0
-15.0007 0.0
-14.9907 0.0
-14.980699999999999 0.0
-14.9707 0.0
-14.9607 0.0
-14.9507 0.0
-14.9407 0.0
-14.9307 0.0
-14.9207 0.0
-14.9107 0.0
-14.9007 0.0
-14.890699999999999 0.0
-14.8807 0.0
-14.8707 0.0
-14.8607 0.0
-14.8507 0.0
-14.8407 0.0
-14.8307 0.0
-14.8207 0.0
-14.8107 0.0
-14.800699999999999 0.0
-14.7907 0.0
-14.7807 0.0
-14.7707 0.0
-14.7607 0.0
-14.7507 0.0
-14.7407 0.0
-14.730699999999999 0.0
-14.7207 0.0
-14.7107 0.0
-14.7007 0.0
-14.6907 0.0
-14.6807 0.0
-14.6707 0.0
-14.6607 0.0
-14.6507 0.0
-14.640699999999999 0.0
-14.6307 0.0
-14.6207 0.0
-14.6107 0.0
-14.6007 0.0
-14.5907 0.0
-14.5807 0.0
-14.5707 0.0
-14.5607 0.0
-14.550699999999999 0.0
-14.5407 0.0
-14.5307 0.0
-14.5207 0.0
-14.5107 0.0
-14.5007 0.0
-14.4907 0.0
-14.4807 0.0
-14.470699999999999 0.0
-14.4607 0.0
-14.4507 0.0
-14.4407 0.0
-14.4307 0.0
-14.4207 0.0
-14.4107 0.0
-14.4007 0.0
-14.390699999999999 0.0
-14.3807 0.0
-14.3707 0.0
-14.3607 0.0
-14.3507 0.0
-14.3407 0.0
-14.3307 0.0
-14.3207 0.0
-14.3107 0.0
-14.300699999999999 0.0
-14.2907 0.0
-14.2807 0.0
-14.2707 0.0
-14.2607 0.0
-14.2507 0.0
-14.2407 0.0
-14.2307 0.0
-14.220699999999999 0.0
-14.2107 0.0
-14.2007 0.0
-14.1907 0.0
-14.1807 0.0
-14.1707 0.0
-14.1607 0.0
-14.1507 0.0
-14.140699999999999 0.0
-14.1307 0.0
-14.1207 0.0
-14.1107 0.0
-14.1007 0.0
-14.0907 0.0
-14.0807 0.0
-14.0707 0.0
-14.0607 0.0
-14.050699999999999 0.0
-14.0407 0.0
-14.0307 0.0
-14.0207 0.0
-14.0107 0.0
-14.0007 0.0
-13.9907 0.0
-13.9807 0.0
-13.970699999999999 0.0
-13.9607 0.0
-13.9507 0.0
-13.9407 0.0
-13.9307 0.0
-13.9207 0.0
-13.9107 0.0
-13.9007 0.0
-13.890699999999999 0.0
-13.8807 0.0
-13.8707 0.0
-13.8607 0.0
-13.8507 0.0
-13.8407 0.0
-13.8307 0.0
-13.8207 0.0
-13.8107 0.0
-13.800699999999999 0.0
-13.7907 0.0
-13.7807 0.0
-13.7707 0.0
-13.7607 0.0
-13.7507 0.0
-13.7407 0.0
-13.7307 0.0
-13.720699999999999 0.0
-13.7107 0.0
-13.7007 0.0
-13.6907 0.0
-13.6807 0.0
-13.6707 0.0
-13.6607 0.0
-13.6507 0.0
-13.640699999999999 0.0
-13.6307 0.0
-13.6207 0.0
-13.6107 0.0
-13.6007 0.0
-13.5907 0.0
-13.5807 0.0
-13.5707 0.0
-13.5607 0.0
-13.550699999999999 0.0
-13.5407 0.0
-13.5307 0.0
-13.5207 0.0
-13.5107 0.0
-13.5007 0.0
-13.4907 0.0
-13.4807 0.0
-13.470699999999999 0.0
-13.4607 0.0
-13.4507 0.0
-13.4407 0.0
-13.4307 0.0
-13.4207 0.0
-13.4107 0.0
-13.4007 0.0
-13.390699999999999 0.0
-13.3807 0.0
-13.3707 0.0
-13.3607 0.0
-13.3507 0.0
-13.3407 0.0
-13.3307 0.0
-13.3207 0.0
-13.3107 0.0
-13.300699999999999 0.0
-13.2907 0.0
-13.2807 0.0
-13.2707 0.0
-13.2607 0.0
-13.2507 0.0
-13.2407 0.0
-13.2307 0.0
-13.220699999999999 0.0
-13.2107 0.0
-13.2007 0.0
-13.1907 0.0
-13.1807 0.0
-13.1707 0.0
-13.1607 0.0
-13.1507 0.0
-13.140699999999999 0.0
-13.1307 0.0
-13.1207 0.0
-13.1107 0.0
-13.1007 0.0
-13.0907 0.0
-13.0807 0.0
-13.0707 0.0
-13.0607 0.0
-13.050699999999999 0.0
-13.0407 0.0
-13.0307 0.0
-13.0207 0.0
-13.0107 0.0
-13.0007 0.0
-12.9907 0.0
-12.9807 0.0
-12.970699999999999 0.0
-12.9607 0.0
-12.9507 0.0
-12.9407 0.0
-12.9307 0.0
-12.9207 0.0
-12.9107 0.0
-12.9007 0.0
-12.890699999999999 0.0
-12.8807 0.0
-12.8707 0.0
-12.8607 0.0
-12.8507 0.0
-12.8407 0.0
-12.8307 0.0
-12.8207 0.0
-12.8107 0.0
-12.800699999999999 0.0
-12.7907 0.0
-12.7807 0.0
-12.7707 0.0
-12.7607 4.818925e-13
-12.7507 1.6954139999999998e-12
-12.7407 3.5284320000000005e-12
-12.7307 9.21006e-12
-12.720699999999999 1.9617739999999997e-11
-12.7107 4.0606429999999997e-11
-12.7007 8.158732e-11
-12.6907 1.6296980000000002e-10
-12.6807 3.2443249999999995e-10
-12.6707 6.394576e-10
-12.6607 1.235443e-09
-12.6507 2.3610029999999997e-09
-12.640699999999999 4.464297e-09
-12.6307 8.358502e-09
-12.6207 1.5472700000000003e-08
-12.6107 2.837126e-08
-12.6007 5.139459e-08
-12.5907 9.2536e-08
-12.5807 1.643952e-07
-12.5707 2.8924439999999993e-07
-12.5607 5.036548000000001e-07
-12.550699999999999 8.676495000000001e-07
-12.5407 1.481796e-06
-12.5307 2.5045549999999995e-06
-12.5207 4.191887e-06
-12.5107 6.940694000000001e-06
-12.5007 1.1360674e-05
-12.4907 1.8455759999999998e-05
-12.480699999999999 2.9636070000000004e-05
-12.4707 4.710606000000001e-05
-12.4607 7.425098e-05
-12.4507 0.00011569579999999998
-12.4407 0.00017880469999999999
-12.4307 0.0002731063
-12.4207 0.0004130317
-12.4107 0.0006200911000000001
-12.4007 0.0009194967
-12.390699999999999 0.0013518857000000002
-12.3807 0.00196821
-12.3707 0.002837258
-12.3607 0.004050444000000001
-12.3507 0.005717436999999999
-12.3407 0.008009075000000001
-12.3307 0.011116884000000002
-12.3207 0.015275039999999998
-12.3107 0.02077426
-12.300699999999999 0.02799789
-12.2907 0.03736865
-12.2807 0.04950218
-12.2707 0.06472839
-12.2607 0.08409131000000002
-12.2507 0.10798342000000001
-12.2407 0.13770579000000002
-12.230699999999999 0.1736945
-12.2207 0.21729009999999999
-12.2107 0.2692399
-12.2007 0.3310908
-12.1907 0.40241039999999995
-12.1807 0.4847851
-12.1707 0.5795108999999999
-12.1607 0.686443
-12.1507 0.8061748999999999
-12.140699999999999 0.9376206000000001
-12.1307 1.0810840000000002
-12.1207 1.2375264000000001
-12.1107 1.4031546
-12.1007 1.5782699999999998
-12.0907 1.762212
-12.0807 1.9502049999999997
-12.0707 2.142211
-12.0607 2.336424
-12.050699999999999 2.5279190000000002
-12.0407 2.71626
-12.0307 2.8997639999999993
-12.0207 3.0761720000000006
-12.0107 3.242502
-12.0007 3.3987030000000007
-11.9907 3.5448180000000002
-11.980699999999999 3.682821
-11.9707 3.7957070000000006
-11.9607 3.9124820000000007
-11.9507 4.010163000000001
-11.9407 4.091732
-11.9307 4.169238000000001
-11.9207 4.230678000000001
-11.9107 4.286053000000001
-11.9007 4.337352999999999
-11.890699999999999 4.372629999999999
-11.8807 4.403873000000001
-11.8707 4.433074
-11.8607 4.453291000000001
-11.8507 4.467455999999999
-11.8407 4.476596
-11.8307 4.478743000000001
-11.8207 4.476866
-11.8107 4.466974
-11.800699999999999 4.454047
-11.7907 4.436106
-11.7807 4.41016
-11.7707 4.384179
-11.7607 4.351163000000001
-11.7507 4.312132
-11.7407 4.273085
-11.730699999999999 4.2290160000000006
-11.7207 4.184941
-11.7107 4.135814
-11.7007 4.0856840000000005
-11.6907 4.035538999999999
-11.6807 3.983394
-11.6707 3.9312150000000003
-11.6607 3.877046
-11.6507 3.825866
-11.640699999999999 3.7736829999999997
-11.6307 3.721501
-11.6207 3.672327
-11.6107 3.6231750000000003
-11.6007 3.575011
-11.5907 3.525858
-11.5807 3.4807259999999998
-11.5707 3.4386159999999997
-11.5607 3.396524
-11.550699999999999 3.3564669999999994
-11.5407 3.318427
-11.5307 3.2804110000000004
-11.5207 3.247403
-11.5107 3.2144090000000003
-11.5007 3.1824460000000006
-11.4907 3.1504700000000003
-11.480699999999999 3.1215080000000004
-11.4707 3.092535
-11.4607 3.064563
-11.4507 3.0345809999999998
-11.4407 3.007577
-11.4307 2.978573
-11.4207 2.9505410000000007
-11.4107 2.9204860000000004
-11.4007 2.8914419999999996
-11.390699999999999 2.8623570000000007
-11.3807 2.834285
-11.3707 2.8072
-11.3607 2.7781079999999996
-11.3507 2.752026
-11.3407 2.723923
-11.3307 2.69783
-11.3207 2.672728
-11.3107 2.644607
-11.300699999999999 2.617464
-11.2907 2.5873009999999996
-11.2807 2.5571060000000005
-11.2707 2.522837
-11.2607 2.485538
-11.2507 2.445195
-11.2407 2.398778
-11.230699999999999 2.3492780000000004
-11.2207 2.294724
-11.2107 2.2351059999999996
-11.2007 2.173436
-11.1907 2.10771
-11.1807 2.039945
-11.1707 1.968178
-11.1607 1.8983680000000003
-11.1507 1.82861
-11.140699999999999 1.7598520000000002
-11.1307 1.6941270000000002
-11.1207 1.6324519999999998
-11.1107 1.5738429999999999
-11.1007 1.5203069999999999
-11.0907 1.4698440000000002
-11.0807 1.4274349999999998
-11.0707 1.390131
-11.0607 1.3578719999999997
-11.050699999999999 1.3306750000000003
-11.0407 1.307563
-11.0307 1.289496
-11.0207 1.2734810000000003
-11.0107 1.2624490000000002
-11.0007 1.249467
-10.9907 1.241479
-10.980699999999999 1.231491
-10.9707 1.2204730000000001
-10.9607 1.212417
-10.9507 1.199329
-10.9407 1.1861589999999997
-10.9307 1.1679519999999999
-10.9207 1.1476703
-10.9107 1.1233187999999998
-10.9007 1.0958854000000002
-10.890699999999999 1.0643805000000002
-10.8807 1.0298123
-10.8707 0.992165
-10.8607 0.9534846
-10.8507 0.9107447999999999
-10.8407 0.8665742999999999
-10.8307 0.8243836999999999
-10.8207 0.7800530999999999
-10.8107 0.7344631
-10.800699999999999 0.6920639
-10.7907 0.6512958
-10.7807 0.6118694
-10.7707 0.5750748000000001
-10.7607 0.5426319000000001
-10.7507 0.512251
-10.7407 0.4859422
-10.730699999999999 0.46288530000000006
-10.7207 0.44338040000000006
-10.7107 0.42725149999999995
-10.7007 0.4143914
-10.6907 0.40487899999999993
-10.6807 0.3983167999999999
-10.6707 0.39420409999999995
-10.6607 0.3926287
-10.6507 0.39330519999999997
-10.640699999999999 0.3960094
-10.6307 0.4002464
-10.6207 0.405702
-10.6107 0.4121841
-10.6007 0.41967550000000003
-10.5907 0.42657199999999995
-10.5807 0.4346599
-10.5707 0.4413464
-10.5607 0.44681899999999997
-10.550699999999999 0.45137030000000006
-10.5407 0.4548982
-10.5307 0.4559988
-10.5207 0.4543719
-10.5107 0.45100049999999997
-10.5007 0.4445874999999999
-10.4907 0.43504890000000007
-10.480699999999999 0.4235557999999999
-10.4707 0.4095409
-10.4607 0.3929918
-10.4507 0.3745032
-10.4407 0.3543013
-10.4307 0.3328751000000001
-10.4207 0.3105358
-10.4107 0.2879906
-10.4007 0.2654433
-10.390699999999999 0.24330431
-10.3807 0.22207560999999998
-10.3707 0.20195924999999998
-10.3607 0.18306429000000002
-10.3507 0.16608979000000001
-10.3407 0.15053977000000002
-10.3307 0.13691228000000003
-10.3207 0.12481026
-10.3107 0.11453375
-10.300699999999999 0.10567769
-10.2907 0.09824407
-10.2807 0.0921327
-10.2707 0.08693499999999998
-10.2607 0.08265467000000001
-10.2507 0.07868699999999999
-10.2407 0.07523041800000001
-10.230699999999999 0.07218300500000001
-10.2207 0.06924283599999999
-10.2107 0.06635845700000001
-10.2007 0.063348984
-10.1907 0.060362957
-10.1807 0.05717946200000001
-10.1707 0.053748109999999995
-10.1607 0.050308506
-10.1507 0.046730112000000004
-10.140699999999999 0.043062948999999996
-10.1307 0.039396806000000006
-10.1207 0.035741684999999995
-10.1107 0.032157491
-10.1007 0.028684217
-10.0907 0.025372061300000002
-10.0807 0.0222408745
-10.0707 0.0193206955
-10.0607 0.016631537100000007
-10.050699999999999 0.014193378100000003
-10.0407 0.011996236399999999
-10.0307 0.0100400088
-10.0207 0.0083446054
-10.0107 0.0068600043
-10.0007 0.005587121959999999
-9.9907 0.00450587752
-9.980699999999999 0.0035981818899999997
-9.9707 0.0028479841700000006
-9.9607 0.00223220849
-9.9507 0.0017327862799999998
-9.9407 0.00133266578
-9.9307 0.00101380763
-9.9207 0.000763160731
-9.9107 0.0005698062490000002
-9.9007 0.000421328574
-9.890699999999999 0.000308536699
-9.8807 0.00022405733
-9.8707 0.00016155169299999998
-9.8607 0.00011622719999999998
-9.8507 8.397246e-05
-9.8407 6.245992000000002e-05
-9.8307 4.929802e-05
-9.8207 4.341534000000001e-05
-9.8107 4.453813000000001e-05
-9.800699999999999 5.3043190000000013e-05
-9.7907 7.045136999999999e-05
-9.7807 9.910858e-05
-9.7707 0.0001427472
-9.7607 0.0002068646
-9.7507 0.00029903529999999995
-9.7407 0.0004285911
-9.730699999999999 0.0006088330999999998
-9.7207 0.0008564198000000002
-9.7107 0.0011940910999999996
-9.7007 0.001646453
-9.6907 0.0022481359999999995
-9.6807 0.003039685
-9.6707 0.004054332
-9.6607 0.005370765
-9.6507 0.007045489
-9.640699999999999 0.009132419999999999
-9.6307 0.01172256
-9.6207 0.01489587
-9.6107 0.018744070000000005
-9.6007 0.023340689999999997
-9.5907 0.02878282
-9.5807 0.03517109
-9.570699999999999 0.04246666000000001
-9.5607 0.05091303
-9.550699999999999 0.06033510999999999
-9.540700000000001 0.07077279
-9.5307 0.08240879
-9.5207 0.09491479000000001
-9.5107 0.1084578
-9.5007 0.1225968
-9.4907 0.13762969999999997
-9.480699999999999 0.15283329999999998
-9.4707 0.16870830000000003
-9.4607 0.1844186
-9.4507 0.20009690000000002
-9.4407 0.21545599999999998
-9.4307 0.2302941
-9.4207 0.244444
-9.410699999999999 0.2577882
-9.4007 0.27016470000000004
-9.390699999999999 0.28169720000000004
-9.380700000000001 0.2920837
-9.3707 0.30163400000000007
-9.3607 0.3102823
-9.3507 0.31822750000000005
-9.3407 0.32527170000000005
-9.3307 0.33201879999999995
-9.320699999999999 0.3383578
-9.3107 0.3450289
-9.300699999999999 0.35119589999999995
-9.290700000000001 0.35641789999999995
-9.2807 0.36305300000000007
-9.2707 0.36985999999999997
-9.2607 0.37688510000000003
-9.2507 0.38334219999999997
-9.2407 0.39102939999999997
-9.230699999999999 0.39800650000000004
-9.2207 0.40485270000000007
-9.2107 0.4118089
-9.2007 0.4176331
-9.1907 0.42403719999999995
-9.1807 0.42909829999999993
-9.1707 0.43202939999999995
-9.160699999999999 0.43560740000000003
-9.1507 0.4360532999999999
-9.140699999999999 0.43664720000000007
-9.130700000000001 0.4353090000000001
-9.1207 0.43275870000000005
-9.1107 0.4284575
-9.1007 0.4243832
-9.0907 0.41829900000000003
-9.0807 0.41188480000000005
-9.070699999999999 0.40479979999999993
-9.0607 0.3977058
-9.050699999999999 0.390803
-9.040700000000001 0.38433129999999993
-9.0307 0.3783718999999999
-9.0207 0.3733646
-9.0107 0.36903159999999996
-9.0007 0.36602080000000004
-8.9907 0.3641942
-8.980699999999999 0.3636508
-8.9707 0.36426070000000005
-8.9607 0.36600570000000004
-8.9507 0.36913480000000004
-8.9407 0.3731981
-8.9307 0.37831560000000003
-8.9207 0.38447619999999993
-8.910699999999999 0.391581
-8.9007 0.39911099999999994
-8.890699999999999 0.40757400000000005
-8.880700000000001 0.41657000000000005
-8.8707 0.42618000000000006
-8.8607 0.436033
-8.8507 0.446239
-8.8407 0.45688499999999993
-8.8307 0.467586
-8.820699999999999 0.47814700000000004
-8.8107 0.488768
-8.800699999999999 0.49855
-8.790700000000001 0.50943
-8.7807 0.5190100000000001
-8.7707 0.5274260000000001
-8.7607 0.5366609999999999
-8.7507 0.5434309999999999
-8.7407 0.5511990000000001
-8.730699999999999 0.556401
-8.7207 0.5615879999999999
-8.7107 0.566343
-8.7007 0.5698360000000001
-8.6907 0.5722959999999999
-8.6807 0.5746359999999998
-8.6707 0.5757129999999999
-8.660699999999999 0.576679
-8.6507 0.577704
-8.640699999999999 0.577598
-8.630700000000001 0.5774600000000001
-8.6207 0.576913
-8.6107 0.5768449999999998
-8.6007 0.5765260000000001
-8.5907 0.576416
-8.5807 0.5763750000000001
-8.570699999999999 0.5762560000000001
-8.5607 0.576699
-8.550699999999999 0.577049
-8.540700000000001 0.577787
-8.5307 0.578522
-8.5207 0.5795659999999999
-8.5107 0.5806000000000001
-8.5007 0.5822210000000001
-8.4907 0.583062
-8.480699999999999 0.584193
-8.4707 0.5857400000000001
-8.4607 0.585968
-8.4507 0.5863010000000001
-8.4407 0.5854450000000001
-8.4307 0.5858949999999999
-8.4207 0.584537
-8.410699999999999 0.5838009999999999
-8.4007 0.581349
-8.390699999999999 0.577517
-8.380700000000001 0.5733780000000002
-8.3707 0.568334
-8.3607 0.564114
-8.3507 0.5580890000000001
-8.3407 0.548868
-8.3307 0.540152
-8.320699999999999 0.5317018
-8.3107 0.5215083
-8.300699999999999 0.5104191
-8.290700000000001 0.49860899999999997
-8.2807 0.4862642000000001
-8.2707 0.47338760000000013
-8.2607 0.46025830000000006
-8.2507 0.4456873
-8.2407 0.4313747
-8.230699999999999 0.41713440000000007
-8.2207 0.40224840000000006
-8.2107 0.3878238
-8.2007 0.3730625000000001
-8.1907 0.35796050000000007
-8.1807 0.3433168
-8.1707 0.3281093
-8.160699999999999 0.31425489999999995
-8.1507 0.29992569999999996
-8.140699999999999 0.28572359999999997
-8.130700000000001 0.2720384
-8.1207 0.25846929999999996
-8.1107 0.245112
-8.1007 0.23204570000000002
-8.0907 0.21898909999999996
-8.0807 0.2062014
-8.070699999999999 0.1937104
-8.0607 0.1815561
-8.050699999999999 0.16938160000000002
-8.040700000000001 0.15758389999999997
-8.0307 0.14621379999999998
-8.0207 0.1350826
-8.0107 0.12449100000000002
-8.0007 0.1140922
-7.9906999999999995 0.10434929999999999
-7.9807 0.09494610000000002
-7.9707 0.0861508
-7.9607 0.0780305
-7.950699999999999 0.0703291
-7.9407 0.0632528
-7.9307 0.05677859999999999
-7.9207 0.0509346
-7.910699999999999 0.045695799999999995
-7.9007 0.041050399999999994
-7.8907 0.03699140000000001
-7.8807 0.0335238
-7.870699999999999 0.0306348
-7.8607 0.028296
-7.8507 0.0264981
-7.8407 0.025190300000000006
-7.8307 0.0243727
-7.8206999999999995 0.02398810000000001
-7.8107 0.0239944
-7.8007 0.024387399999999997
-7.7907 0.025065
-7.7806999999999995 0.0260359
-7.7707 0.0272008
-7.7607 0.028521700000000004
-7.7507 0.029978000000000008
-7.7406999999999995 0.031488
-7.7307 0.033011000000000006
-7.7207 0.03453499999999999
-7.7107 0.03594100000000001
-7.700699999999999 0.037303
-7.6907 0.038482
-7.6807 0.039531
-7.6707 0.04044
-7.660699999999999 0.04116999999999999
-7.6507 0.041755999999999995
-7.6407 0.042205
-7.6307 0.04254499999999999
-7.620699999999999 0.04278900000000001
-7.6107 0.042985
-7.6007 0.043197000000000006
-7.5907 0.04346600000000001
-7.5807 0.043835000000000006
-7.5706999999999995 0.04436199999999999
-7.5607 0.045111
-7.5507 0.046152
-7.5407 0.047532000000000005
-7.5306999999999995 0.049291999999999996
-7.5207 0.05154000000000001
-7.5107 0.05426399999999999
-7.5007 0.05749699999999999
-7.4906999999999995 0.06135400000000001
-7.4807 0.06582
-7.4707 0.070899
-7.4607 0.07649700000000001
-7.450699999999999 0.08271099999999999
-7.4407 0.089564
-7.4307 0.09688399999999998
-7.4207 0.10462699999999998
-7.410699999999999 0.11295299999999998
-7.4007 0.12150399999999999
-7.3907 0.130199
-7.3807 0.13936500000000002
-7.370699999999999 0.148482
-7.3607 0.157633
-7.3507 0.166739
-7.3407 0.176178
-7.3307 0.185253
-7.3206999999999995 0.194607
-7.3107 0.203911
-7.3007 0.21339399999999997
-7.2907 0.223262
-7.2806999999999995 0.23377799999999999
-7.2707 0.24472299999999997
-7.2607 0.25673900000000005
-7.2507 0.269737
-7.2406999999999995 0.28381999999999996
-7.2307 0.299348
-7.2207 0.316601
-7.2107 0.33510799999999996
-7.200699999999999 0.355569
-7.1907 0.378582
-7.1807 0.40153600000000006
-7.1707 0.428138
-7.160699999999999 0.4545849999999999
-7.1507 0.483707
-7.1407 0.5135759999999999
-7.1307 0.5438999999999999
-7.120699999999999 0.5747819999999998
-7.1107 0.60532
-7.1007 0.6360750000000001
-7.0907 0.666494
-7.0807 0.695385
-7.0706999999999995 0.724879
-7.0607 0.7514170000000001
-7.0507 0.7769830000000001
-7.0407 0.8017190000000002
-7.0306999999999995 0.8262260000000001
-7.0207 0.84689
-7.0107 0.8662369999999996
-7.0007 0.8824630000000001
-6.9906999999999995 0.89872
-6.9807 0.9115660000000001
-6.9707 0.923281
-6.9607 0.9336559999999998
-6.950699999999999 0.9416709999999999
-6.9407 0.948366
-6.9307 0.95363
-6.9207 0.9575540000000001
-6.910699999999999 0.9590500000000002
-6.9007 0.96013
-6.8907 0.9598599999999998
-6.8807 0.9594899999999998
-6.870699999999999 0.95691
-6.8607 0.95491
-6.8507 0.952
-6.8407 0.9488900000000001
-6.8307 0.9469999999999998
-6.8206999999999995 0.9431100000000003
-6.8107 0.9423500000000001
-6.8007 0.9387499999999999
-6.7907 0.9375800000000001
-6.7806999999999995 0.93664
-6.7707 0.93531
-6.7607 0.93561
-6.7507 0.93591
-6.7406999999999995 0.9375399999999999
-6.7307 0.9386099999999999
-6.7207 0.9418999999999998
-6.7107 0.9442399999999999
-6.700699999999999 0.94803
-6.6907 0.95185
-6.6807 0.9568900000000001
-6.6707 0.96313
-6.660699999999999 0.9696899999999999
-6.6507 0.9763400000000001
-6.6407 0.9871500000000001
-6.6307 0.9954
-6.620699999999999 1.00768
-6.6107 1.0198300000000002
-6.6007 1.03509
-6.5907 1.0502600000000002
-6.5807 1.06875
-6.5706999999999995 1.0882399999999999
-6.5607 1.1091200000000003
-6.5507 1.1318300000000001
-6.5407 1.1548699999999996
-6.5306999999999995 1.1778299999999997
-6.5207 1.2040199999999999
-6.5107 1.2273999999999996
-6.5007 1.25361
-6.4906999999999995 1.2780800000000003
-6.4807 1.3016
-6.4707 1.3240599999999998
-6.4607 1.34567
-6.450699999999999 1.3637800000000002
-6.4407 1.3835699999999995
-6.4307 1.4000400000000002
-6.4207 1.4135
-6.410699999999999 1.42663
-6.4007 1.4375200000000001
-6.3907 1.44631
-6.3807 1.4559499999999999
-6.370699999999999 1.46028
-6.3607 1.4675000000000002
-6.3507 1.4707700000000001
-6.3407 1.47285
-6.3307 1.4765899999999998
-6.3206999999999995 1.4775099999999999
-6.3107 1.4770999999999999
-6.3007 1.4759999999999998
-6.2907 1.47336
-6.2806999999999995 1.47112
-6.2707 1.46667
-6.2607 1.4603
-6.2507 1.45303
-6.2406999999999995 1.4465500000000002
-6.2307 1.43736
-6.2207 1.42906
-6.2107 1.4166500000000002
-6.200699999999999 1.4075499999999999
-6.1907 1.3965399999999997
-6.1807 1.3834499999999998
-6.1707 1.37064
-6.160699999999999 1.35864
-6.1507 1.3459400000000001
-6.1407 1.3312400000000002
-6.1307 1.31965
-6.120699999999999 1.3089500000000003
-6.1107 1.2947700000000002
-6.1007 1.28436
-6.0907 1.2731000000000001
-6.0807 1.2630400000000002
-6.0706999999999995 1.2517200000000002
-6.0607 1.2416500000000001
-6.0507 1.23364
-6.0407 1.22653
-6.0306999999999995 1.2185400000000002
-6.0207 1.21046
-6.0107 1.2034899999999997
-6.0007 1.1984400000000002
-5.9906999999999995 1.19434
-5.9807 1.18838
-5.9707 1.1843700000000001
-5.9607 1.1803000000000001
-5.950699999999999 1.1772700000000003
-5.9407 1.1734
-5.9307 1.17045
-5.9207 1.1695799999999996
-5.910699999999999 1.1688299999999998
-5.9007 1.1682100000000002
-5.8907 1.16757
-5.8807 1.16695
-5.870699999999999 1.16934
-5.8607 1.16993
-5.8507 1.16943
-5.8407 1.1720399999999997
-5.8307 1.17255
-5.8206999999999995 1.1728399999999999
-5.8107 1.1711500000000001
-5.8007 1.1702299999999999
-5.7907 1.1693099999999998
-5.7806999999999995 1.166
-5.7707 1.16369
-5.7607 1.15908
-5.7507 1.15551
-5.7406999999999995 1.15071
-5.7307 1.14586
-5.7207 1.14071
-5.7107 1.1348000000000003
-5.700699999999999 1.1327199999999997
-5.6907 1.12967
-5.6807 1.1286499999999997
-5.6707 1.12688
-5.660699999999999 1.1261300000000003
-5.6507 1.12851
-5.6407 1.1310200000000001
-5.6307 1.13464
-5.620699999999999 1.1364800000000002
-5.6107 1.1423100000000004
-5.6007 1.1473199999999997
-5.5907 1.1504399999999997
-5.5807 1.1554399999999998
-5.5707 1.15672
-5.560700000000001 1.15875
-5.550699999999999 1.1589500000000001
-5.540699999999999 1.15593
-5.5306999999999995 1.15384
-5.5207 1.1496699999999997
-5.5107 1.14243
-5.5007 1.1360800000000002
-5.4907 1.1258
-5.480700000000001 1.1152500000000003
-5.470699999999999 1.1047799999999999
-5.460699999999999 1.09325
-5.450699999999999 1.08184
-5.4407 1.07238
-5.4307 1.0619800000000004
-5.4207 1.05376
-5.4107 1.04659
-5.4007000000000005 1.04162
-5.390699999999999 1.03774
-5.380699999999999 1.0351400000000002
-5.370699999999999 1.03264
-5.3607 1.03342
-5.3507 1.03825
-5.3407 1.04128
-5.3307 1.04541
-5.3207 1.0498100000000001
-5.310700000000001 1.05622
-5.300699999999999 1.0636500000000002
-5.290699999999999 1.06931
-5.2806999999999995 1.0748700000000002
-5.2707 1.0824799999999999
-5.2607 1.0871300000000002
-5.2507 1.0926200000000004
-5.2407 1.09721
-5.230700000000001 1.1018400000000002
-5.220699999999999 1.1032100000000002
-5.210699999999999 1.1063900000000002
-5.200699999999999 1.1077299999999999
-5.1907 1.10784
-5.1807 1.10879
-5.1707 1.1076400000000002
-5.1607 1.1072300000000002
-5.1507000000000005 1.1048000000000002
-5.140699999999999 1.10324
-5.130699999999999 1.1001800000000004
-5.120699999999999 1.0963600000000002
-5.1107 1.0923400000000003
-5.1007 1.0900900000000002
-5.0907 1.08763
-5.0807 1.0831600000000001
-5.0707 1.0795900000000003
-5.060700000000001 1.07712
-5.050699999999999 1.0744600000000002
-5.040699999999999 1.0728900000000001
-5.0306999999999995 1.07145
-5.0207 1.06882
-5.0107 1.0693000000000001
-5.0007 1.06968
-4.9907 1.07124
-4.980700000000001 1.0708100000000003
-4.970699999999999 1.0713
-4.960699999999999 1.07302
-4.950699999999999 1.0736400000000001
-4.9407 1.07427
-4.9307 1.07493
-4.9207 1.07338
-4.9107 1.0739
-4.9007000000000005 1.07034
-4.890699999999999 1.0705700000000002
-4.880699999999999 1.06589
-4.870699999999999 1.06108
-4.8607 1.0582900000000002
-4.8507 1.0521499999999997
-4.8407 1.0461200000000002
-4.8307 1.03987
-4.8207 1.0327099999999998
-4.810700000000001 1.0253599999999998
-4.800699999999999 1.0179900000000002
-4.790699999999999 1.01173
-4.7806999999999995 1.00447
-4.7707 0.99712
-4.7607 0.9906500000000003
-4.7507 0.9844200000000001
-4.7407 0.9792100000000002
-4.730700000000001 0.97488
-4.720699999999999 0.9708800000000001
-4.710699999999999 0.96578
-4.700699999999999 0.9618100000000002
-4.6907 0.9598399999999999
-4.6807 0.95611
-4.6707 0.9541800000000001
-4.6607 0.9525800000000001
-4.6507000000000005 0.9509000000000002
-4.640699999999999 0.9495300000000002
-4.630699999999999 0.9491300000000001
-4.620699999999999 0.9498999999999999
-4.6107 0.9507200000000001
-4.6007 0.95082
-4.5907 0.9538000000000002
-4.5807 0.9571900000000001
-4.5707 0.9605499999999999
-4.560700000000001 0.96408
-4.550699999999999 0.9686999999999997
-4.540699999999999 0.9733999999999999
-4.5306999999999995 0.9801600000000001
-4.5207 0.9850799999999998
-4.5107 0.9899599999999997
-4.5007 0.99397
-4.4907 0.99889
-4.480700000000001 1.00176
-4.470699999999999 1.00418
-4.460699999999999 1.00527
-4.450699999999999 1.00568
-4.4407 1.0039900000000002
-4.4307 1.00106
-4.4207 0.9954200000000001
-4.4107 0.9893599999999999
-4.4007000000000005 0.9803500000000002
-4.390699999999999 0.97022
-4.380699999999999 0.9598900000000001
-4.370699999999999 0.9463000000000001
-4.3607 0.9317400000000001
-4.3507 0.9169700000000003
-4.3407 0.9021000000000001
-4.3307 0.8861100000000001
-4.3207 0.86904
-4.310700000000001 0.85297
-4.300699999999999 0.8359500000000001
-4.290699999999999 0.82067
-4.2806999999999995 0.8057
-4.2707 0.7914700000000001
-4.2607 0.77749
-4.2507 0.76365
-4.2407 0.75185
-4.230700000000001 0.74009
-4.220699999999999 0.72848
-4.210699999999999 0.71881
-4.200699999999999 0.7093100000000001
-4.1907 0.7011499999999999
-4.1807 0.6923499999999999
-4.1707 0.68497
-4.1607 0.67816
-4.1507000000000005 0.6727200000000001
-4.140699999999999 0.6656399999999998
-4.130699999999999 0.6609500000000001
-4.120699999999999 0.6568600000000001
-4.1107 0.6525
-4.1007 0.6485299999999999
-4.0907 0.64536
-4.0807 0.64271
-4.0707 0.6407600000000001
-4.060700000000001 0.64013
-4.050699999999999 0.6393099999999999
-4.040699999999999 0.63829
-4.0306999999999995 0.6388
-4.0207 0.6397099999999999
-4.0107 0.64025
-4.0007 0.6417799999999999
-3.9907000000000004 0.64352
-3.9807000000000006 0.6450799999999999
-3.970699999999999 0.64705
-3.960699999999999 0.64944
-3.9506999999999994 0.6516300000000002
-3.9406999999999996 0.6537299999999999
-3.9307 0.65612
-3.9207 0.6583300000000001
-3.9107000000000003 0.6608299999999998
-3.9007000000000005 0.6625699999999999
-3.890699999999999 0.66469
-3.880699999999999 0.66662
-3.8706999999999994 0.6686799999999999
-3.8606999999999996 0.6705199999999999
-3.8507 0.6721500000000001
-3.8407 0.6735099999999999
-3.8307 0.6749499999999999
-3.8207000000000004 0.6762299999999999
-3.8107000000000006 0.6770700000000001
-3.800699999999999 0.67764
-3.7906999999999993 0.6778899999999999
-3.7806999999999995 0.67791
-3.7706999999999997 0.6773599999999999
-3.7607 0.67616
-3.7507 0.6749599999999999
-3.7407000000000004 0.6726500000000001
-3.7307000000000006 0.6697899999999999
-3.720699999999999 0.6662199999999999
-3.710699999999999 0.66211
-3.7006999999999994 0.6570800000000001
-3.6906999999999996 0.65172
-3.6807 0.6455200000000001
-3.6707 0.6387800000000001
-3.6607000000000003 0.63151
-3.6507000000000005 0.6236000000000002
-3.640699999999999 0.6151500000000001
-3.630699999999999 0.60628
-3.6206999999999994 0.59706
-3.6106999999999996 0.5878099999999999
-3.6007 0.57783
-3.5907 0.56791
-3.5807 0.5579699999999999
-3.5707000000000004 0.54758
-3.5607000000000006 0.5372600000000001
-3.550699999999999 0.5271199999999999
-3.5406999999999993 0.51655
-3.5306999999999995 0.5063500000000001
-3.5206999999999997 0.49589999999999995
-3.5107 0.48602999999999996
-3.5007 0.47603999999999996
-3.4907000000000004 0.4663000000000001
-3.4807000000000006 0.4567300000000001
-3.470699999999999 0.44744000000000006
-3.460699999999999 0.43812
-3.4506999999999994 0.42949
-3.4406999999999996 0.42101
-3.4307 0.4127199999999999
-3.4207 0.40461
-3.4107000000000003 0.39709
-3.4007000000000005 0.38954
-3.390699999999999 0.38239999999999996
-3.380699999999999 0.37533999999999995
-3.3706999999999994 0.36858
-3.3606999999999996 0.36181
-3.3507 0.35513
-3.3407 0.34868000000000005
-3.3307 0.34220999999999996
-3.3207000000000004 0.3359499999999999
-3.3107000000000006 0.33009000000000005
-3.300699999999999 0.32416000000000006
-3.2906999999999993 0.31822
-3.2806999999999995 0.31261000000000005
-3.2706999999999997 0.30720000000000003
-3.2607 0.30202
-3.2507 0.29736999999999997
-3.2407000000000004 0.29332
-3.2307000000000006 0.28951000000000005
-3.220699999999999 0.28622
-3.210699999999999 0.28346
-3.2006999999999994 0.28132999999999997
-3.1906999999999996 0.27991000000000005
-3.1807 0.27864000000000005
-3.1707 0.27806
-3.1607000000000003 0.27815
-3.1507000000000005 0.27842
-3.140699999999999 0.279135
-3.130699999999999 0.280248
-3.1206999999999994 0.281784
-3.1106999999999996 0.28384399999999993
-3.1007 0.286098
-3.0907 0.288775
-3.0807 0.29204600000000003
-3.0707000000000004 0.295739
-3.0607000000000006 0.29984600000000006
-3.050699999999999 0.30515500000000007
-3.0406999999999993 0.31065700000000007
-3.0306999999999995 0.317281
-3.0206999999999997 0.324417
-3.0107 0.332444
-3.0007 0.34148199999999995
-2.9907000000000004 0.3512099999999999
-2.9807000000000006 0.361938
-2.970699999999999 0.37307599999999996
-2.960699999999999 0.3849229999999999
-2.9506999999999994 0.397448
-2.9406999999999996 0.41076199999999996
-2.9307 0.424203
-2.9207 0.43810799999999994
-2.9107000000000003 0.452224
-2.9007000000000005 0.466632
-2.890699999999999 0.4809449999999999
-2.880699999999999 0.49555899999999997
-2.8706999999999994 0.510366
-2.8606999999999996 0.524078
-2.8507 0.5380050000000001
-2.8407 0.5520380000000001
-2.8307 0.566481
-2.8207000000000004 0.5802370000000001
-2.8107000000000006 0.5943080000000001
-2.800699999999999 0.6079939999999999
-2.7906999999999993 0.621797
-2.7806999999999995 0.6362159999999999
-2.7706999999999997 0.650654
-2.7607 0.666707
-2.7507 0.6818760000000001
-2.7407000000000004 0.6971590000000002
-2.7307000000000006 0.7138559999999999
-2.720699999999999 0.730065
-2.710699999999999 0.7474829999999999
-2.7006999999999994 0.765306
-2.6906999999999996 0.783337
-2.6807 0.8013710000000002
-2.6707 0.8196070000000001
-2.6607000000000003 0.837643
-2.6507000000000005 0.8536780000000002
-2.640699999999999 0.872409
-2.630699999999999 0.888138
-2.6206999999999994 0.9035610000000002
-2.6106999999999996 0.9177790000000001
-2.6007 0.930893
-2.5907 0.9436010000000002
-2.5807 0.9541040000000001
-2.5707000000000004 0.964402
-2.5607000000000006 0.9717930000000001
-2.550699999999999 0.9801840000000002
-2.5406999999999993 0.9851700000000001
-2.5306999999999995 0.991655
-2.5206999999999997 0.996136
-2.5107 1.000716
-2.5007 1.004993
-2.4907000000000004 1.0088700000000002
-2.4807000000000006 1.0125469999999999
-2.470699999999999 1.017122
-2.460699999999999 1.021299
-2.4506999999999994 1.0265730000000002
-2.4406999999999996 1.036448
-2.4307 1.0427250000000003
-2.4207 1.052899
-2.4107000000000003 1.064776
-2.4007000000000005 1.0763559999999999
-2.390699999999999 1.090835
-2.380699999999999 1.106316
-2.3706999999999994 1.1233980000000001
-2.3606999999999996 1.140782
-2.3507 1.159168
-2.3407 1.179654
-2.3307 1.199141
-2.3207000000000004 1.2184279999999998
-2.3107000000000006 1.235714
-2.300699999999999 1.2538989999999997
-2.2906999999999993 1.268581
-2.2806999999999995 1.280161
-2.2706999999999997 1.291338
-2.2607 1.2992089999999998
-2.2507 1.302576
-2.2407000000000004 1.3024369999999998
-2.2307000000000006 1.2967940000000002
-2.220699999999999 1.2906420000000003
-2.210699999999999 1.279087
-2.2006999999999994 1.2643259999999998
-2.1906999999999996 1.2468590000000004
-2.1807 1.226088
-2.1707 1.2000110000000002
-2.1607000000000003 1.172533
-2.1507000000000005 1.1438499999999998
-2.140699999999999 1.112964
-2.130699999999999 1.0791760000000001
-2.1206999999999994 1.042587
-2.1106999999999996 1.0085969999999997
-2.1007 0.971505
-2.0907 0.9339099999999999
-2.0807 0.8957169999999999
-2.0707000000000004 0.85782
-2.0607000000000006 0.8187239999999999
-2.050699999999999 0.7807270000000001
-2.0406999999999993 0.7408290000000001
-2.0306999999999995 0.7042310000000002
-2.0206999999999997 0.6650339999999999
-2.0107 0.6280359999999999
-2.0007 0.591268
-1.9907000000000004 0.5552929999999999
-1.9807000000000006 0.5200980000000001
-1.970699999999999 0.48657700000000004
-1.9606999999999992 0.45383
-1.9506999999999994 0.422106
-1.9406999999999996 0.39237599999999995
-1.9306999999999999 0.36387159999999996
-1.9207 0.3372738
-1.9107000000000003 0.3124113
-1.9007000000000005 0.28929540000000004
-1.890699999999999 0.2679975
-1.8806999999999992 0.24872690000000003
-1.8706999999999994 0.23099359999999997
-1.8606999999999996 0.21506750000000002
-1.8506999999999998 0.2007585
-1.8407 0.1880357
-1.8307000000000002 0.17681889999999997
-1.8207000000000004 0.166957
-1.8107000000000006 0.15827999999999998
-1.800699999999999 0.1506666
-1.7906999999999993 0.1439672
-1.7806999999999995 0.13814880000000002
-1.7706999999999997 0.132922
-1.7607 0.12827529999999998
-1.7507000000000001 0.12386580000000001
-1.7407000000000004 0.11982519999999999
-1.7307000000000006 0.1158504
-1.720699999999999 0.1119924
-1.7106999999999992 0.10797889999999999
-1.7006999999999994 0.10376099999999998
-1.6906999999999996 0.09954640000000002
-1.6806999999999999 0.09497749999999999
-1.6707 0.090261
-1.6607000000000003 0.0850209
-1.6507000000000005 0.07986449999999999
-1.640699999999999 0.07446260000000002
-1.6306999999999992 0.0689296
-1.6206999999999994 0.06338200000000001
-1.6106999999999996 0.05775160000000001
-1.6006999999999998 0.05221
-1.5907 0.046838399999999995
-1.5807000000000002 0.04165730000000001
-1.5707000000000004 0.036730799999999994
-1.5607000000000006 0.03210040000000001
-1.550699999999999 0.0277966
-1.5406999999999993 0.0238447
-1.5306999999999995 0.02027776
-1.5206999999999997 0.01708501
-1.5107 0.014261709999999997
-1.5007000000000001 0.01177015
-1.4907000000000004 0.00963817
-1.4807000000000006 0.0078095199999999995
-1.470699999999999 0.006266030000000001
-1.4606999999999992 0.0049854
-1.4506999999999994 0.0039223
-1.4406999999999996 0.00305755
-1.4306999999999999 0.0023572599999999995
-1.4207 0.0017998700000000003
-1.4107000000000003 0.001360432
-1.4007000000000005 0.0010180109999999999
-1.390699999999999 0.000753655
-1.3806999999999992 0.0005528089999999999
-1.3706999999999994 0.00040129
-1.3606999999999996 0.000288223
-1.3506999999999998 0.00020499400000000004
-1.3407 0.0001441755
-1.3307000000000002 0.00010045329999999999
-1.3207000000000004 6.922169999999999e-05
-1.3107000000000006 4.721150000000001e-05
-1.300699999999999 3.1873500000000006e-05
-1.2906999999999993 2.1296e-05
-1.2806999999999995 1.407283e-05
-1.2706999999999997 9.21286e-06
-1.2607 5.95791e-06
-1.2507000000000001 3.8174300000000005e-06
-1.2407000000000004 2.4201999999999997e-06
-1.2307000000000006 1.519414e-06
-1.220699999999999 9.42833e-07
-1.2106999999999992 5.79382e-07
-1.2006999999999994 3.51684e-07
-1.1906999999999996 2.1164299999999998e-07
-1.1806999999999999 1.2598609999999997e-07
-1.1707 7.42028e-08
-1.1607000000000003 4.31792e-08
-1.1507000000000005 2.4901699999999997e-08
-1.140699999999999 1.419936e-08
-1.1306999999999992 8.005339999999999e-09
-1.1206999999999994 4.473670000000001e-09
-1.1106999999999996 2.4731200000000002e-09
-1.1006999999999998 1.3518109999999998e-09
-1.0907 7.30452e-10
-1.0807000000000002 3.911639999999999e-10
-1.0707000000000004 2.0707000000000001e-10
-1.0607000000000006 1.0846480000000002e-10
-1.050699999999999 5.61554e-11
-1.0406999999999993 2.8803999999999996e-11
-1.0306999999999995 1.461501e-11
-1.0206999999999997 7.297e-12
-1.0107 3.6200799999999993e-12
-1.0007000000000001 1.7809899999999997e-12
-0.9907000000000004 8.388609999999999e-13
-0.9807000000000006 3.85563e-13
-0.970699999999999 1.290554e-13
-0.9606999999999992 2.978459999999999e-14
-0.9506999999999994 0.0
-0.9406999999999996 0.0
-0.9306999999999999 0.0
-0.9207000000000001 0.0
-0.9107000000000003 0.0
-0.9007000000000005 0.0
-0.8906999999999989 0.0
-0.8806999999999992 0.0
-0.8706999999999994 0.0
-0.8606999999999996 0.0
-0.8506999999999998 0.0
-0.8407 0.0
-0.8307000000000002 0.0
-0.8207000000000004 0.0
-0.8107000000000006 0.0
-0.8006999999999991 0.0
-0.7906999999999993 0.0
-0.7806999999999995 0.0
-0.7706999999999997 0.0
-0.7606999999999999 0.0
-0.7507000000000001 0.0
-0.7407000000000004 0.0
-0.7307000000000006 0.0
-0.720699999999999 0.0
-0.7106999999999992 0.0
-0.7006999999999994 0.0
-0.6906999999999996 0.0
-0.6806999999999999 0.0
-0.6707000000000001 0.0
-0.6607000000000003 0.0
-0.6507000000000005 0.0
-0.6406999999999989 0.0
-0.6306999999999992 0.0
-0.6206999999999994 2.665272e-14
-0.6106999999999996 2.456618e-13
-0.6006999999999998 7.167471e-13
-0.5907 1.8436530000000002e-12
-0.5807000000000002 3.831072e-12
-0.5707000000000004 7.823478999999999e-12
-0.5607000000000006 1.5791199999999996e-11
-0.5506999999999991 3.1559820000000005e-11
-0.5406999999999993 6.239611e-11
-0.5306999999999995 1.220474e-10
-0.5206999999999997 2.363194e-10
-0.5106999999999999 4.5229370000000004e-10
-0.5007000000000001 8.571277999999998e-10
-0.49070000000000036 1.606571e-09
-0.48070000000000057 2.980113e-09
-0.470699999999999 5.463696e-09
-0.4606999999999992 9.915690000000001e-09
-0.45069999999999943 1.7790460000000004e-08
-0.44069999999999965 3.156202e-08
-0.43069999999999986 5.555205e-08
-0.4207000000000001 9.662467000000001e-08
-0.4107000000000003 1.6609950000000005e-07
-0.4007000000000005 2.831229e-07
-0.39069999999999894 4.7639540000000015e-07
-0.38069999999999915 7.946474e-07
-0.37069999999999936 1.3092850000000003e-06
-0.3606999999999996 2.1354069999999995e-06
-0.3506999999999998 3.4438009999999998e-06
-0.3407 5.5069e-06
-0.3307000000000002 8.699282e-06
-0.32070000000000043 1.3598859999999998e-05
-0.31070000000000064 2.104801e-05
-0.3006999999999991 3.223825e-05
-0.2906999999999993 4.8888040000000006e-05
-0.2806999999999995 7.318095e-05
-0.2706999999999997 0.00010851480000000001
-0.26069999999999993 0.00015919450000000002
-0.25070000000000014 0.00023135509999999996
-0.24070000000000036 0.0003320962
-0.23070000000000057 0.0004728694
-0.220699999999999 0.0006655923999999999
-0.21069999999999922 0.0009279006
-0.20069999999999943 0.0012787559999999998
-0.19069999999999965 0.0017448739999999996
-0.18069999999999986 0.0023573149999999996
-0.17070000000000007 0.0031540960000000008
-0.1607000000000003 0.004169128
-0.1507000000000005 0.005450949
-0.14069999999999894 0.007079857999999999
-0.13069999999999915 0.009083275
-0.12069999999999936 0.011543329999999997
-0.11069999999999958 0.01453289
-0.10069999999999979 0.018111169999999992
-0.0907 0.022356940000000006
-0.08070000000000022 0.02730176
-0.07070000000000043 0.03308796
-0.06070000000000064 0.03972806999999999
-0.05069999999999908 0.04713410999999999
-0.04069999999999929 0.05555621000000001
-0.030699999999999505 0.06480046000000002
-0.02069999999999972 0.07500262
-0.010699999999999932 0.08602280000000001
-0.000700000000000145 0.09785200000000001
0.009299999999999642 0.11034779999999998
0.01929999999999943 0.1234777
0.029300000000000992 0.13744169999999994
0.03930000000000078 0.1513368
0.049300000000000566 0.1655798
0.05930000000000035 0.18000209999999997
0.06930000000000014 0.19451300000000005
0.07929999999999993 0.2087337
0.08929999999999971 0.2228113000000001
0.0992999999999995 0.2363867
0.10930000000000106 0.24946790000000002
0.11930000000000085 0.26201800000000003
0.12930000000000064 0.2747746
0.13930000000000042 0.28620400000000007
0.1493000000000002 0.2972439000000001
0.1593 0.30674039999999997
0.16929999999999978 0.31692650000000006
0.17929999999999957 0.32656959999999996
0.18929999999999936 0.33500139999999995
0.19930000000000092 0.344131
0.2093000000000007 0.35202060000000013
0.2193000000000005 0.36079529999999993
0.22930000000000028 0.3685499
0.23930000000000007 0.3772946000000001
0.24929999999999986 0.3854354
0.25929999999999964 0.3936662
0.26929999999999943 0.4026061
0.279300000000001 0.4118371
0.2893000000000008 0.42126640000000004
0.29930000000000057 0.43233570000000004
0.30930000000000035 0.4427873999999999
0.31930000000000014 0.4538782000000001
0.3292999999999999 0.46668040000000005
0.3392999999999997 0.47913380000000005
0.3492999999999995 0.49309959999999997
0.35930000000000106 0.5055865000000002
0.36930000000000085 0.5187035999999999
0.37930000000000064 0.5332728999999999
0.3893000000000004 0.5484642999999999
0.3993000000000002 0.5620758
0.4093 0.5750983000000001
0.4192999999999998 0.5890388
0.42929999999999957 0.601011
0.43929999999999936 0.6129920000000001
0.4493000000000009 0.6227528999999999
0.4593000000000007 0.6312292000000002
0.4693000000000005 0.6381832000000001
0.4793000000000003 0.6438140000000002
0.48930000000000007 0.6457215999999998
0.49929999999999986 0.645094
0.5092999999999996 0.6425212000000001
0.5192999999999994 0.6372952
0.529300000000001 0.6292149
0.5393000000000008 0.6193704999999999
0.5493000000000006 0.6057599999999999
0.5593000000000004 0.5913871999999999
0.5693000000000001 0.5743293999999999
0.5792999999999999 0.5556907000000001
0.5892999999999997 0.5365677
0.5992999999999995 0.5152943
0.6093000000000011 0.49479080000000003
0.6193000000000008 0.4745981
0.6293000000000006 0.4546155
0.6393000000000004 0.4366041000000001
0.6493000000000002 0.41862580000000005
0.6593 0.4028368999999999
0.6692999999999998 0.3896426
0.6792999999999996 0.37836960000000003
0.6892999999999994 0.36939419999999995
0.6993000000000009 0.3628683
0.7093000000000007 0.3588820999999999
0.7193000000000005 0.3570434
0.7293000000000003 0.3573703
0.7393000000000001 0.3598736
0.7492999999999999 0.36445970000000005
0.7592999999999996 0.37023720000000004
0.7692999999999994 0.37758109999999995
0.779300000000001 0.3858933
0.7893000000000008 0.3949589
0.7993000000000006 0.40468889999999996
0.8093000000000004 0.4146781
0.8193000000000001 0.42500660000000007
0.8292999999999999 0.4348741
0.8392999999999997 0.4447778
0.8492999999999995 0.4544076
0.8593000000000011 0.4632424
0.8693000000000008 0.47249430000000003
0.8793000000000006 0.48054510000000006
0.8893000000000004 0.4881
0.8993000000000002 0.4951417999999999
0.9093 0.5020755000000001
0.9192999999999998 0.5084932000000001
0.9292999999999996 0.5137006999999999
0.9392999999999994 0.5186761
0.9493000000000009 0.5230623
0.9593000000000007 0.5266073
0.9693000000000005 0.5286421
0.9793000000000003 0.5304776999999999
0.9893000000000001 0.5300831
0.9992999999999999 0.5297091
1.0092999999999996 0.5280353
1.0192999999999994 0.5254017
1.029300000000001 0.5216789999999999
1.0393000000000008 0.5167267999999999
1.0493000000000006 0.5099663999999999
1.0593000000000004 0.5042960000000001
1.0693000000000001 0.4976166
1.0793 0.48914979999999997
1.0892999999999997 0.482963
1.0992999999999995 0.475168
1.109300000000001 0.46755500000000005
1.1193000000000008 0.45940469999999994
1.1293000000000006 0.4527143
1.1393000000000004 0.44789740000000006
1.1493000000000002 0.44122100000000003
1.1593 0.43668710000000005
1.1692999999999998 0.43288440000000006
1.1792999999999996 0.430172
1.1892999999999994 0.4273119000000001
1.199300000000001 0.4266441
1.2093000000000007 0.42630550000000006
1.2193000000000005 0.4268272
1.2293000000000003 0.42874889999999993
1.2393 0.43178059999999996
1.2492999999999999 0.4361746
1.2592999999999996 0.4416668999999999
1.2692999999999994 0.4483384
1.279300000000001 0.4561891
1.2893000000000008 0.465309
1.2993000000000006 0.47534810000000005
1.3093000000000004 0.4872352999999999
1.3193000000000001 0.49853259999999994
1.3293 0.5113068
1.3392999999999997 0.5242911
1.3492999999999995 0.5369522
1.359300000000001 0.5481109000000001
1.3693000000000008 0.5590584
1.3793000000000006 0.5685425000000001
1.3893000000000004 0.576604
1.3993000000000002 0.5825921000000001
1.4093 0.5861795999999999
1.4192999999999998 0.5873836000000001
1.4292999999999996 0.5867252
1.4392999999999994 0.5833058
1.449300000000001 0.5797032000000001
1.4593000000000007 0.5758814000000001
1.4693000000000005 0.5710198
1.4793000000000003 0.5671676
1.4893 0.5643186
1.4992999999999999 0.5633
1.5092999999999996 0.5668051999999998
1.5192999999999994 0.5741937
1.529300000000001 0.5874471000000001
1.5393000000000008 0.6056859
1.5493000000000006 0.6317198
1.5593000000000004 0.6629593
1.5693000000000001 0.7010941
1.5793 0.7478155000000001
1.5892999999999997 0.8008523000000002
1.5992999999999995 0.8599140999999999
1.609300000000001 0.9248495999999998
1.6193000000000008 0.9945887000000001
1.6293000000000006 1.0690219999999997
1.6393000000000004 1.1460369
1.6493000000000002 1.222374
1.6593 1.3029199999999999
1.6692999999999998 1.3794279999999999
1.6792999999999996 1.4569040000000004
1.6892999999999994 1.5332790000000003
1.699300000000001 1.6045620000000003
1.7093000000000007 1.6737520000000004
1.7193000000000005 1.7408039999999998
1.7293000000000003 1.8037379999999998
1.7393 1.863443
1.7492999999999999 1.9222659999999996
1.7592999999999996 1.9767180000000002
1.7692999999999994 2.028125
1.779300000000001 2.079464
1.7893000000000008 2.128530000000001
1.7993000000000006 2.175665
1.8093000000000004 2.220681
1.8193000000000001 2.267646
1.8293 2.311371
1.8392999999999997 2.356076
1.8492999999999995 2.400848
1.859300000000001 2.4435019999999996
1.8693000000000008 2.4860260000000007
1.8793000000000006 2.5265290000000005
1.8893000000000004 2.57009
1.8993000000000002 2.609391
1.9093 2.647898
1.9192999999999998 2.6852170000000006
1.9292999999999996 2.722343
1.9392999999999994 2.758689
1.949300000000001 2.7940419999999997
1.9593000000000007 2.8283119999999995
1.9693000000000005 2.861501
1.9793000000000003 2.895811
1.9893 2.930038
1.9992999999999999 2.963274
2.0092999999999996 2.997539
2.0192999999999994 3.0309160000000004
2.029300000000001 3.0674000000000006
2.039300000000001 3.1016049999999993
2.0493000000000006 3.1389189999999996
2.0593000000000004 3.174443
2.0693 3.2107490000000003
2.0793 3.2450140000000003
2.0892999999999997 3.2783970000000004
2.0992999999999995 3.309572
2.109300000000001 3.337845
2.119300000000001 3.3640269999999997
2.1293000000000006 3.386198
2.1393000000000004 3.4030879999999994
2.1493 3.4160660000000003
2.1593 3.425753
2.1693 3.4275450000000003
2.1792999999999996 3.4270389999999997
2.1892999999999994 3.419538
2.199300000000001 3.409044
2.2093000000000007 3.3934600000000006
2.2193000000000005 3.3775930000000005
2.2293000000000003 3.3569250000000004
2.2393 3.3362760000000002
2.2493 3.3125440000000004
2.2592999999999996 3.2917659999999995
2.2692999999999994 3.270166
2.279300000000001 3.250406
2.289300000000001 3.233688
2.2993000000000006 3.218123
2.3093000000000004 3.2077980000000004
2.3193 3.1993350000000005
2.3293 3.1959940000000007
2.3392999999999997 3.194816
2.3492999999999995 3.19664
2.359300000000001 3.200434000000001
2.369300000000001 3.205358
2.3793000000000006 3.2111959999999997
2.3893000000000004 3.216084
2.3993 3.21796
2.4093000000000018 3.2177169999999995
2.4193 3.211449000000001
2.4293000000000013 3.200001999999999
2.4392999999999994 3.183492
2.449300000000001 3.1577390000000003
2.459299999999999 3.1238520000000003
2.4693000000000005 3.0849129999999994
2.4792999999999985 3.0358110000000007
2.4893 2.978395
2.4993000000000016 2.9149890000000007
2.5092999999999996 2.8464600000000004
2.519300000000001 2.771809
2.529299999999999 2.6971179999999992
2.539300000000001 2.618437
2.549299999999999 2.542788
2.5593000000000004 2.4681889999999993
2.569300000000002 2.3986850000000004
2.5793 2.33431
2.5893000000000015 2.276113
2.5992999999999995 2.226107
2.609300000000001 2.1863060000000005
2.619299999999999 2.1547490000000007
2.6293000000000006 2.1304169999999996
2.6392999999999986 2.1183190000000005
2.6493 2.1144529999999997
2.6593000000000018 2.116792
2.6693 2.1273130000000005
2.6793000000000013 2.1429869999999993
2.6892999999999994 2.163811
2.699300000000001 2.1877400000000007
2.709299999999999 2.213706
2.7193000000000005 2.242735
2.7292999999999985 2.272742
2.7393 2.2997289999999997
2.7493000000000016 2.327655
2.7592999999999996 2.35251
2.769300000000001 2.3782350000000005
2.779299999999999 2.40088
2.789300000000001 2.4243740000000003
2.799299999999999 2.4447679999999994
2.8093000000000004 2.465011
2.819300000000002 2.4841430000000004
2.8293 2.504158
2.8393000000000015 2.5250860000000004
2.8492999999999995 2.552942
2.859300000000001 2.578733
2.869299999999999 2.612514
2.8793000000000006 2.649278
2.8892999999999986 2.691057
2.8993 2.7398890000000002
2.9093000000000018 2.793784
2.9193 2.8527510000000005
2.9293000000000013 2.9187920000000003
2.9392999999999994 2.986894
2.949300000000001 3.0580979999999993
2.959299999999999 3.129340000000001
2.9693000000000005 3.2016459999999998
2.9792999999999985 3.272957
2.9893 3.3382340000000004
2.9993000000000016 3.397491
3.0092999999999996 3.450701
3.019300000000001 3.4947569999999994
3.029299999999999 3.5277490000000005
3.039300000000001 3.5506550000000003
3.049299999999999 3.561332999999999
3.0593000000000004 3.560886
3.069300000000002 3.549202
3.0793 3.5254129999999995
3.0893000000000015 3.4924789999999994
3.0992999999999995 3.451389999999999
3.109300000000001 3.403168
3.119299999999999 3.348863
3.1293000000000006 3.2934770000000007
3.1392999999999986 3.2330579999999998
3.1493 3.173611
3.1593000000000018 3.117183
3.1693 3.0657959999999997
3.1793000000000013 3.0144810000000004
3.1892999999999994 2.974239
3.199300000000001 2.937111
3.209299999999999 2.9101039999999996
3.2193000000000005 2.893213
3.2292999999999985 2.8854949999999993
3.2393 2.8859029999999994
3.2493000000000016 2.8974550000000003
3.2592999999999996 2.9191719999999997
3.269300000000001 2.951033000000001
3.279299999999999 2.9920320000000005
3.289300000000001 3.043164
3.299299999999999 3.1044219999999996
3.3093000000000004 3.175818
3.319300000000002 3.2553069999999997
3.3293 3.346904
3.3393000000000015 3.4435949999999997
3.3492999999999995 3.5483700000000002
3.359300000000001 3.6612320000000005
3.369299999999999 3.780146
3.3793000000000006 3.9041140000000003
3.3892999999999986 4.032114
3.3993 4.163175999999998
3.4093000000000018 4.296239999999999
3.4193 4.428303
3.4293000000000013 4.559386
3.4392999999999994 4.687436999999999
3.449300000000001 4.8094850000000005
3.459299999999999 4.9294590000000005
3.4693000000000005 5.039399
3.4792999999999985 5.1462829999999995
3.4893 5.238103
3.4993000000000016 5.324827
3.5092999999999996 5.401483000000001
3.519300000000001 5.468061999999999
3.529299999999999 5.527566999999999
3.539300000000001 5.577973
3.549299999999999 5.621305
3.5593000000000004 5.6575929999999985
3.569300000000002 5.689826000000001
3.5793 5.7150039999999995
3.5893000000000015 5.7471489999999985
3.5992999999999995 5.775293
3.609300000000001 5.801477000000001
3.619299999999999 5.829619
3.6293000000000006 5.869811
3.6392999999999986 5.9010169999999995
3.6493 5.947282999999999
3.6593000000000018 5.9926010000000005
3.6693 6.037938999999999
3.6793000000000013 6.089309999999999
3.6892999999999994 6.128732000000001
3.699300000000001 6.168134000000001
3.709299999999999 6.206625
3.7193000000000005 6.253004
3.7292999999999985 6.296354000000001
3.7393 6.295646
3.7493000000000016 6.3018979999999996
3.7592999999999996 6.292883000000001
3.769300000000001 6.280883000000001
3.779299999999999 6.2526980000000005
3.789300000000001 6.191307000000001
3.799299999999999 6.123811000000001
3.8093000000000004 6.031117
3.819300000000002 5.935277000000001
3.8293 5.819234
3.8393000000000015 5.694103999999999
3.8492999999999995 5.552841
3.859300000000001 5.408464
3.869299999999999 5.248994
3.8793000000000006 5.082418999999999
3.8892999999999986 4.911803000000001
3.8993 4.736145
3.9093000000000018 4.558444
3.9193 4.3757340000000005
3.9293000000000013 4.1930130000000005
3.9392999999999994 4.009319999999999
3.949300000000001 3.827647
3.959299999999999 3.645003
3.9693000000000005 3.4623789999999994
3.9792999999999985 3.2848159999999993
3.9893 3.1083239999999996
3.9993000000000016 2.9348710000000002
4.0093 2.7634689999999997
4.019300000000001 2.597129
4.029299999999999 2.4348389999999993
4.039300000000001 2.276622
4.049299999999999 2.123456
4.0593 1.9773320000000003
4.069300000000002 1.833261
4.0793 1.6972510000000003
4.0893000000000015 1.5652650000000001
4.0992999999999995 1.441343
4.109300000000001 1.3244208
4.119299999999999 1.2115445999999999
4.129300000000001 1.1056918
4.139299999999999 1.0068520000000003
4.1493 0.9140354999999999
4.159300000000002 0.8282425
4.1693 0.7484729999999998
4.179300000000001 0.6745066000000001
4.189299999999999 0.6067682999999999
4.199300000000001 0.5437611
4.209299999999999 0.4861517
4.2193000000000005 0.4334559999999999
4.2292999999999985 0.38548850000000007
4.2393 0.3415676999999999
4.249300000000002 0.30174870000000004
4.2593 0.2657609
4.269300000000001 0.2328117
4.279299999999999 0.2034862
4.289300000000001 0.17669402000000003
4.299299999999999 0.15283518999999998
4.3093 0.13151161000000003
4.319300000000002 0.11242412
4.3293 0.09537056999999999
4.3393000000000015 0.0805519
4.3492999999999995 0.06761799999999998
4.359300000000001 0.05624581
4.369299999999999 0.046454220000000004
4.379300000000001 0.0380624
4.389299999999999 0.03091776
4.3993 0.024928729999999996
4.409300000000002 0.019899180999999995
4.4193 0.015741146
4.429300000000001 0.012340168000000004
4.439299999999999 0.009593825000000004
4.449300000000001 0.007390472
4.459299999999999 0.005631878
4.4693000000000005 0.004247313
4.4792999999999985 0.003173091
4.4893 0.0023469158999999996
4.499300000000002 0.0017185166999999998
4.5093 0.0012448901
4.519300000000001 0.0008922035000000001
4.529299999999999 0.0006347780000000001
4.539300000000001 0.0004460259
4.549299999999999 0.0003103343
4.5593 0.00021353958999999992
4.569300000000002 0.0001453373
4.5793 9.805382000000001e-05
4.5893000000000015 6.537819e-05
4.5992999999999995 4.309195999999999e-05
4.609300000000001 2.8127790000000008e-05
4.619299999999999 1.8167268999999996e-05
4.629300000000001 1.1612645999999997e-05
