-23.6007 0.02128
-23.5907 0.014116
-23.5807 0.009249999999999998
-23.570700000000002 0.006018
-23.5607 0.0038702999999999997
-23.5507 0.0024629
-23.5407 0.0015521999999999999
-23.5307 0.000967
-23.520699999999998 0.0005962999999999999
-23.5107 0.00036428000000000003
-23.500700000000002 0.00022005
-23.4907 0.00013165
-23.4807 7.797e-05
-23.4707 4.5614e-05
-23.4607 2.6421000000000003e-05
-23.450699999999998 1.5181999999999998e-05
-23.4407 8.61e-06
-23.4307 4.8397000000000004e-06
-23.4207 2.6912e-06
-23.4107 1.4808e-06
-23.4007 8.062999999999999e-07
-23.3907 4.3443000000000006e-07
-23.380699999999997 2.3126000000000005e-07
-23.3707 1.2208e-07
-23.3607 6.375e-08
-23.3507 3.2822e-08
-23.3407 1.6799e-08
-23.3307 8.485e-09
-23.320700000000002 4.2190000000000004e-09
-23.3107 2.0536e-09
-23.3007 9.796e-10
-23.2907 4.475e-10
-23.2807 2.0548e-10
-23.270699999999998 7.947000000000001e-11
-23.2607 1.0364e-11
-23.250700000000002 0.0
-23.2407 0.0
-23.2307 0.0
-23.2207 0.0
-23.2107 0.0
-23.200699999999998 0.0
-23.1907 0.0
-23.1807 0.0
-23.1707 0.0
-23.1607 0.0
-23.1507 0.0
-23.1407 0.0
-23.130699999999997 0.0
-23.1207 0.0
-23.1107 0.0
-23.1007 0.0
-23.0907 0.0
-23.0807 0.0
-23.070700000000002 0.0
-23.0607 0.0
-23.0507 0.0
-23.0407 0.0
-23.0307 0.0
-23.020699999999998 0.0
-23.0107 0.0
-23.000700000000002 0.0
-22.9907 0.0
-22.9807 0.0
-22.9707 0.0
-22.9607 0.0
-22.950699999999998 0.0
-22.9407 0.0
-22.9307 0.0
-22.9207 0.0
-22.9107 0.0
-22.9007 0.0
-22.8907 0.0
-22.880699999999997 0.0
-22.8707 0.0
-22.8607 0.0
-22.8507 0.0
-22.8407 0.0
-22.8307 0.0
-22.820700000000002 0.0
-22.8107 0.0
-22.8007 0.0
-22.7907 0.0
-22.7807 0.0
-22.770699999999998 0.0
-22.7607 0.0
-22.750700000000002 0.0
-22.7407 0.0
-22.7307 0.0
-22.7207 0.0
-22.7107 0.0
-22.700699999999998 0.0
-22.6907 0.0
-22.6807 0.0
-22.6707 0.0
-22.6607 0.0
-22.6507 0.0
-22.6407 0.0
-22.630699999999997 0.0
-22.6207 0.0
-22.6107 0.0
-22.6007 0.0
-22.5907 0.0
-22.5807 0.0
-22.570700000000002 0.0
-22.5607 0.0
-22.5507 0.0
-22.5407 0.0
-22.5307 0.0
-22.520699999999998 0.0
-22.5107 0.0
-22.500700000000002 0.0
-22.4907 0.0
-22.4807 0.0
-22.4707 0.0
-22.4607 0.0
-22.450699999999998 0.0
-22.4407 0.0
-22.4307 0.0
-22.4207 0.0
-22.4107 0.0
-22.4007 0.0
-22.3907 0.0
-22.380699999999997 0.0
-22.3707 0.0
-22.3607 0.0
-22.3507 0.0
-22.3407 0.0
-22.3307 0.0
-22.320700000000002 0.0
-22.3107 0.0
-22.3007 0.0
-22.2907 0.0
-22.2807 0.0
-22.270699999999998 0.0
-22.2607 0.0
-22.250700000000002 0.0
-22.2407 0.0
-22.2307 0.0
-22.2207 0.0
-22.2107 0.0
-22.200699999999998 0.0
-22.1907 0.0
-22.1807 0.0
-22.1707 0.0
-22.1607 0.0
-22.1507 0.0
-22.1407 0.0
-22.130699999999997 0.0
-22.1207 0.0
-22.1107 0.0
-22.1007 0.0
-22.0907 0.0
-22.0807 0.0
-22.070700000000002 0.0
-22.0607 0.0
-22.0507 0.0
-22.0407 0.0
-22.0307 0.0
-22.020699999999998 0.0
-22.0107 0.0
-22.000700000000002 0.0
-21.9907 0.0
-21.9807 0.0
-21.9707 0.0
-21.9607 0.0
-21.950699999999998 0.0
-21.9407 0.0
-21.9307 0.0
-21.9207 0.0
-21.9107 0.0
-21.9007 0.0
-21.8907 0.0
-21.880699999999997 0.0
-21.8707 0.0
-21.8607 0.0
-21.8507 0.0
-21.8407 0.0
-21.8307 0.0
-21.820700000000002 0.0
-21.8107 0.0
-21.8007 0.0
-21.7907 0.0
-21.7807 0.0
-21.770699999999998 0.0
-21.7607 0.0
-21.750700000000002 0.0
-21.7407 0.0
-21.7307 0.0
-21.7207 0.0
-21.7107 0.0
-21.700699999999998 0.0
-21.6907 0.0
-21.6807 0.0
-21.6707 0.0
-21.6607 0.0
-21.6507 0.0
-21.6407 0.0
-21.630699999999997 0.0
-21.6207 0.0
-21.6107 0.0
-21.6007 0.0
-21.5907 0.0
-21.5807 0.0
-21.5707 0.0
-21.5607 9.583500000000001e-17
-21.5507 2.0025300000000003e-16
-21.5407 7.859e-16
-21.5307 1.6217e-15
-21.520699999999998 3.3092e-15
-21.5107 7.0773999999999994e-15
-21.500700000000002 1.4188e-14
-21.4907 2.8159e-14
-21.4807 5.5246000000000005e-14
-21.4707 1.0872e-13
-21.4607 2.0901999999999998e-13
-21.450699999999998 4.0247e-13
-21.4407 7.587000000000001e-13
-21.4307 1.4164999999999999e-12
-21.4207 2.6183e-12
-21.4107 4.7905e-12
-21.4007 8.668e-12
-21.3907 1.5545e-11
-21.3807 2.7562e-11
-21.3707 4.843e-11
-21.3607 8.413e-11
-21.3507 1.4489999999999999e-10
-21.3407 2.4666e-10
-21.3307 4.1560000000000004e-10
-21.3207 6.944e-10
-21.3107 1.1481000000000002e-09
-21.3007 1.881e-09
-21.2907 3.0515e-09
-21.2807 4.8960000000000005e-09
-21.270699999999998 7.793e-09
-21.2607 1.2273999999999998e-08
-21.250700000000002 1.9149e-08
-21.2407 2.963e-08
-21.2307 4.531e-08
-21.2207 6.883e-08
-21.2107 1.0344e-07
-21.200699999999998 1.5417e-07
-21.1907 2.278e-07
-21.1807 3.3339999999999995e-07
-21.1707 4.837999999999999e-07
-21.1607 6.958e-07
-21.1507 9.918e-07
-21.1407 1.4022e-06
-21.1307 1.966e-06
-21.1207 2.731e-06
-21.1107 3.7619999999999997e-06
-21.1007 5.148e-06
-21.0907 6.979999999999999e-06
-21.0807 9.383e-06
-21.0707 1.2495e-05
-21.0607 1.6519999999999998e-05
-21.0507 2.169e-05
-21.0407 2.82e-05
-21.0307 3.6400000000000004e-05
-21.020699999999998 4.663e-05
-21.0107 5.917e-05
-21.000700000000002 7.436e-05
-20.9907 9.288999999999999e-05
-20.9807 0.00011493000000000001
-20.9707 0.00014120000000000002
-20.9607 0.0001719
-20.950699999999998 0.0002076
-20.9407 0.0002485
-20.9307 0.0002951
-20.9207 0.0003475
-20.9107 0.0004059
-20.9007 0.0004709
-20.8907 0.0005413999999999999
-20.8807 0.0006177
-20.8707 0.0006982
-20.8607 0.0007836999999999999
-20.8507 0.0008743
-20.8407 0.0009701
-20.8307 0.0010691
-20.8207 0.0011713000000000001
-20.8107 0.0012757
-20.8007 0.0013859999999999999
-20.7907 0.0015
-20.7807 0.001617
-20.770699999999998 0.001743
-20.7607 0.001874
-20.750700000000002 0.0020150000000000003
-20.7407 0.002167
-20.7307 0.002334
-20.7207 0.002515
-20.7107 0.002712
-20.700699999999998 0.0029289999999999997
-20.6907 0.003166
-20.6807 0.0034230000000000003
-20.6707 0.003701
-20.6607 0.003998
-20.6507 0.0043089999999999995
-20.6407 0.004646
-20.6307 0.0049889999999999995
-20.6207 0.005337
-20.6107 0.005684
-20.6007 0.006034
-20.5907 0.006392999999999999
-20.5807 0.0067220000000000005
-20.5707 0.007052000000000001
-20.5607 0.00736
-20.5507 0.007668
-20.5407 0.007955
-20.5307 0.008221
-20.520699999999998 0.008485
-20.5107 0.008741
-20.500700000000002 0.008986000000000001
-20.4907 0.009263
-20.4807 0.009543
-20.4707 0.009843999999999999
-20.4607 0.010191
-20.450699999999998 0.010573
-20.4407 0.010997
-20.4307 0.011503000000000001
-20.4207 0.012052
-20.4107 0.012672000000000001
-20.4007 0.01336
-20.3907 0.014120000000000002
-20.3807 0.014939999999999998
-20.3707 0.0158
-20.3607 0.01674
-20.3507 0.01769
-20.3407 0.018680000000000002
-20.3307 0.01968
-20.3207 0.02068
-20.3107 0.021689999999999997
-20.3007 0.02265
-20.2907 0.0236
-20.2807 0.024529999999999996
-20.270699999999998 0.02541
-20.2607 0.02625
-20.250700000000002 0.027039999999999998
-20.2407 0.0278
-20.2307 0.028550000000000002
-20.2207 0.02925
-20.2107 0.029970000000000004
-20.200699999999998 0.030650000000000004
-20.1907 0.031349999999999996
-20.1807 0.03204
-20.1707 0.032780000000000004
-20.1607 0.033510000000000005
-20.1507 0.034269999999999995
-20.1407 0.03508
-20.1307 0.035899999999999994
-20.1207 0.036759999999999994
-20.1107 0.03767
-20.1007 0.03861
-20.0907 0.039580000000000004
-20.0807 0.04057
-20.0707 0.041600000000000005
-20.0607 0.042649999999999993
-20.0507 0.043739999999999994
-20.0407 0.044789999999999996
-20.0307 0.04588
-20.020699999999998 0.046939999999999996
-20.0107 0.047990000000000005
-20.000700000000002 0.049010000000000005
-19.9907 0.04988
-19.9807 0.05094
-19.9707 0.05175
-19.9607 0.052539999999999996
-19.950699999999998 0.05319
-19.9407 0.05379
-19.9307 0.054279999999999995
-19.9207 0.05472
-19.9107 0.05516
-19.9007 0.05546
-19.8907 0.05566
-19.8807 0.05584
-19.8707 0.05592
-19.8607 0.05611
-19.8507 0.05621
-19.8407 0.05638
-19.8307 0.05663
-19.8207 0.056819999999999996
-19.8107 0.05702
-19.8007 0.05736
-19.7907 0.05773
-19.7807 0.05803
-19.770699999999998 0.05846
-19.7607 0.058899999999999994
-19.750700000000002 0.05936
-19.7407 0.059699999999999996
-19.7307 0.06025
-19.7207 0.06054
-19.7107 0.06081999999999999
-19.700699999999998 0.06105999999999999
-19.6907 0.06113999999999999
-19.6807 0.06127
-19.6707 0.06126000000000001
-19.6607 0.06119
-19.6507 0.061
-19.6407 0.06084
-19.6307 0.06058
-19.6207 0.06028
-19.6107 0.06018
-19.6007 0.05998
-19.5907 0.05988
-19.5807 0.05972000000000001
-19.5707 0.05967
-19.5607 0.05976
-19.5507 0.059879999999999996
-19.5407 0.06012
-19.5307 0.06049
-19.520699999999998 0.061020000000000005
-19.5107 0.061649999999999996
-19.500700000000002 0.06228
-19.4907 0.06313
-19.4807 0.06409000000000001
-19.4707 0.06528
-19.4607 0.0667
-19.450699999999998 0.06825
-19.4407 0.07023
-19.4307 0.07244999999999999
-19.4207 0.07513
-19.4107 0.07837
-19.4007 0.08178
-19.3907 0.08584
-19.3807 0.09032
-19.3707 0.0953
-19.3607 0.10100999999999999
-19.3507 0.10703
-19.3407 0.11356000000000001
-19.3307 0.12072
-19.3207 0.12808
-19.3107 0.13596999999999998
-19.3007 0.14416
-19.2907 0.15266999999999997
-19.2807 0.16129
-19.270699999999998 0.17011
-19.2607 0.17900000000000002
-19.250700000000002 0.18819999999999998
-19.2407 0.19729999999999998
-19.2307 0.2064
-19.2207 0.2154
-19.2107 0.2244
-19.200699999999998 0.2334
-19.1907 0.24250000000000005
-19.1807 0.2514
-19.1707 0.26030000000000003
-19.1607 0.2692
-19.1507 0.27819999999999995
-19.1407 0.287
-19.1307 0.2959
-19.1207 0.3049
-19.1107 0.314
-19.1007 0.32270000000000004
-19.0907 0.3314
-19.0807 0.34
-19.0707 0.34829999999999994
-19.0607 0.35609999999999997
-19.0507 0.3638
-19.0407 0.37060000000000004
-19.0307 0.3768
-19.020699999999998 0.3823
-19.0107 0.3866
-19.000700000000002 0.39059999999999995
-18.9907 0.3928
-18.9807 0.3932
-18.9707 0.39339999999999997
-18.9607 0.39189999999999997
-18.950699999999998 0.3883
-18.9407 0.3839
-18.9307 0.3778
-18.9207 0.3709
-18.9107 0.3623
-18.9007 0.3523
-18.8907 0.34199999999999997
-18.8807 0.3306
-18.8707 0.31800000000000006
-18.8607 0.3061
-18.8507 0.2934
-18.8407 0.2809
-18.8307 0.2687
-18.8207 0.257
-18.8107 0.24600000000000005
-18.8007 0.23569999999999997
-18.7907 0.2264
-18.7807 0.2183
-18.770699999999998 0.2114
-18.7607 0.2055
-18.750700000000002 0.20080000000000003
-18.7407 0.1973
-18.7307 0.19479999999999997
-18.7207 0.19330000000000003
-18.7107 0.1925
-18.700699999999998 0.19263
-18.6907 0.19332
-18.6807 0.19438
-18.6707 0.19598000000000002
-18.6607 0.19791999999999998
-18.6507 0.19999999999999998
-18.6407 0.20237000000000002
-18.6307 0.20471000000000003
-18.6207 0.20717999999999998
-18.6107 0.20986000000000002
-18.6007 0.21255000000000002
-18.5907 0.21506
-18.5807 0.21753000000000003
-18.5707 0.21980000000000002
-18.5607 0.22215999999999997
-18.5507 0.2241
-18.5407 0.22560000000000002
-18.5307 0.22646
-18.520699999999998 0.22698000000000002
-18.5107 0.22633
-18.500700000000002 0.22501300000000002
-18.4907 0.222628
-18.4807 0.21897
-18.4707 0.214228
-18.4607 0.208302
-18.450699999999998 0.2013
-18.4407 0.193002
-18.4307 0.183607
-18.4207 0.173446
-18.4107 0.16248800000000002
-18.4007 0.150833
-18.3907 0.13901100000000002
-18.3807 0.126792
-18.3707 0.11470599999999999
-18.3607 0.10274300000000001
-18.3507 0.091201
-18.3407 0.08027999999999999
-18.3307 0.06988699999999999
-18.3207 0.060274
-18.3107 0.0514674
-18.3007 0.0435075
-18.2907 0.0365048
-18.2807 0.030254299999999998
-18.270699999999998 0.0247676
-18.2607 0.020162700000000002
-18.250700000000002 0.0162153
-18.2407 0.012914199999999999
-18.2307 0.0101783
-18.2207 0.007934799999999999
-18.2107 0.0061348
-18.200699999999998 0.00468586
-18.1907 0.00354612
-18.1807 0.00264934
-18.1707 0.00196551
-18.1607 0.0014414500000000002
-18.1507 0.00104645
-18.1407 0.0007507699999999999
-18.1307 0.0005340709999999999
-18.1207 0.00037590500000000005
-18.1107 0.00026165999999999993
-18.1007 0.00018015600000000003
-18.0907 0.00012278000000000001
-18.0807 8.280200000000001e-05
-18.0707 5.52887e-05
-18.0607 3.65082e-05
-18.0507 2.3862899999999998e-05
-18.0407 1.54307e-05
-18.0307 9.8715e-06
-18.020699999999998 6.24718e-06
-18.0107 3.9233e-06
-18.000700000000002 2.4284300000000003e-06
-17.9907 1.48943e-06
-17.9807 9.0503e-07
-17.9707 5.431999999999999e-07
-17.9607 3.22961e-07
-17.950699999999998 1.89762e-07
-17.9407 1.1030299999999999e-07
-17.9307 6.35384e-08
-17.9207 3.62392e-08
-17.9107 2.04015e-08
-17.9007 1.1363999999999998e-08
-17.8907 6.27986e-09
-17.8807 3.42217e-09
-17.8707 1.8497500000000002e-09
-17.8607 9.8817e-10
-17.8507 5.22837e-10
-17.8407 2.73452e-10
-17.8307 1.4146600000000002e-10
-17.8207 7.236259999999998e-11
-17.8107 3.6615999999999997e-11
-17.8007 1.83163e-11
-17.7907 9.081700000000002e-12
-17.7807 4.374700000000001e-12
-17.770699999999998 2.11902e-12
-17.7607 9.296100000000001e-13
-17.750700000000002 3.0686400000000005e-13
-17.7407 8.2433e-14
-17.7307 0.0
-17.7207 0.0
-17.7107 0.0
-17.700699999999998 0.0
-17.6907 0.0
-17.6807 0.0
-17.6707 0.0
-17.6607 0.0
-17.6507 0.0
-17.6407 0.0
-17.6307 0.0
-17.6207 0.0
-17.6107 0.0
-17.6007 0.0
-17.5907 0.0
-17.5807 0.0
-17.5707 0.0
-17.5607 0.0
-17.5507 0.0
-17.5407 0.0
-17.5307 0.0
-17.520699999999998 0.0
-17.5107 0.0
-17.5007 0.0
-17.4907 0.0
-17.4807 0.0
-17.4707 0.0
-17.4607 0.0
-17.4507 0.0
-17.4407 0.0
-17.4307 0.0
-17.4207 0.0
-17.4107 0.0
-17.4007 0.0
-17.3907 0.0
-17.3807 0.0
-17.3707 0.0
-17.3607 0.0
-17.3507 0.0
-17.3407 0.0
-17.3307 0.0
-17.3207 0.0
-17.3107 0.0
-17.3007 0.0
-17.2907 0.0
-17.2807 0.0
-17.270699999999998 0.0
-17.2607 0.0
-17.2507 0.0
-17.2407 0.0
-17.2307 0.0
-17.2207 0.0
-17.2107 0.0
-17.2007 0.0
-17.1907 0.0
-17.1807 0.0
-17.1707 0.0
-17.1607 0.0
-17.1507 0.0
-17.1407 0.0
-17.1307 0.0
-17.1207 0.0
-17.1107 0.0
-17.1007 0.0
-17.0907 0.0
-17.0807 0.0
-17.0707 0.0
-17.0607 0.0
-17.0507 0.0
-17.0407 0.0
-17.0307 0.0
-17.020699999999998 0.0
-17.0107 0.0
-17.0007 0.0
-16.9907 0.0
-16.9807 0.0
-16.9707 0.0
-16.9607 0.0
-16.9507 0.0
-16.9407 0.0
-16.9307 0.0
-16.9207 0.0
-16.9107 0.0
-16.9007 0.0
-16.8907 0.0
-16.8807 0.0
-16.8707 0.0
-16.8607 0.0
-16.8507 0.0
-16.8407 0.0
-16.8307 0.0
-16.8207 0.0
-16.8107 0.0
-16.8007 0.0
-16.7907 0.0
-16.7807 0.0
-16.770699999999998 0.0
-16.7607 0.0
-16.7507 0.0
-16.7407 0.0
-16.7307 0.0
-16.7207 0.0
-16.7107 0.0
-16.7007 0.0
-16.6907 0.0
-16.6807 0.0
-16.6707 0.0
-16.6607 0.0
-16.6507 0.0
-16.6407 0.0
-16.6307 0.0
-16.6207 0.0
-16.6107 0.0
-16.6007 0.0
-16.5907 0.0
-16.5807 0.0
-16.5707 0.0
-16.5607 0.0
-16.5507 0.0
-16.5407 0.0
-16.5307 0.0
-16.520699999999998 0.0
-16.5107 0.0
-16.5007 0.0
-16.4907 0.0
-16.4807 0.0
-16.4707 0.0
-16.4607 0.0
-16.4507 0.0
-16.4407 0.0
-16.4307 0.0
-16.4207 0.0
-16.4107 0.0
-16.4007 0.0
-16.3907 0.0
-16.3807 0.0
-16.3707 0.0
-16.3607 0.0
-16.3507 0.0
-16.3407 0.0
-16.3307 0.0
-16.3207 0.0
-16.3107 0.0
-16.3007 0.0
-16.2907 0.0
-16.2807 0.0
-16.270699999999998 0.0
-16.2607 0.0
-16.2507 0.0
-16.2407 0.0
-16.2307 0.0
-16.2207 0.0
-16.2107 0.0
-16.2007 0.0
-16.1907 0.0
-16.1807 0.0
-16.1707 0.0
-16.1607 0.0
-16.1507 0.0
-16.1407 0.0
-16.1307 0.0
-16.1207 0.0
-16.1107 0.0
-16.1007 0.0
-16.0907 0.0
-16.0807 0.0
-16.0707 0.0
-16.0607 0.0
-16.0507 0.0
-16.0407 0.0
-16.0307 0.0
-16.020699999999998 0.0
-16.0107 0.0
-16.0007 0.0
-15.9907 0.0
-15.980699999999999 0.0
-15.9707 0.0
-15.9607 0.0
-15.9507 0.0
-15.9407 0.0
-15.9307 0.0
-15.9207 0.0
-15.9107 0.0
-15.9007 0.0
-15.890699999999999 0.0
-15.8807 0.0
-15.8707 0.0
-15.8607 0.0
-15.8507 0.0
-15.8407 0.0
-15.8307 0.0
-15.8207 0.0
-15.8107 0.0
-15.800699999999999 0.0
-15.7907 0.0
-15.7807 0.0
-15.7707 0.0
-15.7607 0.0
-15.7507 0.0
-15.7407 0.0
-15.730699999999999 0.0
-15.7207 0.0
-15.7107 0.0
-15.7007 0.0
-15.6907 0.0
-15.6807 0.0
-15.6707 0.0
-15.6607 0.0
-15.6507 0.0
-15.640699999999999 0.0
-15.6307 0.0
-15.6207 0.0
-15.6107 0.0
-15.6007 0.0
-15.5907 0.0
-15.5807 0.0
-15.5707 0.0
-15.5607 0.0
-15.550699999999999 0.0
-15.5407 0.0
-15.5307 0.0
-15.5207 0.0
-15.5107 0.0
-15.5007 0.0
-15.4907 0.0
-15.480699999999999 0.0
-15.4707 0.0
-15.4607 0.0
-15.4507 0.0
-15.4407 0.0
-15.4307 0.0
-15.4207 0.0
-15.4107 0.0
-15.4007 0.0
-15.390699999999999 0.0
-15.3807 0.0
-15.3707 0.0
-15.3607 0.0
-15.3507 0.0
-15.3407 0.0
-15.3307 0.0
-15.3207 0.0
-15.3107 0.0
-15.300699999999999 0.0
-15.2907 0.0
-15.2807 0.0
-15.2707 0.0
-15.2607 0.0
-15.2507 0.0
-15.2407 0.0
-15.230699999999999 0.0
-15.2207 0.0
-15.2107 0.0
-15.2007 0.0
-15.1907 0.0
-15.1807 0.0
-15.1707 0.0
-15.1607 0.0
-15.1507 0.0
-15.140699999999999 0.0
-15.1307 0.0
-15.1207 0.0
-15.1107 0.0
-15.1007 0.0
-15.0907 0.0
-15.0807 0.0
-15.0707 0.0
-15.0607 0.0
-15.050699999999999 0.0
-15.0407 0.0
-15.0307 0.0
-15.0207 0.0
-15.0107 0.0
-15.0007 0.0
-14.9907 0.0
-14.980699999999999 0.0
-14.9707 0.0
-14.9607 0.0
-14.9507 0.0
-14.9407 0.0
-14.9307 0.0
-14.9207 0.0
-14.9107 0.0
-14.9007 0.0
-14.890699999999999 0.0
-14.8807 0.0
-14.8707 0.0
-14.8607 0.0
-14.8507 0.0
-14.8407 0.0
-14.8307 0.0
-14.8207 0.0
-14.8107 0.0
-14.800699999999999 0.0
-14.7907 0.0
-14.7807 0.0
-14.7707 0.0
-14.7607 0.0
-14.7507 0.0
-14.7407 0.0
-14.730699999999999 0.0
-14.7207 0.0
-14.7107 0.0
-14.7007 0.0
-14.6907 0.0
-14.6807 0.0
-14.6707 0.0
-14.6607 0.0
-14.6507 0.0
-14.640699999999999 0.0
-14.6307 0.0
-14.6207 0.0
-14.6107 0.0
-14.6007 0.0
-14.5907 0.0
-14.5807 0.0
-14.5707 0.0
-14.5607 0.0
-14.550699999999999 0.0
-14.5407 0.0
-14.5307 0.0
-14.5207 0.0
-14.5107 0.0
-14.5007 0.0
-14.4907 0.0
-14.4807 0.0
-14.470699999999999 0.0
-14.4607 0.0
-14.4507 0.0
-14.4407 0.0
-14.4307 0.0
-14.4207 0.0
-14.4107 0.0
-14.4007 0.0
-14.390699999999999 0.0
-14.3807 0.0
-14.3707 0.0
-14.3607 0.0
-14.3507 0.0
-14.3407 0.0
-14.3307 0.0
-14.3207 0.0
-14.3107 0.0
-14.300699999999999 0.0
-14.2907 0.0
-14.2807 0.0
-14.2707 0.0
-14.2607 0.0
-14.2507 0.0
-14.2407 0.0
-14.2307 0.0
-14.220699999999999 0.0
-14.2107 0.0
-14.2007 0.0
-14.1907 0.0
-14.1807 0.0
-14.1707 0.0
-14.1607 0.0
-14.1507 0.0
-14.140699999999999 0.0
-14.1307 0.0
-14.1207 0.0
-14.1107 0.0
-14.1007 0.0
-14.0907 0.0
-14.0807 0.0
-14.0707 0.0
-14.0607 0.0
-14.050699999999999 0.0
-14.0407 0.0
-14.0307 0.0
-14.0207 0.0
-14.0107 0.0
-14.0007 0.0
-13.9907 0.0
-13.9807 0.0
-13.970699999999999 0.0
-13.9607 0.0
-13.9507 0.0
-13.9407 0.0
-13.9307 0.0
-13.9207 0.0
-13.9107 0.0
-13.9007 0.0
-13.890699999999999 0.0
-13.8807 0.0
-13.8707 0.0
-13.8607 0.0
-13.8507 0.0
-13.8407 0.0
-13.8307 0.0
-13.8207 0.0
-13.8107 0.0
-13.800699999999999 0.0
-13.7907 0.0
-13.7807 0.0
-13.7707 0.0
-13.7607 0.0
-13.7507 0.0
-13.7407 0.0
-13.7307 0.0
-13.720699999999999 0.0
-13.7107 0.0
-13.7007 0.0
-13.6907 0.0
-13.6807 0.0
-13.6707 0.0
-13.6607 0.0
-13.6507 0.0
-13.640699999999999 0.0
-13.6307 0.0
-13.6207 0.0
-13.6107 0.0
-13.6007 0.0
-13.5907 0.0
-13.5807 0.0
-13.5707 0.0
-13.5607 0.0
-13.550699999999999 0.0
-13.5407 0.0
-13.5307 0.0
-13.5207 0.0
-13.5107 0.0
-13.5007 0.0
-13.4907 0.0
-13.4807 0.0
-13.470699999999999 0.0
-13.4607 0.0
-13.4507 0.0
-13.4407 0.0
-13.4307 0.0
-13.4207 0.0
-13.4107 0.0
-13.4007 0.0
-13.390699999999999 0.0
-13.3807 0.0
-13.3707 0.0
-13.3607 0.0
-13.3507 0.0
-13.3407 0.0
-13.3307 0.0
-13.3207 0.0
-13.3107 0.0
-13.300699999999999 0.0
-13.2907 0.0
-13.2807 0.0
-13.2707 0.0
-13.2607 0.0
-13.2507 0.0
-13.2407 0.0
-13.2307 0.0
-13.220699999999999 0.0
-13.2107 0.0
-13.2007 0.0
-13.1907 0.0
-13.1807 0.0
-13.1707 0.0
-13.1607 0.0
-13.1507 0.0
-13.140699999999999 0.0
-13.1307 0.0
-13.1207 0.0
-13.1107 0.0
-13.1007 0.0
-13.0907 0.0
-13.0807 0.0
-13.0707 0.0
-13.0607 0.0
-13.050699999999999 0.0
-13.0407 0.0
-13.0307 0.0
-13.0207 0.0
-13.0107 0.0
-13.0007 0.0
-12.9907 0.0
-12.9807 0.0
-12.970699999999999 0.0
-12.9607 0.0
-12.9507 0.0
-12.9407 0.0
-12.9307 0.0
-12.9207 0.0
-12.9107 0.0
-12.9007 0.0
-12.890699999999999 0.0
-12.8807 0.0
-12.8707 0.0
-12.8607 0.0
-12.8507 0.0
-12.8407 0.0
-12.8307 0.0
-12.8207 0.0
-12.8107 0.0
-12.800699999999999 0.0
-12.7907 0.0
-12.7807 0.0
-12.7707 0.0
-12.7607 5.795e-16
-12.7507 2.027e-15
-12.7407 4.2120000000000006e-15
-12.7307 1.06e-14
-12.720699999999999 2.2439999999999997e-14
-12.7107 4.613e-14
-12.7007 9.262000000000001e-14
-12.6907 1.845e-13
-12.6807 3.655e-13
-12.6707 7.156e-13
-12.6607 1.3809999999999999e-12
-12.6507 2.633e-12
-12.640699999999999 4.977e-12
-12.6307 9.291999999999999e-12
-12.6207 1.714e-11
-12.6107 3.1359999999999996e-11
-12.6007 5.669e-11
-12.5907 1.018e-10
-12.5807 1.802e-10
-12.5707 3.1639999999999996e-10
-12.5607 5.498000000000001e-10
-12.550699999999999 9.445e-10
-12.5407 1.607e-09
-12.5307 2.705e-09
-12.5207 4.5069999999999994e-09
-12.5107 7.444e-09
-12.5007 1.2154e-08
-12.4907 1.966e-08
-12.480699999999999 3.147e-08
-12.4707 4.986e-08
-12.4607 7.828000000000001e-08
-12.4507 1.214e-07
-12.4407 1.867e-07
-12.4307 2.8429999999999997e-07
-12.4207 4.287e-07
-12.4107 6.390999999999999e-07
-12.4007 9.437e-07
-12.390699999999999 1.3817e-06
-12.3807 2.0000000000000003e-06
-12.3707 2.868e-06
-12.3607 4.074e-06
-12.3507 5.737e-06
-12.3407 7.985e-06
-12.3307 1.1003999999999998e-05
-12.3207 1.504e-05
-12.3107 2.036e-05
-12.300699999999999 2.7289999999999998e-05
-12.2907 3.625e-05
-12.2807 4.758e-05
-12.2707 6.209000000000001e-05
-12.2607 8.010999999999999e-05
-12.2507 0.00010242
-12.2407 0.00012958999999999998
-12.230699999999999 0.0001625
-12.2207 0.0002021
-12.2107 0.0002489
-12.2007 0.0003038
-12.1907 0.0003674
-12.1807 0.0004401
-12.1707 0.0005229
-12.1607 0.0006160000000000001
-12.1507 0.0007199000000000001
-12.140699999999999 0.0008326
-12.1307 0.000954
-12.1207 0.0010854
-12.1107 0.0012246
-12.1007 0.0013700000000000001
-12.0907 0.001522
-12.0807 0.0016749999999999998
-12.0707 0.0018310000000000002
-12.0607 0.001984
-12.050699999999999 0.002139
-12.0407 0.00229
-12.0307 0.0024340000000000004
-12.0207 0.0025720000000000005
-12.0107 0.0027020000000000004
-12.0007 0.002823
-11.9907 0.002938
-11.980699999999999 0.003041
-11.9707 0.003137
-11.9607 0.003222
-11.9507 0.0033029999999999995
-11.9407 0.003372
-11.9307 0.0034379999999999997
-11.9207 0.003498
-11.9107 0.0035529999999999997
-11.9007 0.0036030000000000003
-11.890699999999999 0.00365
-11.8807 0.003693
-11.8707 0.0037339999999999995
-11.8607 0.003771
-11.8507 0.003806
-11.8407 0.003836
-11.8307 0.003863
-11.8207 0.0038859999999999997
-11.8107 0.0039040000000000004
-11.800699999999999 0.003917
-11.7907 0.003926000000000001
-11.7807 0.00393
-11.7707 0.003929
-11.7607 0.003923
-11.7507 0.0039120000000000005
-11.7407 0.003895
-11.730699999999999 0.0038760000000000005
-11.7207 0.0038510000000000003
-11.7107 0.003824
-11.7007 0.003794
-11.6907 0.003759
-11.6807 0.003724
-11.6707 0.003685
-11.6607 0.003646
-11.6507 0.003606
-11.640699999999999 0.003563
-11.6307 0.003521
-11.6207 0.0034769999999999996
-11.6107 0.0034350000000000006
-11.6007 0.003391
-11.5907 0.003348
-11.5807 0.003306
-11.5707 0.0032660000000000002
-11.5607 0.0032240000000000003
-11.550699999999999 0.0031869999999999997
-11.5407 0.0031469999999999996
-11.5307 0.003111
-11.5207 0.003073
-11.5107 0.003039
-11.5007 0.003006
-11.4907 0.0029700000000000004
-11.480699999999999 0.0029380000000000005
-11.4707 0.0029050000000000005
-11.4607 0.002873
-11.4507 0.002841
-11.4407 0.002807
-11.4307 0.002773
-11.4207 0.002741
-11.4107 0.002706
-11.4007 0.002672
-11.390699999999999 0.002637
-11.3807 0.002605
-11.3707 0.00257
-11.3607 0.002538
-11.3507 0.0025059999999999995
-11.3407 0.002473
-11.3307 0.0024400000000000003
-11.3207 0.002408
-11.3107 0.002377
-11.300699999999999 0.0023439999999999997
-11.2907 0.0023109999999999997
-11.2807 0.002276
-11.2707 0.0022370000000000003
-11.2607 0.002198
-11.2507 0.002155
-11.2407 0.002108
-11.230699999999999 0.002058
-11.2207 0.002004
-11.2107 0.001946
-11.2007 0.001886
-11.1907 0.00182
-11.1807 0.001755
-11.1707 0.001688
-11.1607 0.0016179999999999999
-11.1507 0.00155
-11.140699999999999 0.0014820000000000002
-11.1307 0.0014169999999999999
-11.1207 0.0013520000000000001
-11.1107 0.0012929999999999999
-11.1007 0.001237
-11.0907 0.0011840000000000002
-11.0807 0.001135
-11.0707 0.001091
-11.0607 0.001052
-11.050699999999999 0.001015
-11.0407 0.000983
-11.0307 0.0009559999999999999
-11.0207 0.000931
-11.0107 0.000909
-11.0007 0.000887
-10.9907 0.000869
-10.980699999999999 0.0008510000000000001
-10.9707 0.000833
-10.9607 0.000817
-10.9507 0.000799
-10.9407 0.000779
-10.9307 0.000762
-10.9207 0.0007403
-10.9107 0.0007188000000000001
-10.9007 0.0006954
-10.890699999999999 0.0006705000000000001
-10.8807 0.0006422999999999999
-10.8707 0.000615
-10.8607 0.0005846
-10.8507 0.0005548
-10.8407 0.0005243
-10.8307 0.0004937
-10.8207 0.0004631
-10.8107 0.00043310000000000006
-10.800699999999999 0.00040390000000000006
-10.7907 0.00037580000000000003
-10.7807 0.00034940000000000004
-10.7707 0.0003248
-10.7607 0.0003019
-10.7507 0.000281
-10.7407 0.00026220000000000003
-10.730699999999999 0.0002453
-10.7207 0.0002304
-10.7107 0.0002175
-10.7007 0.0002064
-10.6907 0.000197
-10.6807 0.0001888
-10.6707 0.0001821
-10.6607 0.00017669999999999999
-10.6507 0.0001722
-10.640699999999999 0.00016839999999999997
-10.6307 0.0001654
-10.6207 0.000163
-10.6107 0.00016109999999999999
-10.6007 0.0001595
-10.5907 0.000158
-10.5807 0.00015690000000000002
-10.5707 0.00015539999999999998
-10.5607 0.000154
-10.550699999999999 0.0001523
-10.5407 0.0001502
-10.5307 0.00014780000000000001
-10.5207 0.0001449
-10.5107 0.0001415
-10.5007 0.0001375
-10.4907 0.0001329
-10.480699999999999 0.0001278
-10.4707 0.00012190000000000001
-10.4607 0.0001158
-10.4507 0.0001092
-10.4407 0.0001023
-10.4307 9.51e-05
-10.4207 8.78e-05
-10.4107 8.06e-05
-10.4007 7.329999999999999e-05
-10.390699999999999 6.631e-05
-10.3807 5.961e-05
-10.3707 5.325000000000001e-05
-10.3607 4.7289999999999996e-05
-10.3507 4.179e-05
-10.3407 3.677e-05
-10.3307 3.228e-05
-10.3207 2.8259999999999997e-05
-10.3107 2.475e-05
-10.300699999999999 2.169e-05
-10.2907 1.907e-05
-10.2807 1.6800000000000002e-05
-10.2707 1.49e-05
-10.2607 1.327e-05
-10.2507 1.19e-05
-10.2407 1.0717999999999998e-05
-10.230699999999999 9.705000000000001e-06
-10.2207 8.836e-06
-10.2107 8.057e-06
-10.2007 7.384e-06
-10.1907 6.757e-06
-10.1807 6.1620000000000005e-06
-10.1707 5.61e-06
-10.1607 5.106e-06
-10.1507 4.612000000000001e-06
-10.140699999999999 4.1490000000000004e-06
-10.1307 3.706e-06
-10.1207 3.2850000000000003e-06
-10.1107 2.891e-06
-10.1007 2.5269999999999997e-06
-10.0907 2.1913e-06
-10.0807 1.8845e-06
-10.0707 1.6055000000000001e-06
-10.0607 1.3570999999999999e-06
-10.050699999999999 1.1381e-06
-10.0407 9.464e-07
-10.0307 7.788e-07
-10.0207 6.354e-07
-10.0107 5.143e-07
-10.0007 4.1196e-07
-9.9907 3.2752e-07
-9.980699999999999 2.5789e-07
-9.9707 2.0117e-07
-9.9607 1.5549000000000002e-07
-9.9507 1.1928e-07
-9.9407 9.078e-08
-9.9307 6.863e-08
-9.9207 5.1731e-08
-9.9107 3.9248999999999996e-08
-9.9007 3.0574e-08
-9.890699999999999 2.5299e-08
-9.8807 2.3430000000000002e-08
-9.8707 2.5392999999999998e-08
-9.8607 3.2200000000000004e-08
-9.8507 4.556e-08
-9.8407 6.861999999999999e-08
-9.8307 1.0572e-07
-9.8207 1.6394e-07
-9.8107 2.5293e-07
-9.800699999999999 3.8819e-07
-9.7907 5.8937e-07
-9.7807 8.8758e-07
-9.7707 1.3222e-06
-9.7607 1.9496000000000004e-06
-9.7507 2.8392999999999996e-06
-9.7407 4.1011000000000004e-06
-9.730699999999999 5.8731e-06
-9.7207 8.2898e-06
-9.7107 1.16011e-05
-9.7007 1.6063e-05
-9.6907 2.2016e-05
-9.6807 2.9915e-05
-9.6707 4.0032e-05
-9.6607 5.3365e-05
-9.6507 7.0189e-05
-9.640699999999999 9.131999999999999e-05
-9.6307 0.00011776000000000001
-9.6207 0.00015027
-9.6107 0.00018977
-9.6007 0.00023689000000000002
-9.5907 0.00029371999999999997
-9.5807 0.00036009
-9.570699999999999 0.0004376600000000001
-9.5607 0.00052503
-9.550699999999999 0.00062611
-9.540700000000001 0.0007377900000000001
-9.5307 0.0008617899999999999
-9.5207 0.0009967900000000002
-9.5107 0.0011428000000000002
-9.5007 0.0012988000000000001
-9.4907 0.0014627
-9.480699999999999 0.0016323000000000002
-9.4707 0.0018062999999999998
-9.4607 0.0019836
-9.4507 0.0021569
-9.4407 0.0023300000000000005
-9.4307 0.0025041
-9.4207 0.002664
-9.410699999999999 0.0028101999999999997
-9.4007 0.0029506999999999997
-9.390699999999999 0.0030902000000000004
-9.380700000000001 0.0032137
-9.3707 0.003324
-9.3607 0.0034223
-9.3507 0.0035175000000000002
-9.3407 0.0035917
-9.3307 0.0036788
-9.320699999999999 0.0037478
-9.3107 0.0038288999999999997
-9.300699999999999 0.0038959
-9.290700000000001 0.0039778999999999995
-9.2807 0.004052999999999999
-9.2707 0.00415
-9.2607 0.0042351
-9.2507 0.0043322000000000005
-9.2407 0.0044394
-9.230699999999999 0.0045565
-9.2207 0.0046527
-9.2107 0.0047688999999999995
-9.2007 0.0048731
-9.1907 0.0049672
-9.1807 0.0050583
-9.1707 0.0051494
-9.160699999999999 0.0052174
-9.1507 0.0052833
-9.140699999999999 0.005327200000000001
-9.130700000000001 0.005349
-9.1207 0.0053687000000000006
-9.1107 0.005367500000000001
-9.1007 0.0053632
-9.0907 0.005329
-9.0807 0.0053048
-9.070699999999999 0.0052598
-9.0607 0.0052258
-9.050699999999999 0.005183
-9.040700000000001 0.0051513
-9.0307 0.0051219
-9.0207 0.0050846
-9.0107 0.0050816
-9.0007 0.0050808
-8.9907 0.0050842
-8.980699999999999 0.0051008
-8.9707 0.005140700000000001
-8.9607 0.0051757
-8.9507 0.005244800000000001
-8.9407 0.0053081
-8.9307 0.005385599999999999
-8.9207 0.0054762000000000005
-8.910699999999999 0.005571
-8.9007 0.005680999999999999
-8.890699999999999 0.0057940000000000005
-8.880700000000001 0.00592
-8.8707 0.00605
-8.8607 0.006203000000000001
-8.8507 0.006349
-8.8407 0.006505
-8.8307 0.006676
-8.820699999999999 0.006836999999999999
-8.8107 0.0070279999999999995
-8.800699999999999 0.00719
-8.790700000000001 0.007360000000000001
-8.7807 0.00754
-8.7707 0.007686
-8.7607 0.007861
-8.7507 0.007991
-8.7407 0.008139
-8.730699999999999 0.008251
-8.7207 0.008358
-8.7107 0.008463
-8.7007 0.008526
-8.6907 0.008576
-8.6807 0.008626
-8.6707 0.008632999999999998
-8.660699999999999 0.008649
-8.6507 0.008634
-8.640699999999999 0.008608000000000001
-8.630700000000001 0.00856
-8.6207 0.008503
-8.6107 0.008445000000000001
-8.6007 0.008346000000000001
-8.5907 0.008256000000000001
-8.5807 0.008135
-8.570699999999999 0.008035999999999998
-8.5607 0.007909
-8.550699999999999 0.0077789999999999995
-8.540700000000001 0.007637
-8.5307 0.007492
-8.5207 0.007345999999999999
-8.5107 0.007189999999999999
-8.5007 0.0070209999999999995
-8.4907 0.006862
-8.480699999999999 0.006692999999999999
-8.4707 0.006529999999999999
-8.4607 0.006348000000000001
-8.4507 0.006170999999999999
-8.4407 0.005995
-8.4307 0.005825
-8.4207 0.005647
-8.410699999999999 0.005481000000000001
-8.4007 0.005299
-8.390699999999999 0.005137
-8.380700000000001 0.004967999999999999
-8.3707 0.0047940000000000005
-8.3607 0.004634
-8.3507 0.004479
-8.3407 0.004318000000000001
-8.3307 0.0041719999999999995
-8.320699999999999 0.0040318
-8.3107 0.0038983
-8.300699999999999 0.0037691
-8.290700000000001 0.003649
-8.2807 0.0035442
-8.2707 0.0034576
-8.2607 0.0033783
-8.2507 0.0033073
-8.2407 0.0032547
-8.230699999999999 0.0032144
-8.2207 0.0031884
-8.2107 0.0031738
-8.2007 0.0031725
-8.1907 0.0031805
-8.1807 0.0031968
-8.1707 0.0032193
-8.160699999999999 0.0032449
-8.1507 0.0032757
-8.140699999999999 0.0033036
-8.130700000000001 0.0033284
-8.1207 0.0033493000000000004
-8.1107 0.0033620000000000004
-8.1007 0.0033657
-8.0907 0.0033591
-8.0807 0.0033413999999999996
-8.070699999999999 0.0033104
-8.0607 0.0032661
-8.050699999999999 0.0032116
-8.040700000000001 0.0031438999999999994
-8.0307 0.0030637999999999998
-8.0207 0.0029726
-8.0107 0.002871
-8.0007 0.0027622
-7.9906999999999995 0.0026433
-7.9807 0.0025221
-7.9707 0.0023937999999999997
-7.9607 0.0022624999999999998
-7.950699999999999 0.0021341000000000003
-7.9407 0.0020028
-7.9307 0.0018776
-7.9207 0.0017546000000000003
-7.910699999999999 0.0016398
-7.9007 0.0015314
-7.8907 0.0014344000000000002
-7.8807 0.0013478
-7.870699999999999 0.0012738
-7.8607 0.0012129999999999999
-7.8507 0.0011671000000000001
-7.8407 0.0011353
-7.8307 0.0011207
-7.8206999999999995 0.0011191
-7.8107 0.0011324
-7.8007 0.0011574
-7.7907 0.0011920000000000001
-7.7806999999999995 0.0012389
-7.7707 0.0012928
-7.7607 0.0013506999999999998
-7.7507 0.0014140000000000001
-7.7406999999999995 0.001477
-7.7307 0.0015409999999999998
-7.7207 0.001599
-7.7107 0.001653
-7.700699999999999 0.0017
-7.6907 0.001737
-7.6807 0.001765
-7.6707 0.001786
-7.660699999999999 0.0017950000000000002
-7.6507 0.001794
-7.6407 0.001782
-7.6307 0.001765
-7.620699999999999 0.0017380000000000002
-7.6107 0.0017069999999999998
-7.6007 0.001673
-7.5907 0.001637
-7.5807 0.001603
-7.5706999999999995 0.001573
-7.5607 0.001549
-7.5507 0.001533
-7.5407 0.001529
-7.5306999999999995 0.001537
-7.5207 0.001561
-7.5107 0.0015990000000000002
-7.5007 0.0016550000000000002
-7.4906999999999995 0.00173
-7.4807 0.0018220000000000003
-7.4707 0.001931
-7.4607 0.002058
-7.450699999999999 0.002196
-7.4407 0.00235
-7.4307 0.0025120000000000003
-7.4207 0.0026799999999999997
-7.410699999999999 0.0028539999999999998
-7.4007 0.003024
-7.3907 0.003192
-7.3807 0.0033510000000000002
-7.370699999999999 0.0035
-7.3607 0.003635
-7.3507 0.003759
-7.3407 0.003852
-7.3307 0.003935
-7.3206999999999995 0.004004
-7.3107 0.004055
-7.3007 0.004085
-7.2907 0.0041080000000000005
-7.2806999999999995 0.0041270000000000005
-7.2707 0.004134
-7.2607 0.004144999999999999
-7.2507 0.004157
-7.2406999999999995 0.0041800000000000006
-7.2307 0.004218
-7.2207 0.004271
-7.2107 0.0043479999999999994
-7.200699999999999 0.004439
-7.1907 0.004562
-7.1807 0.004716
-7.1707 0.0048980000000000004
-7.160699999999999 0.005095000000000001
-7.1507 0.0053170000000000005
-7.1407 0.005566
-7.1307 0.00584
-7.120699999999999 0.006142
-7.1107 0.0064399999999999995
-7.1007 0.006755
-7.0907 0.0070739999999999996
-7.0807 0.007405
-7.0706999999999995 0.007738999999999999
-7.0607 0.008076999999999999
-7.0507 0.008403
-7.0407 0.008719
-7.0306999999999995 0.009036
-7.0207 0.00932
-7.0107 0.009607
-7.0007 0.009873
-6.9906999999999995 0.010100000000000001
-6.9807 0.010336
-6.9707 0.010540999999999998
-6.9607 0.010726
-6.950699999999999 0.010861
-6.9407 0.010996
-6.9307 0.011100000000000002
-6.9207 0.011174
-6.910699999999999 0.01124
-6.9007 0.011279999999999998
-6.8907 0.01129
-6.8807 0.01129
-6.870699999999999 0.01129
-6.8607 0.011260000000000001
-6.8507 0.01124
-6.8407 0.0112
-6.8307 0.01116
-6.8206999999999995 0.011130000000000001
-6.8107 0.011099999999999999
-6.8007 0.011069999999999998
-6.7907 0.01105
-6.7806999999999995 0.011040000000000001
-6.7707 0.011020000000000002
-6.7607 0.011020000000000002
-6.7507 0.01102
-6.7406999999999995 0.01103
-6.7307 0.01104
-6.7207 0.01104
-6.7107 0.01105
-6.700699999999999 0.01108
-6.6907 0.0111
-6.6807 0.0111
-6.6707 0.01113
-6.660699999999999 0.01115
-6.6507 0.011179999999999999
-6.6407 0.01121
-6.6307 0.011250000000000001
-6.620699999999999 0.01132
-6.6107 0.011380000000000001
-6.6007 0.01148
-6.5907 0.01157
-6.5807 0.01171
-6.5706999999999995 0.01182
-6.5607 0.012
-6.5507 0.01219
-6.5407 0.0124
-6.5306999999999995 0.012610000000000001
-6.5207 0.01284
-6.5107 0.01307
-6.5007 0.01332
-6.4906999999999995 0.013580000000000002
-6.4807 0.013799999999999998
-6.4707 0.014060000000000001
-6.4607 0.01427
-6.450699999999999 0.01448
-6.4407 0.014669999999999999
-6.4307 0.014839999999999999
-6.4207 0.015000000000000001
-6.410699999999999 0.015129999999999998
-6.4007 0.01522
-6.3907 0.015309999999999999
-6.3807 0.015349999999999997
-6.370699999999999 0.01538
-6.3607 0.0154
-6.3507 0.015369999999999998
-6.3407 0.015350000000000003
-6.3307 0.015290000000000002
-6.3206999999999995 0.015209999999999998
-6.3107 0.015099999999999999
-6.3007 0.015000000000000001
-6.2907 0.01486
-6.2806999999999995 0.01472
-6.2707 0.01457
-6.2607 0.0144
-6.2507 0.01423
-6.2406999999999995 0.01405
-6.2307 0.01386
-6.2207 0.013659999999999999
-6.2107 0.01345
-6.200699999999999 0.01325
-6.1907 0.01304
-6.1807 0.01285
-6.1707 0.01264
-6.160699999999999 0.012440000000000001
-6.1507 0.01224
-6.1407 0.012039999999999999
-6.1307 0.011850000000000001
-6.120699999999999 0.01165
-6.1107 0.011470000000000001
-6.1007 0.011279999999999998
-6.0907 0.011099999999999999
-6.0807 0.010929999999999999
-6.0706999999999995 0.01078
-6.0607 0.010620000000000001
-6.0507 0.01047
-6.0407 0.01036
-6.0306999999999995 0.01022
-6.0207 0.010079999999999999
-6.0107 0.00998
-6.0007 0.00988
-5.9906999999999995 0.00979
-5.9807 0.00971
-5.9707 0.00964
-5.9607 0.00958
-5.950699999999999 0.00952
-5.9407 0.00949
-5.9307 0.009439999999999999
-5.9207 0.009410000000000002
-5.910699999999999 0.0094
-5.9007 0.0094
-5.8907 0.00938
-5.8807 0.00938
-5.870699999999999 0.009389999999999999
-5.8607 0.0094
-5.8507 0.00942
-5.8407 0.00944
-5.8307 0.00947
-5.8206999999999995 0.00949
-5.8107 0.00952
-5.8007 0.00955
-5.7907 0.009559999999999999
-5.7806999999999995 0.009579999999999998
-5.7707 0.009600000000000001
-5.7607 0.00962
-5.7507 0.009659999999999998
-5.7406999999999995 0.009669999999999998
-5.7307 0.009710000000000002
-5.7207 0.00973
-5.7107 0.00976
-5.700699999999999 0.00979
-5.6907 0.009840000000000002
-5.6807 0.009880000000000002
-5.6707 0.009940000000000001
-5.660699999999999 0.01001
-5.6507 0.01007
-5.6407 0.01015
-5.6307 0.01023
-5.620699999999999 0.01031
-5.6107 0.01038
-5.6007 0.01044
-5.5907 0.010509999999999999
-5.5807 0.010570000000000001
-5.5707 0.010629999999999999
-5.560700000000001 0.01067
-5.550699999999999 0.010700000000000001
-5.540699999999999 0.01073
-5.5306999999999995 0.01074
-5.5207 0.01076
-5.5107 0.01076
-5.5007 0.01077
-5.4907 0.010750000000000001
-5.480700000000001 0.01076
-5.470699999999999 0.01076
-5.460699999999999 0.01078
-5.450699999999999 0.010790000000000001
-5.4407 0.01082
-5.4307 0.01087
-5.4207 0.01094
-5.4107 0.011
-5.4007000000000005 0.011090000000000001
-5.390699999999999 0.01121
-5.380699999999999 0.01132
-5.370699999999999 0.011449999999999998
-5.3607 0.011600000000000001
-5.3507 0.011729999999999999
-5.3407 0.011890000000000001
-5.3307 0.01205
-5.3207 0.01221
-5.310700000000001 0.01236
-5.300699999999999 0.01252
-5.290699999999999 0.012680000000000002
-5.2806999999999995 0.012839999999999999
-5.2707 0.01296
-5.2607 0.013119999999999998
-5.2507 0.01324
-5.2407 0.013379999999999998
-5.230700000000001 0.013500000000000002
-5.220699999999999 0.0136
-5.210699999999999 0.013689999999999999
-5.200699999999999 0.01378
-5.1907 0.01386
-5.1807 0.013900000000000001
-5.1707 0.013949999999999997
-5.1607 0.01396
-5.1507000000000005 0.01397
-5.140699999999999 0.01395
-5.130699999999999 0.01395
-5.120699999999999 0.013889999999999998
-5.1107 0.013829999999999999
-5.1007 0.01375
-5.0907 0.013659999999999999
-5.0807 0.01356
-5.0707 0.01345
-5.060700000000001 0.013340000000000001
-5.050699999999999 0.01323
-5.040699999999999 0.0131
-5.0306999999999995 0.012989999999999998
-5.0207 0.01289
-5.0107 0.01278
-5.0007 0.01268
-4.9907 0.012580000000000001
-4.980700000000001 0.012499999999999999
-4.970699999999999 0.01242
-4.960699999999999 0.012350000000000002
-4.950699999999999 0.01228
-4.9407 0.012200000000000003
-4.9307 0.012159999999999999
-4.9207 0.012100000000000001
-4.9107 0.012029999999999999
-4.9007000000000005 0.011970000000000001
-4.890699999999999 0.011909999999999999
-4.880699999999999 0.011850000000000001
-4.870699999999999 0.011779999999999999
-4.8607 0.011729999999999999
-4.8507 0.01166
-4.8407 0.011600000000000001
-4.8307 0.01153
-4.8207 0.01147
-4.810700000000001 0.011419999999999998
-4.800699999999999 0.01136
-4.790699999999999 0.011309999999999999
-4.7806999999999995 0.01127
-4.7707 0.011229999999999999
-4.7607 0.01117
-4.7507 0.01115
-4.7407 0.01113
-4.730700000000001 0.0111
-4.720699999999999 0.01108
-4.710699999999999 0.011049999999999999
-4.700699999999999 0.011040000000000001
-4.6907 0.01101
-4.6807 0.01101
-4.6707 0.01098
-4.6607 0.01097
-4.6507000000000005 0.010969999999999999
-4.640699999999999 0.01096
-4.630699999999999 0.010940000000000002
-4.620699999999999 0.010960000000000001
-4.6107 0.01096
-4.6007 0.01097
-4.5907 0.01099
-4.5807 0.011040000000000001
-4.5707 0.01109
-4.560700000000001 0.01114
-4.550699999999999 0.01121
-4.540699999999999 0.01129
-4.5306999999999995 0.011389999999999999
-4.5207 0.01148
-4.5107 0.011600000000000001
-4.5007 0.01172
-4.4907 0.01183
-4.480700000000001 0.011949999999999999
-4.470699999999999 0.01208
-4.460699999999999 0.012190000000000001
-4.450699999999999 0.012310000000000001
-4.4407 0.01243
-4.4307 0.01253
-4.4207 0.01261
-4.4107 0.01269
-4.4007000000000005 0.012770000000000002
-4.390699999999999 0.012850000000000002
-4.380699999999999 0.012929999999999999
-4.370699999999999 0.01297
-4.3607 0.01304
-4.3507 0.01311
-4.3407 0.01319
-4.3307 0.01325
-4.3207 0.013330000000000002
-4.310700000000001 0.01342
-4.300699999999999 0.013540000000000002
-4.290699999999999 0.01365
-4.2806999999999995 0.013769999999999998
-4.2707 0.0139
-4.2607 0.01406
-4.2507 0.01423
-4.2407 0.014410000000000001
-4.230700000000001 0.01458
-4.220699999999999 0.014770000000000002
-4.210699999999999 0.01496
-4.200699999999999 0.015160000000000002
-4.1907 0.01537
-4.1807 0.01558
-4.1707 0.01578
-4.1607 0.016
-4.1507000000000005 0.01622
-4.140699999999999 0.01643
-4.130699999999999 0.016649999999999998
-4.120699999999999 0.01686
-4.1107 0.0171
-4.1007 0.01733
-4.0907 0.01756
-4.0807 0.01781
-4.0707 0.01806
-4.060700000000001 0.01833
-4.050699999999999 0.01861
-4.040699999999999 0.01889
-4.0306999999999995 0.019200000000000002
-4.0207 0.01951
-4.0107 0.01985
-4.0007 0.02018
-3.9907000000000004 0.02052
-3.9807000000000006 0.020880000000000003
-3.970699999999999 0.02125
-3.960699999999999 0.02164
-3.9506999999999994 0.02203
-3.9406999999999996 0.02243
-3.9307 0.02282
-3.9207 0.02323
-3.9107000000000003 0.023629999999999998
-3.9007000000000005 0.02407
-3.890699999999999 0.02449
-3.880699999999999 0.02492
-3.8706999999999994 0.02538
-3.8606999999999996 0.025820000000000003
-3.8507 0.02625
-3.8407 0.02671
-3.8307 0.027149999999999997
-3.8207000000000004 0.02763
-3.8107000000000006 0.02807
-3.800699999999999 0.02854
-3.7906999999999993 0.02899
-3.7806999999999995 0.02941
-3.7706999999999997 0.029860000000000005
-3.7607 0.03026
-3.7507 0.03066
-3.7407000000000004 0.03105
-3.7307000000000006 0.031389999999999994
-3.720699999999999 0.03172
-3.710699999999999 0.032010000000000004
-3.7006999999999994 0.03228
-3.6906999999999996 0.03252
-3.6807 0.03272
-3.6707 0.03288
-3.6607000000000003 0.03301
-3.6507000000000005 0.0331
-3.640699999999999 0.033150000000000006
-3.630699999999999 0.03318
-3.6206999999999994 0.03316
-3.6106999999999996 0.03311
-3.6007 0.03303
-3.5907 0.03291
-3.5807 0.03277
-3.5707000000000004 0.03258
-3.5607000000000006 0.03236
-3.550699999999999 0.032119999999999996
-3.5406999999999993 0.03185
-3.5306999999999995 0.03155
-3.5206999999999997 0.0312
-3.5107 0.030830000000000003
-3.5007 0.03044
-3.4907000000000004 0.03
-3.4807000000000006 0.02953
-3.470699999999999 0.029040000000000003
-3.460699999999999 0.02852
-3.4506999999999994 0.02799
-3.4406999999999996 0.02741
-3.4307 0.02682
-3.4207 0.026209999999999997
-3.4107000000000003 0.02559
-3.4007000000000005 0.02494
-3.390699999999999 0.024300000000000002
-3.380699999999999 0.023639999999999998
-3.3706999999999994 0.02298
-3.3606999999999996 0.02231
-3.3507 0.021629999999999996
-3.3407 0.02098
-3.3307 0.02031
-3.3207000000000004 0.01965
-3.3107000000000006 0.01899
-3.300699999999999 0.01836
-3.2906999999999993 0.01772
-3.2806999999999995 0.01711
-3.2706999999999997 0.0165
-3.2607 0.01592
-3.2507 0.015369999999999998
-3.2407000000000004 0.01482
-3.2307000000000006 0.01431
-3.220699999999999 0.01382
-3.210699999999999 0.01336
-3.2006999999999994 0.012929999999999999
-3.1906999999999996 0.01251
-3.1807 0.01214
-3.1707 0.01176
-3.1607000000000003 0.01145
-3.1507000000000005 0.01112
-3.140699999999999 0.010835000000000001
-3.130699999999999 0.010548
-3.1206999999999994 0.010284
-3.1106999999999996 0.010044
-3.1007 0.009798000000000001
-3.0907 0.009575
-3.0807 0.009346
-3.0707000000000004 0.009139
-3.0607000000000006 0.008946
-3.050699999999999 0.008755
-3.0406999999999993 0.008557
-3.0306999999999995 0.008381
-3.0206999999999997 0.008217
-3.0107 0.008043999999999999
-3.0007 0.007882
-2.9907000000000004 0.00771
-2.9807000000000006 0.007538
-2.970699999999999 0.007376
-2.960699999999999 0.007222999999999999
-2.9506999999999994 0.0070480000000000004
-2.9406999999999996 0.006861999999999999
-2.9307 0.006702999999999999
-2.9207 0.006507999999999999
-2.9107000000000003 0.006324000000000001
-2.9007000000000005 0.006132
-2.890699999999999 0.005945
-2.880699999999999 0.005759
-2.8706999999999994 0.005566
-2.8606999999999996 0.005378
-2.8507 0.0052049999999999996
-2.8407 0.005038
-2.8307 0.004881
-2.8207000000000004 0.004737000000000001
-2.8107000000000006 0.004608
-2.800699999999999 0.004494
-2.7906999999999993 0.004397
-2.7806999999999995 0.004316
-2.7706999999999997 0.004254
-2.7607 0.004207
-2.7507 0.004176
-2.7407000000000004 0.0041589999999999995
-2.7307000000000006 0.004156
-2.720699999999999 0.004164999999999999
-2.710699999999999 0.004183
-2.7006999999999994 0.0042060000000000005
-2.6906999999999996 0.0042369999999999994
-2.6807 0.004271
-2.6707 0.004307
-2.6607000000000003 0.004343
-2.6507000000000005 0.004378
-2.640699999999999 0.004409
-2.630699999999999 0.004438
-2.6206999999999994 0.004461
-2.6106999999999996 0.004479
-2.6007 0.004493
-2.5907 0.004501
-2.5807 0.004504
-2.5707000000000004 0.004502
-2.5607000000000006 0.0044930000000000005
-2.550699999999999 0.004483999999999999
-2.5406999999999993 0.00447
-2.5306999999999995 0.004455
-2.5206999999999997 0.004436
-2.5107 0.004416
-2.5007 0.004393
-2.4907000000000004 0.004370000000000001
-2.4807000000000006 0.004347
-2.470699999999999 0.004322
-2.460699999999999 0.004299000000000001
-2.4506999999999994 0.004273
-2.4406999999999996 0.004248
-2.4307 0.004225
-2.4207 0.004199
-2.4107000000000003 0.004176
-2.4007000000000005 0.004156
-2.390699999999999 0.004135000000000001
-2.380699999999999 0.004116
-2.3706999999999994 0.004097999999999999
-2.3606999999999996 0.0040820000000000006
-2.3507 0.0040680000000000004
-2.3407 0.0040539999999999994
-2.3307 0.0040409999999999995
-2.3207000000000004 0.004028
-2.3107000000000006 0.004014
-2.300699999999999 0.003999
-2.2906999999999993 0.003981
-2.2806999999999995 0.003960999999999999
-2.2706999999999997 0.003938
-2.2607 0.003909
-2.2507 0.003876
-2.2407000000000004 0.003837
-2.2307000000000006 0.0037939999999999996
-2.220699999999999 0.003742
-2.210699999999999 0.0036869999999999997
-2.2006999999999994 0.003626
-2.1906999999999996 0.003559
-2.1807 0.003488
-2.1707 0.0034109999999999995
-2.1607000000000003 0.003333
-2.1507000000000005 0.00325
-2.140699999999999 0.003164
-2.130699999999999 0.003076
-2.1206999999999994 0.0029869999999999996
-2.1106999999999996 0.002897
-2.1007 0.002805
-2.0907 0.00271
-2.0807 0.0026170000000000004
-2.0707000000000004 0.0025199999999999997
-2.0607000000000006 0.002424
-2.050699999999999 0.002327
-2.0406999999999993 0.002229
-2.0306999999999995 0.002131
-2.0206999999999997 0.0020340000000000002
-2.0107 0.001936
-2.0007 0.0018380000000000002
-1.9907000000000004 0.001743
-1.9807000000000006 0.0016479999999999997
-1.970699999999999 0.001557
-1.9606999999999992 0.0014700000000000002
-1.9506999999999994 0.001386
-1.9406999999999996 0.0013059999999999999
-1.9306999999999999 0.0012316
-1.9207 0.0011638
-1.9107000000000003 0.0011013
-1.9007000000000005 0.0010454
-1.890699999999999 0.0009975
-1.8806999999999992 0.0009569
-1.8706999999999994 0.0009235999999999999
-1.8606999999999996 0.0008975
-1.8506999999999998 0.0008784999999999999
-1.8407 0.0008657
-1.8307000000000002 0.0008589
-1.8207000000000004 0.000857
-1.8107000000000006 0.00086
-1.800699999999999 0.0008665999999999999
-1.7906999999999993 0.0008772000000000001
-1.7806999999999995 0.0008887999999999999
-1.7706999999999997 0.000902
-1.7607 0.0009153
-1.7507000000000001 0.0009258
-1.7407000000000004 0.0009352
-1.7307000000000006 0.0009404
-1.720699999999999 0.0009423999999999999
-1.7106999999999992 0.0009389000000000001
-1.7006999999999994 0.000931
-1.6906999999999996 0.0009164
-1.6806999999999999 0.0008974999999999999
-1.6707 0.000871
-1.6607000000000003 0.0008409
-1.6507000000000005 0.0008045
-1.640699999999999 0.0007626
-1.6306999999999992 0.0007196
-1.6206999999999994 0.000672
-1.6106999999999996 0.0006215999999999999
-1.6006999999999998 0.00057
-1.5907 0.0005184
-1.5807000000000002 0.0004673
-1.5707000000000004 0.0004168
-1.5607000000000006 0.0003684
-1.550699999999999 0.00032260000000000004
-1.5406999999999993 0.0002797
-1.5306999999999995 0.00024076
-1.5206999999999997 0.00020501000000000002
-1.5107 0.00017271
-1.5007000000000001 0.00014415
-1.4907000000000004 0.00011917000000000001
-1.4807000000000006 9.752000000000001e-05
-1.470699999999999 7.903000000000001e-05
-1.4606999999999992 6.33e-05
-1.4506999999999994 5.03e-05
-1.4406999999999996 3.955e-05
-1.4306999999999999 3.076e-05
-1.4207 2.3669999999999995e-05
-1.4107000000000003 1.8032000000000003e-05
-1.4007000000000005 1.3611e-05
-1.390699999999999 1.0155e-05
-1.3806999999999992 7.5090000000000004e-06
-1.3706999999999994 5.49e-06
-1.3606999999999996 3.973e-06
-1.3506999999999998 2.844e-06
-1.3407 2.0155e-06
-1.3307000000000002 1.4133e-06
-1.3207000000000004 9.817e-07
-1.3107000000000006 6.735e-07
-1.300699999999999 4.5749999999999996e-07
-1.2906999999999993 3.08e-07
-1.2806999999999995 2.0483000000000002e-07
-1.2706999999999997 1.3486e-07
-1.2607 8.791e-08
-1.2507000000000001 5.663e-08
-1.2407000000000004 3.61e-08
-1.2307000000000006 2.2814e-08
-1.220699999999999 1.4233e-08
-1.2106999999999992 8.782e-09
-1.2006999999999994 5.374000000000001e-09
-1.1906999999999996 3.2530000000000002e-09
-1.1806999999999999 1.9461e-09
-1.1707 1.1528e-09
-1.1607000000000003 6.752e-10
-1.1507000000000005 3.917e-10
-1.140699999999999 2.2436000000000001e-10
-1.1306999999999992 1.2734e-10
-1.1206999999999994 7.147e-11
-1.1106999999999996 3.972e-11
-1.1006999999999998 2.1811e-11
-1.0907 1.1852e-11
-1.0807000000000002 6.384e-12
-1.0707000000000004 3.39e-12
-1.0607000000000006 1.7848e-12
-1.050699999999999 9.294e-13
-1.0406999999999993 4.79e-13
-1.0306999999999995 2.4401e-13
-1.0206999999999997 1.23e-13
-1.0107 6.127999999999999e-14
-1.0007000000000001 3.0289999999999996e-14
-0.9907000000000004 1.4661e-14
-0.9807000000000006 6.9429999999999994e-15
-0.970699999999999 2.8454e-15
-0.9606999999999992 5.736e-16
-0.9506999999999994 0.0
-0.9406999999999996 0.0
-0.9306999999999999 0.0
-0.9207000000000001 0.0
-0.9107000000000003 0.0
-0.9007000000000005 0.0
-0.8906999999999989 0.0
-0.8806999999999992 0.0
-0.8706999999999994 0.0
-0.8606999999999996 0.0
-0.8506999999999998 0.0
-0.8407 0.0
-0.8307000000000002 0.0
-0.8207000000000004 0.0
-0.8107000000000006 0.0
-0.8006999999999991 0.0
-0.7906999999999993 0.0
-0.7806999999999995 0.0
-0.7706999999999997 0.0
-0.7606999999999999 0.0
-0.7507000000000001 0.0
-0.7407000000000004 0.0
-0.7307000000000006 0.0
-0.720699999999999 0.0
-0.7106999999999992 0.0
-0.7006999999999994 0.0
-0.6906999999999996 0.0
-0.6806999999999999 0.0
-0.6707000000000001 0.0
-0.6607000000000003 0.0
-0.6507000000000005 0.0
-0.6406999999999989 0.0
-0.6306999999999992 0.0
-0.6206999999999994 3.967e-17
-0.6106999999999996 4.908e-16
-0.6006999999999998 1.5771000000000003e-15
-0.5907 3.843e-15
-0.5807000000000002 7.972000000000001e-15
-0.5707000000000004 1.6279e-14
-0.5607000000000006 3.2900000000000004e-14
-0.5506999999999991 6.582e-14
-0.5406999999999993 1.3011e-13
-0.5306999999999995 2.544e-13
-0.5206999999999997 4.934e-13
-0.5106999999999999 9.437e-13
-0.5007000000000001 1.7878000000000001e-12
-0.49070000000000036 3.3509999999999998e-12
-0.48070000000000057 6.2129999999999995e-12
-0.470699999999999 1.1396e-11
-0.4606999999999992 2.069e-11
-0.45069999999999943 3.7160000000000004e-11
-0.44069999999999965 6.602e-11
-0.43069999999999986 1.1604999999999999e-10
-0.4207000000000001 2.0167e-10
-0.4107000000000003 3.4749999999999994e-10
-0.4007000000000005 5.909e-10
-0.39069999999999894 9.953999999999999e-10
-0.38069999999999915 1.6574e-09
-0.37069999999999936 2.7349999999999998e-09
-0.3606999999999996 4.457e-09
-0.3506999999999998 7.2009999999999994e-09
-0.3407 1.1500000000000002e-08
-0.3307000000000002 1.8182e-08
-0.32070000000000043 2.8459999999999998e-08
-0.31070000000000064 4.4009999999999995e-08
-0.3006999999999991 6.725e-08
-0.2906999999999993 1.0203999999999999e-07
-0.2806999999999995 1.5294999999999998e-07
-0.2706999999999997 2.268e-07
-0.26069999999999993 3.3349999999999996e-07
-0.25070000000000014 4.831e-07
-0.24070000000000036 6.962e-07
-0.23070000000000057 9.894e-07
-0.220699999999999 1.3924e-06
-0.21069999999999922 1.9406e-06
-0.20069999999999943 2.6760000000000003e-06
-0.19069999999999965 3.654e-06
-0.18069999999999986 4.935e-06
-0.17070000000000007 6.596e-06
-0.1607000000000003 8.728e-06
-0.1507000000000005 1.1449e-05
-0.14069999999999894 1.4858e-05
-0.13069999999999915 1.9075e-05
-0.12069999999999936 2.423e-05
-0.11069999999999958 3.059e-05
-0.10069999999999979 3.817e-05
-0.0907 4.724000000000001e-05
-0.08070000000000022 5.775999999999999e-05
-0.07070000000000043 6.996000000000001e-05
-0.06070000000000064 8.406999999999999e-05
-0.05069999999999908 0.00010011
-0.04069999999999929 0.00011821
-0.030699999999999505 0.00013846
-0.02069999999999972 0.00016062000000000004
-0.010699999999999932 0.0001848
-0.000700000000000145 0.00021099999999999998
0.009299999999999642 0.0002388
0.01929999999999943 0.00026869999999999997
0.029300000000000992 0.0002997
0.03930000000000078 0.00033180000000000004
0.049300000000000566 0.00036480000000000003
0.05930000000000035 0.00039910000000000005
0.06930000000000014 0.00043299999999999995
0.07929999999999993 0.00046869999999999995
0.08929999999999971 0.0005033
0.0992999999999995 0.0005377
0.10930000000000106 0.0005699
0.11930000000000085 0.000603
0.12930000000000064 0.0006336
0.13930000000000042 0.0006640000000000001
0.1493000000000002 0.0006939
0.1593 0.0007204
0.16929999999999978 0.0007465
0.17929999999999957 0.0007696000000000001
0.18929999999999936 0.0007914000000000002
0.19930000000000092 0.0008109999999999999
0.2093000000000007 0.0008306
0.2193000000000005 0.0008453
0.22930000000000028 0.0008599
0.23930000000000007 0.0008745999999999999
0.24929999999999986 0.0008853999999999999
0.25929999999999964 0.0008962000000000001
0.26929999999999943 0.0009061000000000001
0.279300000000001 0.0009171
0.2893000000000008 0.0009264
0.29930000000000057 0.0009357
0.30930000000000035 0.0009473999999999999
0.31930000000000014 0.0009582
0.3292999999999999 0.0009704
0.3392999999999997 0.0009838
0.3492999999999995 0.0009996
0.35930000000000106 0.0010165
0.36930000000000085 0.0010336
0.37930000000000064 0.0010528999999999998
0.3893000000000004 0.0010742999999999998
0.3993000000000002 0.0010958
0.4093 0.0011183
0.4192999999999998 0.0011388
0.42929999999999957 0.0011610000000000001
0.43929999999999936 0.0011819999999999999
0.4493000000000009 0.0012029
0.4593000000000007 0.0012192000000000001
0.4693000000000005 0.0012332
0.4793000000000003 0.0012439999999999999
0.48930000000000007 0.0012516
0.49929999999999986 0.0012540000000000001
0.5092999999999996 0.0012511999999999998
0.5192999999999994 0.0012452000000000001
0.529300000000001 0.0012349
0.5393000000000008 0.0012205000000000002
0.5493000000000006 0.0012000000000000001
0.5593000000000004 0.0011772
0.5693000000000001 0.0011494
0.5792999999999999 0.0011207
0.5892999999999997 0.0010877
0.5992999999999995 0.0010543000000000002
0.6093000000000011 0.0010208
0.6193000000000008 0.0009881
0.6293000000000006 0.0009555
0.6393000000000004 0.0009241
0.6493000000000002 0.0008958
0.6593 0.0008709000000000001
0.6692999999999998 0.0008466000000000001
0.6792999999999996 0.0008286
0.6892999999999994 0.0008132
0.6993000000000009 0.0008023
0.7093000000000007 0.0007951
0.7193000000000005 0.0007913999999999999
0.7293000000000003 0.0007903
0.7393000000000001 0.0007916
0.7492999999999999 0.0007967
0.7592999999999996 0.0008022
0.7692999999999994 0.0008070999999999999
0.779300000000001 0.0008153000000000001
0.7893000000000008 0.0008219
0.7993000000000006 0.0008299
0.8093000000000004 0.0008351
0.8193000000000001 0.0008395999999999999
0.8292999999999999 0.0008431
0.8392999999999997 0.0008438
0.8492999999999995 0.0008425999999999999
0.8593000000000011 0.0008384
0.8693000000000008 0.0008333
0.8793000000000006 0.0008271000000000001
0.8893000000000004 0.000818
0.8993000000000002 0.0008077999999999999
0.9093 0.0007955
0.9192999999999998 0.0007832000000000001
0.9292999999999996 0.0007706999999999999
0.9392999999999994 0.0007561000000000001
0.9493000000000009 0.0007423
0.9593000000000007 0.0007273000000000001
0.9693000000000005 0.0007121
0.9793000000000003 0.0006977
0.9893000000000001 0.0006831000000000001
0.9992999999999999 0.0006691000000000001
1.0092999999999996 0.0006552999999999999
1.0192999999999994 0.0006416999999999999
1.029300000000001 0.000629
1.0393000000000008 0.0006168000000000001
1.0493000000000006 0.0006064
1.0593000000000004 0.000596
1.0693000000000001 0.0005866
1.0793 0.0005798000000000001
1.0892999999999997 0.0005729999999999999
1.0992999999999995 0.0005679999999999999
1.109300000000001 0.000565
1.1193000000000008 0.0005647
1.1293000000000006 0.0005643
1.1393000000000004 0.0005674
1.1493000000000002 0.000571
1.1593 0.0005771
1.1692999999999998 0.0005844
1.1792999999999996 0.000592
1.1892999999999994 0.0006019
1.199300000000001 0.0006141
1.2093000000000007 0.0006255000000000001
1.2193000000000005 0.0006372
1.2293000000000003 0.0006489
1.2393 0.0006606
1.2492999999999999 0.0006745999999999999
1.2592999999999996 0.0006869
1.2692999999999994 0.0006984000000000001
1.279300000000001 0.0007091
1.2893000000000008 0.000719
1.2993000000000006 0.0007281
1.3093000000000004 0.0007352999999999999
1.3193000000000001 0.0007426
1.3293 0.0007468
1.3392999999999997 0.0007511
1.3492999999999995 0.0007522
1.359300000000001 0.0007509
1.3693000000000008 0.0007484
1.3793000000000006 0.0007425
1.3893000000000004 0.0007340000000000001
1.3993000000000002 0.0007221
1.4093 0.0007096
1.4192999999999998 0.0006935999999999999
1.4292999999999996 0.0006751999999999999
1.4392999999999994 0.0006558
1.449300000000001 0.0006332
1.4593000000000007 0.0006114
1.4693000000000005 0.0005898
1.4793000000000003 0.0005675999999999999
1.4893 0.0005486
1.4992999999999999 0.00053
1.5092999999999996 0.0005152000000000001
1.5192999999999994 0.0005037
1.529300000000001 0.0004971
1.5393000000000008 0.0004959
1.5493000000000006 0.0004998
1.5593000000000004 0.0005093
1.5693000000000001 0.0005241
1.5793 0.0005455
1.5892999999999997 0.0005723
1.5992999999999995 0.0006040999999999999
1.609300000000001 0.0006395999999999999
1.6193000000000008 0.0006787000000000001
1.6293000000000006 0.000722
1.6393000000000004 0.0007668999999999999
1.6493000000000002 0.000814
1.6593 0.00086
1.6692999999999998 0.0009080000000000001
1.6792999999999996 0.0009540000000000001
1.6892999999999994 0.000999
1.699300000000001 0.001042
1.7093000000000007 0.001082
1.7193000000000005 0.001124
1.7293000000000003 0.0011580000000000002
1.7393 0.001193
1.7492999999999999 0.0012259999999999999
1.7592999999999996 0.001258
1.7692999999999994 0.001285
1.779300000000001 0.001314
1.7893000000000008 0.0013399999999999998
1.7993000000000006 0.001365
1.8093000000000004 0.0013909999999999999
1.8193000000000001 0.0014160000000000002
1.8293 0.001441
1.8392999999999997 0.001466
1.8492999999999995 0.001488
1.859300000000001 0.0015119999999999999
1.8693000000000008 0.001536
1.8793000000000006 0.0015589999999999998
1.8893000000000004 0.00158
1.8993000000000002 0.001601
1.9093 0.001618
1.9192999999999998 0.0016369999999999998
1.9292999999999996 0.0016530000000000002
1.9392999999999994 0.001669
1.949300000000001 0.001682
1.9593000000000007 0.001692
1.9693000000000005 0.001701
1.9793000000000003 0.0017109999999999998
1.9893 0.001718
1.9992999999999999 0.001724
2.0092999999999996 0.001729
2.0192999999999994 0.001736
2.029300000000001 0.00174
2.039300000000001 0.0017449999999999998
2.0493000000000006 0.0017490000000000001
2.0593000000000004 0.001753
2.0693 0.0017589999999999997
2.0793 0.001764
2.0892999999999997 0.001767
2.0992999999999995 0.0017719999999999997
2.109300000000001 0.0017749999999999999
2.119300000000001 0.001777
2.1293000000000006 0.001778
2.1393000000000004 0.001778
2.1493 0.001776
2.1593 0.0017729999999999998
2.1693 0.0017649999999999999
2.1792999999999996 0.001759
2.1892999999999994 0.001748
2.199300000000001 0.001734
2.2093000000000007 0.00172
2.2193000000000005 0.001703
2.2293000000000003 0.0016849999999999999
2.2393 0.001666
2.2493 0.001644
2.2592999999999996 0.0016259999999999998
2.2692999999999994 0.0016059999999999998
2.279300000000001 0.001586
2.289300000000001 0.001568
2.2993000000000006 0.0015530000000000001
2.3093000000000004 0.001538
2.3193 0.0015249999999999999
2.3293 0.0015140000000000002
2.3392999999999997 0.001506
2.3492999999999995 0.0014999999999999998
2.359300000000001 0.001494
2.369300000000001 0.0014880000000000002
2.3793000000000006 0.001486
2.3893000000000004 0.001484
2.3993 0.00148
2.4093000000000018 0.001477
2.4193 0.0014689999999999998
2.4293000000000013 0.001462
2.4392999999999994 0.0014520000000000002
2.449300000000001 0.001439
2.459299999999999 0.001422
2.4693000000000005 0.001403
2.4792999999999985 0.001381
2.4893 0.001355
2.4993000000000016 0.001329
2.5092999999999996 0.0013
2.519300000000001 0.001269
2.529299999999999 0.0012380000000000002
2.539300000000001 0.001207
2.549299999999999 0.001178
2.5593000000000004 0.001149
2.569300000000002 0.001125
2.5793 0.0011
2.5893000000000015 0.001083
2.5992999999999995 0.001067
2.609300000000001 0.001056
2.619299999999999 0.001049
2.6293000000000006 0.001047
2.6392999999999986 0.001049
2.6493 0.001053
2.6593000000000018 0.001062
2.6693 0.001073
2.6793000000000013 0.001087
2.6892999999999994 0.001101
2.699300000000001 0.0011200000000000001
2.709299999999999 0.001136
2.7193000000000005 0.001155
2.7292999999999985 0.0011719999999999999
2.7393 0.001189
2.7493000000000016 0.001205
2.7592999999999996 0.00122
2.769300000000001 0.001235
2.779299999999999 0.0012499999999999998
2.789300000000001 0.0012640000000000001
2.799299999999999 0.001278
2.8093000000000004 0.001291
2.819300000000002 0.0013030000000000001
2.8293 0.0013180000000000002
2.8393000000000015 0.001336
2.8492999999999995 0.0013520000000000001
2.859300000000001 0.001373
2.869299999999999 0.001394
2.8793000000000006 0.001418
2.8892999999999986 0.001447
2.8993 0.001479
2.9093000000000018 0.001514
2.9193 0.0015510000000000003
2.9293000000000013 0.0015919999999999999
2.9392999999999994 0.0016339999999999998
2.949300000000001 0.001678
2.959299999999999 0.0017200000000000002
2.9693000000000005 0.0017660000000000002
2.9792999999999985 0.001807
2.9893 0.001844
2.9993000000000016 0.0018809999999999999
3.0092999999999996 0.0019110000000000002
3.019300000000001 0.001937
3.029299999999999 0.0019590000000000002
3.039300000000001 0.001975
3.049299999999999 0.001983
3.0593000000000004 0.001986
3.069300000000002 0.001982
3.0793 0.001973
3.0893000000000015 0.001959
3.0992999999999995 0.00194
3.109300000000001 0.0019179999999999998
3.119299999999999 0.0018930000000000002
3.1293000000000006 0.0018670000000000002
3.1392999999999986 0.0018379999999999998
3.1493 0.001811
3.1593000000000018 0.001783
3.1693 0.0017560000000000002
3.1793000000000013 0.001731
3.1892999999999994 0.001709
3.199300000000001 0.0016910000000000002
3.209299999999999 0.001674
3.2193000000000005 0.001663
3.2292999999999985 0.0016550000000000002
3.2393 0.0016530000000000002
3.2493000000000016 0.0016550000000000002
3.2592999999999996 0.001662
3.269300000000001 0.001673
3.279299999999999 0.001692
3.289300000000001 0.001714
3.299299999999999 0.001742
3.3093000000000004 0.0017779999999999998
3.319300000000002 0.001817
3.3293 0.001864
3.3393000000000015 0.001915
3.3492999999999995 0.00197
3.359300000000001 0.002032
3.369299999999999 0.002096
3.3793000000000006 0.002164
3.3892999999999986 0.002234
3.3993 0.002306
3.4093000000000018 0.0023799999999999997
3.4193 0.0024530000000000003
3.4293000000000013 0.002526
3.4392999999999994 0.002597
3.449300000000001 0.002665
3.459299999999999 0.002729
3.4693000000000005 0.0027890000000000002
3.4792999999999985 0.002843
3.4893 0.002893
3.4993000000000016 0.002937
3.5092999999999996 0.002973
3.519300000000001 0.003002
3.529299999999999 0.0030269999999999997
3.539300000000001 0.003043
3.549299999999999 0.0030549999999999996
3.5593000000000004 0.003063
3.569300000000002 0.003066
3.5793 0.0030640000000000003
3.5893000000000015 0.003059
3.5992999999999995 0.0030529999999999997
3.609300000000001 0.003047
3.619299999999999 0.003039
3.6293000000000006 0.003031
3.6392999999999986 0.0030269999999999997
3.6493 0.003023
3.6593000000000018 0.0030210000000000002
3.6693 0.003019
3.6793000000000013 0.00302
3.6892999999999994 0.0030220000000000004
3.699300000000001 0.0030239999999999998
3.709299999999999 0.003025
3.7193000000000005 0.0030239999999999998
3.7292999999999985 0.003024
3.7393 0.0030159999999999996
3.7493000000000016 0.003008
3.7592999999999996 0.0029930000000000004
3.769300000000001 0.002973
3.779299999999999 0.002948
3.789300000000001 0.002917
3.799299999999999 0.0028810000000000003
3.8093000000000004 0.002837
3.819300000000002 0.0027870000000000004
3.8293 0.002734
3.8393000000000015 0.002674
3.8492999999999995 0.002611
3.859300000000001 0.002544
3.869299999999999 0.002474
3.8793000000000006 0.002399
3.8892999999999986 0.002323
3.8993 0.002245
3.9093000000000018 0.002164
3.9193 0.002084
3.9293000000000013 0.002003
3.9392999999999994 0.00192
3.949300000000001 0.0018369999999999997
3.959299999999999 0.001753
3.9693000000000005 0.0016689999999999997
3.9792999999999985 0.0015860000000000002
3.9893 0.0015040000000000001
3.9993000000000016 0.001421
4.0093 0.001339
4.019300000000001 0.001259
4.029299999999999 0.001179
4.039300000000001 0.001102
4.049299999999999 0.001026
4.0593 0.0009519999999999999
4.069300000000002 0.0008810000000000001
4.0793 0.0008109999999999999
4.0893000000000015 0.000745
4.0992999999999995 0.000683
4.109300000000001 0.0006208
4.119299999999999 0.0005646000000000001
4.129300000000001 0.0005118
4.139299999999999 0.00046200000000000006
4.1493 0.0004155
4.159300000000002 0.0003725
4.1693 0.000333
4.179300000000001 0.0002966
4.189299999999999 0.0002633
4.199300000000001 0.00023309999999999997
4.209299999999999 0.0002057
4.2193000000000005 0.000181
4.2292999999999985 0.0001585
4.2393 0.0001387
4.249300000000002 0.0001207
4.2593 0.00010489999999999999
4.269300000000001 9.070000000000001e-05
4.279299999999999 7.82e-05
4.289300000000001 6.702e-05
4.299299999999999 5.7190000000000006e-05
4.3093 4.8610000000000004e-05
4.319300000000002 4.1120000000000006e-05
4.3293 3.457e-05
4.3393000000000015 2.89e-05
4.3492999999999995 2.4e-05
4.359300000000001 1.9810000000000002e-05
4.369299999999999 1.622e-05
4.379300000000001 1.3199999999999999e-05
4.389299999999999 1.066e-05
4.3993 8.53e-06
4.409300000000002 6.781e-06
4.4193 5.346e-06
4.429300000000001 4.168e-06
4.439299999999999 3.225e-06
4.449300000000001 2.4720000000000002e-06
4.459299999999999 1.878e-06
4.4693000000000005 1.4129999999999999e-06
4.4792999999999985 1.051e-06
4.4893 7.759000000000001e-07
4.499300000000002 5.667e-07
4.5093 4.101e-07
4.519300000000001 2.9350000000000003e-07
4.529299999999999 2.08e-07
4.539300000000001 1.4589999999999998e-07
4.549299999999999 1.0129999999999999e-07
4.5593 6.959e-08
4.569300000000002 4.73e-08
4.5793 3.1819999999999996e-08
4.5893000000000015 2.119e-08
4.5992999999999995 1.3959999999999999e-08
4.609300000000001 9.089999999999999e-09
4.619299999999999 5.869e-09
4.629300000000001 3.746e-09
