-23.6007 5.580000000000001e-07
-23.5907 3.668e-07
-23.5807 2.389e-07
-23.570700000000002 1.5419999999999996e-07
-23.5607 9.847999999999999e-08
-23.5507 6.228e-08
-23.5407 3.8900000000000004e-08
-23.5307 2.4090000000000003e-08
-23.520699999999998 1.475e-08
-23.5107 8.962e-09
-23.500700000000002 5.3779999999999994e-09
-23.4907 3.1950000000000002e-09
-23.4807 1.88e-09
-23.4707 1.0952000000000001e-09
-23.4607 6.291e-10
-23.450699999999998 3.594e-10
-23.4407 2.0280000000000001e-10
-23.4307 1.132e-10
-23.4207 6.259e-11
-23.4107 3.4229999999999994e-11
-23.4007 1.852e-11
-23.3907 9.914999999999999e-12
-23.380699999999997 5.263e-12
-23.3707 2.756e-12
-23.3607 1.4290000000000003e-12
-23.3507 7.353000000000001e-13
-23.3407 3.7179999999999994e-13
-23.3307 1.859e-13
-23.320700000000002 9.12e-14
-23.3107 4.384e-14
-23.3007 2.0829999999999998e-14
-23.2907 9.501000000000002e-15
-23.2807 4.282e-15
-23.270699999999998 1.1604e-15
-23.2607 5.129e-17
-23.250700000000002 0.0
-23.2407 0.0
-23.2307 0.0
-23.2207 0.0
-23.2107 0.0
-23.200699999999998 0.0
-23.1907 0.0
-23.1807 0.0
-23.1707 0.0
-23.1607 0.0
-23.1507 0.0
-23.1407 0.0
-23.130699999999997 0.0
-23.1207 0.0
-23.1107 0.0
-23.1007 0.0
-23.0907 0.0
-23.0807 0.0
-23.070700000000002 0.0
-23.0607 0.0
-23.0507 0.0
-23.0407 0.0
-23.0307 0.0
-23.020699999999998 0.0
-23.0107 0.0
-23.000700000000002 0.0
-22.9907 0.0
-22.9807 0.0
-22.9707 0.0
-22.9607 0.0
-22.950699999999998 0.0
-22.9407 0.0
-22.9307 0.0
-22.9207 0.0
-22.9107 0.0
-22.9007 0.0
-22.8907 0.0
-22.880699999999997 0.0
-22.8707 0.0
-22.8607 0.0
-22.8507 0.0
-22.8407 0.0
-22.8307 0.0
-22.820700000000002 0.0
-22.8107 0.0
-22.8007 0.0
-22.7907 0.0
-22.7807 0.0
-22.770699999999998 0.0
-22.7607 0.0
-22.750700000000002 0.0
-22.7407 0.0
-22.7307 0.0
-22.7207 0.0
-22.7107 0.0
-22.700699999999998 0.0
-22.6907 0.0
-22.6807 0.0
-22.6707 0.0
-22.6607 0.0
-22.6507 0.0
-22.6407 0.0
-22.630699999999997 0.0
-22.6207 0.0
-22.6107 0.0
-22.6007 0.0
-22.5907 0.0
-22.5807 0.0
-22.570700000000002 0.0
-22.5607 0.0
-22.5507 0.0
-22.5407 0.0
-22.5307 0.0
-22.520699999999998 0.0
-22.5107 0.0
-22.500700000000002 0.0
-22.4907 0.0
-22.4807 0.0
-22.4707 0.0
-22.4607 0.0
-22.450699999999998 0.0
-22.4407 0.0
-22.4307 0.0
-22.4207 0.0
-22.4107 0.0
-22.4007 0.0
-22.3907 0.0
-22.380699999999997 0.0
-22.3707 0.0
-22.3607 0.0
-22.3507 0.0
-22.3407 0.0
-22.3307 0.0
-22.320700000000002 0.0
-22.3107 0.0
-22.3007 0.0
-22.2907 0.0
-22.2807 0.0
-22.270699999999998 0.0
-22.2607 0.0
-22.250700000000002 0.0
-22.2407 0.0
-22.2307 0.0
-22.2207 0.0
-22.2107 0.0
-22.200699999999998 0.0
-22.1907 0.0
-22.1807 0.0
-22.1707 0.0
-22.1607 0.0
-22.1507 0.0
-22.1407 0.0
-22.130699999999997 0.0
-22.1207 0.0
-22.1107 0.0
-22.1007 0.0
-22.0907 0.0
-22.0807 0.0
-22.070700000000002 0.0
-22.0607 0.0
-22.0507 0.0
-22.0407 0.0
-22.0307 0.0
-22.020699999999998 0.0
-22.0107 0.0
-22.000700000000002 0.0
-21.9907 0.0
-21.9807 0.0
-21.9707 0.0
-21.9607 0.0
-21.950699999999998 0.0
-21.9407 0.0
-21.9307 0.0
-21.9207 0.0
-21.9107 0.0
-21.9007 0.0
-21.8907 0.0
-21.880699999999997 0.0
-21.8707 0.0
-21.8607 0.0
-21.8507 0.0
-21.8407 0.0
-21.8307 0.0
-21.820700000000002 0.0
-21.8107 0.0
-21.8007 0.0
-21.7907 0.0
-21.7807 0.0
-21.770699999999998 0.0
-21.7607 0.0
-21.750700000000002 0.0
-21.7407 0.0
-21.7307 0.0
-21.7207 0.0
-21.7107 0.0
-21.700699999999998 0.0
-21.6907 0.0
-21.6807 0.0
-21.6707 0.0
-21.6607 0.0
-21.6507 0.0
-21.6407 0.0
-21.630699999999997 0.0
-21.6207 0.0
-21.6107 0.0
-21.6007 0.0
-21.5907 0.0
-21.5807 0.0
-21.5707 0.0
-21.5607 2.644e-14
-21.5507 5.524e-14
-21.5407 1.6669999999999999e-13
-21.5307 3.432e-13
-21.520699999999998 7.002e-13
-21.5107 1.436e-12
-21.500700000000002 2.865e-12
-21.4907 5.6579999999999995e-12
-21.4807 1.1054e-11
-21.4707 2.1469999999999998e-11
-21.4607 4.1079999999999995e-11
-21.450699999999998 7.810999999999999e-11
-21.4407 1.463e-10
-21.4307 2.712e-10
-21.4207 4.972999999999999e-10
-21.4107 9.039e-10
-21.4007 1.6240000000000002e-09
-21.3907 2.8870000000000005e-09
-21.3807 5.076e-09
-21.3707 8.833e-09
-21.3607 1.5249999999999998e-08
-21.3507 2.5990000000000003e-08
-21.3407 4.394e-08
-21.3307 7.324e-08
-21.3207 1.2103e-07
-21.3107 1.979e-07
-21.3007 3.205e-07
-21.2907 5.131e-07
-21.2807 8.145000000000001e-07
-21.270699999999998 1.2796000000000002e-06
-21.2607 1.989e-06
-21.250700000000002 3.062e-06
-21.2407 4.658e-06
-21.2307 7.047e-06
-21.2207 1.0508999999999999e-05
-21.2107 1.554e-05
-21.200699999999998 2.2740000000000003e-05
-21.1907 3.3e-05
-21.1807 4.738e-05
-21.1707 6.745e-05
-21.1607 9.506e-05
-21.1507 0.00013272
-21.1407 0.0001836
-21.1307 0.0002516
-21.1207 0.0003416
-21.1107 0.0004598
-21.1007 0.0006135
-21.0907 0.000811
-21.0807 0.0010628999999999999
-21.0707 0.0013820000000000002
-21.0607 0.001778
-21.0507 0.002271
-21.0407 0.0028790000000000005
-21.0307 0.003618
-21.020699999999998 0.004504
-21.0107 0.005564
-21.000700000000002 0.0068260000000000005
-20.9907 0.008315999999999999
-20.9807 0.010012000000000002
-20.9707 0.011983
-20.9607 0.014252
-20.950699999999998 0.016767000000000004
-20.9407 0.0196
-20.9307 0.022719999999999997
-20.9207 0.02615
-20.9107 0.02983
-20.9007 0.033789999999999994
-20.8907 0.03796
-20.8807 0.042330000000000007
-20.8707 0.04682000000000001
-20.8607 0.05134
-20.8507 0.05599
-20.8407 0.06054
-20.8307 0.06498
-20.8207 0.0693
-20.8107 0.0734
-20.8007 0.07726999999999999
-20.7907 0.08092
-20.7807 0.08438
-20.770699999999998 0.08734
-20.7607 0.09012
-20.750700000000002 0.09282
-20.7407 0.09535
-20.7307 0.09772999999999998
-20.7207 0.10007
-20.7107 0.1025
-20.700699999999998 0.10511999999999999
-20.6907 0.10788
-20.6807 0.11077000000000001
-20.6707 0.11417999999999999
-20.6607 0.11762
-20.6507 0.1215
-20.6407 0.1255
-20.6307 0.12980000000000003
-20.6207 0.134
-20.6107 0.1383
-20.6007 0.1425
-20.5907 0.14650000000000002
-20.5807 0.1501
-20.5707 0.1534
-20.5607 0.1562
-20.5507 0.1585
-20.5407 0.1604
-20.5307 0.1616
-20.520699999999998 0.1623
-20.5107 0.1626
-20.500700000000002 0.16240000000000002
-20.4907 0.162
-20.4807 0.1614
-20.4707 0.1606
-20.4607 0.15990000000000001
-20.450699999999998 0.1594
-20.4407 0.1592
-20.4307 0.15940000000000001
-20.4207 0.16
-20.4107 0.1613
-20.4007 0.1629
-20.3907 0.16510000000000002
-20.3807 0.16779999999999998
-20.3707 0.171
-20.3607 0.1746
-20.3507 0.1784
-20.3407 0.18209999999999998
-20.3307 0.18620000000000003
-20.3207 0.1901
-20.3107 0.19379999999999997
-20.3007 0.1972
-20.2907 0.20020000000000004
-20.2807 0.20279999999999998
-20.270699999999998 0.2052
-20.2607 0.207
-20.250700000000002 0.2081
-20.2407 0.2089
-20.2307 0.2095
-20.2207 0.2096
-20.2107 0.20950000000000002
-20.200699999999998 0.2091
-20.1907 0.2087
-20.1807 0.208
-20.1707 0.20750000000000002
-20.1607 0.20709999999999998
-20.1507 0.20650000000000002
-20.1407 0.2062
-20.1307 0.20579999999999998
-20.1207 0.2056
-20.1107 0.20559999999999998
-20.1007 0.20550000000000002
-20.0907 0.2055
-20.0807 0.2056
-20.0707 0.20579999999999998
-20.0607 0.2062
-20.0507 0.2065
-20.0407 0.2069
-20.0307 0.2073
-20.020699999999998 0.2077
-20.0107 0.208
-20.000700000000002 0.2083
-19.9907 0.2082
-19.9807 0.20829999999999999
-19.9707 0.20799999999999996
-19.9607 0.20769999999999997
-19.950699999999998 0.2073
-19.9407 0.20629999999999998
-19.9307 0.20530000000000004
-19.9207 0.20389999999999997
-19.9107 0.2024
-19.9007 0.20069999999999996
-19.8907 0.199
-19.8807 0.197
-19.8707 0.1949
-19.8607 0.19280000000000003
-19.8507 0.1907
-19.8407 0.1886
-19.8307 0.18660000000000002
-19.8207 0.1848
-19.8107 0.18300000000000002
-19.8007 0.1814
-19.7907 0.17980000000000002
-19.7807 0.1786
-19.770699999999998 0.17720000000000002
-19.7607 0.17610000000000003
-19.750700000000002 0.1749
-19.7407 0.1737
-19.7307 0.1723
-19.7207 0.17099999999999999
-19.7107 0.16949999999999998
-19.700699999999998 0.1676
-19.6907 0.1655
-19.6807 0.1633
-19.6707 0.16090000000000002
-19.6607 0.158
-19.6507 0.155
-19.6407 0.1519
-19.6307 0.1485
-19.6207 0.1452
-19.6107 0.1419
-19.6007 0.1386
-19.5907 0.1355
-19.5807 0.1325
-19.5707 0.12969999999999998
-19.5607 0.1271
-19.5507 0.12460000000000002
-19.5407 0.12250000000000001
-19.5307 0.1208
-19.520699999999998 0.11910000000000001
-19.5107 0.11779999999999999
-19.500700000000002 0.11660000000000001
-19.4907 0.1154
-19.4807 0.1147
-19.4707 0.11390000000000002
-19.4607 0.1134
-19.450699999999998 0.1131
-19.4407 0.1129
-19.4307 0.1128
-19.4207 0.113
-19.4107 0.1137
-19.4007 0.1143
-19.3907 0.11530000000000001
-19.3807 0.1165
-19.3707 0.11810000000000001
-19.3607 0.11989999999999999
-19.3507 0.12190000000000001
-19.3407 0.1239
-19.3307 0.1262
-19.3207 0.1282
-19.3107 0.1306
-19.3007 0.13269999999999998
-19.2907 0.1347
-19.2807 0.1366
-19.270699999999998 0.1383
-19.2607 0.1394
-19.250700000000002 0.14049999999999999
-19.2407 0.1412
-19.2307 0.1416
-19.2207 0.1417
-19.2107 0.1415
-19.200699999999998 0.1411
-19.1907 0.1404
-19.1807 0.13949999999999999
-19.1707 0.1384
-19.1607 0.1372
-19.1507 0.136
-19.1407 0.13449999999999998
-19.1307 0.1331
-19.1207 0.1318
-19.1107 0.1303
-19.1007 0.129
-19.0907 0.12760000000000002
-19.0807 0.126
-19.0707 0.12449999999999999
-19.0607 0.123
-19.0507 0.12129999999999999
-19.0407 0.11979999999999999
-19.0307 0.11800000000000001
-19.020699999999998 0.11610000000000001
-19.0107 0.1139
-19.000700000000002 0.1117
-18.9907 0.10919999999999999
-18.9807 0.10650000000000001
-18.9707 0.1036
-18.9607 0.1005
-18.950699999999998 0.0972
-18.9407 0.0937
-18.9307 0.08998
-18.9207 0.0864
-18.9107 0.08239
-18.9007 0.07833
-18.8907 0.07435
-18.8807 0.0704
-18.8707 0.06642
-18.8607 0.06272
-18.8507 0.05906
-18.8407 0.05568
-18.8307 0.052489999999999995
-18.8207 0.049659999999999996
-18.8107 0.04703
-18.8007 0.04478
-18.7907 0.04292
-18.7807 0.04144
-18.770699999999998 0.040310000000000006
-18.7607 0.03945
-18.750700000000002 0.03903
-18.7407 0.03871
-18.7307 0.03881
-18.7207 0.03909
-18.7107 0.039529999999999996
-18.700699999999998 0.04008
-18.6907 0.04077
-18.6807 0.041460000000000004
-18.6707 0.042223
-18.6607 0.04295
-18.6507 0.04375300000000001
-18.6407 0.04449700000000001
-18.6307 0.045181
-18.6207 0.045801999999999995
-18.6107 0.046378
-18.6007 0.046898999999999996
-18.5907 0.047452999999999995
-18.5807 0.047868
-18.5707 0.048244999999999996
-18.5607 0.048573
-18.5507 0.048781000000000005
-18.5407 0.04895000000000001
-18.5307 0.048918
-18.520699999999998 0.048877000000000004
-18.5107 0.048405
-18.500700000000002 0.047952999999999996
-18.4907 0.047291
-18.4807 0.04632900000000001
-18.4707 0.045158000000000004
-18.4607 0.043705999999999995
-18.450699999999998 0.041954
-18.4407 0.040123000000000006
-18.4307 0.038098999999999994
-18.4207 0.03569
-18.4107 0.033309000000000005
-18.4007 0.030939
-18.3907 0.028288999999999998
-18.3807 0.025661
-18.3707 0.0231561
-18.3607 0.020654199999999998
-18.3507 0.0182545
-18.3407 0.0159771
-18.3307 0.013853
-18.3207 0.011901
-18.3107 0.0101132
-18.3007 0.0085113
-18.2907 0.0070974
-18.2807 0.005855900000000001
-18.270699999999998 0.0047854
-18.2607 0.0038656000000000003
-18.250700000000002 0.00309309
-18.2407 0.00245509
-18.2307 0.0019246600000000001
-18.2207 0.00149474
-18.2107 0.00114877
-18.200699999999998 0.0008734
-18.1907 0.00065716
-18.1807 0.00048984
-18.1707 0.000361506
-18.1607 0.00026324700000000004
-18.1507 0.000190015
-18.1407 0.000135795
-18.1307 9.6026e-05
-18.1207 6.7198e-05
-18.1107 4.65201e-05
-18.1007 3.19032e-05
-18.0907 2.16197e-05
-18.0807 1.44982e-05
-18.0707 9.6308e-06
-18.0607 6.3221e-06
-18.0507 4.110450000000001e-06
-18.0407 2.64435e-06
-18.0307 1.68301e-06
-18.020699999999998 1.06092e-06
-18.0107 6.61118e-07
-18.000700000000002 4.0688799999999996e-07
-17.9907 2.4852700000000004e-07
-17.9807 1.50059e-07
-17.9707 8.965000000000001e-08
-17.9607 5.2921e-08
-17.950699999999998 3.092e-08
-17.9407 1.79223e-08
-17.9307 1.02584e-08
-17.9207 5.81727e-09
-17.9107 3.2608999999999998e-09
-17.9007 1.80628e-09
-17.8907 9.9195e-10
-17.8807 5.3773e-10
-17.8707 2.8991e-10
-17.8607 1.53626e-10
-17.8507 8.0755e-11
-17.8407 4.20009e-11
-17.8307 2.16017e-11
-17.8207 1.0997399999999999e-11
-17.8107 5.5286e-12
-17.8007 2.75093e-12
-17.7907 1.3560900000000001e-12
-17.7807 6.46626e-13
-17.770699999999998 3.12551e-13
-17.7607 1.1716400000000001e-13
-17.750700000000002 3.21466e-14
-17.7407 4.63057e-15
-17.7307 0.0
-17.7207 0.0
-17.7107 0.0
-17.700699999999998 0.0
-17.6907 0.0
-17.6807 0.0
-17.6707 0.0
-17.6607 0.0
-17.6507 0.0
-17.6407 0.0
-17.6307 0.0
-17.6207 0.0
-17.6107 0.0
-17.6007 0.0
-17.5907 0.0
-17.5807 0.0
-17.5707 0.0
-17.5607 0.0
-17.5507 0.0
-17.5407 0.0
-17.5307 0.0
-17.520699999999998 0.0
-17.5107 0.0
-17.5007 0.0
-17.4907 0.0
-17.4807 0.0
-17.4707 0.0
-17.4607 0.0
-17.4507 0.0
-17.4407 0.0
-17.4307 0.0
-17.4207 0.0
-17.4107 0.0
-17.4007 0.0
-17.3907 0.0
-17.3807 0.0
-17.3707 0.0
-17.3607 0.0
-17.3507 0.0
-17.3407 0.0
-17.3307 0.0
-17.3207 0.0
-17.3107 0.0
-17.3007 0.0
-17.2907 0.0
-17.2807 0.0
-17.270699999999998 0.0
-17.2607 0.0
-17.2507 0.0
-17.2407 0.0
-17.2307 0.0
-17.2207 0.0
-17.2107 0.0
-17.2007 0.0
-17.1907 0.0
-17.1807 0.0
-17.1707 0.0
-17.1607 0.0
-17.1507 0.0
-17.1407 0.0
-17.1307 0.0
-17.1207 0.0
-17.1107 0.0
-17.1007 0.0
-17.0907 0.0
-17.0807 0.0
-17.0707 0.0
-17.0607 0.0
-17.0507 0.0
-17.0407 0.0
-17.0307 0.0
-17.020699999999998 0.0
-17.0107 0.0
-17.0007 0.0
-16.9907 0.0
-16.9807 0.0
-16.9707 0.0
-16.9607 0.0
-16.9507 0.0
-16.9407 0.0
-16.9307 0.0
-16.9207 0.0
-16.9107 0.0
-16.9007 0.0
-16.8907 0.0
-16.8807 0.0
-16.8707 0.0
-16.8607 0.0
-16.8507 0.0
-16.8407 0.0
-16.8307 0.0
-16.8207 0.0
-16.8107 0.0
-16.8007 0.0
-16.7907 0.0
-16.7807 0.0
-16.770699999999998 0.0
-16.7607 0.0
-16.7507 0.0
-16.7407 0.0
-16.7307 0.0
-16.7207 0.0
-16.7107 0.0
-16.7007 0.0
-16.6907 0.0
-16.6807 0.0
-16.6707 0.0
-16.6607 0.0
-16.6507 0.0
-16.6407 0.0
-16.6307 0.0
-16.6207 0.0
-16.6107 0.0
-16.6007 0.0
-16.5907 0.0
-16.5807 0.0
-16.5707 0.0
-16.5607 0.0
-16.5507 0.0
-16.5407 0.0
-16.5307 0.0
-16.520699999999998 0.0
-16.5107 0.0
-16.5007 0.0
-16.4907 0.0
-16.4807 0.0
-16.4707 0.0
-16.4607 0.0
-16.4507 0.0
-16.4407 0.0
-16.4307 0.0
-16.4207 0.0
-16.4107 0.0
-16.4007 0.0
-16.3907 0.0
-16.3807 0.0
-16.3707 0.0
-16.3607 0.0
-16.3507 0.0
-16.3407 0.0
-16.3307 0.0
-16.3207 0.0
-16.3107 0.0
-16.3007 0.0
-16.2907 0.0
-16.2807 0.0
-16.270699999999998 0.0
-16.2607 0.0
-16.2507 0.0
-16.2407 0.0
-16.2307 0.0
-16.2207 0.0
-16.2107 0.0
-16.2007 0.0
-16.1907 0.0
-16.1807 0.0
-16.1707 0.0
-16.1607 0.0
-16.1507 0.0
-16.1407 0.0
-16.1307 0.0
-16.1207 0.0
-16.1107 0.0
-16.1007 0.0
-16.0907 0.0
-16.0807 0.0
-16.0707 0.0
-16.0607 0.0
-16.0507 0.0
-16.0407 0.0
-16.0307 0.0
-16.020699999999998 0.0
-16.0107 0.0
-16.0007 0.0
-15.9907 0.0
-15.980699999999999 0.0
-15.9707 0.0
-15.9607 0.0
-15.9507 0.0
-15.9407 0.0
-15.9307 0.0
-15.9207 0.0
-15.9107 0.0
-15.9007 0.0
-15.890699999999999 0.0
-15.8807 0.0
-15.8707 0.0
-15.8607 0.0
-15.8507 0.0
-15.8407 0.0
-15.8307 0.0
-15.8207 0.0
-15.8107 0.0
-15.800699999999999 0.0
-15.7907 0.0
-15.7807 0.0
-15.7707 0.0
-15.7607 0.0
-15.7507 0.0
-15.7407 0.0
-15.730699999999999 0.0
-15.7207 0.0
-15.7107 0.0
-15.7007 0.0
-15.6907 0.0
-15.6807 0.0
-15.6707 0.0
-15.6607 0.0
-15.6507 0.0
-15.640699999999999 0.0
-15.6307 0.0
-15.6207 0.0
-15.6107 0.0
-15.6007 0.0
-15.5907 0.0
-15.5807 0.0
-15.5707 0.0
-15.5607 0.0
-15.550699999999999 0.0
-15.5407 0.0
-15.5307 0.0
-15.5207 0.0
-15.5107 0.0
-15.5007 0.0
-15.4907 0.0
-15.480699999999999 0.0
-15.4707 0.0
-15.4607 0.0
-15.4507 0.0
-15.4407 0.0
-15.4307 0.0
-15.4207 0.0
-15.4107 0.0
-15.4007 0.0
-15.390699999999999 0.0
-15.3807 0.0
-15.3707 0.0
-15.3607 0.0
-15.3507 0.0
-15.3407 0.0
-15.3307 0.0
-15.3207 0.0
-15.3107 0.0
-15.300699999999999 0.0
-15.2907 0.0
-15.2807 0.0
-15.2707 0.0
-15.2607 0.0
-15.2507 0.0
-15.2407 0.0
-15.230699999999999 0.0
-15.2207 0.0
-15.2107 0.0
-15.2007 0.0
-15.1907 0.0
-15.1807 0.0
-15.1707 0.0
-15.1607 0.0
-15.1507 0.0
-15.140699999999999 0.0
-15.1307 0.0
-15.1207 0.0
-15.1107 0.0
-15.1007 0.0
-15.0907 0.0
-15.0807 0.0
-15.0707 0.0
-15.0607 0.0
-15.050699999999999 0.0
-15.0407 0.0
-15.0307 0.0
-15.0207 0.0
-15.0107 0.0
-15.0007 0.0
-14.9907 0.0
-14.980699999999999 0.0
-14.9707 0.0
-14.9607 0.0
-14.9507 0.0
-14.9407 0.0
-14.9307 0.0
-14.9207 0.0
-14.9107 0.0
-14.9007 0.0
-14.890699999999999 0.0
-14.8807 0.0
-14.8707 0.0
-14.8607 0.0
-14.8507 0.0
-14.8407 0.0
-14.8307 0.0
-14.8207 0.0
-14.8107 0.0
-14.800699999999999 0.0
-14.7907 0.0
-14.7807 0.0
-14.7707 0.0
-14.7607 0.0
-14.7507 0.0
-14.7407 0.0
-14.730699999999999 0.0
-14.7207 0.0
-14.7107 0.0
-14.7007 0.0
-14.6907 0.0
-14.6807 0.0
-14.6707 0.0
-14.6607 0.0
-14.6507 0.0
-14.640699999999999 0.0
-14.6307 0.0
-14.6207 0.0
-14.6107 0.0
-14.6007 0.0
-14.5907 0.0
-14.5807 0.0
-14.5707 0.0
-14.5607 0.0
-14.550699999999999 0.0
-14.5407 0.0
-14.5307 0.0
-14.5207 0.0
-14.5107 0.0
-14.5007 0.0
-14.4907 0.0
-14.4807 0.0
-14.470699999999999 0.0
-14.4607 0.0
-14.4507 0.0
-14.4407 0.0
-14.4307 0.0
-14.4207 0.0
-14.4107 0.0
-14.4007 0.0
-14.390699999999999 0.0
-14.3807 0.0
-14.3707 0.0
-14.3607 0.0
-14.3507 0.0
-14.3407 0.0
-14.3307 0.0
-14.3207 0.0
-14.3107 0.0
-14.300699999999999 0.0
-14.2907 0.0
-14.2807 0.0
-14.2707 0.0
-14.2607 0.0
-14.2507 0.0
-14.2407 0.0
-14.2307 0.0
-14.220699999999999 0.0
-14.2107 0.0
-14.2007 0.0
-14.1907 0.0
-14.1807 0.0
-14.1707 0.0
-14.1607 0.0
-14.1507 0.0
-14.140699999999999 0.0
-14.1307 0.0
-14.1207 0.0
-14.1107 0.0
-14.1007 0.0
-14.0907 0.0
-14.0807 0.0
-14.0707 0.0
-14.0607 0.0
-14.050699999999999 0.0
-14.0407 0.0
-14.0307 0.0
-14.0207 0.0
-14.0107 0.0
-14.0007 0.0
-13.9907 0.0
-13.9807 0.0
-13.970699999999999 0.0
-13.9607 0.0
-13.9507 0.0
-13.9407 0.0
-13.9307 0.0
-13.9207 0.0
-13.9107 0.0
-13.9007 0.0
-13.890699999999999 0.0
-13.8807 0.0
-13.8707 0.0
-13.8607 0.0
-13.8507 0.0
-13.8407 0.0
-13.8307 0.0
-13.8207 0.0
-13.8107 0.0
-13.800699999999999 0.0
-13.7907 0.0
-13.7807 0.0
-13.7707 0.0
-13.7607 0.0
-13.7507 0.0
-13.7407 0.0
-13.7307 0.0
-13.720699999999999 0.0
-13.7107 0.0
-13.7007 0.0
-13.6907 0.0
-13.6807 0.0
-13.6707 0.0
-13.6607 0.0
-13.6507 0.0
-13.640699999999999 0.0
-13.6307 0.0
-13.6207 0.0
-13.6107 0.0
-13.6007 0.0
-13.5907 0.0
-13.5807 0.0
-13.5707 0.0
-13.5607 0.0
-13.550699999999999 0.0
-13.5407 0.0
-13.5307 0.0
-13.5207 0.0
-13.5107 0.0
-13.5007 0.0
-13.4907 0.0
-13.4807 0.0
-13.470699999999999 0.0
-13.4607 0.0
-13.4507 0.0
-13.4407 0.0
-13.4307 0.0
-13.4207 0.0
-13.4107 0.0
-13.4007 0.0
-13.390699999999999 0.0
-13.3807 0.0
-13.3707 0.0
-13.3607 0.0
-13.3507 0.0
-13.3407 0.0
-13.3307 0.0
-13.3207 0.0
-13.3107 0.0
-13.300699999999999 0.0
-13.2907 0.0
-13.2807 0.0
-13.2707 0.0
-13.2607 0.0
-13.2507 0.0
-13.2407 0.0
-13.2307 0.0
-13.220699999999999 0.0
-13.2107 0.0
-13.2007 0.0
-13.1907 0.0
-13.1807 0.0
-13.1707 0.0
-13.1607 0.0
-13.1507 0.0
-13.140699999999999 0.0
-13.1307 0.0
-13.1207 0.0
-13.1107 0.0
-13.1007 0.0
-13.0907 0.0
-13.0807 0.0
-13.0707 0.0
-13.0607 0.0
-13.050699999999999 0.0
-13.0407 0.0
-13.0307 0.0
-13.0207 0.0
-13.0107 0.0
-13.0007 0.0
-12.9907 0.0
-12.9807 0.0
-12.970699999999999 0.0
-12.9607 0.0
-12.9507 0.0
-12.9407 0.0
-12.9307 0.0
-12.9207 0.0
-12.9107 0.0
-12.9007 0.0
-12.890699999999999 0.0
-12.8807 0.0
-12.8707 0.0
-12.8607 0.0
-12.8507 0.0
-12.8407 0.0
-12.8307 0.0
-12.8207 0.0
-12.8107 0.0
-12.800699999999999 0.0
-12.7907 0.0
-12.7807 0.0
-12.7707 0.0
-12.7607 4.777e-13
-12.7507 1.6802999999999998e-12
-12.7407 3.4969999999999997e-12
-12.7307 9.126999999999999e-12
-12.720699999999999 1.9441e-11
-12.7107 4.024e-11
-12.7007 8.085000000000001e-11
-12.6907 1.6149999999999999e-10
-12.6807 3.215e-10
-12.6707 6.337e-10
-12.6607 1.2243e-09
-12.6507 2.3397e-09
-12.640699999999999 4.4240000000000004e-09
-12.6307 8.283e-09
-12.6207 1.5333000000000002e-08
-12.6107 2.8115e-08
-12.6007 5.093e-08
-12.5907 9.17e-08
-12.5807 1.6291e-07
-12.5707 2.8662999999999997e-07
-12.5607 4.991e-07
-12.550699999999999 8.598e-07
-12.5407 1.4684e-06
-12.5307 2.4819e-06
-12.5207 4.154e-06
-12.5107 6.877999999999999e-06
-12.5007 1.1258e-05
-12.4907 1.8289e-05
-12.480699999999999 2.9368e-05
-12.4707 4.668e-05
-12.4607 7.358e-05
-12.4507 0.00011464999999999998
-12.4407 0.00017719000000000003
-12.4307 0.00027064
-12.4207 0.0004093000000000001
-12.4107 0.0006145000000000001
-12.4007 0.0009112000000000001
-12.390699999999999 0.0013397
-12.3807 0.0019504999999999998
-12.3707 0.0028117
-12.3607 0.004014
-12.3507 0.005665999999999999
-12.3407 0.007937
-12.3307 0.011017000000000002
-12.3207 0.015137999999999999
-12.3107 0.020588000000000002
-12.300699999999999 0.027747000000000004
-12.2907 0.037034
-12.2807 0.04906
-12.2707 0.06414999999999998
-12.2607 0.08334000000000001
-12.2507 0.10702
-12.2407 0.13648
-12.230699999999999 0.17215
-12.2207 0.21536
-12.2107 0.26685000000000003
-12.2007 0.32816
-12.1907 0.39885
-12.1807 0.48050000000000004
-12.1707 0.5743999999999999
-12.1607 0.6804
-12.1507 0.7991
-12.140699999999999 0.9293999999999999
-12.1307 1.0716
-12.1207 1.2267000000000001
-12.1107 1.3909
-12.1007 1.5645
-12.0907 1.7469
-12.0807 1.9332999999999998
-12.0707 2.1237000000000004
-12.0607 2.3162999999999996
-12.050699999999999 2.5062
-12.0407 2.693
-12.0307 2.875
-12.0207 3.0500000000000003
-12.0107 3.215
-12.0007 3.37
-11.9907 3.515
-11.980699999999999 3.652
-11.9707 3.7640000000000002
-11.9607 3.8800000000000003
-11.9507 3.977
-11.9407 4.058
-11.9307 4.135000000000001
-11.9207 4.196000000000001
-11.9107 4.251
-11.9007 4.3020000000000005
-11.890699999999999 4.337
-11.8807 4.368
-11.8707 4.396999999999999
-11.8607 4.417
-11.8507 4.431
-11.8407 4.4399999999999995
-11.8307 4.442
-11.8207 4.4399999999999995
-11.8107 4.43
-11.800699999999999 4.417000000000001
-11.7907 4.399
-11.7807 4.373
-11.7707 4.347
-11.7607 4.314
-11.7507 4.275
-11.7407 4.236
-11.730699999999999 4.192
-11.7207 4.148
-11.7107 4.099
-11.7007 4.049
-11.6907 3.9989999999999997
-11.6807 3.9469999999999996
-11.6707 3.8949999999999996
-11.6607 3.841
-11.6507 3.79
-11.640699999999999 3.7379999999999995
-11.6307 3.6859999999999995
-11.6207 3.637
-11.6107 3.5880000000000005
-11.6007 3.54
-11.5907 3.4909999999999997
-11.5807 3.446
-11.5707 3.404
-11.5607 3.362
-11.550699999999999 3.322
-11.5407 3.2840000000000003
-11.5307 3.246
-11.5207 3.213
-11.5107 3.18
-11.5007 3.1479999999999997
-11.4907 3.116
-11.480699999999999 3.0870000000000006
-11.4707 3.058
-11.4607 3.03
-11.4507 3.0
-11.4407 2.973
-11.4307 2.9440000000000004
-11.4207 2.916
-11.4107 2.886
-11.4007 2.8569999999999998
-11.390699999999999 2.8280000000000003
-11.3807 2.8
-11.3707 2.7729999999999997
-11.3607 2.7439999999999998
-11.3507 2.718
-11.3407 2.69
-11.3307 2.6639999999999997
-11.3207 2.6390000000000002
-11.3107 2.611
-11.300699999999999 2.584
-11.2907 2.5540000000000003
-11.2807 2.524
-11.2707 2.4899999999999998
-11.2607 2.453
-11.2507 2.4130000000000003
-11.2407 2.367
-11.230699999999999 2.318
-11.2207 2.2640000000000002
-11.2107 2.205
-11.2007 2.144
-11.1907 2.079
-11.1807 2.012
-11.1707 1.941
-11.1607 1.8719999999999999
-11.1507 1.803
-11.140699999999999 1.7350000000000003
-11.1307 1.67
-11.1207 1.609
-11.1107 1.551
-11.1007 1.498
-11.0907 1.448
-11.0807 1.406
-11.0707 1.369
-11.0607 1.337
-11.050699999999999 1.31
-11.0407 1.287
-11.0307 1.2690000000000001
-11.0207 1.2530000000000001
-11.0107 1.242
-11.0007 1.2289999999999999
-10.9907 1.221
-10.980699999999999 1.211
-10.9707 1.2
-10.9607 1.192
-10.9507 1.179
-10.9407 1.166
-10.9307 1.148
-10.9207 1.128
-10.9107 1.104
-10.9007 1.077
-10.890699999999999 1.046
-10.8807 1.012
-10.8707 0.975
-10.8607 0.937
-10.8507 0.895
-10.8407 0.8516
-10.8307 0.8101999999999999
-10.8207 0.7666999999999999
-10.8107 0.7219
-10.800699999999999 0.6802999999999999
-10.7907 0.6403
-10.7807 0.6016
-10.7707 0.5655000000000001
-10.7607 0.5337000000000001
-10.7507 0.5039
-10.7407 0.47809999999999997
-10.730699999999999 0.4555
-10.7207 0.4364
-10.7107 0.4206
-10.7007 0.40800000000000003
-10.6907 0.39869999999999994
-10.6807 0.3923
-10.6707 0.3883
-10.6607 0.38680000000000003
-10.6507 0.3875
-10.640699999999999 0.3902
-10.6307 0.3944
-10.6207 0.3998
-10.6107 0.4062
-10.6007 0.41359999999999997
-10.5907 0.42039999999999994
-10.5807 0.4284
-10.5707 0.435
-10.5607 0.44039999999999996
-10.550699999999999 0.44489999999999996
-10.5407 0.4484
-10.5307 0.44949999999999996
-10.5207 0.44789999999999996
-10.5107 0.4446
-10.5007 0.4383
-10.4907 0.42889999999999995
-10.480699999999999 0.41759999999999997
-10.4707 0.4038
-10.4607 0.3875
-10.4507 0.36929999999999996
-10.4407 0.34939999999999993
-10.4307 0.32830000000000004
-10.4207 0.3063
-10.4107 0.28409999999999996
-10.4007 0.2619
-10.390699999999999 0.24009999999999998
-10.3807 0.2192
-10.3707 0.19939999999999997
-10.3607 0.1808
-10.3507 0.1641
-10.3407 0.1488
-10.3307 0.1354
-10.3207 0.12350000000000001
-10.3107 0.11339999999999999
-10.300699999999999 0.10470000000000002
-10.2907 0.09740000000000001
-10.2807 0.0914
-10.2707 0.0863
-10.2607 0.0821
-10.2507 0.07819999999999999
-10.2407 0.0748
-10.230699999999999 0.0718
-10.2207 0.0689
-10.2107 0.06605
-10.2007 0.06306999999999999
-10.1907 0.06011
-10.1807 0.05695000000000001
-10.1707 0.05354
-10.1607 0.05012
-10.1507 0.046560000000000004
-10.140699999999999 0.042910000000000004
-10.1307 0.03926
-10.1207 0.03562
-10.1107 0.03205
-10.1007 0.02859
-10.0907 0.02529
-10.0807 0.022170000000000002
-10.0707 0.01926
-10.0607 0.01658
-10.050699999999999 0.014150000000000001
-10.0407 0.01196
-10.0307 0.01001
-10.0207 0.008320000000000001
-10.0107 0.006840000000000001
-10.0007 0.0055709999999999996
-9.9907 0.0044930000000000005
-9.980699999999999 0.0035879999999999996
-9.9707 0.00284
-9.9607 0.002226
-9.9507 0.001728
-9.9407 0.0013289999999999999
-9.9307 0.001011
-9.9207 0.0007610000000000001
-9.9107 0.0005681
-9.9007 0.0004199
-9.890699999999999 0.0003072
-9.8807 0.0002226
-9.8707 0.0001597
-9.8607 0.00011360000000000001
-9.8507 7.999999999999999e-05
-9.8407 5.632e-05
-9.8307 3.9750000000000004e-05
-9.8207 2.862e-05
-9.8107 2.1760000000000002e-05
-9.800699999999999 1.8349999999999995e-05
-9.7907 1.798e-05
-9.7807 2.068e-05
-9.7707 2.6739999999999998e-05
-9.7607 3.7040000000000005e-05
-9.7507 5.289000000000001e-05
-9.7407 7.579e-05
-9.730699999999999 0.00010878000000000001
-9.7207 0.00015473000000000003
-9.7107 0.00021796999999999997
-9.7007 0.00030485
-9.6907 0.00042165
-9.6807 0.0005779699999999999
-9.6707 0.0007842999999999999
-9.6607 0.0010519
-9.6507 0.0013982999999999999
-9.640699999999999 0.0018387
-9.6307 0.0023921999999999997
-9.6207 0.0030914999999999996
-9.6107 0.0039443
-9.6007 0.0049868
-9.5907 0.006243099999999999
-9.5807 0.007724
-9.570699999999999 0.009489000000000001
-9.5607 0.011538999999999999
-9.550699999999999 0.013893999999999998
-9.540700000000001 0.016578
-9.5307 0.019591999999999995
-9.5207 0.022891
-9.5107 0.026571
-9.5007 0.030541000000000002
-9.4907 0.034873
-9.480699999999999 0.039356999999999996
-9.4707 0.044083
-9.4607 0.048948
-9.4507 0.053892999999999996
-9.4407 0.058947
-9.4307 0.06391
-9.4207 0.06874
-9.410699999999999 0.07346799999999999
-9.4007 0.077884
-9.390699999999999 0.082077
-9.380700000000001 0.08587
-9.3707 0.08936000000000001
-9.3607 0.09239
-9.3507 0.09524
-9.3407 0.09752999999999999
-9.3307 0.09962999999999998
-9.320699999999999 0.10135000000000001
-9.3107 0.10278999999999999
-9.300699999999999 0.10405000000000002
-9.290700000000001 0.10516
-9.2807 0.10618
-9.2707 0.10704999999999999
-9.2607 0.10784000000000002
-9.2507 0.10874
-9.2407 0.10966999999999998
-9.230699999999999 0.11056
-9.2207 0.11143999999999998
-9.2107 0.11241
-9.2007 0.11346
-9.1907 0.11441
-9.1807 0.11523000000000001
-9.1707 0.11573
-9.160699999999999 0.11631
-9.1507 0.11648
-9.140699999999999 0.11643000000000002
-9.130700000000001 0.11617000000000001
-9.1207 0.1155
-9.1107 0.11452000000000001
-9.1007 0.11334999999999999
-9.0907 0.11169
-9.0807 0.11016000000000001
-9.070699999999999 0.10824999999999999
-9.0607 0.10629000000000001
-9.050699999999999 0.10437
-9.040700000000001 0.10252000000000001
-9.0307 0.10072
-9.0207 0.09931
-9.0107 0.09776
-9.0007 0.09661
-8.9907 0.09573999999999999
-8.980699999999999 0.09531999999999999
-8.9707 0.09519
-8.9607 0.09529
-8.9507 0.09561
-8.9407 0.09635
-8.9307 0.09731000000000001
-8.9207 0.09858
-8.910699999999999 0.10017999999999999
-8.9007 0.10188
-8.890699999999999 0.1038
-8.880700000000001 0.10604
-8.8707 0.10868000000000001
-8.8607 0.11126000000000001
-8.8507 0.11410000000000001
-8.8407 0.11738
-8.8307 0.12071
-8.820699999999999 0.12420999999999999
-8.8107 0.12783999999999998
-8.800699999999999 0.13176
-8.790700000000001 0.13577
-8.7807 0.14007000000000003
-8.7707 0.14434000000000002
-8.7607 0.1489
-8.7507 0.15344
-8.7407 0.15835999999999997
-8.730699999999999 0.16315
-8.7207 0.16812999999999997
-8.7107 0.17308
-8.7007 0.17831
-8.6907 0.18372000000000002
-8.6807 0.18921000000000002
-8.6707 0.19478
-8.660699999999999 0.20073
-8.6507 0.20687
-8.640699999999999 0.21319
-8.630700000000001 0.21980000000000002
-8.6207 0.22651
-8.6107 0.23370000000000002
-8.6007 0.24118
-8.5907 0.24895999999999996
-8.5807 0.25704
-8.570699999999999 0.26552
-8.5607 0.27399
-8.550699999999999 0.28297
-8.540700000000001 0.29214999999999997
-8.5307 0.30133
-8.5207 0.31072
-8.5107 0.32010999999999995
-8.5007 0.3301
-8.4907 0.33919999999999995
-8.480699999999999 0.34850000000000003
-8.4707 0.35801
-8.4607 0.36641999999999997
-8.4507 0.37443
-8.4407 0.38134999999999997
-8.4307 0.38937000000000005
-8.4207 0.39539
-8.410699999999999 0.40202
-8.4007 0.40665
-8.390699999999999 0.40978
-8.380700000000001 0.41241
-8.3707 0.41383999999999993
-8.3607 0.41598
-8.3507 0.41611
-8.3407 0.41295000000000004
-8.3307 0.40958000000000006
-8.320699999999999 0.40656999999999993
-8.3107 0.40131
-8.300699999999999 0.39488
-8.290700000000001 0.38719
-8.2807 0.37865000000000004
-8.2707 0.36924000000000007
-8.2607 0.35897
-8.2507 0.34682999999999997
-8.2407 0.33452000000000004
-8.230699999999999 0.32185
-8.2207 0.30811
-8.2107 0.29460000000000003
-8.2007 0.28032
-8.1907 0.26538
-8.1807 0.25077000000000005
-8.1707 0.23548000000000002
-8.160699999999999 0.22122
-8.1507 0.20678
-8.140699999999999 0.19255000000000003
-8.130700000000001 0.17884
-8.1207 0.16555
-8.1107 0.15277
-8.1007 0.14069
-8.0907 0.12902999999999998
-8.0807 0.11795
-8.070699999999999 0.10759
-8.0607 0.09787
-8.050699999999999 0.08864
-8.040700000000001 0.08011
-8.0307 0.07220000000000001
-8.0207 0.06484999999999999
-8.0107 0.05807
-8.0007 0.051840000000000004
-7.9906999999999995 0.046085999999999995
-7.9807 0.040874
-7.9707 0.036177
-7.9607 0.031988
-7.950699999999999 0.028115
-7.9407 0.024699999999999996
-7.9307 0.021640999999999997
-7.9207 0.018949999999999998
-7.910699999999999 0.016585999999999997
-7.9007 0.014508999999999998
-7.8907 0.012707
-7.8807 0.01117
-7.870699999999999 0.009882
-7.8607 0.008794
-7.8507 0.007907
-7.8407 0.00719
-7.8307 0.006652
-7.8206999999999995 0.006248999999999999
-7.8107 0.005972
-7.8007 0.0058200000000000005
-7.7907 0.005753000000000001
-7.7806999999999995 0.005787
-7.7707 0.005878
-7.7607 0.0060209999999999994
-7.7507 0.006214000000000001
-7.7406999999999995 0.006431
-7.7307 0.00667
-7.7207 0.006916000000000001
-7.7107 0.007168000000000001
-7.700699999999999 0.0074129999999999995
-7.6907 0.007635
-7.6807 0.007855999999999998
-7.6707 0.008054
-7.660699999999999 0.008225000000000001
-7.6507 0.008392
-7.6407 0.008543
-7.6307 0.008679999999999998
-7.620699999999999 0.008791
-7.6107 0.008908
-7.6007 0.009024
-7.5907 0.009149000000000001
-7.5807 0.009282
-7.5706999999999995 0.009418999999999999
-7.5607 0.009582
-7.5507 0.009779
-7.5407 0.009993
-7.5306999999999995 0.010225000000000001
-7.5207 0.010509000000000001
-7.5107 0.010815
-7.5007 0.011152
-7.4906999999999995 0.011533999999999999
-7.4807 0.011947999999999999
-7.4707 0.012377999999999998
-7.4607 0.012839000000000001
-7.450699999999999 0.013325
-7.4407 0.013824
-7.4307 0.014322
-7.4207 0.014807000000000002
-7.410699999999999 0.015299
-7.4007 0.015780000000000002
-7.3907 0.016207
-7.3807 0.016614
-7.370699999999999 0.016982
-7.3607 0.017298
-7.3507 0.01758
-7.3407 0.017826
-7.3307 0.018018000000000003
-7.3206999999999995 0.018203
-7.3107 0.018355999999999997
-7.3007 0.018508999999999998
-7.2907 0.018654
-7.2806999999999995 0.018851
-7.2707 0.019089
-7.2607 0.019394
-7.2507 0.01978
-7.2406999999999995 0.020239999999999998
-7.2307 0.020829999999999998
-7.2207 0.02153
-7.2107 0.022359999999999998
-7.200699999999999 0.02333
-7.1907 0.02442
-7.1807 0.025620000000000004
-7.1707 0.02694
-7.160699999999999 0.028390000000000002
-7.1507 0.02989
-7.1407 0.031509999999999996
-7.1307 0.033159999999999995
-7.120699999999999 0.034839999999999996
-7.1107 0.03658
-7.1007 0.03832
-7.0907 0.040119999999999996
-7.0807 0.041780000000000005
-7.0706999999999995 0.043539999999999995
-7.0607 0.045239999999999995
-7.0507 0.04688
-7.0407 0.0485
-7.0306999999999995 0.05009
-7.0207 0.05167
-7.0107 0.053029999999999994
-7.0007 0.05439
-6.9906999999999995 0.05582000000000001
-6.9807 0.05703
-6.9707 0.05814
-6.9607 0.059230000000000005
-6.950699999999999 0.06021
-6.9407 0.06107
-6.9307 0.06183000000000001
-6.9207 0.06248000000000001
-6.910699999999999 0.06301000000000001
-6.9007 0.06345
-6.8907 0.06377
-6.8807 0.0641
-6.870699999999999 0.06441999999999999
-6.8607 0.06455
-6.8507 0.06485999999999999
-6.8407 0.06498999999999999
-6.8307 0.06524
-6.8206999999999995 0.06538
-6.8107 0.06574999999999999
-6.8007 0.06598
-6.7907 0.06642999999999999
-6.7806999999999995 0.0669
-6.7707 0.06729
-6.7607 0.06799
-6.7507 0.06859
-6.7406999999999995 0.06931
-6.7307 0.07017000000000001
-6.7207 0.07116
-6.7107 0.07199
-6.700699999999999 0.07305
-6.6907 0.07405
-6.6807 0.07509
-6.6707 0.07610000000000001
-6.660699999999999 0.07724
-6.6507 0.07836
-6.6407 0.07953999999999999
-6.6307 0.08065
-6.620699999999999 0.08196
-6.6107 0.08315
-6.6007 0.08431000000000001
-6.5907 0.08549000000000001
-6.5807 0.08674
-6.5706999999999995 0.08802
-6.5607 0.08942
-6.5507 0.09064000000000001
-6.5407 0.09197
-6.5306999999999995 0.09312000000000001
-6.5207 0.09437999999999999
-6.5107 0.09573
-6.5007 0.09678999999999999
-6.4906999999999995 0.09789999999999999
-6.4807 0.09899999999999999
-6.4707 0.0999
-6.4607 0.10080000000000001
-6.450699999999999 0.10130000000000002
-6.4407 0.10189999999999998
-6.4307 0.10219999999999999
-6.4207 0.10250000000000001
-6.410699999999999 0.10250000000000001
-6.4007 0.1023
-6.3907 0.10200000000000001
-6.3807 0.1016
-6.370699999999999 0.10089999999999999
-6.3607 0.10010000000000002
-6.3507 0.09939999999999999
-6.3407 0.0985
-6.3307 0.0973
-6.3206999999999995 0.0963
-6.3107 0.095
-6.3007 0.09400000000000001
-6.2907 0.0925
-6.2806999999999995 0.09140000000000001
-6.2707 0.0901
-6.2607 0.0889
-6.2507 0.0878
-6.2406999999999995 0.08650000000000001
-6.2307 0.08550000000000002
-6.2207 0.08439999999999999
-6.2107 0.0832
-6.200699999999999 0.0823
-6.1907 0.08149999999999999
-6.1807 0.0806
-6.1707 0.08
-6.160699999999999 0.0792
-6.1507 0.0787
-6.1407 0.07819999999999999
-6.1307 0.0778
-6.120699999999999 0.07730000000000001
-6.1107 0.0773
-6.1007 0.07708000000000001
-6.0907 0.077
-6.0807 0.07711000000000001
-6.0706999999999995 0.07694000000000001
-6.0607 0.07702999999999999
-6.0507 0.07717
-6.0407 0.07717
-6.0306999999999995 0.07732
-6.0207 0.07737999999999999
-6.0107 0.07751
-6.0007 0.07755999999999999
-5.9906999999999995 0.07755000000000001
-5.9807 0.07767
-5.9707 0.07773
-5.9607 0.07772
-5.950699999999999 0.07775
-5.9407 0.07791
-5.9307 0.07801
-5.9207 0.07816999999999999
-5.910699999999999 0.07843
-5.9007 0.07880999999999999
-5.8907 0.07919000000000001
-5.8807 0.07957
-5.870699999999999 0.07995000000000001
-5.8607 0.08052999999999999
-5.8507 0.08101
-5.8407 0.0816
-5.8307 0.08208
-5.8206999999999995 0.08235
-5.8107 0.08263
-5.8007 0.08267999999999999
-5.7907 0.08274999999999999
-5.7806999999999995 0.08242000000000001
-5.7707 0.08209
-5.7607 0.08146
-5.7507 0.08085
-5.7406999999999995 0.08004
-5.7307 0.07915
-5.7207 0.07798
-5.7107 0.07704
-5.700699999999999 0.07593
-5.6907 0.07483
-5.6807 0.07376999999999999
-5.6707 0.07293999999999999
-5.660699999999999 0.07212
-5.6507 0.07144
-5.6407 0.07086999999999999
-5.6307 0.07041
-5.620699999999999 0.07017
-5.6107 0.06992999999999999
-5.6007 0.06988
-5.5907 0.06993
-5.5807 0.06987
-5.5707 0.07009
-5.560700000000001 0.07008
-5.550699999999999 0.07025
-5.540699999999999 0.07020000000000001
-5.5306999999999995 0.0701
-5.5207 0.06991
-5.5107 0.06967
-5.5007 0.06931
-5.4907 0.06905
-5.480700000000001 0.06849
-5.470699999999999 0.06802
-5.460699999999999 0.06747
-5.450699999999999 0.06705
-5.4407 0.06656
-5.4307 0.06611
-5.4207 0.06582
-5.4107 0.06559000000000001
-5.4007000000000005 0.06553
-5.390699999999999 0.06552999999999999
-5.380699999999999 0.06582
-5.370699999999999 0.06619
-5.3607 0.06682
-5.3507 0.06752
-5.3407 0.06839
-5.3307 0.06936
-5.3207 0.0706
-5.310700000000001 0.07186
-5.300699999999999 0.07313
-5.290699999999999 0.07463
-5.2806999999999995 0.07603
-5.2707 0.07751999999999999
-5.2607 0.07901
-5.2507 0.08038000000000001
-5.2407 0.08182999999999999
-5.230700000000001 0.08334
-5.220699999999999 0.08460999999999999
-5.210699999999999 0.0857
-5.200699999999999 0.08695
-5.1907 0.08797999999999999
-5.1807 0.08889
-5.1707 0.08969
-5.1607 0.09027
-5.1507000000000005 0.09083
-5.140699999999999 0.09129000000000001
-5.130699999999999 0.09123
-5.120699999999999 0.09147
-5.1107 0.09151000000000001
-5.1007 0.09134
-5.0907 0.09097
-5.0807 0.09059999999999999
-5.0707 0.09014
-5.060700000000001 0.08978
-5.050699999999999 0.08923
-5.040699999999999 0.08878999999999998
-5.0306999999999995 0.08846
-5.0207 0.08793
-5.0107 0.08752
-5.0007 0.08700000000000001
-4.9907 0.08666
-4.980700000000001 0.08631000000000001
-4.970699999999999 0.08588
-4.960699999999999 0.08567000000000001
-4.950699999999999 0.08536
-4.9407 0.08507
-4.9307 0.08477
-4.9207 0.08428
-4.9107 0.08387
-4.9007000000000005 0.08337
-4.890699999999999 0.08266
-4.880699999999999 0.08204
-4.870699999999999 0.0813
-4.8607 0.08055999999999999
-4.8507 0.07949
-4.8407 0.07852
-4.8307 0.07734
-4.8207 0.07624
-4.810700000000001 0.07494
-4.800699999999999 0.07363
-4.790699999999999 0.07242000000000001
-4.7806999999999995 0.0712
-4.7707 0.06989000000000001
-4.7607 0.06848
-4.7507 0.06727
-4.7407 0.06608
-4.730700000000001 0.06478
-4.720699999999999 0.0638
-4.710699999999999 0.06273
-4.700699999999999 0.06177
-4.6907 0.06083
-4.6807 0.0601
-4.6707 0.0592
-4.6607 0.05861000000000001
-4.6507000000000005 0.05793
-4.640699999999999 0.05757
-4.630699999999999 0.05719
-4.620699999999999 0.05694
-4.6107 0.05676
-4.6007 0.056850000000000005
-4.5907 0.05681
-4.5807 0.057150000000000006
-4.5707 0.05746
-4.560700000000001 0.05794
-4.550699999999999 0.05849
-4.540699999999999 0.05911
-4.5306999999999995 0.059770000000000004
-4.5207 0.0606
-4.5107 0.06136
-4.5007 0.06225000000000001
-4.4907 0.06306
-4.480700000000001 0.06391
-4.470699999999999 0.0649
-4.460699999999999 0.06548
-4.450699999999999 0.06637
-4.4407 0.06695999999999999
-4.4307 0.06743
-4.4207 0.06801000000000001
-4.4107 0.06827
-4.4007000000000005 0.06858
-4.390699999999999 0.06877
-4.380699999999999 0.06886
-4.370699999999999 0.06873
-4.3607 0.06870000000000001
-4.3507 0.06846
-4.3407 0.06831
-4.3307 0.06806
-4.3207 0.06781
-4.310700000000001 0.06755
-4.300699999999999 0.06741
-4.290699999999999 0.06712000000000001
-4.2806999999999995 0.06702999999999999
-4.2707 0.06677
-4.2607 0.06673
-4.2507 0.06682
-4.2407 0.06694
-4.230700000000001 0.06711
-4.220699999999999 0.06751
-4.210699999999999 0.06805
-4.200699999999999 0.06865
-4.1907 0.06948
-4.1807 0.07027
-4.1707 0.07128999999999999
-4.1607 0.07256
-4.1507000000000005 0.0739
-4.140699999999999 0.07551000000000001
-4.130699999999999 0.077
-4.120699999999999 0.07880000000000001
-4.1107 0.08070000000000001
-4.1007 0.0828
-4.0907 0.0852
-4.0807 0.0874
-4.0707 0.0899
-4.060700000000001 0.0925
-4.050699999999999 0.09519999999999999
-4.040699999999999 0.09789999999999999
-4.0306999999999995 0.1008
-4.0207 0.1037
-4.0107 0.10669999999999999
-4.0007 0.10969999999999999
-3.9907000000000004 0.11270000000000001
-3.9807000000000006 0.11549999999999999
-3.970699999999999 0.11829999999999999
-3.960699999999999 0.12129999999999999
-3.9506999999999994 0.124
-3.9406999999999996 0.1267
-3.9307 0.12940000000000002
-3.9207 0.1318
-3.9107000000000003 0.1345
-3.9007000000000005 0.1366
-3.890699999999999 0.13879999999999998
-3.880699999999999 0.1409
-3.8706999999999994 0.143
-3.8606999999999996 0.1451
-3.8507 0.147
-3.8407 0.1488
-3.8307 0.1506
-3.8207000000000004 0.1523
-3.8107000000000006 0.1539
-3.800699999999999 0.1555
-3.7906999999999993 0.15680000000000002
-3.7806999999999995 0.1582
-3.7706999999999997 0.1593
-3.7607 0.1603
-3.7507 0.1613
-3.7407000000000004 0.16190000000000002
-3.7307000000000006 0.1623
-3.720699999999999 0.1624
-3.710699999999999 0.16240000000000002
-3.7006999999999994 0.16199999999999998
-3.6906999999999996 0.1616
-3.6807 0.1608
-3.6707 0.1597
-3.6607000000000003 0.1585
-3.6507000000000005 0.157
-3.640699999999999 0.1551
-3.630699999999999 0.1533
-3.6206999999999994 0.1511
-3.6106999999999996 0.1489
-3.6007 0.1464
-3.5907 0.14379999999999998
-3.5807 0.1412
-3.5707000000000004 0.13840000000000002
-3.5607000000000006 0.1357
-3.550699999999999 0.1329
-3.5406999999999993 0.12990000000000002
-3.5306999999999995 0.1269
-3.5206999999999997 0.12400000000000001
-3.5107 0.1211
-3.5007 0.11829999999999999
-3.4907000000000004 0.1155
-3.4807000000000006 0.1128
-3.470699999999999 0.1101
-3.460699999999999 0.1075
-3.4506999999999994 0.10519999999999999
-3.4406999999999996 0.1028
-3.4307 0.10070000000000001
-3.4207 0.0987
-3.4107000000000003 0.09699999999999999
-3.4007000000000005 0.0953
-3.390699999999999 0.0938
-3.380699999999999 0.09269999999999999
-3.3706999999999994 0.0916
-3.3606999999999996 0.0907
-3.3507 0.09
-3.3407 0.0894
-3.3307 0.089
-3.3207000000000004 0.0887
-3.3107000000000006 0.0888
-3.300699999999999 0.0888
-3.2906999999999993 0.089
-3.2806999999999995 0.0894
-3.2706999999999997 0.08979999999999999
-3.2607 0.0904
-3.2507 0.09129999999999999
-3.2407000000000004 0.09240000000000001
-3.2307000000000006 0.0934
-3.220699999999999 0.0946
-3.210699999999999 0.09609999999999999
-3.2006999999999994 0.0978
-3.1906999999999996 0.0996
-3.1807 0.1014
-3.1707 0.10339999999999999
-3.1607000000000003 0.10569999999999999
-3.1507000000000005 0.10800000000000001
-3.140699999999999 0.11029999999999998
-3.130699999999999 0.113
-3.1206999999999994 0.1159
-3.1106999999999996 0.1191
-3.1007 0.12239999999999998
-3.0907 0.1262
-3.0807 0.13019999999999998
-3.0707000000000004 0.1348
-3.0607000000000006 0.13979999999999998
-3.050699999999999 0.1456
-3.0406999999999993 0.1518
-3.0306999999999995 0.15889999999999999
-3.0206999999999997 0.1665
-3.0107 0.1749
-3.0007 0.18419999999999997
-2.9907000000000004 0.1942
-2.9807000000000006 0.20500000000000002
-2.970699999999999 0.21650000000000003
-2.960699999999999 0.2286
-2.9506999999999994 0.24140000000000003
-2.9406999999999996 0.2548
-2.9307 0.2687
-2.9207 0.2829
-2.9107000000000003 0.2975
-2.9007000000000005 0.3125
-2.890699999999999 0.32739999999999997
-2.880699999999999 0.34249999999999997
-2.8706999999999994 0.3579
-2.8606999999999996 0.3723000000000001
-2.8507 0.38670000000000004
-2.8407 0.40130000000000005
-2.8307 0.4161
-2.8207000000000004 0.42990000000000006
-2.8107000000000006 0.4438
-2.800699999999999 0.457
-2.7906999999999993 0.4702
-2.7806999999999995 0.4835
-2.7706999999999997 0.4967
-2.7607 0.5109999999999999
-2.7507 0.524
-2.7407000000000004 0.5369
-2.7307000000000006 0.5509000000000001
-2.720699999999999 0.564
-2.710699999999999 0.5781999999999999
-2.7006999999999994 0.5925
-2.6906999999999996 0.6068
-2.6807 0.6211
-2.6707 0.6354
-2.6607000000000003 0.6496000000000001
-2.6507000000000005 0.6619
-2.640699999999999 0.6771
-2.630699999999999 0.6894
-2.6206999999999994 0.7017000000000001
-2.6106999999999996 0.7130000000000001
-2.6007 0.7234
-2.5907 0.7339000000000001
-2.5807 0.7424000000000001
-2.5707000000000004 0.7511
-2.5607000000000006 0.757
-2.550699999999999 0.7642000000000001
-2.5406999999999993 0.7685
-2.5306999999999995 0.7744
-2.5206999999999997 0.7785
-2.5107 0.7831000000000001
-2.5007 0.7873
-2.4907000000000004 0.7915
-2.4807000000000006 0.7953
-2.470699999999999 0.8003
-2.460699999999999 0.8047
-2.4506999999999994 0.8104
-2.4406999999999996 0.8207000000000001
-2.4307 0.8274
-2.4207 0.8377000000000001
-2.4107000000000003 0.8497
-2.4007000000000005 0.8613000000000001
-2.390699999999999 0.8756999999999999
-2.380699999999999 0.891
-2.3706999999999994 0.908
-2.3606999999999996 0.9249999999999999
-2.3507 0.9430000000000001
-2.3407 0.963
-2.3307 0.982
-2.3207000000000004 1.001
-2.3107000000000006 1.018
-2.300699999999999 1.036
-2.2906999999999993 1.051
-2.2806999999999995 1.063
-2.2706999999999997 1.075
-2.2607 1.0839999999999999
-2.2507 1.089
-2.2407000000000004 1.091
-2.2307000000000006 1.088
-2.220699999999999 1.085
-2.210699999999999 1.077
-2.2006999999999994 1.0659999999999998
-2.1906999999999996 1.053
-2.1807 1.037
-2.1707 1.016
-2.1607000000000003 0.994
-2.1507000000000005 0.971
-2.140699999999999 0.946
-2.130699999999999 0.9182000000000001
-2.1206999999999994 0.8879
-2.1106999999999996 0.8599
-2.1007 0.829
-2.0907 0.7976000000000001
-2.0807 0.7654000000000001
-2.0707000000000004 0.7336
-2.0607000000000006 0.7006
-2.050699999999999 0.6687000000000001
-2.0406999999999993 0.6346
-2.0306999999999995 0.6037000000000001
-2.0206999999999997 0.5702999999999999
-2.0107 0.5389999999999999
-2.0007 0.5076
-1.9907000000000004 0.47690000000000005
-1.9807000000000006 0.4468
-1.970699999999999 0.41819999999999996
-1.9606999999999992 0.39030000000000004
-1.9506999999999994 0.36300000000000004
-1.9406999999999996 0.33749999999999997
-1.9306999999999999 0.313
-1.9207 0.29
-1.9107000000000003 0.2685
-1.9007000000000005 0.2484
-1.890699999999999 0.22979999999999998
-1.8806999999999992 0.21289999999999998
-1.8706999999999994 0.19720000000000001
-1.8606999999999996 0.183
-1.8506999999999998 0.1701
-1.8407 0.15852
-1.8307000000000002 0.14817999999999998
-1.8207000000000004 0.13896
-1.8107000000000006 0.13075
-1.800699999999999 0.12344000000000001
-1.7906999999999993 0.11692
-1.7806999999999995 0.11117
-1.7706999999999997 0.10597999999999999
-1.7607 0.10135
-1.7507000000000001 0.09697
-1.7407000000000004 0.09302999999999999
-1.7307000000000006 0.0892
-1.720699999999999 0.08562
-1.7106999999999992 0.08199
-1.7006999999999994 0.07827999999999999
-1.6906999999999996 0.0747
-1.6806999999999999 0.07092
-1.6707 0.06714
-1.6607000000000003 0.06295999999999999
-1.6507000000000005 0.058969999999999995
-1.640699999999999 0.05482
-1.6306999999999992 0.05061
-1.6206999999999994 0.04645
-1.6106999999999996 0.042230000000000004
-1.6006999999999998 0.038110000000000005
-1.5907 0.03414
-1.5807000000000002 0.030319999999999996
-1.5707000000000004 0.02671
-1.5607000000000006 0.023319999999999997
-1.550699999999999 0.020167000000000004
-1.5406999999999993 0.017294999999999998
-1.5306999999999995 0.014695
-1.5206999999999997 0.012375999999999998
-1.5107 0.01032
-1.5007000000000001 0.008511999999999999
-1.4907000000000004 0.006968000000000001
-1.4807000000000006 0.005644
-1.470699999999999 0.0045260000000000005
-1.4606999999999992 0.003601
-1.4506999999999994 0.0028330000000000004
-1.4406999999999996 0.002208
-1.4306999999999999 0.0017019000000000001
-1.4207 0.0012996000000000001
-1.4107000000000003 0.0009823
-1.4007000000000005 0.0007346999999999999
-1.390699999999999 0.0005438
-1.3806999999999992 0.0003989
-1.3706999999999994 0.0002895
-1.3606999999999996 0.0002081
-1.3506999999999998 0.00014791
-1.3407 0.000104
-1.3307000000000002 7.251e-05
-1.3207000000000004 4.999000000000001e-05
-1.3107000000000006 3.4080000000000006e-05
-1.300699999999999 2.301e-05
-1.2906999999999993 1.5383e-05
-1.2806999999999995 1.0163999999999998e-05
-1.2706999999999997 6.6580000000000005e-06
-1.2607 4.305e-06
-1.2507000000000001 2.7589999999999998e-06
-1.2407000000000004 1.7496000000000002e-06
-1.2307000000000006 1.0987e-06
-1.220699999999999 6.82e-07
-1.2106999999999992 4.193e-07
-1.2006999999999994 2.546e-07
-1.1906999999999996 1.5313999999999998e-07
-1.1806999999999999 9.124000000000001e-08
-1.1707 5.376999999999999e-08
-1.1607000000000003 3.128e-08
-1.1507000000000005 1.8050999999999997e-08
-1.140699999999999 1.0293e-08
-1.1306999999999992 5.802e-09
-1.1206999999999994 3.2440000000000004e-09
-1.1106999999999996 1.7946e-09
-1.1006999999999998 9.81e-10
-1.0907 5.302e-10
-1.0807000000000002 2.841e-10
-1.0707000000000004 1.5045e-10
-1.0607000000000006 7.882e-11
-1.050699999999999 4.082e-11
-1.0406999999999993 2.0941e-11
-1.0306999999999995 1.0631e-11
-1.0206999999999997 5.3000000000000004e-12
-1.0107 2.6309999999999996e-12
-1.0007000000000001 1.2941e-12
-0.9907000000000004 6.145000000000001e-13
-0.9807000000000006 2.824e-13
-0.970699999999999 9.692e-14
-0.9606999999999992 2.3627e-14
-0.9506999999999994 0.0
-0.9406999999999996 0.0
-0.9306999999999999 0.0
-0.9207000000000001 0.0
-0.9107000000000003 0.0
-0.9007000000000005 0.0
-0.8906999999999989 0.0
-0.8806999999999992 0.0
-0.8706999999999994 0.0
-0.8606999999999996 0.0
-0.8506999999999998 0.0
-0.8407 0.0
-0.8307000000000002 0.0
-0.8207000000000004 0.0
-0.8107000000000006 0.0
-0.8006999999999991 0.0
-0.7906999999999993 0.0
-0.7806999999999995 0.0
-0.7706999999999997 0.0
-0.7606999999999999 0.0
-0.7507000000000001 0.0
-0.7407000000000004 0.0
-0.7307000000000006 0.0
-0.720699999999999 0.0
-0.7106999999999992 0.0
-0.7006999999999994 0.0
-0.6906999999999996 0.0
-0.6806999999999999 0.0
-0.6707000000000001 0.0
-0.6607000000000003 0.0
-0.6507000000000005 0.0
-0.6406999999999989 0.0
-0.6306999999999992 0.0
-0.6206999999999994 3.1305000000000003e-16
-0.6106999999999996 5.171e-15
-0.6006999999999998 1.637e-14
-0.5907 4.981e-14
-0.5807000000000002 1.051e-13
-0.5707000000000004 2.1520000000000003e-13
-0.5607000000000006 4.3629999999999997e-13
-0.5506999999999991 8.739999999999999e-13
-0.5406999999999993 1.736e-12
-0.5306999999999995 3.413e-12
-0.5206999999999997 6.6259999999999994e-12
-0.5106999999999999 1.275e-11
-0.5007000000000001 2.424e-11
-0.49070000000000036 4.562e-11
-0.48070000000000057 8.49e-11
-0.470699999999999 1.5630000000000002e-10
-0.4606999999999992 2.85e-10
-0.45069999999999943 5.133e-10
-0.44069999999999965 9.160000000000001e-10
-0.43069999999999986 1.616e-09
-0.4207000000000001 2.823e-09
-0.4107000000000003 4.8720000000000005e-09
-0.4007000000000005 8.332e-09
-0.39069999999999894 1.41e-08
-0.38069999999999915 2.3589999999999995e-08
-0.37069999999999936 3.9049999999999996e-08
-0.3606999999999996 6.395e-08
-0.3506999999999998 1.036e-07
-0.3407 1.664e-07
-0.3307000000000002 2.641e-07
-0.32070000000000043 4.144e-07
-0.31070000000000064 6.439999999999999e-07
-0.3006999999999991 9.910000000000001e-07
-0.2906999999999993 1.506e-06
-0.2806999999999995 2.268e-06
-0.2706999999999997 3.3780000000000005e-06
-0.26069999999999993 4.981e-06
-0.25070000000000014 7.272e-06
-0.24070000000000036 1.0500000000000001e-05
-0.23070000000000057 1.4979999999999999e-05
-0.220699999999999 2.12e-05
-0.21069999999999922 2.9659999999999997e-05
-0.20069999999999943 4.108e-05
-0.19069999999999965 5.622e-05
-0.18069999999999986 7.638e-05
-0.17070000000000007 0.0001025
-0.1607000000000003 0.0001364
-0.1507000000000005 0.00017950000000000003
-0.14069999999999894 0.00023400000000000002
-0.13069999999999915 0.0003022
-0.12069999999999936 0.0003861
-0.11069999999999958 0.0004883
-0.10069999999999979 0.000613
-0.0907 0.0007597000000000001
-0.08070000000000022 0.0009339999999999999
-0.07070000000000043 0.001138
-0.06070000000000064 0.0013739999999999998
-0.05069999999999908 0.001644
-0.04069999999999929 0.001948
-0.030699999999999505 0.0022919999999999998
-0.02069999999999972 0.002672
-0.010699999999999932 0.003088
-0.000700000000000145 0.003541
0.009299999999999642 0.0040290000000000005
0.01929999999999943 0.004549
0.029300000000000992 0.005102000000000001
0.03930000000000078 0.005675
0.049300000000000566 0.006274999999999999
0.05930000000000035 0.006893
0.06930000000000014 0.00753
0.07929999999999993 0.008165
0.08929999999999971 0.008808
0.0992999999999995 0.009448999999999999
0.10930000000000106 0.010098
0.11930000000000085 0.010714999999999999
0.12930000000000064 0.011341
0.13930000000000042 0.011940000000000001
0.1493000000000002 0.01255
0.1593 0.013120000000000001
0.16929999999999978 0.013680000000000001
0.17929999999999957 0.014199999999999999
0.18929999999999936 0.01471
0.19930000000000092 0.015220000000000001
0.2093000000000007 0.015690000000000003
0.2193000000000005 0.01615
0.22930000000000028 0.01659
0.23930000000000007 0.017019999999999997
0.24929999999999986 0.01745
0.25929999999999964 0.017869999999999997
0.26929999999999943 0.0183
0.279300000000001 0.018720000000000004
0.2893000000000008 0.01914
0.29930000000000057 0.019600000000000003
0.30930000000000035 0.020040000000000002
0.31930000000000014 0.02052
0.3292999999999999 0.02101
0.3392999999999997 0.02155
0.3492999999999995 0.0221
0.35930000000000106 0.02267
0.36930000000000085 0.02327
0.37930000000000064 0.02392
0.3893000000000004 0.024590000000000004
0.3993000000000002 0.025280000000000004
0.4093 0.02598
0.4192999999999998 0.026700000000000005
0.42929999999999957 0.027450000000000002
0.43929999999999936 0.028210000000000002
0.4493000000000009 0.02895
0.4593000000000007 0.02971
0.4693000000000005 0.030449999999999998
0.4793000000000003 0.031169999999999996
0.48930000000000007 0.031869999999999996
0.49929999999999986 0.03254
0.5092999999999996 0.03317
0.5192999999999994 0.03375
0.529300000000001 0.03428
0.5393000000000008 0.03475
0.5493000000000006 0.03516
0.5593000000000004 0.03551
0.5693000000000001 0.03578
0.5792999999999999 0.03597
0.5892999999999997 0.03608
0.5992999999999995 0.03614
0.6093000000000011 0.03617
0.6193000000000008 0.03601
0.6293000000000006 0.03596
0.6393000000000004 0.03578
0.6493000000000002 0.035629999999999995
0.6593 0.035466000000000004
0.6692999999999998 0.035296
0.6792999999999996 0.035240999999999995
0.6892999999999994 0.035181000000000004
0.6993000000000009 0.035266000000000006
0.7093000000000007 0.035387
0.7193000000000005 0.035552
0.7293000000000003 0.035879999999999995
0.7393000000000001 0.036382000000000005
0.7492999999999999 0.036863
0.7592999999999996 0.037535
0.7692999999999994 0.038273999999999996
0.779300000000001 0.038978
0.7893000000000008 0.039837
0.7993000000000006 0.040559
0.8093000000000004 0.041443
0.8193000000000001 0.042166999999999996
0.8292999999999999 0.042731000000000005
0.8392999999999997 0.043233999999999995
0.8492999999999995 0.043664999999999995
0.8593000000000011 0.043904
0.8693000000000008 0.043861
0.8793000000000006 0.04371800000000001
0.8893000000000004 0.043282
0.8993000000000002 0.04273400000000001
0.9093 0.04208
0.9192999999999998 0.04111
0.9292999999999996 0.04013
0.9392999999999994 0.038919999999999996
0.9493000000000009 0.03752
0.9593000000000007 0.03628000000000001
0.9693000000000005 0.03483
0.9793000000000003 0.03338
0.9893000000000001 0.0319
0.9992999999999999 0.030539999999999998
1.0092999999999996 0.029180000000000005
1.0192999999999994 0.02786
1.029300000000001 0.02665
1.0393000000000008 0.025509999999999998
1.0493000000000006 0.024460000000000003
1.0593000000000004 0.0235
1.0693000000000001 0.02263
1.0793 0.02187
1.0892999999999997 0.02119
1.0992999999999995 0.0206
1.109300000000001 0.02009
1.1193000000000008 0.019639999999999998
1.1293000000000006 0.019250000000000003
1.1393000000000004 0.018930000000000002
1.1493000000000002 0.01865
1.1593 0.01841
1.1692999999999998 0.0182
1.1792999999999996 0.01798
1.1892999999999994 0.01781
1.199300000000001 0.01763
1.2093000000000007 0.01748
1.2193000000000005 0.01729
1.2293000000000003 0.0171
1.2393 0.01692
1.2492999999999999 0.0167
1.2592999999999996 0.01648
1.2692999999999994 0.01624
1.279300000000001 0.015979999999999998
1.2893000000000008 0.01569
1.2993000000000006 0.015419999999999998
1.3093000000000004 0.015099999999999999
1.3193000000000001 0.014789999999999998
1.3293 0.014459999999999999
1.3392999999999997 0.01414
1.3492999999999995 0.013800000000000002
1.359300000000001 0.013460000000000001
1.3693000000000008 0.01311
1.3793000000000006 0.012799999999999999
1.3893000000000004 0.012469999999999998
1.3993000000000002 0.01217
1.4093 0.01187
1.4192999999999998 0.01159
1.4292999999999996 0.011349999999999999
1.4392999999999994 0.01115
1.449300000000001 0.010969999999999999
1.4593000000000007 0.010870000000000001
1.4693000000000005 0.01083
1.4793000000000003 0.0109
1.4893 0.01107
1.4992999999999999 0.01137
1.5092999999999996 0.01179
1.5192999999999994 0.01239
1.529300000000001 0.01315
1.5393000000000008 0.01409
1.5493000000000006 0.015219999999999997
1.5593000000000004 0.01655
1.5693000000000001 0.018070000000000003
1.5793 0.01977
1.5892999999999997 0.021679999999999998
1.5992999999999995 0.02371
1.609300000000001 0.02591
1.6193000000000008 0.028210000000000002
1.6293000000000006 0.030600000000000002
1.6393000000000004 0.03307
1.6493000000000002 0.03556
1.6593 0.03806
1.6692999999999998 0.040519999999999994
1.6792999999999996 0.042949999999999995
1.6892999999999994 0.04528
1.699300000000001 0.04751999999999999
1.7093000000000007 0.049670000000000006
1.7193000000000005 0.05168
1.7293000000000003 0.053579999999999996
1.7393 0.055249999999999994
1.7492999999999999 0.05704
1.7592999999999996 0.05846
1.7692999999999994 0.059840000000000004
1.779300000000001 0.06115
1.7893000000000008 0.062189999999999995
1.7993000000000006 0.0633
1.8093000000000004 0.06428999999999999
1.8193000000000001 0.06523
1.8293 0.06592999999999999
1.8392999999999997 0.06661
1.8492999999999995 0.06736
1.859300000000001 0.06799000000000001
1.8693000000000008 0.06849
1.8793000000000006 0.06897
1.8893000000000004 0.06951
1.8993000000000002 0.06978999999999999
1.9093 0.07028
1.9192999999999998 0.07058
1.9292999999999996 0.07069
1.9392999999999994 0.07102
1.949300000000001 0.07135999999999999
1.9593000000000007 0.07161999999999999
1.9693000000000005 0.0718
1.9793000000000003 0.0721
1.9893 0.07232
1.9992999999999999 0.07255
2.0092999999999996 0.07281
2.0192999999999994 0.07318
2.029300000000001 0.07366
2.039300000000001 0.07386000000000001
2.0493000000000006 0.07417
2.0593000000000004 0.07468999999999999
2.0693 0.07499
2.0793 0.07525
2.0892999999999997 0.07563
2.0992999999999995 0.07579999999999999
2.109300000000001 0.07607
2.119300000000001 0.07625
2.1293000000000006 0.07642
2.1393000000000004 0.07631
2.1493 0.07629
2.1593 0.07598
2.1693 0.07577999999999999
2.1792999999999996 0.07528
2.1892999999999994 0.07479
2.199300000000001 0.07431
2.2093000000000007 0.07374
2.2193000000000005 0.07289000000000001
2.2293000000000003 0.07224
2.2393 0.07161
2.2493 0.0709
2.2592999999999996 0.07014
2.2692999999999994 0.06956
2.279300000000001 0.06882
2.289300000000001 0.06812
2.2993000000000006 0.06757
2.3093000000000004 0.06726
2.3193 0.06681000000000001
2.3293 0.06648
2.3392999999999997 0.06631000000000001
2.3492999999999995 0.06613999999999999
2.359300000000001 0.06594000000000001
2.369300000000001 0.06587
2.3793000000000006 0.06570999999999999
2.3893000000000004 0.0656
2.3993 0.06548000000000001
2.4093000000000018 0.06523999999999999
2.4193 0.06498
2.4293000000000013 0.06454
2.4392999999999994 0.06404
2.449300000000001 0.06330000000000001
2.459299999999999 0.06243
2.4693000000000005 0.06151
2.4792999999999985 0.06043
2.4893 0.05904
2.4993000000000016 0.057659999999999996
2.5092999999999996 0.05616
2.519300000000001 0.05454
2.529299999999999 0.05288
2.539300000000001 0.05123
2.549299999999999 0.04961
2.5593000000000004 0.04804
2.569300000000002 0.04656
2.5793 0.04521
2.5893000000000015 0.04403
2.5992999999999995 0.04304
2.609300000000001 0.042249999999999996
2.619299999999999 0.0417
2.6293000000000006 0.04137
2.6392999999999986 0.04127
2.6493 0.04139999999999999
2.6593000000000018 0.04173
2.6693 0.04223999999999999
2.6793000000000013 0.042899999999999994
2.6892999999999994 0.04371
2.699300000000001 0.04462000000000001
2.709299999999999 0.045570000000000006
2.7193000000000005 0.046579999999999996
2.7292999999999985 0.04757000000000001
2.7393 0.04854
2.7493000000000016 0.04945
2.7592999999999996 0.050289999999999994
2.769300000000001 0.051000000000000004
2.779299999999999 0.051629999999999995
2.789300000000001 0.05211
2.799299999999999 0.05249
2.8093000000000004 0.052719999999999996
2.819300000000002 0.052840000000000005
2.8293 0.052840000000000005
2.8393000000000015 0.052750000000000005
2.8492999999999995 0.05259
2.859300000000001 0.052360000000000004
2.869299999999999 0.05212000000000001
2.8793000000000006 0.051859999999999996
2.8892999999999986 0.051609999999999996
2.8993 0.05141
2.9093000000000018 0.05127
2.9193 0.051199999999999996
2.9293000000000013 0.0512
2.9392999999999994 0.05125999999999999
2.949300000000001 0.05142
2.959299999999999 0.05162
2.9693000000000005 0.05188
2.9792999999999985 0.05215
2.9893 0.05239
2.9993000000000016 0.052610000000000004
3.0092999999999996 0.052790000000000004
3.019300000000001 0.05282
3.029299999999999 0.05279
3.039300000000001 0.052680000000000005
3.049299999999999 0.05235
3.0593000000000004 0.0519
3.069300000000002 0.05122
3.0793 0.05043999999999999
3.0893000000000015 0.04952
3.0992999999999995 0.04845000000000001
3.109300000000001 0.04725
3.119299999999999 0.04597
3.1293000000000006 0.04461
3.1392999999999986 0.04322
3.1493 0.041800000000000004
3.1593000000000018 0.0404
3.1693 0.03904
3.1793000000000013 0.037750000000000006
3.1892999999999994 0.03653
3.199300000000001 0.03542
3.209299999999999 0.03443
3.2193000000000005 0.033549999999999996
3.2292999999999985 0.03284
3.2393 0.03225
3.2493000000000016 0.0318
3.2592999999999996 0.03151
3.269300000000001 0.03136
3.279299999999999 0.03134
3.289300000000001 0.03145
3.299299999999999 0.03168
3.3093000000000004 0.03204
3.319300000000002 0.03249
3.3293 0.03304
3.3393000000000015 0.033679999999999995
3.3492999999999995 0.0344
3.359300000000001 0.035199999999999995
3.369299999999999 0.03605
3.3793000000000006 0.036950000000000004
3.3892999999999986 0.037880000000000004
3.3993 0.03887
3.4093000000000018 0.03986
3.4193 0.04085
3.4293000000000013 0.04186
3.4392999999999994 0.04284
3.449300000000001 0.04382
3.459299999999999 0.04473
3.4693000000000005 0.04561
3.4792999999999985 0.04644
3.4893 0.04721
3.4993000000000016 0.047889999999999995
3.5092999999999996 0.04851
3.519300000000001 0.04906
3.529299999999999 0.04954
3.539300000000001 0.049929999999999995
3.549299999999999 0.05025
3.5593000000000004 0.05052999999999999
3.569300000000002 0.050760000000000007
3.5793 0.05094
3.5893000000000015 0.051089999999999997
3.5992999999999995 0.051239999999999994
3.609300000000001 0.05143
3.619299999999999 0.05158
3.6293000000000006 0.05178
3.6392999999999986 0.05199
3.6493 0.05226
3.6593000000000018 0.05258
3.6693 0.05292
3.6793000000000013 0.05329
3.6892999999999994 0.05371
3.699300000000001 0.05411
3.709299999999999 0.0546
3.7193000000000005 0.05498
3.7292999999999985 0.055330000000000004
3.7393 0.05563
3.7493000000000016 0.055889999999999995
3.7592999999999996 0.055889999999999995
3.769300000000001 0.055909999999999994
3.779299999999999 0.055749999999999994
3.789300000000001 0.055389999999999995
3.799299999999999 0.05493000000000001
3.8093000000000004 0.05428
3.819300000000002 0.05349
3.8293 0.0525
3.8393000000000015 0.051430000000000003
3.8492999999999995 0.05023
3.859300000000001 0.048920000000000005
3.869299999999999 0.04752000000000001
3.8793000000000006 0.046020000000000005
3.8892999999999986 0.044480000000000006
3.8993 0.0429
3.9093000000000018 0.04128
3.9193 0.039650000000000005
3.9293000000000013 0.03801
3.9392999999999994 0.036399999999999995
3.949300000000001 0.034809999999999994
3.959299999999999 0.03325
3.9693000000000005 0.03171
3.9792999999999985 0.03023
3.9893 0.028820000000000002
3.9993000000000016 0.02745
4.0093 0.02613
4.019300000000001 0.024869999999999996
4.029299999999999 0.02366
4.039300000000001 0.022520000000000002
4.049299999999999 0.02143
4.0593 0.02038
4.069300000000002 0.01938
4.0793 0.01844
4.0893000000000015 0.017519999999999997
4.0992999999999995 0.01666
4.109300000000001 0.0158
4.119299999999999 0.014980000000000004
4.129300000000001 0.014179999999999998
4.139299999999999 0.013389999999999999
4.1493 0.01262
4.159300000000002 0.01187
4.1693 0.01114
4.179300000000001 0.010409999999999999
4.189299999999999 0.009705
4.199300000000001 0.009028
4.209299999999999 0.008346
4.2193000000000005 0.007675
4.2292999999999985 0.00703
4.2393 0.006429000000000001
4.249300000000002 0.005828000000000001
4.2593 0.005256
4.269300000000001 0.004721
4.279299999999999 0.004208
4.289300000000001 0.0037269999999999994
4.299299999999999 0.003278
4.3093 0.002863
4.319300000000002 0.002483
4.3293 0.002136
4.3393000000000015 0.0018230000000000002
4.3492999999999995 0.001544
4.359300000000001 0.0012959999999999998
4.369299999999999 0.0010780000000000002
4.379300000000001 0.0008892
4.389299999999999 0.0007271000000000001
4.3993 0.0005901999999999999
4.409300000000002 0.0004724
4.4193 0.00037580000000000003
4.429300000000001 0.000296
4.439299999999999 0.00023060000000000002
4.449300000000001 0.00017800000000000002
4.459299999999999 0.000136
4.4693000000000005 0.0001029
4.4792999999999985 7.704000000000001e-05
4.4893 5.714e-05
4.499300000000002 4.195e-05
4.5093 3.048e-05
4.519300000000001 2.1910000000000002e-05
4.529299999999999 1.5570000000000002e-05
4.539300000000001 1.098e-05
4.549299999999999 7.633e-06
4.5593 5.27e-06
4.569300000000002 3.5900000000000004e-06
4.5793 2.422e-06
4.5893000000000015 1.617e-06
4.5992999999999995 1.068e-06
4.609300000000001 6.987e-07
4.619299999999999 4.514e-07
4.629300000000001 2.889e-07
