-23.6007 -0.021404000000000003
-23.5907 -0.014209
-23.5807 -0.009340999999999999
-23.570700000000002 -0.0060620000000000005
-23.5607 -0.0039028
-23.5507 -0.0024835000000000005
-23.5407 -0.0015655999999999999
-23.5307 -0.0009753
-23.520699999999998 -0.0006030000000000001
-23.5107 -0.0003687
-23.500700000000002 -0.00022252000000000003
-23.4907 -0.00013321
-23.4807 -7.877e-05
-23.4707 -4.6280000000000004e-05
-23.4607 -2.6760999999999997e-05
-23.450699999999998 -1.5388e-05
-23.4407 -8.735999999999999e-06
-23.4307 -4.9079e-06
-23.4207 -2.7314000000000002e-06
-23.4107 -1.5024e-06
-23.4007 -8.184000000000001e-07
-23.3907 -4.4129000000000006e-07
-23.380699999999997 -2.3568e-07
-23.3707 -1.2414e-07
-23.3607 -6.489000000000001e-08
-23.3507 -3.355100000000001e-08
-23.3407 -1.7129e-08
-23.3307 -8.658e-09
-23.320700000000002 -4.309900000000001e-09
-23.3107 -2.1029e-09
-23.3007 -1.0019999999999998e-09
-23.2907 -4.6139e-10
-23.2807 -2.0306000000000002e-10
-23.270699999999998 -8.118e-11
-23.2607 -1.7411e-11
-23.250700000000002 -0.0
-23.2407 -0.0
-23.2307 -0.0
-23.2207 -0.0
-23.2107 -0.0
-23.200699999999998 -0.0
-23.1907 -0.0
-23.1807 -0.0
-23.1707 -0.0
-23.1607 -0.0
-23.1507 -0.0
-23.1407 -0.0
-23.130699999999997 -0.0
-23.1207 -0.0
-23.1107 -0.0
-23.1007 -0.0
-23.0907 -0.0
-23.0807 -0.0
-23.070700000000002 -0.0
-23.0607 -0.0
-23.0507 -0.0
-23.0407 -0.0
-23.0307 -0.0
-23.020699999999998 -0.0
-23.0107 -0.0
-23.000700000000002 -0.0
-22.9907 -0.0
-22.9807 -0.0
-22.9707 -0.0
-22.9607 -0.0
-22.950699999999998 -0.0
-22.9407 -0.0
-22.9307 -0.0
-22.9207 -0.0
-22.9107 -0.0
-22.9007 -0.0
-22.8907 -0.0
-22.880699999999997 -0.0
-22.8707 -0.0
-22.8607 -0.0
-22.8507 -0.0
-22.8407 -0.0
-22.8307 -0.0
-22.820700000000002 -0.0
-22.8107 -0.0
-22.8007 -0.0
-22.7907 -0.0
-22.7807 -0.0
-22.770699999999998 -0.0
-22.7607 -0.0
-22.750700000000002 -0.0
-22.7407 -0.0
-22.7307 -0.0
-22.7207 -0.0
-22.7107 -0.0
-22.700699999999998 -0.0
-22.6907 -0.0
-22.6807 -0.0
-22.6707 -0.0
-22.6607 -0.0
-22.6507 -0.0
-22.6407 -0.0
-22.630699999999997 -0.0
-22.6207 -0.0
-22.6107 -0.0
-22.6007 -0.0
-22.5907 -0.0
-22.5807 -0.0
-22.570700000000002 -0.0
-22.5607 -0.0
-22.5507 -0.0
-22.5407 -0.0
-22.5307 -0.0
-22.520699999999998 -0.0
-22.5107 -0.0
-22.500700000000002 -0.0
-22.4907 -0.0
-22.4807 -0.0
-22.4707 -0.0
-22.4607 -0.0
-22.450699999999998 -0.0
-22.4407 -0.0
-22.4307 -0.0
-22.4207 -0.0
-22.4107 -0.0
-22.4007 -0.0
-22.3907 -0.0
-22.380699999999997 -0.0
-22.3707 -0.0
-22.3607 -0.0
-22.3507 -0.0
-22.3407 -0.0
-22.3307 -0.0
-22.320700000000002 -0.0
-22.3107 -0.0
-22.3007 -0.0
-22.2907 -0.0
-22.2807 -0.0
-22.270699999999998 -0.0
-22.2607 -0.0
-22.250700000000002 -0.0
-22.2407 -0.0
-22.2307 -0.0
-22.2207 -0.0
-22.2107 -0.0
-22.200699999999998 -0.0
-22.1907 -0.0
-22.1807 -0.0
-22.1707 -0.0
-22.1607 -0.0
-22.1507 -0.0
-22.1407 -0.0
-22.130699999999997 -0.0
-22.1207 -0.0
-22.1107 -0.0
-22.1007 -0.0
-22.0907 -0.0
-22.0807 -0.0
-22.070700000000002 -0.0
-22.0607 -0.0
-22.0507 -0.0
-22.0407 -0.0
-22.0307 -0.0
-22.020699999999998 -0.0
-22.0107 -0.0
-22.000700000000002 -0.0
-21.9907 -0.0
-21.9807 -0.0
-21.9707 -0.0
-21.9607 -0.0
-21.950699999999998 -0.0
-21.9407 -0.0
-21.9307 -0.0
-21.9207 -0.0
-21.9107 -0.0
-21.9007 -0.0
-21.8907 -0.0
-21.880699999999997 -0.0
-21.8707 -0.0
-21.8607 -0.0
-21.8507 -0.0
-21.8407 -0.0
-21.8307 -0.0
-21.820700000000002 -0.0
-21.8107 -0.0
-21.8007 -0.0
-21.7907 -0.0
-21.7807 -0.0
-21.770699999999998 -0.0
-21.7607 -0.0
-21.750700000000002 -0.0
-21.7407 -0.0
-21.7307 -0.0
-21.7207 -0.0
-21.7107 -0.0
-21.700699999999998 -0.0
-21.6907 -0.0
-21.6807 -0.0
-21.6707 -0.0
-21.6607 -0.0
-21.6507 -0.0
-21.6407 -0.0
-21.630699999999997 -0.0
-21.6207 -0.0
-21.6107 -0.0
-21.6007 -0.0
-21.5907 -0.0
-21.5807 -0.0
-21.5707 -0.0
-21.5607 -1.03572e-16
-21.5507 -2.16329e-16
-21.5407 -8.4769999999999995e-16
-21.5307 -1.7515000000000002e-15
-21.520699999999998 -3.5776e-15
-21.5107 -7.636e-15
-21.500700000000002 -1.5284999999999998e-14
-21.4907 -3.0320000000000004e-14
-21.4807 -5.9517e-14
-21.4707 -1.1687e-13
-21.4607 -2.2471999999999998e-13
-21.450699999999998 -4.3151e-13
-21.4407 -8.127999999999999e-13
-21.4307 -1.5174e-12
-21.4207 -2.803e-12
-21.4107 -5.1265999999999996e-12
-21.4007 -9.262999999999999e-12
-21.3907 -1.6589e-11
-21.3807 -2.9412e-11
-21.3707 -5.1550000000000006e-11
-21.3607 -8.957000000000001e-11
-21.3507 -1.541e-10
-21.3407 -2.6206e-10
-21.3307 -4.4179999999999996e-10
-21.3207 -7.372e-10
-21.3107 -1.2178e-09
-21.3007 -1.9909000000000002e-09
-21.2907 -3.2224999999999996e-09
-21.2807 -5.175e-09
-21.270699999999998 -8.225e-09
-21.2607 -1.2945e-08
-21.250700000000002 -2.0182e-08
-21.2407 -3.118e-08
-21.2307 -4.77e-08
-21.2207 -7.232e-08
-21.2107 -1.0857999999999998e-07
-21.200699999999998 -1.6160999999999998e-07
-21.1907 -2.3860000000000003e-07
-21.1807 -3.486e-07
-21.1707 -5.054000000000001e-07
-21.1607 -7.268e-07
-21.1507 -1.0351e-06
-21.1407 -1.4620000000000001e-06
-21.1307 -2.049e-06
-21.1207 -2.8440000000000002e-06
-21.1107 -3.919e-06
-21.1007 -5.345999999999999e-06
-21.0907 -7.24e-06
-21.0807 -9.734e-06
-21.0707 -1.2967999999999998e-05
-21.0607 -1.712e-05
-21.0507 -2.243e-05
-21.0407 -2.915e-05
-21.0307 -3.758e-05
-21.020699999999998 -4.805e-05
-21.0107 -6.098000000000001e-05
-21.000700000000002 -7.666e-05
-20.9907 -9.551e-05
-20.9807 -0.00011827000000000002
-20.9707 -0.0001449
-20.9607 -0.0001764
-20.950699999999998 -0.00021279999999999997
-20.9407 -0.0002545
-20.9307 -0.0003019
-20.9207 -0.0003553
-20.9107 -0.00041450000000000005
-20.9007 -0.0004797
-20.8907 -0.0005513
-20.8807 -0.0006268999999999999
-20.8707 -0.0007105
-20.8607 -0.0007970000000000001
-20.8507 -0.0008886
-20.8407 -0.0009853000000000002
-20.8307 -0.0010823
-20.8207 -0.0011845000000000002
-20.8107 -0.0012918
-20.8007 -0.001402
-20.7907 -0.001517
-20.7807 -0.001634
-20.770699999999998 -0.0017590000000000001
-20.7607 -0.0018909999999999999
-20.750700000000002 -0.0020340000000000002
-20.7407 -0.002186
-20.7307 -0.0023529999999999996
-20.7207 -0.002535
-20.7107 -0.0027340000000000003
-20.700699999999998 -0.0029530000000000003
-20.6907 -0.0031919999999999995
-20.6807 -0.0034479999999999997
-20.6707 -0.003727
-20.6607 -0.004025
-20.6507 -0.004339
-20.6407 -0.004676
-20.6307 -0.005019
-20.6207 -0.005366
-20.6107 -0.0057150000000000005
-20.6007 -0.006063
-20.5907 -0.006422
-20.5807 -0.006750999999999999
-20.5707 -0.0070799999999999995
-20.5607 -0.007398
-20.5507 -0.007695
-20.5407 -0.00798
-20.5307 -0.008246
-20.520699999999998 -0.008511
-20.5107 -0.008755000000000002
-20.500700000000002 -0.009021
-20.4907 -0.009277
-20.4807 -0.009555999999999999
-20.4707 -0.009858
-20.4607 -0.010204
-20.450699999999998 -0.010598
-20.4407 -0.011022
-20.4307 -0.011528
-20.4207 -0.012086
-20.4107 -0.012717
-20.4007 -0.01341
-20.3907 -0.01417
-20.3807 -0.015009999999999997
-20.3707 -0.01589
-20.3607 -0.01683
-20.3507 -0.01778
-20.3407 -0.01878
-20.3307 -0.01977
-20.3207 -0.02078
-20.3107 -0.02177
-20.3007 -0.02275
-20.2907 -0.02369
-20.2807 -0.024610000000000003
-20.270699999999998 -0.025480000000000003
-20.2607 -0.0263
-20.250700000000002 -0.02709
-20.2407 -0.027850000000000003
-20.2307 -0.028569999999999998
-20.2207 -0.0293
-20.2107 -0.029980000000000003
-20.200699999999998 -0.03067
-20.1907 -0.03135
-20.1807 -0.03206
-20.1707 -0.03277
-20.1607 -0.03352
-20.1507 -0.03428
-20.1407 -0.03506
-20.1307 -0.035910000000000004
-20.1207 -0.036789999999999996
-20.1107 -0.0377
-20.1007 -0.03864
-20.0907 -0.03961
-20.0807 -0.04061
-20.0707 -0.0416
-20.0607 -0.04268
-20.0507 -0.043750000000000004
-20.0407 -0.04482
-20.0307 -0.045880000000000004
-20.020699999999998 -0.04695
-20.0107 -0.048
-20.000700000000002 -0.04904
-19.9907 -0.05005999999999999
-19.9807 -0.05091
-19.9707 -0.051730000000000005
-19.9607 -0.05252
-19.950699999999998 -0.05317
-19.9407 -0.05377
-19.9307 -0.05434
-19.9207 -0.05467999999999999
-19.9107 -0.055099999999999996
-19.9007 -0.05541000000000001
-19.8907 -0.0556
-19.8807 -0.05579
-19.8707 -0.055869999999999996
-19.8607 -0.05603999999999999
-19.8507 -0.05615
-19.8407 -0.0563
-19.8307 -0.05656
-19.8207 -0.05674
-19.8107 -0.057039999999999993
-19.8007 -0.05729
-19.7907 -0.05765
-19.7807 -0.058050000000000004
-19.770699999999998 -0.058370000000000005
-19.7607 -0.058929999999999996
-19.750700000000002 -0.05928
-19.7407 -0.059629999999999996
-19.7307 -0.06016
-19.7207 -0.06048
-19.7107 -0.06077
-19.700699999999998 -0.061009999999999995
-19.6907 -0.0612
-19.6807 -0.06113999999999999
-19.6707 -0.061239999999999996
-19.6607 -0.06106999999999999
-19.6507 -0.06107
-19.6407 -0.06083000000000001
-19.6307 -0.060570000000000006
-19.6207 -0.060270000000000004
-19.6107 -0.06017
-19.6007 -0.05987000000000001
-19.5907 -0.05988
-19.5807 -0.0597
-19.5707 -0.059660000000000005
-19.5607 -0.05975
-19.5507 -0.05996
-19.5407 -0.06011
-19.5307 -0.06048
-19.520699999999998 -0.061
-19.5107 -0.061619999999999994
-19.500700000000002 -0.06225
-19.4907 -0.06321
-19.4807 -0.06417999999999999
-19.4707 -0.06537
-19.4607 -0.06669
-19.450699999999998 -0.06853000000000001
-19.4407 -0.07051
-19.4307 -0.07283999999999999
-19.4207 -0.07553
-19.4107 -0.07877
-19.4007 -0.08216999999999999
-19.3907 -0.08623
-19.3807 -0.09090000000000001
-19.3707 -0.09589
-19.3607 -0.10149
-19.3507 -0.10771000000000001
-19.3407 -0.11435
-19.3307 -0.1214
-19.3207 -0.12897
-19.3107 -0.13685
-19.3007 -0.14514000000000002
-19.2907 -0.15355
-19.2807 -0.16216
-19.270699999999998 -0.17109000000000002
-19.2607 -0.18
-19.250700000000002 -0.1891
-19.2407 -0.19830000000000003
-19.2307 -0.20729999999999998
-19.2207 -0.21619999999999998
-19.2107 -0.2254
-19.200699999999998 -0.2343
-19.1907 -0.24330000000000002
-19.1807 -0.2522
-19.1707 -0.261
-19.1607 -0.27
-19.1507 -0.2789
-19.1407 -0.28780000000000006
-19.1307 -0.29669999999999996
-19.1207 -0.30579999999999996
-19.1107 -0.3147
-19.1007 -0.3235
-19.0907 -0.3323
-19.0807 -0.3409
-19.0707 -0.3491
-19.0607 -0.35700000000000004
-19.0507 -0.36460000000000004
-19.0407 -0.37129999999999996
-19.0307 -0.3775
-19.020699999999998 -0.38270000000000004
-19.0107 -0.38739999999999997
-19.000700000000002 -0.39070000000000005
-18.9907 -0.3928
-18.9807 -0.394
-18.9707 -0.3932
-18.9607 -0.3914
-18.950699999999998 -0.38780000000000003
-18.9407 -0.3833
-18.9307 -0.377
-18.9207 -0.37
-18.9107 -0.36129999999999995
-18.9007 -0.3512
-18.8907 -0.3398
-18.8807 -0.32820000000000005
-18.8707 -0.3165
-18.8607 -0.3038
-18.8507 -0.291
-18.8407 -0.27849999999999997
-18.8307 -0.26630000000000004
-18.8207 -0.2544
-18.8107 -0.2433
-18.8007 -0.23310000000000003
-18.7907 -0.2238
-18.7807 -0.2157
-18.770699999999998 -0.2087
-18.7607 -0.203
-18.750700000000002 -0.19829999999999998
-18.7407 -0.19490000000000002
-18.7307 -0.1926
-18.7207 -0.1911
-18.7107 -0.19058999999999998
-18.700699999999998 -0.19068000000000002
-18.6907 -0.19149
-18.6807 -0.19272999999999998
-18.6707 -0.19446000000000002
-18.6607 -0.19656
-18.6507 -0.19867
-18.6407 -0.20117000000000002
-18.6307 -0.20353
-18.6207 -0.20623
-18.6107 -0.20894000000000001
-18.6007 -0.21143
-18.5907 -0.21409
-18.5807 -0.21668
-18.5707 -0.21908
-18.5607 -0.22136
-18.5507 -0.22341
-18.5407 -0.22493
-18.5307 -0.22601
-18.520699999999998 -0.22653
-18.5107 -0.22629
-18.500700000000002 -0.22498200000000002
-18.4907 -0.222809
-18.4807 -0.219452
-18.4707 -0.214922
-18.4607 -0.209297
-18.450699999999998 -0.202396
-18.4407 -0.194309
-18.4307 -0.185225
-18.4207 -0.175165
-18.4107 -0.16430799999999998
-18.4007 -0.152973
-18.3907 -0.140942
-18.3807 -0.128833
-18.3707 -0.11663699999999999
-18.3607 -0.104774
-18.3507 -0.09312399999999998
-18.3407 -0.08210699999999999
-18.3307 -0.071516
-18.3207 -0.061921
-18.3107 -0.052983
-18.3007 -0.0448106
-18.2907 -0.0375849
-18.2807 -0.0312032
-18.270699999999998 -0.025724499999999997
-18.2607 -0.0209154
-18.250700000000002 -0.016846899999999998
-18.2407 -0.0134447
-18.2307 -0.0106067
-18.2207 -0.0083015
-18.2107 -0.0064201
-18.200699999999998 -0.0049109900000000005
-18.1907 -0.00372451
-18.1807 -0.00279098
-18.1707 -0.00207352
-18.1607 -0.0015230399999999998
-18.1507 -0.00110858
-18.1407 -0.0007956199999999999
-18.1307 -0.000567286
-18.1207 -0.00039966100000000005
-18.1107 -0.000278588
-18.1007 -0.000192479
-18.0907 -0.00013134899999999998
-18.0807 -8.880999999999998e-05
-18.0707 -5.9346100000000004e-05
-18.0607 -3.92412e-05
-18.0507 -2.57289e-05
-18.0407 -1.66751e-05
-18.0307 -1.0686799999999999e-05
-18.020699999999998 -6.7811499999999994e-06
-18.0107 -4.25756e-06
-18.000700000000002 -2.63846e-06
-17.9907 -1.62497e-06
-17.9807 -9.8757e-07
-17.9707 -5.94354e-07
-17.9607 -3.5394399999999996e-07
-17.950699999999998 -2.08812e-07
-17.9407 -1.21507e-07
-17.9307 -7.004129999999999e-08
-17.9207 -3.99502e-08
-17.9107 -2.25828e-08
-17.9007 -1.2618e-08
-17.8907 -6.97189e-09
-17.8807 -3.814380000000001e-09
-17.8707 -2.06277e-09
-17.8607 -1.10427e-09
-17.8507 -5.84792e-10
-17.8407 -3.06166e-10
-17.8307 -1.58884e-10
-17.8207 -8.153e-11
-17.8107 -4.13628e-11
-17.8007 -2.07007e-11
-17.7907 -1.02841e-11
-17.7807 -5.0365e-12
-17.770699999999998 -2.4184100000000004e-12
-17.7607 -1.05888e-12
-17.750700000000002 -4.33867e-13
-17.7407 -1.084694e-13
-17.7307 -0.0
-17.7207 -0.0
-17.7107 -0.0
-17.700699999999998 -0.0
-17.6907 -0.0
-17.6807 -0.0
-17.6707 -0.0
-17.6607 -0.0
-17.6507 -0.0
-17.6407 -0.0
-17.6307 -0.0
-17.6207 -0.0
-17.6107 -0.0
-17.6007 -0.0
-17.5907 -0.0
-17.5807 -0.0
-17.5707 -0.0
-17.5607 -0.0
-17.5507 -0.0
-17.5407 -0.0
-17.5307 -0.0
-17.520699999999998 -0.0
-17.5107 -0.0
-17.5007 -0.0
-17.4907 -0.0
-17.4807 -0.0
-17.4707 -0.0
-17.4607 -0.0
-17.4507 -0.0
-17.4407 -0.0
-17.4307 -0.0
-17.4207 -0.0
-17.4107 -0.0
-17.4007 -0.0
-17.3907 -0.0
-17.3807 -0.0
-17.3707 -0.0
-17.3607 -0.0
-17.3507 -0.0
-17.3407 -0.0
-17.3307 -0.0
-17.3207 -0.0
-17.3107 -0.0
-17.3007 -0.0
-17.2907 -0.0
-17.2807 -0.0
-17.270699999999998 -0.0
-17.2607 -0.0
-17.2507 -0.0
-17.2407 -0.0
-17.2307 -0.0
-17.2207 -0.0
-17.2107 -0.0
-17.2007 -0.0
-17.1907 -0.0
-17.1807 -0.0
-17.1707 -0.0
-17.1607 -0.0
-17.1507 -0.0
-17.1407 -0.0
-17.1307 -0.0
-17.1207 -0.0
-17.1107 -0.0
-17.1007 -0.0
-17.0907 -0.0
-17.0807 -0.0
-17.0707 -0.0
-17.0607 -0.0
-17.0507 -0.0
-17.0407 -0.0
-17.0307 -0.0
-17.020699999999998 -0.0
-17.0107 -0.0
-17.0007 -0.0
-16.9907 -0.0
-16.9807 -0.0
-16.9707 -0.0
-16.9607 -0.0
-16.9507 -0.0
-16.9407 -0.0
-16.9307 -0.0
-16.9207 -0.0
-16.9107 -0.0
-16.9007 -0.0
-16.8907 -0.0
-16.8807 -0.0
-16.8707 -0.0
-16.8607 -0.0
-16.8507 -0.0
-16.8407 -0.0
-16.8307 -0.0
-16.8207 -0.0
-16.8107 -0.0
-16.8007 -0.0
-16.7907 -0.0
-16.7807 -0.0
-16.770699999999998 -0.0
-16.7607 -0.0
-16.7507 -0.0
-16.7407 -0.0
-16.7307 -0.0
-16.7207 -0.0
-16.7107 -0.0
-16.7007 -0.0
-16.6907 -0.0
-16.6807 -0.0
-16.6707 -0.0
-16.6607 -0.0
-16.6507 -0.0
-16.6407 -0.0
-16.6307 -0.0
-16.6207 -0.0
-16.6107 -0.0
-16.6007 -0.0
-16.5907 -0.0
-16.5807 -0.0
-16.5707 -0.0
-16.5607 -0.0
-16.5507 -0.0
-16.5407 -0.0
-16.5307 -0.0
-16.520699999999998 -0.0
-16.5107 -0.0
-16.5007 -0.0
-16.4907 -0.0
-16.4807 -0.0
-16.4707 -0.0
-16.4607 -0.0
-16.4507 -0.0
-16.4407 -0.0
-16.4307 -0.0
-16.4207 -0.0
-16.4107 -0.0
-16.4007 -0.0
-16.3907 -0.0
-16.3807 -0.0
-16.3707 -0.0
-16.3607 -0.0
-16.3507 -0.0
-16.3407 -0.0
-16.3307 -0.0
-16.3207 -0.0
-16.3107 -0.0
-16.3007 -0.0
-16.2907 -0.0
-16.2807 -0.0
-16.270699999999998 -0.0
-16.2607 -0.0
-16.2507 -0.0
-16.2407 -0.0
-16.2307 -0.0
-16.2207 -0.0
-16.2107 -0.0
-16.2007 -0.0
-16.1907 -0.0
-16.1807 -0.0
-16.1707 -0.0
-16.1607 -0.0
-16.1507 -0.0
-16.1407 -0.0
-16.1307 -0.0
-16.1207 -0.0
-16.1107 -0.0
-16.1007 -0.0
-16.0907 -0.0
-16.0807 -0.0
-16.0707 -0.0
-16.0607 -0.0
-16.0507 -0.0
-16.0407 -0.0
-16.0307 -0.0
-16.020699999999998 -0.0
-16.0107 -0.0
-16.0007 -0.0
-15.9907 -0.0
-15.980699999999999 -0.0
-15.9707 -0.0
-15.9607 -0.0
-15.9507 -0.0
-15.9407 -0.0
-15.9307 -0.0
-15.9207 -0.0
-15.9107 -0.0
-15.9007 -0.0
-15.890699999999999 -0.0
-15.8807 -0.0
-15.8707 -0.0
-15.8607 -0.0
-15.8507 -0.0
-15.8407 -0.0
-15.8307 -0.0
-15.8207 -0.0
-15.8107 -0.0
-15.800699999999999 -0.0
-15.7907 -0.0
-15.7807 -0.0
-15.7707 -0.0
-15.7607 -0.0
-15.7507 -0.0
-15.7407 -0.0
-15.730699999999999 -0.0
-15.7207 -0.0
-15.7107 -0.0
-15.7007 -0.0
-15.6907 -0.0
-15.6807 -0.0
-15.6707 -0.0
-15.6607 -0.0
-15.6507 -0.0
-15.640699999999999 -0.0
-15.6307 -0.0
-15.6207 -0.0
-15.6107 -0.0
-15.6007 -0.0
-15.5907 -0.0
-15.5807 -0.0
-15.5707 -0.0
-15.5607 -0.0
-15.550699999999999 -0.0
-15.5407 -0.0
-15.5307 -0.0
-15.5207 -0.0
-15.5107 -0.0
-15.5007 -0.0
-15.4907 -0.0
-15.480699999999999 -0.0
-15.4707 -0.0
-15.4607 -0.0
-15.4507 -0.0
-15.4407 -0.0
-15.4307 -0.0
-15.4207 -0.0
-15.4107 -0.0
-15.4007 -0.0
-15.390699999999999 -0.0
-15.3807 -0.0
-15.3707 -0.0
-15.3607 -0.0
-15.3507 -0.0
-15.3407 -0.0
-15.3307 -0.0
-15.3207 -0.0
-15.3107 -0.0
-15.300699999999999 -0.0
-15.2907 -0.0
-15.2807 -0.0
-15.2707 -0.0
-15.2607 -0.0
-15.2507 -0.0
-15.2407 -0.0
-15.230699999999999 -0.0
-15.2207 -0.0
-15.2107 -0.0
-15.2007 -0.0
-15.1907 -0.0
-15.1807 -0.0
-15.1707 -0.0
-15.1607 -0.0
-15.1507 -0.0
-15.140699999999999 -0.0
-15.1307 -0.0
-15.1207 -0.0
-15.1107 -0.0
-15.1007 -0.0
-15.0907 -0.0
-15.0807 -0.0
-15.0707 -0.0
-15.0607 -0.0
-15.050699999999999 -0.0
-15.0407 -0.0
-15.0307 -0.0
-15.0207 -0.0
-15.0107 -0.0
-15.0007 -0.0
-14.9907 -0.0
-14.980699999999999 -0.0
-14.9707 -0.0
-14.9607 -0.0
-14.9507 -0.0
-14.9407 -0.0
-14.9307 -0.0
-14.9207 -0.0
-14.9107 -0.0
-14.9007 -0.0
-14.890699999999999 -0.0
-14.8807 -0.0
-14.8707 -0.0
-14.8607 -0.0
-14.8507 -0.0
-14.8407 -0.0
-14.8307 -0.0
-14.8207 -0.0
-14.8107 -0.0
-14.800699999999999 -0.0
-14.7907 -0.0
-14.7807 -0.0
-14.7707 -0.0
-14.7607 -0.0
-14.7507 -0.0
-14.7407 -0.0
-14.730699999999999 -0.0
-14.7207 -0.0
-14.7107 -0.0
-14.7007 -0.0
-14.6907 -0.0
-14.6807 -0.0
-14.6707 -0.0
-14.6607 -0.0
-14.6507 -0.0
-14.640699999999999 -0.0
-14.6307 -0.0
-14.6207 -0.0
-14.6107 -0.0
-14.6007 -0.0
-14.5907 -0.0
-14.5807 -0.0
-14.5707 -0.0
-14.5607 -0.0
-14.550699999999999 -0.0
-14.5407 -0.0
-14.5307 -0.0
-14.5207 -0.0
-14.5107 -0.0
-14.5007 -0.0
-14.4907 -0.0
-14.4807 -0.0
-14.470699999999999 -0.0
-14.4607 -0.0
-14.4507 -0.0
-14.4407 -0.0
-14.4307 -0.0
-14.4207 -0.0
-14.4107 -0.0
-14.4007 -0.0
-14.390699999999999 -0.0
-14.3807 -0.0
-14.3707 -0.0
-14.3607 -0.0
-14.3507 -0.0
-14.3407 -0.0
-14.3307 -0.0
-14.3207 -0.0
-14.3107 -0.0
-14.300699999999999 -0.0
-14.2907 -0.0
-14.2807 -0.0
-14.2707 -0.0
-14.2607 -0.0
-14.2507 -0.0
-14.2407 -0.0
-14.2307 -0.0
-14.220699999999999 -0.0
-14.2107 -0.0
-14.2007 -0.0
-14.1907 -0.0
-14.1807 -0.0
-14.1707 -0.0
-14.1607 -0.0
-14.1507 -0.0
-14.140699999999999 -0.0
-14.1307 -0.0
-14.1207 -0.0
-14.1107 -0.0
-14.1007 -0.0
-14.0907 -0.0
-14.0807 -0.0
-14.0707 -0.0
-14.0607 -0.0
-14.050699999999999 -0.0
-14.0407 -0.0
-14.0307 -0.0
-14.0207 -0.0
-14.0107 -0.0
-14.0007 -0.0
-13.9907 -0.0
-13.9807 -0.0
-13.970699999999999 -0.0
-13.9607 -0.0
-13.9507 -0.0
-13.9407 -0.0
-13.9307 -0.0
-13.9207 -0.0
-13.9107 -0.0
-13.9007 -0.0
-13.890699999999999 -0.0
-13.8807 -0.0
-13.8707 -0.0
-13.8607 -0.0
-13.8507 -0.0
-13.8407 -0.0
-13.8307 -0.0
-13.8207 -0.0
-13.8107 -0.0
-13.800699999999999 -0.0
-13.7907 -0.0
-13.7807 -0.0
-13.7707 -0.0
-13.7607 -0.0
-13.7507 -0.0
-13.7407 -0.0
-13.7307 -0.0
-13.720699999999999 -0.0
-13.7107 -0.0
-13.7007 -0.0
-13.6907 -0.0
-13.6807 -0.0
-13.6707 -0.0
-13.6607 -0.0
-13.6507 -0.0
-13.640699999999999 -0.0
-13.6307 -0.0
-13.6207 -0.0
-13.6107 -0.0
-13.6007 -0.0
-13.5907 -0.0
-13.5807 -0.0
-13.5707 -0.0
-13.5607 -0.0
-13.550699999999999 -0.0
-13.5407 -0.0
-13.5307 -0.0
-13.5207 -0.0
-13.5107 -0.0
-13.5007 -0.0
-13.4907 -0.0
-13.4807 -0.0
-13.470699999999999 -0.0
-13.4607 -0.0
-13.4507 -0.0
-13.4407 -0.0
-13.4307 -0.0
-13.4207 -0.0
-13.4107 -0.0
-13.4007 -0.0
-13.390699999999999 -0.0
-13.3807 -0.0
-13.3707 -0.0
-13.3607 -0.0
-13.3507 -0.0
-13.3407 -0.0
-13.3307 -0.0
-13.3207 -0.0
-13.3107 -0.0
-13.300699999999999 -0.0
-13.2907 -0.0
-13.2807 -0.0
-13.2707 -0.0
-13.2607 -0.0
-13.2507 -0.0
-13.2407 -0.0
-13.2307 -0.0
-13.220699999999999 -0.0
-13.2107 -0.0
-13.2007 -0.0
-13.1907 -0.0
-13.1807 -0.0
-13.1707 -0.0
-13.1607 -0.0
-13.1507 -0.0
-13.140699999999999 -0.0
-13.1307 -0.0
-13.1207 -0.0
-13.1107 -0.0
-13.1007 -0.0
-13.0907 -0.0
-13.0807 -0.0
-13.0707 -0.0
-13.0607 -0.0
-13.050699999999999 -0.0
-13.0407 -0.0
-13.0307 -0.0
-13.0207 -0.0
-13.0107 -0.0
-13.0007 -0.0
-12.9907 -0.0
-12.9807 -0.0
-12.970699999999999 -0.0
-12.9607 -0.0
-12.9507 -0.0
-12.9407 -0.0
-12.9307 -0.0
-12.9207 -0.0
-12.9107 -0.0
-12.9007 -0.0
-12.890699999999999 -0.0
-12.8807 -0.0
-12.8707 -0.0
-12.8607 -0.0
-12.8507 -0.0
-12.8407 -0.0
-12.8307 -0.0
-12.8207 -0.0
-12.8107 -0.0
-12.800699999999999 -0.0
-12.7907 -0.0
-12.7807 -0.0
-12.7707 -0.0
-12.7607 -6.176e-16
-12.7507 -2.1679999999999997e-15
-12.7407 -4.502e-15
-12.7307 -1.1340999999999999e-14
-12.720699999999999 -2.399e-14
-12.7107 -4.932999999999999e-14
-12.7007 -9.894e-14
-12.6907 -1.975e-13
-12.6807 -3.907e-13
-12.6707 -7.617e-13
-12.6607 -1.468e-12
-12.6507 -2.798e-12
-12.640699999999999 -5.28e-12
-12.6307 -9.843999999999999e-12
-12.6207 -1.815e-11
-12.6107 -3.32e-11
-12.6007 -5.997e-11
-12.5907 -1.0741999999999999e-10
-12.5807 -1.9019999999999997e-10
-12.5707 -3.337e-10
-12.5607 -5.788e-10
-12.550699999999999 -9.945e-10
-12.5407 -1.69e-09
-12.5307 -2.843e-09
-12.5207 -4.735e-09
-12.5107 -7.814999999999999e-09
-12.5007 -1.2748e-08
-12.4907 -2.059e-08
-12.480699999999999 -3.2930000000000004e-08
-12.4707 -5.217e-08
-12.4607 -8.164e-08
-12.4507 -1.2668999999999998e-07
-12.4407 -1.9470000000000002e-07
-12.4307 -2.96e-07
-12.4207 -4.4590000000000004e-07
-12.4107 -6.639e-07
-12.4007 -9.805e-07
-12.390699999999999 -1.433e-06
-12.3807 -2.074e-06
-12.3707 -2.971e-06
-12.3607 -4.214e-06
-12.3507 -5.918e-06
-12.3407 -8.248e-06
-12.3307 -1.1368e-05
-12.3207 -1.551e-05
-12.3107 -2.099e-05
-12.300699999999999 -2.808e-05
-12.2907 -3.728e-05
-12.2807 -4.892e-05
-12.2707 -6.361e-05
-12.2607 -8.205e-05
-12.2507 -0.00010478999999999999
-12.2407 -0.00013262
-12.230699999999999 -0.00016629999999999998
-12.2207 -0.00020649999999999998
-12.2107 -0.0002541
-12.2007 -0.0003099
-12.1907 -0.00037460000000000005
-12.1807 -0.0004478
-12.1707 -0.0005321
-12.1607 -0.0006254
-12.1507 -0.0007298
-12.140699999999999 -0.0008436
-12.1307 -0.0009670999999999999
-12.1207 -0.0010983000000000002
-12.1107 -0.0012378
-12.1007 -0.0013830000000000001
-12.0907 -0.001533
-12.0807 -0.001688
-12.0707 -0.0018430000000000002
-12.0607 -0.001998
-12.050699999999999 -0.002151
-12.0407 -0.002298
-12.0307 -0.002443
-12.0207 -0.0025779999999999996
-12.0107 -0.0027069999999999998
-12.0007 -0.002827
-11.9907 -0.002938
-11.980699999999999 -0.0030399999999999997
-11.9707 -0.0031339999999999996
-11.9607 -0.003218
-11.9507 -0.003295
-11.9407 -0.003365
-11.9307 -0.003431
-11.9207 -0.003488
-11.9107 -0.0035429999999999997
-11.9007 -0.0035919999999999997
-11.890699999999999 -0.00364
-11.8807 -0.003684
-11.8707 -0.0037249999999999996
-11.8607 -0.003763
-11.8507 -0.003796
-11.8407 -0.003827
-11.8307 -0.003854
-11.8207 -0.003878
-11.8107 -0.003895
-11.800699999999999 -0.003909
-11.7907 -0.003918
-11.7807 -0.003922
-11.7707 -0.00392
-11.7607 -0.003915
-11.7507 -0.0039040000000000004
-11.7407 -0.0038879999999999995
-11.730699999999999 -0.003868
-11.7207 -0.003846
-11.7107 -0.003818
-11.7007 -0.0037870000000000004
-11.6907 -0.003754
-11.6807 -0.003719
-11.6707 -0.0036799999999999997
-11.6607 -0.003642
-11.6507 -0.003601
-11.640699999999999 -0.0035600000000000002
-11.6307 -0.003518
-11.6207 -0.003476
-11.6107 -0.003433
-11.6007 -0.003391
-11.5907 -0.003349
-11.5807 -0.003307
-11.5707 -0.0032660000000000002
-11.5607 -0.003227
-11.550699999999999 -0.0031859999999999996
-11.5407 -0.0031499999999999996
-11.5307 -0.003112
-11.5207 -0.003077
-11.5107 -0.003042
-11.5007 -0.0030080000000000003
-11.4907 -0.0029760000000000003
-11.480699999999999 -0.002941
-11.4707 -0.002908
-11.4607 -0.002875
-11.4507 -0.002842
-11.4407 -0.002809
-11.4307 -0.0027749999999999997
-11.4207 -0.002739
-11.4107 -0.0027069999999999998
-11.4007 -0.0026709999999999998
-11.390699999999999 -0.002634
-11.3807 -0.0026000000000000003
-11.3707 -0.002566
-11.3607 -0.0025320000000000004
-11.3507 -0.002499
-11.3407 -0.0024679999999999997
-11.3307 -0.0024349999999999997
-11.3207 -0.0024020000000000005
-11.3107 -0.002371
-11.300699999999999 -0.0023390000000000004
-11.2907 -0.002306
-11.2807 -0.002272
-11.2707 -0.002235
-11.2607 -0.002197
-11.2507 -0.002155
-11.2407 -0.0021089999999999998
-11.230699999999999 -0.002059
-11.2207 -0.002006
-11.2107 -0.00195
-11.2007 -0.0018900000000000002
-11.1907 -0.001826
-11.1807 -0.001761
-11.1707 -0.001692
-11.1607 -0.0016239999999999998
-11.1507 -0.001555
-11.140699999999999 -0.001488
-11.1307 -0.0014199999999999998
-11.1207 -0.0013570000000000001
-11.1107 -0.001297
-11.1007 -0.00124
-11.0907 -0.001185
-11.0807 -0.001137
-11.0707 -0.001092
-11.0607 -0.001052
-11.050699999999999 -0.001015
-11.0407 -0.000984
-11.0307 -0.0009549999999999999
-11.0207 -0.000929
-11.0107 -0.0009070000000000001
-11.0007 -0.000887
-10.9907 -0.0008680000000000001
-10.980699999999999 -0.00085
-10.9707 -0.0008340000000000001
-10.9607 -0.000816
-10.9507 -0.0007980000000000001
-10.9407 -0.000782
-10.9307 -0.000762
-10.9207 -0.0007408
-10.9107 -0.0007193
-10.9007 -0.0006956
-10.890699999999999 -0.0006708
-10.8807 -0.0006447
-10.8707 -0.0006155
-10.8607 -0.0005868
-10.8507 -0.0005565
-10.8407 -0.000526
-10.8307 -0.0004955
-10.8207 -0.00046469999999999997
-10.8107 -0.00043460000000000005
-10.800699999999999 -0.0004054
-10.7907 -0.00037719999999999995
-10.7807 -0.0003507
-10.7707 -0.0003258
-10.7607 -0.00030280000000000004
-10.7507 -0.0002817
-10.7407 -0.00026270000000000004
-10.730699999999999 -0.0002458
-10.7207 -0.00023079999999999997
-10.7107 -0.0002177
-10.7007 -0.00020649999999999998
-10.6907 -0.0001968
-10.6807 -0.0001888
-10.6707 -0.00018209999999999998
-10.6607 -0.0001763
-10.6507 -0.0001719
-10.640699999999999 -0.0001682
-10.6307 -0.0001652
-10.6207 -0.00016299999999999998
-10.6107 -0.000161
-10.6007 -0.0001595
-10.5907 -0.0001581
-10.5807 -0.0001568
-10.5707 -0.00015560000000000001
-10.5607 -0.00015419999999999998
-10.550699999999999 -0.00015249999999999997
-10.5407 -0.0001505
-10.5307 -0.000148
-10.5207 -0.0001452
-10.5107 -0.00014179999999999998
-10.5007 -0.0001377
-10.4907 -0.00013319999999999999
-10.480699999999999 -0.000128
-10.4707 -0.0001224
-10.4607 -0.00011619999999999999
-10.4507 -0.00010949999999999999
-10.4407 -0.0001026
-10.4307 -9.54e-05
-10.4207 -8.81e-05
-10.4107 -8.080000000000001e-05
-10.4007 -7.37e-05
-10.390699999999999 -6.658e-05
-10.3807 -5.977e-05
-10.3707 -5.344e-05
-10.3607 -4.745e-05
-10.3507 -4.193e-05
-10.3407 -3.691e-05
-10.3307 -3.24e-05
-10.3207 -2.839e-05
-10.3107 -2.4859999999999996e-05
-10.300699999999999 -2.179e-05
-10.2907 -1.9149999999999998e-05
-10.2807 -1.688e-05
-10.2707 -1.495e-05
-10.2607 -1.332e-05
-10.2507 -1.1934e-05
-10.2407 -1.076e-05
-10.230699999999999 -9.757e-06
-10.2207 -8.877e-06
-10.2107 -8.108e-06
-10.2007 -7.4140000000000005e-06
-10.1907 -6.788e-06
-10.1807 -6.19e-06
-10.1707 -5.639e-06
-10.1607 -5.131e-06
-10.1507 -4.634e-06
-10.140699999999999 -4.161e-06
-10.1307 -3.717e-06
-10.1207 -3.298e-06
-10.1107 -2.905e-06
-10.1007 -2.5398e-06
-10.0907 -2.2000999999999995e-06
-10.0807 -1.8934e-06
-10.0707 -1.6144000000000002e-06
-10.0607 -1.364e-06
-10.050699999999999 -1.144e-06
-10.0407 -9.502999999999999e-07
-10.0307 -7.828e-07
-10.0207 -6.392e-07
-10.0107 -5.175e-07
-10.0007 -4.1433000000000003e-07
-9.9907 -3.292e-07
-9.980699999999999 -2.5928000000000003e-07
-9.9707 -2.0227000000000002e-07
-9.9607 -1.5649000000000002e-07
-9.9507 -1.1998e-07
-9.9407 -9.128e-08
-9.9307 -6.906e-08
-9.9207 -5.2289000000000006e-08
-9.9107 -3.9753e-08
-9.9007 -3.1177999999999996e-08
-9.890699999999999 -2.6179999999999997e-08
-9.8807 -2.4756e-08
-9.8707 -2.746e-08
-9.8607 -3.54e-08
-9.8507 -5.065e-08
-9.8407 -7.662e-08
-9.8307 -1.1814e-07
-9.8207 -1.8279000000000004e-07
-9.8107 -2.8135e-07
-9.800699999999999 -4.3204e-07
-9.7907 -6.5459e-07
-9.7807 -9.8054e-07
-9.7707 -1.4579999999999998e-06
-9.7607 -2.142e-06
-9.7507 -3.1166000000000004e-06
-9.7407 -4.4822e-06
-9.730699999999999 -6.3934e-06
-9.7207 -9.027699999999998e-06
-9.7107 -1.2594e-05
-9.7007 -1.7398000000000002e-05
-9.6907 -2.383e-05
-9.6807 -3.2223e-05
-9.6707 -4.3055999999999996e-05
-9.6607 -5.7115e-05
-9.6507 -7.5027e-05
-9.640699999999999 -9.7388e-05
-9.6307 -0.00012513999999999998
-9.6207 -0.00015931999999999999
-9.6107 -0.00020083
-9.6007 -0.00025014
-9.5907 -0.00030934
-9.5807 -0.00037794
-9.570699999999999 -0.00045813
-9.5607 -0.00054952
-9.550699999999999 -0.0006524200000000001
-9.540700000000001 -0.0007675300000000001
-9.5307 -0.0008945399999999999
-9.5207 -0.00103287
-9.5107 -0.0011822
-9.5007 -0.0013383
-9.4907 -0.0015042999999999999
-9.480699999999999 -0.0016749
-9.4707 -0.00185
-9.4607 -0.0020242999999999997
-9.4507 -0.0022015
-9.4407 -0.0023715999999999997
-9.4307 -0.0025435999999999996
-9.4207 -0.0027023999999999998
-9.410699999999999 -0.0028484
-9.4007 -0.0029879999999999998
-9.390699999999999 -0.0031144999999999996
-9.380700000000001 -0.0032369000000000005
-9.3707 -0.0033461999999999997
-9.3607 -0.0034424
-9.3507 -0.0035266
-9.3407 -0.0036118000000000005
-9.3307 -0.0036879
-9.320699999999999 -0.0037679
-9.3107 -0.0038398999999999994
-9.300699999999999 -0.0039059999999999997
-9.290700000000001 -0.003987
-9.2807 -0.004075
-9.2707 -0.0041611
-9.2607 -0.0042572
-9.2507 -0.0043443
-9.2407 -0.0044504
-9.230699999999999 -0.0045576
-9.2207 -0.0046738000000000005
-9.2107 -0.00477
-9.2007 -0.004884100000000001
-9.1907 -0.0049873
-9.1807 -0.005070399999999999
-9.1707 -0.005169400000000001
-9.160699999999999 -0.0052374
-9.1507 -0.0052933
-9.140699999999999 -0.0053362
-9.130700000000001 -0.005368
-9.1207 -0.0053678
-9.1107 -0.0053655000000000005
-9.1007 -0.005361299999999999
-9.0907 -0.0053171
-9.0807 -0.005301899999999999
-9.070699999999999 -0.005257800000000001
-9.0607 -0.0052139000000000005
-9.050699999999999 -0.0051811
-9.040700000000001 -0.005139500000000001
-9.0307 -0.0051110999999999995
-9.0207 -0.005094899999999999
-9.0107 -0.0050719
-9.0007 -0.0050711
-8.9907 -0.0050845000000000005
-8.980699999999999 -0.0051021999999999994
-8.9707 -0.005153
-8.9607 -0.0051790000000000004
-8.9507 -0.005248200000000001
-8.9407 -0.0053115
-8.9307 -0.00539
-8.9207 -0.0054805999999999995
-8.910699999999999 -0.005586999999999999
-8.9007 -0.005686999999999999
-8.890699999999999 -0.005809999999999999
-8.880700000000001 -0.0059370000000000004
-8.8707 -0.006076999999999999
-8.8607 -0.006231
-8.8507 -0.006376
-8.8407 -0.006535999999999999
-8.8307 -0.006703999999999999
-8.820699999999999 -0.006866000000000001
-8.8107 -0.007038
-8.800699999999999 -0.007208999999999999
-8.790700000000001 -0.007379
-8.7807 -0.0075580000000000005
-8.7707 -0.0077139999999999995
-8.7607 -0.007878
-8.7507 -0.008018
-8.7407 -0.008145
-8.730699999999999 -0.008256
-8.7207 -0.008372
-8.7107 -0.008464999999999999
-8.7007 -0.008528
-8.6907 -0.008588
-8.6807 -0.008627000000000001
-8.6707 -0.008645
-8.660699999999999 -0.00864
-8.6507 -0.008625
-8.640699999999999 -0.008609
-8.630700000000001 -0.008562
-8.6207 -0.008504
-8.6107 -0.008415
-8.6007 -0.008336
-8.5907 -0.008237
-8.5807 -0.008126000000000001
-8.570699999999999 -0.008013
-8.5607 -0.007884
-8.550699999999999 -0.007754
-8.540700000000001 -0.007612000000000001
-8.5307 -0.007467
-8.5207 -0.007312
-8.5107 -0.007155
-8.5007 -0.006986
-8.4907 -0.006827
-8.480699999999999 -0.006658
-8.4707 -0.006496
-8.4607 -0.0063159999999999996
-8.4507 -0.006137999999999999
-8.4407 -0.0059640000000000006
-8.4307 -0.005792
-8.4207 -0.005615
-8.410699999999999 -0.00544
-8.4007 -0.005268
-8.390699999999999 -0.005095
-8.380700000000001 -0.004928
-8.3707 -0.004755
-8.3607 -0.004595
-8.3507 -0.00444
-8.3407 -0.00428
-8.3307 -0.0041365
-8.320699999999999 -0.0039969
-8.3107 -0.0038645000000000003
-8.300699999999999 -0.0037373
-8.290700000000001 -0.0036282
-8.2807 -0.0035234
-8.2707 -0.0034289
-8.2607 -0.0033577000000000004
-8.2507 -0.0032928000000000002
-8.2407 -0.0032421999999999998
-8.230699999999999 -0.0032048999999999997
-8.2207 -0.003182
-8.2107 -0.0031704000000000007
-8.2007 -0.0031702
-8.1907 -0.0031802
-8.1807 -0.0031975
-8.1707 -0.003221
-8.160699999999999 -0.0032487
-8.1507 -0.0032764
-8.140699999999999 -0.0033052999999999997
-8.130700000000001 -0.0033290999999999998
-8.1207 -0.0033479000000000004
-8.1107 -0.0033585999999999998
-8.1007 -0.0033612
-8.0907 -0.0033506
-8.0807 -0.0033318
-8.070699999999999 -0.0032978000000000005
-8.0607 -0.0032535000000000003
-8.050699999999999 -0.0031940000000000002
-8.040700000000001 -0.0031232
-8.0307 -0.0030421000000000003
-8.0207 -0.0029487999999999997
-8.0107 -0.0028472
-8.0007 -0.0027364
-7.9906999999999995 -0.0026184
-7.9807 -0.0024963
-7.9707 -0.002368
-7.9607 -0.0022397000000000003
-7.950699999999999 -0.0021073
-7.9407 -0.00198
-7.9307 -0.0018529
-7.9207 -0.0017319
-7.910699999999999 -0.0016171
-7.9007 -0.0015118
-7.8907 -0.0014148000000000001
-7.8807 -0.0013313
-7.870699999999999 -0.0012594
-7.8607 -0.0011998999999999998
-7.8507 -0.0011573
-7.8407 -0.0011287
-7.8307 -0.0011132999999999998
-7.8206999999999995 -0.001114
-7.8107 -0.0011283999999999999
-7.8007 -0.0011546
-7.7907 -0.0011923
-7.7806999999999995 -0.0012373
-7.7707 -0.0012933
-7.7607 -0.0013541
-7.7507 -0.0014164
-7.7406999999999995 -0.00148
-7.7307 -0.0015410000000000003
-7.7207 -0.0016
-7.7107 -0.0016539999999999999
-7.700699999999999 -0.0017000000000000001
-7.6907 -0.001738
-7.6807 -0.001765
-7.6707 -0.0017829999999999999
-7.660699999999999 -0.001792
-7.6507 -0.001791
-7.6407 -0.0017790000000000002
-7.6307 -0.0017590000000000001
-7.620699999999999 -0.0017320000000000002
-7.6107 -0.001702
-7.6007 -0.001666
-7.5907 -0.0016309999999999999
-7.5807 -0.001597
-7.5706999999999995 -0.001566
-7.5607 -0.001542
-7.5507 -0.001528
-7.5407 -0.001524
-7.5306999999999995 -0.001532
-7.5207 -0.001557
-7.5107 -0.0015970000000000001
-7.5007 -0.001655
-7.4906999999999995 -0.00173
-7.4807 -0.001822
-7.4707 -0.0019320000000000001
-7.4607 -0.0020599999999999998
-7.450699999999999 -0.002199
-7.4407 -0.002354
-7.4307 -0.002515
-7.4207 -0.0026839999999999998
-7.410699999999999 -0.002855
-7.4007 -0.0030259999999999996
-7.3907 -0.0031929999999999997
-7.3807 -0.003351
-7.370699999999999 -0.0034980000000000002
-7.3607 -0.003633
-7.3507 -0.0037550000000000005
-7.3407 -0.003847
-7.3307 -0.003927
-7.3206999999999995 -0.003997
-7.3107 -0.004047
-7.3007 -0.0040750000000000005
-7.2907 -0.004098
-7.2806999999999995 -0.004113
-7.2707 -0.004118
-7.2607 -0.0041270000000000005
-7.2507 -0.004141
-7.2406999999999995 -0.00416
-7.2307 -0.004197
-7.2207 -0.004249
-7.2107 -0.004326
-7.200699999999999 -0.004417
-7.1907 -0.004539
-7.1807 -0.004693
-7.1707 -0.004862999999999999
-7.160699999999999 -0.0050680000000000005
-7.1507 -0.005292
-7.1407 -0.005543
-7.1307 -0.005809
-7.120699999999999 -0.0061010000000000005
-7.1107 -0.00642
-7.1007 -0.006725
-7.0907 -0.007055
-7.0807 -0.007386
-7.0706999999999995 -0.0077209999999999996
-7.0607 -0.008059
-7.0507 -0.008375
-7.0407 -0.008702
-7.0306999999999995 -0.009019
-7.0207 -0.009313
-7.0107 -0.00959
-7.0007 -0.009867
-6.9906999999999995 -0.010094
-6.9807 -0.01034
-6.9707 -0.010536
-6.9607 -0.010711
-6.950699999999999 -0.010876
-6.9407 -0.011010999999999998
-6.9307 -0.011106000000000001
-6.9207 -0.011200000000000002
-6.910699999999999 -0.011250000000000001
-6.9007 -0.011290000000000001
-6.8907 -0.01131
-6.8807 -0.01132
-6.870699999999999 -0.0113
-6.8607 -0.011290000000000001
-6.8507 -0.01126
-6.8407 -0.01122
-6.8307 -0.01119
-6.8206999999999995 -0.01116
-6.8107 -0.011109999999999998
-6.8007 -0.01109
-6.7907 -0.01107
-6.7806999999999995 -0.01106
-6.7707 -0.011059999999999999
-6.7607 -0.011040000000000001
-6.7507 -0.01104
-6.7406999999999995 -0.01103
-6.7307 -0.011040000000000001
-6.7207 -0.01105
-6.7107 -0.01107
-6.700699999999999 -0.01108
-6.6907 -0.0111
-6.6807 -0.011099999999999999
-6.6707 -0.01111
-6.660699999999999 -0.01115
-6.6507 -0.011169999999999998
-6.6407 -0.011189999999999999
-6.6307 -0.01125
-6.620699999999999 -0.011300000000000001
-6.6107 -0.01137
-6.6007 -0.011439999999999999
-6.5907 -0.01157
-6.5807 -0.01168
-6.5706999999999995 -0.01182
-6.5607 -0.011979999999999998
-6.5507 -0.01218
-6.5407 -0.012360000000000001
-6.5306999999999995 -0.012599999999999998
-6.5207 -0.012820000000000002
-6.5107 -0.013049999999999999
-6.5007 -0.01329
-6.4906999999999995 -0.013560000000000001
-6.4807 -0.0138
-6.4707 -0.01403
-6.4607 -0.01426
-6.450699999999999 -0.01448
-6.4407 -0.01466
-6.4307 -0.01484
-6.4207 -0.014990000000000002
-6.410699999999999 -0.015130000000000001
-6.4007 -0.01522
-6.3907 -0.01531
-6.3807 -0.015380000000000001
-6.370699999999999 -0.01541
-6.3607 -0.0154
-6.3507 -0.0154
-6.3407 -0.015349999999999999
-6.3307 -0.0153
-6.3206999999999995 -0.01522
-6.3107 -0.015120000000000001
-6.3007 -0.01501
-6.2907 -0.01489
-6.2806999999999995 -0.014750000000000001
-6.2707 -0.014580000000000001
-6.2607 -0.014419999999999999
-6.2507 -0.01426
-6.2406999999999995 -0.014070000000000001
-6.2307 -0.01388
-6.2207 -0.013689999999999999
-6.2107 -0.013490000000000002
-6.200699999999999 -0.01327
-6.1907 -0.013069999999999998
-6.1807 -0.012870000000000001
-6.1707 -0.01267
-6.160699999999999 -0.012450000000000001
-6.1507 -0.01227
-6.1407 -0.012049999999999998
-6.1307 -0.011859999999999999
-6.120699999999999 -0.01166
-6.1107 -0.011479999999999999
-6.1007 -0.0113
-6.0907 -0.01111
-6.0807 -0.01095
-6.0706999999999995 -0.010790000000000001
-6.0607 -0.01063
-6.0507 -0.01048
-6.0407 -0.01036
-6.0306999999999995 -0.01023
-6.0207 -0.01009
-6.0107 -0.009989999999999999
-6.0007 -0.009890000000000001
-5.9906999999999995 -0.0098
-5.9807 -0.00972
-5.9707 -0.009649999999999999
-5.9607 -0.00959
-5.950699999999999 -0.00953
-5.9407 -0.00949
-5.9307 -0.00944
-5.9207 -0.00941
-5.910699999999999 -0.0094
-5.9007 -0.0094
-5.8907 -0.00938
-5.8807 -0.009389999999999999
-5.870699999999999 -0.0094
-5.8607 -0.0094
-5.8507 -0.009430000000000001
-5.8407 -0.00944
-5.8307 -0.009470000000000001
-5.8206999999999995 -0.0095
-5.8107 -0.00952
-5.8007 -0.00955
-5.7907 -0.00956
-5.7806999999999995 -0.00958
-5.7707 -0.009600000000000001
-5.7607 -0.00964
-5.7507 -0.00966
-5.7406999999999995 -0.00968
-5.7307 -0.00971
-5.7207 -0.00974
-5.7107 -0.00977
-5.700699999999999 -0.00979
-5.6907 -0.009840000000000002
-5.6807 -0.00991
-5.6707 -0.00997
-5.660699999999999 -0.010010000000000002
-5.6507 -0.01007
-5.6407 -0.01016
-5.6307 -0.01023
-5.620699999999999 -0.01031
-5.6107 -0.01038
-5.6007 -0.010450000000000001
-5.5907 -0.01051
-5.5807 -0.01058
-5.5707 -0.01063
-5.560700000000001 -0.01067
-5.550699999999999 -0.01069
-5.540699999999999 -0.010730000000000002
-5.5306999999999995 -0.01074
-5.5207 -0.01076
-5.5107 -0.01076
-5.5007 -0.01074
-5.4907 -0.01076
-5.480700000000001 -0.01076
-5.470699999999999 -0.01076
-5.460699999999999 -0.010770000000000002
-5.450699999999999 -0.010790000000000001
-5.4407 -0.01082
-5.4307 -0.010870000000000001
-5.4207 -0.01093
-5.4107 -0.011
-5.4007000000000005 -0.011090000000000001
-5.390699999999999 -0.0112
-5.380699999999999 -0.01132
-5.370699999999999 -0.011449999999999998
-5.3607 -0.01157
-5.3507 -0.01173
-5.3407 -0.011880000000000002
-5.3307 -0.01203
-5.3207 -0.012199999999999999
-5.310700000000001 -0.01235
-5.300699999999999 -0.01251
-5.290699999999999 -0.01265
-5.2806999999999995 -0.01281
-5.2707 -0.01295
-5.2607 -0.01311
-5.2507 -0.01323
-5.2407 -0.01337
-5.230700000000001 -0.013479999999999999
-5.220699999999999 -0.0136
-5.210699999999999 -0.013669999999999998
-5.200699999999999 -0.01376
-5.1907 -0.01383
-5.1807 -0.01389
-5.1707 -0.01395
-5.1607 -0.01396
-5.1507000000000005 -0.01398
-5.140699999999999 -0.01396
-5.130699999999999 -0.01392
-5.120699999999999 -0.01389
-5.1107 -0.013829999999999999
-5.1007 -0.01375
-5.0907 -0.01366
-5.0807 -0.013569999999999999
-5.0707 -0.01345
-5.060700000000001 -0.013330000000000002
-5.050699999999999 -0.01323
-5.040699999999999 -0.01311
-5.0306999999999995 -0.012990000000000002
-5.0207 -0.012889999999999999
-5.0107 -0.01278
-5.0007 -0.01268
-4.9907 -0.01258
-4.980700000000001 -0.0125
-4.970699999999999 -0.01243
-4.960699999999999 -0.012350000000000002
-4.950699999999999 -0.01227
-4.9407 -0.0122
-4.9307 -0.012159999999999999
-4.9207 -0.0121
-4.9107 -0.012029999999999999
-4.9007000000000005 -0.01196
-4.890699999999999 -0.01191
-4.880699999999999 -0.01184
-4.870699999999999 -0.01178
-4.8607 -0.011729999999999999
-4.8507 -0.01166
-4.8407 -0.0116
-4.8307 -0.01153
-4.8207 -0.01147
-4.810700000000001 -0.01142
-4.800699999999999 -0.01136
-4.790699999999999 -0.011309999999999999
-4.7806999999999995 -0.011269999999999999
-4.7707 -0.011219999999999999
-4.7607 -0.011179999999999999
-4.7507 -0.01115
-4.7407 -0.01113
-4.730700000000001 -0.01111
-4.720699999999999 -0.01109
-4.710699999999999 -0.01106
-4.700699999999999 -0.01104
-4.6907 -0.01102
-4.6807 -0.011020000000000002
-4.6707 -0.01099
-4.6607 -0.01097
-4.6507000000000005 -0.010980000000000002
-4.640699999999999 -0.01096
-4.630699999999999 -0.010950000000000001
-4.620699999999999 -0.01096
-4.6107 -0.010960000000000001
-4.6007 -0.010980000000000002
-4.5907 -0.01101
-4.5807 -0.011040000000000001
-4.5707 -0.01108
-4.560700000000001 -0.01115
-4.550699999999999 -0.01122
-4.540699999999999 -0.0113
-4.5306999999999995 -0.0114
-4.5207 -0.01148
-4.5107 -0.01159
-4.5007 -0.011729999999999999
-4.4907 -0.01183
-4.480700000000001 -0.011949999999999999
-4.470699999999999 -0.01208
-4.460699999999999 -0.01219
-4.450699999999999 -0.01231
-4.4407 -0.01243
-4.4307 -0.01253
-4.4207 -0.01261
-4.4107 -0.012690000000000003
-4.4007000000000005 -0.01277
-4.390699999999999 -0.01285
-4.380699999999999 -0.01291
-4.370699999999999 -0.01297
-4.3607 -0.01304
-4.3507 -0.0131
-4.3407 -0.01318
-4.3307 -0.013239999999999998
-4.3207 -0.01333
-4.310700000000001 -0.01341
-4.300699999999999 -0.013519999999999999
-4.290699999999999 -0.013640000000000001
-4.2806999999999995 -0.01376
-4.2707 -0.0139
-4.2607 -0.014049999999999998
-4.2507 -0.01422
-4.2407 -0.01439
-4.230700000000001 -0.01457
-4.220699999999999 -0.014780000000000001
-4.210699999999999 -0.01497
-4.200699999999999 -0.01516
-4.1907 -0.015380000000000001
-4.1807 -0.01558
-4.1707 -0.015799999999999998
-4.1607 -0.016
-4.1507000000000005 -0.0162
-4.140699999999999 -0.01643
-4.130699999999999 -0.01664
-4.120699999999999 -0.016870000000000003
-4.1107 -0.01709
-4.1007 -0.017329999999999998
-4.0907 -0.01757
-4.0807 -0.0178
-4.0707 -0.018080000000000002
-4.060700000000001 -0.01834
-4.050699999999999 -0.01861
-4.040699999999999 -0.018900000000000004
-4.0306999999999995 -0.019200000000000002
-4.0207 -0.01952
-4.0107 -0.01984
-4.0007 -0.02018
-3.9907000000000004 -0.02053
-3.9807000000000006 -0.02089
-3.970699999999999 -0.02126
-3.960699999999999 -0.021640000000000003
-3.9506999999999994 -0.022040000000000004
-3.9406999999999996 -0.02242
-3.9307 -0.02283
-3.9207 -0.023239999999999997
-3.9107000000000003 -0.023649999999999997
-3.9007000000000005 -0.024069999999999998
-3.890699999999999 -0.0245
-3.880699999999999 -0.02494
-3.8706999999999994 -0.025370000000000004
-3.8606999999999996 -0.02582
-3.8507 -0.026269999999999998
-3.8407 -0.02673
-3.8307 -0.02716
-3.8207000000000004 -0.02764
-3.8107000000000006 -0.028109999999999996
-3.800699999999999 -0.02855
-3.7906999999999993 -0.028999999999999998
-3.7806999999999995 -0.029429999999999998
-3.7706999999999997 -0.029859999999999998
-3.7607 -0.030279999999999998
-3.7507 -0.030670000000000006
-3.7407000000000004 -0.03105
-3.7307000000000006 -0.0314
-3.720699999999999 -0.03172
-3.710699999999999 -0.03201
-3.7006999999999994 -0.032279999999999996
-3.6906999999999996 -0.03252
-3.6807 -0.032709999999999996
-3.6707 -0.032869999999999996
-3.6607000000000003 -0.033
-3.6507000000000005 -0.03309
-3.640699999999999 -0.033139999999999996
-3.630699999999999 -0.03315
-3.6206999999999994 -0.03315
-3.6106999999999996 -0.0331
-3.6007 -0.03302
-3.5907 -0.032889999999999996
-3.5807 -0.03275
-3.5707000000000004 -0.03256
-3.5607000000000006 -0.03235
-3.550699999999999 -0.032100000000000004
-3.5406999999999993 -0.03184
-3.5306999999999995 -0.031529999999999996
-3.5206999999999997 -0.031190000000000002
-3.5107 -0.03082
-3.5007 -0.03041
-3.4907000000000004 -0.029990000000000003
-3.4807000000000006 -0.02952
-3.470699999999999 -0.029040000000000003
-3.460699999999999 -0.02852
-3.4506999999999994 -0.027979999999999998
-3.4406999999999996 -0.02739
-3.4307 -0.026819999999999997
-3.4207 -0.0262
-3.4107000000000003 -0.02557
-3.4007000000000005 -0.024929999999999997
-3.390699999999999 -0.024290000000000003
-3.380699999999999 -0.023629999999999998
-3.3706999999999994 -0.02295
-3.3606999999999996 -0.0223
-3.3507 -0.02163
-3.3407 -0.020969999999999996
-3.3307 -0.02031
-3.3207000000000004 -0.01965
-3.3107000000000006 -0.01901
-3.300699999999999 -0.01837
-3.2906999999999993 -0.017740000000000002
-3.2806999999999995 -0.01711
-3.2706999999999997 -0.01653
-3.2607 -0.01594
-3.2507 -0.01537
-3.2407000000000004 -0.01483
-3.2307000000000006 -0.01432
-3.220699999999999 -0.013839999999999998
-3.210699999999999 -0.01337
-3.2006999999999994 -0.012940000000000002
-3.1906999999999996 -0.01253
-3.1807 -0.01215
-3.1707 -0.01179
-3.1607000000000003 -0.01145
-3.1507000000000005 -0.011139999999999999
-3.140699999999999 -0.010847
-3.130699999999999 -0.010570000000000001
-3.1206999999999994 -0.010297
-3.1106999999999996 -0.010047
-3.1007 -0.009811
-3.0907 -0.009588
-3.0807 -0.009358
-3.0707000000000004 -0.009141
-3.0607000000000006 -0.008958
-3.050699999999999 -0.008766999999999999
-3.0406999999999993 -0.008579
-3.0306999999999995 -0.008393
-3.0206999999999997 -0.008199
-3.0107 -0.008046
-3.0007 -0.007863
-2.9907000000000004 -0.0077020000000000005
-2.9807000000000006 -0.00754
-2.970699999999999 -0.007367
-2.960699999999999 -0.007194000000000001
-2.9506999999999994 -0.007039
-2.9406999999999996 -0.006872
-2.9307 -0.006684
-2.9207 -0.0065049999999999995
-2.9107000000000003 -0.006312000000000001
-2.9007000000000005 -0.006129
-2.890699999999999 -0.005932
-2.880699999999999 -0.005743
-2.8706999999999994 -0.005553
-2.8606999999999996 -0.005375
-2.8507 -0.005197
-2.8407 -0.00503
-2.8307 -0.004873
-2.8207000000000004 -0.004729
-2.8107000000000006 -0.004600999999999999
-2.800699999999999 -0.004489
-2.7906999999999993 -0.004392
-2.7806999999999995 -0.004314
-2.7706999999999997 -0.004252
-2.7607 -0.004206
-2.7507 -0.004177
-2.7407000000000004 -0.004162
-2.7307000000000006 -0.0041589999999999995
-2.720699999999999 -0.0041659999999999996
-2.710699999999999 -0.004183
-2.7006999999999994 -0.00421
-2.6906999999999996 -0.00424
-2.6807 -0.004276
-2.6707 -0.004311000000000001
-2.6607000000000003 -0.004348
-2.6507000000000005 -0.004382
-2.640699999999999 -0.004414
-2.630699999999999 -0.004442
-2.6206999999999994 -0.004464999999999999
-2.6106999999999996 -0.004485
-2.6007 -0.0044989999999999995
-2.5907 -0.0045060000000000005
-2.5807 -0.004508000000000001
-2.5707000000000004 -0.004507
-2.5607000000000006 -0.004501
-2.550699999999999 -0.00449
-2.5406999999999993 -0.004477
-2.5306999999999995 -0.0044610000000000006
-2.5206999999999997 -0.004443
-2.5107 -0.004422
-2.5007 -0.0044
-2.4907000000000004 -0.004379
-2.4807000000000006 -0.004354
-2.470699999999999 -0.004329
-2.460699999999999 -0.004306
-2.4506999999999994 -0.004279
-2.4406999999999996 -0.004255
-2.4307 -0.004229999999999999
-2.4207 -0.004205
-2.4107000000000003 -0.004183
-2.4007000000000005 -0.004162
-2.390699999999999 -0.00414
-2.380699999999999 -0.0041210000000000005
-2.3706999999999994 -0.004103
-2.3606999999999996 -0.004086
-2.3507 -0.004073
-2.3407 -0.004058
-2.3307 -0.004046999999999999
-2.3207000000000004 -0.004033
-2.3107000000000006 -0.004018
-2.300699999999999 -0.0040030000000000005
-2.2906999999999993 -0.003987
-2.2806999999999995 -0.003965000000000001
-2.2706999999999997 -0.003943
-2.2607 -0.003913
-2.2507 -0.0038780000000000004
-2.2407000000000004 -0.003839
-2.2307000000000006 -0.0037949999999999998
-2.220699999999999 -0.003743
-2.210699999999999 -0.0036880000000000003
-2.2006999999999994 -0.003626
-2.1906999999999996 -0.0035580000000000004
-2.1807 -0.003487
-2.1707 -0.00341
-2.1607000000000003 -0.00333
-2.1507000000000005 -0.003248
-2.140699999999999 -0.003161
-2.130699999999999 -0.003073
-2.1206999999999994 -0.002984
-2.1106999999999996 -0.002891
-2.1007 -0.0028
-2.0907 -0.002705
-2.0807 -0.0026100000000000003
-2.0707000000000004 -0.002516
-2.0607000000000006 -0.0024200000000000003
-2.050699999999999 -0.002321
-2.0406999999999993 -0.002225
-2.0306999999999995 -0.002126
-2.0206999999999997 -0.002029
-2.0107 -0.001932
-2.0007 -0.001836
-1.9907000000000004 -0.001738
-1.9807000000000006 -0.0016450000000000002
-1.970699999999999 -0.0015539999999999998
-1.9606999999999992 -0.001467
-1.9506999999999994 -0.001383
-1.9406999999999996 -0.0013028999999999998
-1.9306999999999999 -0.0012284
-1.9207 -0.0011625
-1.9107000000000003 -0.0011004
-1.9007000000000005 -0.0010452999999999999
-1.890699999999999 -0.0009975000000000001
-1.8806999999999992 -0.000957
-1.8706999999999994 -0.0009256
-1.8606999999999996 -0.0008996000000000001
-1.8506999999999998 -0.0008797
-1.8407 -0.0008678000000000001
-1.8307000000000002 -0.00086
-1.8207000000000004 -0.0008590999999999999
-1.8107000000000006 -0.0008642000000000001
-1.800699999999999 -0.0008709
-1.7906999999999993 -0.0008812000000000001
-1.7806999999999995 -0.0008928
-1.7706999999999997 -0.0009048999999999999
-1.7607 -0.0009182000000000001
-1.7507000000000001 -0.0009286
-1.7407000000000004 -0.000937
-1.7307000000000006 -0.0009420999999999999
-1.720699999999999 -0.0009429
-1.7106999999999992 -0.0009394000000000001
-1.7006999999999994 -0.0009302000000000001
-1.6906999999999996 -0.0009147000000000001
-1.6806999999999999 -0.0008956
-1.6707 -0.0008679
-1.6607000000000003 -0.0008368000000000001
-1.6507000000000005 -0.0008002
-1.640699999999999 -0.0007584
-1.6306999999999992 -0.0007137000000000001
-1.6206999999999994 -0.0006649
-1.6106999999999996 -0.0006156
-1.6006999999999998 -0.0005638
-1.5907 -0.0005121
-1.5807000000000002 -0.00046060000000000003
-1.5707000000000004 -0.0004102
-1.5607000000000006 -0.0003622
-1.550699999999999 -0.0003175000000000001
-1.5406999999999993 -0.0002747
-1.5306999999999995 -0.00023601
-1.5206999999999997 -0.00020048
-1.5107 -0.00016879
-1.5007000000000001 -0.00014062000000000002
-1.4907000000000004 -0.00011611000000000001
-1.4807000000000006 -9.489999999999999e-05
-1.470699999999999 -7.676e-05
-1.4606999999999992 -6.146e-05
-1.4506999999999994 -4.868e-05
-1.4406999999999996 -3.824e-05
-1.4306999999999999 -2.969e-05
-1.4207 -2.2844e-05
-1.4107000000000003 -1.7382e-05
-1.4007000000000005 -1.3097e-05
-1.390699999999999 -9.771e-06
-1.3806999999999992 -7.207000000000001e-06
-1.3706999999999994 -5.2600000000000005e-06
-1.3606999999999996 -3.799e-06
-1.3506999999999998 -2.7226999999999998e-06
-1.3407 -1.9235e-06
-1.3307000000000002 -1.3473999999999998e-06
-1.3207000000000004 -9.337000000000001e-07
-1.3107000000000006 -6.41e-07
-1.300699999999999 -4.346e-07
-1.2906999999999993 -2.92e-07
-1.2806999999999995 -1.9396999999999998e-07
-1.2706999999999997 -1.2752e-07
-1.2607 -8.299e-08
-1.2507000000000001 -5.3399999999999995e-08
-1.2407000000000004 -3.4e-08
-1.2307000000000006 -2.1438000000000003e-08
-1.220699999999999 -1.3377e-08
-1.2106999999999992 -8.245e-09
-1.2006999999999994 -5.033e-09
-1.1906999999999996 -3.0429999999999995e-09
-1.1806999999999999 -1.8168e-09
-1.1707 -1.0739e-09
-1.1607000000000003 -6.285e-10
-1.1507000000000005 -3.639e-10
-1.140699999999999 -2.0842000000000002e-10
-1.1306999999999992 -1.1793e-10
-1.1206999999999994 -6.62e-11
-1.1106999999999996 -3.669e-11
-1.1006999999999998 -2.0135e-11
-1.0907 -1.0932000000000002e-11
-1.0807000000000002 -5.8659999999999994e-12
-1.0707000000000004 -3.121e-12
-1.0607000000000006 -1.6394999999999998e-12
-1.050699999999999 -8.527e-13
-1.0406999999999993 -4.389e-13
-1.0306999999999995 -2.2330999999999996e-13
-1.0206999999999997 -1.1204e-13
-1.0107 -5.588e-14
-1.0007000000000001 -2.7524999999999998e-14
-0.9907000000000004 -1.3317e-14
-0.9807000000000006 -6.305e-15
-0.970699999999999 -2.5796e-15
-0.9606999999999992 -4.005e-16
-0.9506999999999994 -0.0
-0.9406999999999996 -0.0
-0.9306999999999999 -0.0
-0.9207000000000001 -0.0
-0.9107000000000003 -0.0
-0.9007000000000005 -0.0
-0.8906999999999989 -0.0
-0.8806999999999992 -0.0
-0.8706999999999994 -0.0
-0.8606999999999996 -0.0
-0.8506999999999998 -0.0
-0.8407 -0.0
-0.8307000000000002 -0.0
-0.8207000000000004 -0.0
-0.8107000000000006 -0.0
-0.8006999999999991 -0.0
-0.7906999999999993 -0.0
-0.7806999999999995 -0.0
-0.7706999999999997 -0.0
-0.7606999999999999 -0.0
-0.7507000000000001 -0.0
-0.7407000000000004 -0.0
-0.7307000000000006 -0.0
-0.720699999999999 -0.0
-0.7106999999999992 -0.0
-0.7006999999999994 -0.0
-0.6906999999999996 -0.0
-0.6806999999999999 -0.0
-0.6707000000000001 -0.0
-0.6607000000000003 -0.0
-0.6507000000000005 -0.0
-0.6406999999999989 -0.0
-0.6306999999999992 -0.0
-0.6206999999999994 -0.0
-0.6106999999999996 -3.333e-16
-0.6006999999999998 -1.2577999999999998e-15
-0.5907 -3.231e-15
-0.5807000000000002 -6.801e-15
-0.5707000000000004 -1.3907e-14
-0.5607000000000006 -2.8189999999999998e-14
-0.5506999999999991 -5.647e-14
-0.5406999999999993 -1.1191e-13
-0.5306999999999995 -2.198e-13
-0.5206999999999997 -4.2630000000000006e-13
-0.5106999999999999 -8.169e-13
-0.5007000000000001 -1.5526e-12
-0.49070000000000036 -2.9139999999999995e-12
-0.48070000000000057 -5.423e-12
-0.470699999999999 -9.975e-12
-0.4606999999999992 -1.8132e-11
-0.45069999999999943 -3.27e-11
-0.44069999999999965 -5.811e-11
-0.43069999999999986 -1.0238e-10
-0.4207000000000001 -1.7858e-10
-0.4107000000000003 -3.082e-10
-0.4007000000000005 -5.25e-10
-0.39069999999999894 -8.866e-10
-0.38069999999999915 -1.4820999999999999e-09
-0.37069999999999936 -2.453e-09
-0.3606999999999996 -4.008e-09
-0.3506999999999998 -6.484999999999999e-09
-0.3407 -1.0382000000000002e-08
-0.3307000000000002 -1.644e-08
-0.32070000000000043 -2.575e-08
-0.31070000000000064 -3.991e-08
-0.3006999999999991 -6.126e-08
-0.2906999999999993 -9.304e-08
-0.2806999999999995 -1.3994e-07
-0.2706999999999997 -2.08e-07
-0.26069999999999993 -3.06e-07
-0.25070000000000014 -4.4550000000000007e-07
-0.24070000000000036 -6.414999999999999e-07
-0.23070000000000057 -9.155000000000001e-07
-0.220699999999999 -1.2912999999999998e-06
-0.21069999999999922 -1.8041e-06
-0.20069999999999943 -2.492e-06
-0.19069999999999965 -3.404e-06
-0.18069999999999986 -4.6159999999999995e-06
-0.17070000000000007 -6.189e-06
-0.1607000000000003 -8.211e-06
-0.1507000000000005 -1.0794999999999999e-05
-0.14069999999999894 -1.4018e-05
-0.13069999999999915 -1.8065e-05
-0.12069999999999936 -2.3019999999999996e-05
-0.11069999999999958 -2.91e-05
-0.10069999999999979 -3.632e-05
-0.0907 -4.5060000000000006e-05
-0.08070000000000022 -5.515e-05
-0.07070000000000043 -6.714999999999999e-05
-0.06070000000000064 -8.068e-05
-0.05069999999999908 -9.642e-05
-0.04069999999999929 -0.00011401999999999998
-0.030699999999999505 -0.00013364
-0.02069999999999972 -0.00015525
-0.010699999999999932 -0.00017912
-0.000700000000000145 -0.0002048
0.009299999999999642 -0.0002323
0.01929999999999943 -0.0002613
0.029300000000000992 -0.0002922
0.03930000000000078 -0.0003241
0.049300000000000566 -0.00035680000000000005
0.05930000000000035 -0.0003912
0.06930000000000014 -0.00042520000000000004
0.07929999999999993 -0.0004598
0.08929999999999971 -0.0004944
0.0992999999999995 -0.0005289
0.10930000000000106 -0.0005623
0.11930000000000085 -0.0005955
0.12930000000000064 -0.0006271
0.13930000000000042 -0.0006575999999999999
0.1493000000000002 -0.0006866999999999999
0.1593 -0.0007143
0.16929999999999978 -0.0007395
0.17929999999999957 -0.0007647999999999999
0.18929999999999936 -0.0007868
0.19930000000000092 -0.0008065
0.2093000000000007 -0.0008255
0.2193000000000005 -0.0008422999999999999
0.22930000000000028 -0.000857
0.23930000000000007 -0.0008717
0.24929999999999986 -0.0008833999999999999
0.25929999999999964 -0.0008951
0.26929999999999943 -0.0009071
0.279300000000001 -0.000915
0.2893000000000008 -0.0009253
0.29930000000000057 -0.0009356
0.30930000000000035 -0.0009472
0.31930000000000014 -0.0009580999999999999
0.3292999999999999 -0.0009713
0.3392999999999997 -0.0009846
0.3492999999999995 -0.0009993
0.35930000000000106 -0.0010151
0.36930000000000085 -0.0010333
0.37930000000000064 -0.0010515
0.3893000000000004 -0.0010729
0.3993000000000002 -0.0010944
0.4093 -0.0011159
0.4192999999999998 -0.0011383
0.42929999999999957 -0.0011596
0.43929999999999936 -0.0011806
0.4493000000000009 -0.0011999
0.4593000000000007 -0.0012171999999999999
0.4693000000000005 -0.0012323
0.4793000000000003 -0.0012431
0.48930000000000007 -0.0012518
0.49929999999999986 -0.0012552
0.5092999999999996 -0.0012524
0.5192999999999994 -0.0012484
0.529300000000001 -0.0012372
0.5393000000000008 -0.0012217999999999999
0.5493000000000006 -0.0012033
0.5593000000000004 -0.0011806
0.5693000000000001 -0.0011538
0.5792999999999999 -0.0011244
0.5892999999999997 -0.0010915
0.5992999999999995 -0.0010602
0.6093000000000011 -0.0010257
0.6193000000000008 -0.0009920999999999999
0.6293000000000006 -0.0009584
0.6393000000000004 -0.000928
0.6493000000000002 -0.0008998
0.6593 -0.0008737999999999999
0.6692999999999998 -0.0008503
0.6792999999999996 -0.0008313
0.6892999999999994 -0.0008158
0.6993000000000009 -0.0008047999999999999
0.7093000000000007 -0.0007956
0.7193000000000005 -0.0007908
0.7293000000000003 -0.0007896
0.7393000000000001 -0.0007909999999999999
0.7492999999999999 -0.0007949
0.7592999999999996 -0.0008003
0.7692999999999994 -0.0008081
0.779300000000001 -0.0008133999999999999
0.7893000000000008 -0.0008219999999999999
0.7993000000000006 -0.0008289
0.8093000000000004 -0.0008351000000000001
0.8193000000000001 -0.0008385
0.8292999999999999 -0.0008430999999999998
0.8392999999999997 -0.0008426999999999999
0.8492999999999995 -0.0008415
0.8593000000000011 -0.0008393
0.8693000000000008 -0.0008342
0.8793000000000006 -0.0008281
0.8893000000000004 -0.0008199
0.8993000000000002 -0.0008108
0.9093 -0.0007996
0.9192999999999998 -0.0007861000000000001
0.9292999999999996 -0.0007727
0.9392999999999994 -0.00076
0.9493000000000009 -0.0007453000000000001
0.9593000000000007 -0.0007302999999999999
0.9693000000000005 -0.0007151000000000001
0.9793000000000003 -0.0006998
0.9893000000000001 -0.0006861
0.9992999999999999 -0.0006711
1.0092999999999996 -0.0006583
1.0192999999999994 -0.0006440999999999999
1.029300000000001 -0.0006312
1.0393000000000008 -0.0006198999999999999
1.0493000000000006 -0.0006075000000000001
1.0593000000000004 -0.000598
1.0693000000000001 -0.0005882
1.0793 -0.0005804
1.0892999999999997 -0.0005745
1.0992999999999995 -0.0005694
1.109300000000001 -0.0005662999999999999
1.1193000000000008 -0.000565
1.1293000000000006 -0.0005654999999999999
1.1393000000000004 -0.0005675999999999999
1.1493000000000002 -0.0005701
1.1593 -0.000577
1.1692999999999998 -0.0005834
1.1792999999999996 -0.0005919
1.1892999999999994 -0.0006018
1.199300000000001 -0.0006129999999999998
1.2093000000000007 -0.0006233
1.2193000000000005 -0.0006364
1.2293000000000003 -0.0006489
1.2393 -0.0006607
1.2492999999999999 -0.0006727
1.2592999999999996 -0.0006859
1.2692999999999994 -0.0006974
1.279300000000001 -0.0007091
1.2893000000000008 -0.000718
1.2993000000000006 -0.0007281
1.3093000000000004 -0.0007353999999999999
1.3193000000000001 -0.0007427
1.3293 -0.0007469
1.3392999999999997 -0.0007511
1.3492999999999995 -0.0007531999999999999
1.359300000000001 -0.0007511
1.3693000000000008 -0.0007497
1.3793000000000006 -0.0007437000000000001
1.3893000000000004 -0.0007354000000000001
1.3993000000000002 -0.0007255
1.4093 -0.0007112
1.4192999999999998 -0.0006973
1.4292999999999996 -0.0006788
1.4392999999999994 -0.0006587
1.449300000000001 -0.0006382
1.4593000000000007 -0.0006164
1.4693000000000005 -0.0005928999999999999
1.4793000000000003 -0.0005718
1.4893 -0.0005514999999999999
1.4992999999999999 -0.0005339
1.5092999999999996 -0.000519
1.5192999999999994 -0.0005074
1.529300000000001 -0.0005004
1.5393000000000008 -0.000499
1.5493000000000006 -0.0005026
1.5593000000000004 -0.0005116000000000001
1.5693000000000001 -0.000527
1.5793 -0.000547
1.5892999999999997 -0.0005726
1.5992999999999995 -0.0006042
1.609300000000001 -0.0006395999999999999
1.6193000000000008 -0.0006795999999999999
1.6293000000000006 -0.0007221
1.6393000000000004 -0.0007669
1.6493000000000002 -0.0008129999999999999
1.6593 -0.000859
1.6692999999999998 -0.0009059999999999999
1.6792999999999996 -0.0009530000000000001
1.6892999999999994 -0.000998
1.699300000000001 -0.001042
1.7093000000000007 -0.001082
1.7193000000000005 -0.001121
1.7293000000000003 -0.001158
1.7393 -0.001193
1.7492999999999999 -0.001225
1.7592999999999996 -0.0012560000000000002
1.7692999999999994 -0.0012850000000000001
1.779300000000001 -0.001312
1.7893000000000008 -0.0013390000000000001
1.7993000000000006 -0.001366
1.8093000000000004 -0.0013889999999999998
1.8193000000000001 -0.001415
1.8293 -0.00144
1.8392999999999997 -0.001464
1.8492999999999995 -0.0014880000000000002
1.859300000000001 -0.00151
1.8693000000000008 -0.001535
1.8793000000000006 -0.001557
1.8893000000000004 -0.0015799999999999998
1.8993000000000002 -0.0015989999999999997
1.9093 -0.0016179999999999999
1.9192999999999998 -0.001636
1.9292999999999996 -0.0016530000000000002
1.9392999999999994 -0.001667
1.949300000000001 -0.001681
1.9593000000000007 -0.0016899999999999999
1.9693000000000005 -0.001702
1.9793000000000003 -0.0017099999999999997
1.9893 -0.0017180000000000001
1.9992999999999999 -0.001724
2.0092999999999996 -0.001731
2.0192999999999994 -0.001735
2.029300000000001 -0.001741
2.039300000000001 -0.001745
2.0493000000000006 -0.0017490000000000001
2.0593000000000004 -0.001755
2.0693 -0.0017589999999999997
2.0793 -0.0017640000000000002
2.0892999999999997 -0.0017670000000000001
2.0992999999999995 -0.001774
2.109300000000001 -0.0017759999999999998
2.119300000000001 -0.001779
2.1293000000000006 -0.00178
2.1393000000000004 -0.001778
2.1493 -0.001777
2.1593 -0.001773
2.1693 -0.001767
2.1792999999999996 -0.0017599999999999998
2.1892999999999994 -0.001748
2.199300000000001 -0.0017339999999999999
2.2093000000000007 -0.00172
2.2193000000000005 -0.001703
2.2293000000000003 -0.0016849999999999999
2.2393 -0.001666
2.2493 -0.0016449999999999998
2.2592999999999996 -0.0016259999999999998
2.2692999999999994 -0.001607
2.279300000000001 -0.001586
2.289300000000001 -0.001569
2.2993000000000006 -0.0015530000000000001
2.3093000000000004 -0.0015379999999999999
2.3193 -0.0015249999999999999
2.3293 -0.001513
2.3392999999999997 -0.0015060000000000002
2.3492999999999995 -0.0015
2.359300000000001 -0.001494
2.369300000000001 -0.0014880000000000002
2.3793000000000006 -0.001486
2.3893000000000004 -0.001484
2.3993 -0.00148
2.4093000000000018 -0.001477
2.4193 -0.00147
2.4293000000000013 -0.0014620000000000002
2.4392999999999994 -0.001452
2.449300000000001 -0.0014390000000000002
2.459299999999999 -0.001423
2.4693000000000005 -0.001405
2.4792999999999985 -0.001382
2.4893 -0.001356
2.4993000000000016 -0.0013300000000000002
2.5092999999999996 -0.0013009999999999999
2.519300000000001 -0.001271
2.529299999999999 -0.0012399999999999998
2.539300000000001 -0.00121
2.549299999999999 -0.001178
2.5593000000000004 -0.00115
2.569300000000002 -0.001125
2.5793 -0.001103
2.5893000000000015 -0.0010840000000000001
2.5992999999999995 -0.0010689999999999999
2.609300000000001 -0.001056
2.619299999999999 -0.001049
2.6293000000000006 -0.0010459999999999998
2.6392999999999986 -0.001048
2.6493 -0.0010530000000000001
2.6593000000000018 -0.001062
2.6693 -0.001073
2.6793000000000013 -0.0010869999999999999
2.6892999999999994 -0.0011020000000000001
2.699300000000001 -0.001118
2.709299999999999 -0.0011350000000000002
2.7193000000000005 -0.001155
2.7292999999999985 -0.0011710000000000002
2.7393 -0.001188
2.7493000000000016 -0.0012050000000000001
2.7592999999999996 -0.0012210000000000003
2.769300000000001 -0.001235
2.779299999999999 -0.00125
2.789300000000001 -0.001264
2.799299999999999 -0.0012770000000000001
2.8093000000000004 -0.001291
2.819300000000002 -0.0013030000000000001
2.8293 -0.001317
2.8393000000000015 -0.0013340000000000001
2.8492999999999995 -0.0013529999999999998
2.859300000000001 -0.001373
2.869299999999999 -0.001394
2.8793000000000006 -0.001418
2.8892999999999986 -0.001448
2.8993 -0.001479
2.9093000000000018 -0.0015149999999999999
2.9193 -0.0015509999999999999
2.9293000000000013 -0.001591
2.9392999999999994 -0.001634
2.949300000000001 -0.001677
2.959299999999999 -0.0017200000000000002
2.9693000000000005 -0.0017649999999999999
2.9792999999999985 -0.0018059999999999999
2.9893 -0.001844
2.9993000000000016 -0.0018809999999999999
3.0092999999999996 -0.001912
3.019300000000001 -0.001938
3.029299999999999 -0.00196
3.039300000000001 -0.0019749999999999998
3.049299999999999 -0.001983
3.0593000000000004 -0.001986
3.069300000000002 -0.0019820000000000003
3.0793 -0.001973
3.0893000000000015 -0.0019590000000000002
3.0992999999999995 -0.00194
3.109300000000001 -0.0019179999999999998
3.119299999999999 -0.001893
3.1293000000000006 -0.001867
3.1392999999999986 -0.0018379999999999998
3.1493 -0.0018110000000000001
3.1593000000000018 -0.0017820000000000002
3.1693 -0.001756
3.1793000000000013 -0.001732
3.1892999999999994 -0.00171
3.199300000000001 -0.0016910000000000002
3.209299999999999 -0.0016749999999999998
3.2193000000000005 -0.0016619999999999998
3.2292999999999985 -0.0016550000000000002
3.2393 -0.001653
3.2493000000000016 -0.0016560000000000001
3.2592999999999996 -0.0016619999999999998
3.269300000000001 -0.0016729999999999998
3.279299999999999 -0.001692
3.289300000000001 -0.0017139999999999998
3.299299999999999 -0.0017450000000000002
3.3093000000000004 -0.001777
3.319300000000002 -0.0018189999999999999
3.3293 -0.001864
3.3393000000000015 -0.001914
3.3492999999999995 -0.001972
3.359300000000001 -0.0020299999999999997
3.369299999999999 -0.002095
3.3793000000000006 -0.002163
3.3892999999999986 -0.0022329999999999997
3.3993 -0.002306
3.4093000000000018 -0.002379
3.4193 -0.002452
3.4293000000000013 -0.002525
3.4392999999999994 -0.002596
3.449300000000001 -0.0026639999999999997
3.459299999999999 -0.002727
3.4693000000000005 -0.002788
3.4792999999999985 -0.002844
3.4893 -0.0028929999999999997
3.4993000000000016 -0.002935
3.5092999999999996 -0.002973
3.519300000000001 -0.0030020000000000003
3.529299999999999 -0.003025
3.539300000000001 -0.0030410000000000003
3.549299999999999 -0.0030529999999999993
3.5593000000000004 -0.0030610000000000004
3.569300000000002 -0.0030629999999999998
3.5793 -0.00306
3.5893000000000015 -0.003058
3.5992999999999995 -0.0030510000000000003
3.609300000000001 -0.003044
3.619299999999999 -0.0030369999999999998
3.6293000000000006 -0.00303
3.6392999999999986 -0.003026
3.6493 -0.003022
3.6593000000000018 -0.00302
3.6693 -0.0030189999999999995
3.6793000000000013 -0.0030210000000000002
3.6892999999999994 -0.0030210000000000002
3.699300000000001 -0.003025
3.709299999999999 -0.003025
3.7193000000000005 -0.003026
3.7292999999999985 -0.003024
3.7393 -0.003018
3.7493000000000016 -0.003009
3.7592999999999996 -0.002994
3.769300000000001 -0.002975
3.779299999999999 -0.00295
3.789300000000001 -0.002918
3.799299999999999 -0.002882
3.8093000000000004 -0.0028380000000000002
3.819300000000002 -0.0027900000000000004
3.8293 -0.002735
3.8393000000000015 -0.0026769999999999997
3.8492999999999995 -0.002611
3.859300000000001 -0.002544
3.869299999999999 -0.002474
3.8793000000000006 -0.0024000000000000002
3.8892999999999986 -0.0023220000000000003
3.8993 -0.0022429999999999998
3.9093000000000018 -0.002164
3.9193 -0.002083
3.9293000000000013 -0.002001
3.9392999999999994 -0.001919
3.949300000000001 -0.001837
3.959299999999999 -0.0017510000000000002
3.9693000000000005 -0.001669
3.9792999999999985 -0.0015849999999999998
3.9893 -0.0015040000000000001
3.9993000000000016 -0.001419
4.0093 -0.001339
4.019300000000001 -0.001258
4.029299999999999 -0.001179
4.039300000000001 -0.0011020000000000001
4.049299999999999 -0.0010249999999999999
4.0593 -0.0009509999999999999
4.069300000000002 -0.000879
4.0793 -0.00081
4.0893000000000015 -0.000745
4.0992999999999995 -0.000682
4.109300000000001 -0.0006204
4.119299999999999 -0.0005644
4.129300000000001 -0.0005115
4.139299999999999 -0.00046180000000000006
4.1493 -0.0004154
4.159300000000002 -0.00037250000000000006
4.1693 -0.0003328
4.179300000000001 -0.0002966
4.189299999999999 -0.0002632
4.199300000000001 -0.0002331
4.209299999999999 -0.00020559999999999998
4.2193000000000005 -0.00018099999999999998
4.2292999999999985 -0.0001586
4.2393 -0.0001387
4.249300000000002 -0.0001208
4.2593 -0.0001049
4.269300000000001 -9.07e-05
4.279299999999999 -7.81e-05
4.289300000000001 -6.695e-05
4.299299999999999 -5.724e-05
4.3093 -4.868e-05
4.319300000000002 -4.117e-05
4.3293 -3.463e-05
4.3393000000000015 -2.8939999999999997e-05
4.3492999999999995 -2.404e-05
4.359300000000001 -1.9849999999999998e-05
4.369299999999999 -1.6270000000000002e-05
4.379300000000001 -1.324e-05
4.389299999999999 -1.069e-05
4.3993 -8.56e-06
4.409300000000002 -6.804e-06
4.4193 -5.357e-06
4.429300000000001 -4.18e-06
4.439299999999999 -3.232e-06
4.449300000000001 -2.4779999999999994e-06
4.459299999999999 -1.883e-06
4.4693000000000005 -1.416e-06
4.4792999999999985 -1.055e-06
4.4893 -7.783e-07
4.499300000000002 -5.686e-07
4.5093 -4.113e-07
4.519300000000001 -2.944e-07
4.529299999999999 -2.0880000000000002e-07
4.539300000000001 -1.465e-07
4.549299999999999 -1.015e-07
4.5593 -6.985000000000001e-08
4.569300000000002 -4.748e-08
4.5793 -3.196e-08
4.5893000000000015 -2.1280000000000003e-08
4.5992999999999995 -1.402e-08
4.609300000000001 -9.140000000000001e-09
4.619299999999999 -5.891e-09
4.629300000000001 -3.764000000000001e-09
