-23.6007 -0.0214082604
-23.5907 -0.014211821500000003
-23.5807 -0.009342849799999997
-23.570700000000002 -0.0060632004000000005
-23.5607 -0.00390357111
-23.5507 -0.002483989809999999
-23.5407 -0.0015659082600000002
-23.5307 -0.0009754920199999998
-23.520699999999998 -0.0006031183800000001
-23.5107 -0.000368772347
-23.500700000000002 -0.000222563676
-23.4907 -0.000133236093
-23.4807 -7.878544100000001e-05
-23.4707 -4.62890378e-05
-23.4607 -2.6766240599999994e-05
-23.450699999999998 -1.5391005299999997e-05
-23.4407 -8.737705599999998e-06
-23.4307 -4.908857179999999e-06
-23.4207 -2.7319323500000003e-06
-23.4107 -1.5026931799999999e-06
-23.4007 -8.185596300000002e-07
-23.3907 -4.4137605500000004e-07
-23.380699999999997 -2.35725836e-07
-23.3707 -1.2416416800000003e-07
-23.3607 -6.49026146e-08
-23.3507 -3.35575151e-08
-23.3407 -1.71323234e-08
-23.3307 -8.6596769e-09
-23.320700000000002 -4.3107311200000005e-09
-23.3107 -2.1033042900000003e-09
-23.3007 -1.0021933499999999e-09
-23.2907 -4.6148096899999987e-10
-23.2807 -2.03100949e-10
-23.270699999999998 -8.119567270000003e-11
-23.2607 -1.74137318e-11
-23.250700000000002 -0.0
-23.2407 -0.0
-23.2307 -0.0
-23.2207 -0.0
-23.2107 -0.0
-23.200699999999998 -0.0
-23.1907 -0.0
-23.1807 -0.0
-23.1707 -0.0
-23.1607 -0.0
-23.1507 -0.0
-23.1407 -0.0
-23.130699999999997 -0.0
-23.1207 -0.0
-23.1107 -0.0
-23.1007 -0.0
-23.0907 -0.0
-23.0807 -0.0
-23.070700000000002 -0.0
-23.0607 -0.0
-23.0507 -0.0
-23.0407 -0.0
-23.0307 -0.0
-23.020699999999998 -0.0
-23.0107 -0.0
-23.000700000000002 -0.0
-22.9907 -0.0
-22.9807 -0.0
-22.9707 -0.0
-22.9607 -0.0
-22.950699999999998 -0.0
-22.9407 -0.0
-22.9307 -0.0
-22.9207 -0.0
-22.9107 -0.0
-22.9007 -0.0
-22.8907 -0.0
-22.880699999999997 -0.0
-22.8707 -0.0
-22.8607 -0.0
-22.8507 -0.0
-22.8407 -0.0
-22.8307 -0.0
-22.820700000000002 -0.0
-22.8107 -0.0
-22.8007 -0.0
-22.7907 -0.0
-22.7807 -0.0
-22.770699999999998 -0.0
-22.7607 -0.0
-22.750700000000002 -0.0
-22.7407 -0.0
-22.7307 -0.0
-22.7207 -0.0
-22.7107 -0.0
-22.700699999999998 -0.0
-22.6907 -0.0
-22.6807 -0.0
-22.6707 -0.0
-22.6607 -0.0
-22.6507 -0.0
-22.6407 -0.0
-22.630699999999997 -0.0
-22.6207 -0.0
-22.6107 -0.0
-22.6007 -0.0
-22.5907 -0.0
-22.5807 -0.0
-22.570700000000002 -0.0
-22.5607 -0.0
-22.5507 -0.0
-22.5407 -0.0
-22.5307 -0.0
-22.520699999999998 -0.0
-22.5107 -0.0
-22.500700000000002 -0.0
-22.4907 -0.0
-22.4807 -0.0
-22.4707 -0.0
-22.4607 -0.0
-22.450699999999998 -0.0
-22.4407 -0.0
-22.4307 -0.0
-22.4207 -0.0
-22.4107 -0.0
-22.4007 -0.0
-22.3907 -0.0
-22.380699999999997 -0.0
-22.3707 -0.0
-22.3607 -0.0
-22.3507 -0.0
-22.3407 -0.0
-22.3307 -0.0
-22.320700000000002 -0.0
-22.3107 -0.0
-22.3007 -0.0
-22.2907 -0.0
-22.2807 -0.0
-22.270699999999998 -0.0
-22.2607 -0.0
-22.250700000000002 -0.0
-22.2407 -0.0
-22.2307 -0.0
-22.2207 -0.0
-22.2107 -0.0
-22.200699999999998 -0.0
-22.1907 -0.0
-22.1807 -0.0
-22.1707 -0.0
-22.1607 -0.0
-22.1507 -0.0
-22.1407 -0.0
-22.130699999999997 -0.0
-22.1207 -0.0
-22.1107 -0.0
-22.1007 -0.0
-22.0907 -0.0
-22.0807 -0.0
-22.070700000000002 -0.0
-22.0607 -0.0
-22.0507 -0.0
-22.0407 -0.0
-22.0307 -0.0
-22.020699999999998 -0.0
-22.0107 -0.0
-22.000700000000002 -0.0
-21.9907 -0.0
-21.9807 -0.0
-21.9707 -0.0
-21.9607 -0.0
-21.950699999999998 -0.0
-21.9407 -0.0
-21.9307 -0.0
-21.9207 -0.0
-21.9107 -0.0
-21.9007 -0.0
-21.8907 -0.0
-21.880699999999997 -0.0
-21.8707 -0.0
-21.8607 -0.0
-21.8507 -0.0
-21.8407 -0.0
-21.8307 -0.0
-21.820700000000002 -0.0
-21.8107 -0.0
-21.8007 -0.0
-21.7907 -0.0
-21.7807 -0.0
-21.770699999999998 -0.0
-21.7607 -0.0
-21.750700000000002 -0.0
-21.7407 -0.0
-21.7307 -0.0
-21.7207 -0.0
-21.7107 -0.0
-21.700699999999998 -0.0
-21.6907 -0.0
-21.6807 -0.0
-21.6707 -0.0
-21.6607 -0.0
-21.6507 -0.0
-21.6407 -0.0
-21.630699999999997 -0.0
-21.6207 -0.0
-21.6107 -0.0
-21.6007 -0.0
-21.5907 -0.0
-21.5807 -0.0
-21.5707 -0.0
-21.5607 -2.9982288e-14
-21.5507 -6.2652329e-14
-21.5407 -1.920267e-13
-21.5307 -3.951955e-13
-21.520699999999998 -8.045126000000001e-13
-21.5107 -1.6560359999999998e-12
-21.500700000000002 -3.302595e-12
-21.4907 -6.510459999999999e-12
-21.4807 -1.2725917e-11
-21.4707 -2.4722669999999996e-11
-21.4607 -4.738982e-11
-21.450699999999998 -8.990950999999999e-11
-21.4407 -1.683548e-10
-21.4307 -3.119574e-10
-21.4207 -5.733909999999999e-10
-21.4107 -1.0390666000000002e-09
-21.4007 -1.8657730000000004e-09
-21.3907 -3.3170689999999993e-09
-21.3807 -5.832512e-09
-21.3707 -1.0157950000000001e-08
-21.3607 -1.7493469999999997e-08
-21.3507 -2.9834300000000004e-08
-21.3407 -5.0251060000000004e-08
-21.3307 -8.403080000000001e-08
-21.3207 -1.390492e-07
-21.3107 -2.2718080000000004e-07
-21.3007 -3.6803890000000004e-07
-21.2907 -5.895025e-07
-21.2807 -9.366250000000001e-07
-21.270699999999998 -1.470335e-06
-21.2607 -2.286465e-06
-21.250700000000002 -3.519282e-06
-21.2407 -5.363479999999999e-06
-21.2307 -8.0982e-06
-21.2207 -1.2092420000000001e-05
-21.2107 -1.792048e-05
-21.200699999999998 -2.6251610000000002e-05
-21.1907 -3.8109600000000005e-05
-21.1807 -5.4815600000000004e-05
-21.1707 -7.80304e-05
-21.1607 -0.00011013079999999999
-21.1507 -0.00015382109999999998
-21.1407 -0.000213242
-21.1307 -0.000292819
-21.1207 -0.00039839400000000005
-21.1107 -0.000537119
-21.1007 -0.000718836
-21.0907 -0.0009509599999999999
-21.0807 -0.001249394
-21.0707 -0.001629768
-21.0607 -0.00210392
-21.0507 -0.0026940300000000005
-21.0407 -0.0034201500000000003
-21.0307 -0.004313880000000001
-21.020699999999998 -0.00539145
-21.0107 -0.00667668
-21.000700000000002 -0.00822546
-20.9907 -0.01002951
-20.9807 -0.012133269999999998
-20.9707 -0.014562900000000002
-20.9607 -0.0173514
-20.950699999999998 -0.020485800000000002
-20.9407 -0.024037499999999996
-20.9307 -0.027936900000000008
-20.9207 -0.032246300000000006
-20.9107 -0.0369045
-20.9007 -0.0419187
-20.8907 -0.047279299999999996
-20.8807 -0.05280789999999999
-20.8707 -0.0585995
-20.8607 -0.06447399999999999
-20.8507 -0.0705116
-20.8407 -0.0764953
-20.8307 -0.0824123
-20.8207 -0.08825449999999999
-20.8107 -0.09386180000000001
-20.8007 -0.09929199999999999
-20.7907 -0.10455700000000001
-20.7807 -0.10932400000000002
-20.770699999999998 -0.114049
-20.7607 -0.118661
-20.750700000000002 -0.123064
-20.7407 -0.12740600000000002
-20.7307 -0.131853
-20.7207 -0.136405
-20.7107 -0.14139400000000002
-20.700699999999998 -0.146333
-20.6907 -0.15199199999999996
-20.6807 -0.158328
-20.6707 -0.16467700000000002
-20.6607 -0.17174500000000004
-20.6507 -0.17934899999999998
-20.6407 -0.187176
-20.6307 -0.19523900000000002
-20.6207 -0.20355600000000001
-20.6107 -0.211875
-20.6007 -0.220093
-20.5907 -0.22780200000000003
-20.5807 -0.23528100000000002
-20.5707 -0.24212999999999998
-20.5607 -0.24806799999999998
-20.5507 -0.253455
-20.5407 -0.25795999999999997
-20.5307 -0.261526
-20.520699999999998 -0.26448099999999997
-20.5107 -0.26670499999999997
-20.500700000000002 -0.26856100000000005
-20.4907 -0.270007
-20.4807 -0.271376
-20.4707 -0.272688
-20.4607 -0.274404
-20.450699999999998 -0.27669799999999994
-20.4407 -0.27972199999999997
-20.4307 -0.283928
-20.4207 -0.288886
-20.4107 -0.295017
-20.4007 -0.30251
-20.3907 -0.3109700000000001
-20.3807 -0.32031
-20.3707 -0.33099
-20.3607 -0.34173000000000003
-20.3507 -0.35367999999999994
-20.3407 -0.36588000000000004
-20.3307 -0.37777000000000005
-20.3207 -0.38987999999999995
-20.3107 -0.40157000000000004
-20.3007 -0.4126500000000001
-20.2907 -0.42279
-20.2807 -0.43221
-20.270699999999998 -0.44068000000000007
-20.2607 -0.44800000000000006
-20.250700000000002 -0.4545900000000001
-20.2407 -0.4603499999999999
-20.2307 -0.46527
-20.2207 -0.4697
-20.2107 -0.47307999999999995
-20.200699999999998 -0.47676999999999997
-20.1907 -0.47995000000000004
-20.1807 -0.48266
-20.1707 -0.48566999999999994
-20.1607 -0.48882
-20.1507 -0.49238000000000004
-20.1407 -0.49576000000000003
-20.1307 -0.49961
-20.1207 -0.50389
-20.1107 -0.5085000000000001
-20.1007 -0.5132399999999999
-20.0907 -0.5182100000000001
-20.0807 -0.52331
-20.0707 -0.5287000000000001
-20.0607 -0.53438
-20.0507 -0.54025
-20.0407 -0.54572
-20.0307 -0.55168
-20.020699999999998 -0.5569500000000001
-20.0107 -0.5624999999999999
-20.000700000000002 -0.56754
-19.9907 -0.5723599999999999
-19.9807 -0.5762099999999999
-19.9707 -0.57973
-19.9607 -0.5825199999999999
-19.950699999999998 -0.58467
-19.9407 -0.58567
-19.9307 -0.58634
-19.9207 -0.5856800000000001
-19.9107 -0.5845
-19.9007 -0.58261
-19.8907 -0.5803
-19.8807 -0.57729
-19.8707 -0.57387
-19.8607 -0.57044
-19.8507 -0.5668500000000001
-19.8407 -0.5631000000000002
-19.8307 -0.56006
-19.8207 -0.55704
-19.8107 -0.55444
-19.8007 -0.55229
-19.7907 -0.55045
-19.7807 -0.5490499999999999
-19.770699999999998 -0.5476699999999999
-19.7607 -0.54703
-19.750700000000002 -0.54618
-19.7407 -0.5450299999999999
-19.7307 -0.54406
-19.7207 -0.5427799999999999
-19.7107 -0.5408700000000001
-19.700699999999998 -0.53831
-19.6907 -0.5347999999999999
-19.6807 -0.5306400000000001
-19.6707 -0.5261399999999999
-19.6607 -0.52057
-19.6507 -0.51467
-19.6407 -0.50793
-19.6307 -0.50077
-19.6207 -0.49346999999999996
-19.6107 -0.48646999999999996
-19.6007 -0.47927000000000003
-19.5907 -0.4727799999999999
-19.5807 -0.46659999999999996
-19.5707 -0.46086000000000005
-19.5607 -0.4558500000000001
-19.5507 -0.45166000000000006
-19.5407 -0.44791000000000003
-19.5307 -0.44518
-19.520699999999998 -0.44310000000000005
-19.5107 -0.44181999999999994
-19.500700000000002 -0.44105000000000005
-19.4907 -0.44140999999999997
-19.4807 -0.44238
-19.4707 -0.44417
-19.4607 -0.4469899999999999
-19.450699999999998 -0.4513299999999999
-19.4407 -0.45691
-19.4307 -0.46394
-19.4207 -0.47273000000000004
-19.4107 -0.4838699999999999
-19.4007 -0.49637000000000003
-19.3907 -0.5117299999999999
-19.3807 -0.5293
-19.3707 -0.54899
-19.3607 -0.5713900000000002
-19.3507 -0.59591
-19.3407 -0.62235
-19.3307 -0.6504999999999999
-19.3207 -0.6802699999999997
-19.3107 -0.7114500000000001
-19.3007 -0.74364
-19.2907 -0.77615
-19.2807 -0.8078599999999998
-19.270699999999998 -0.8396900000000002
-19.2607 -0.8707
-19.250700000000002 -0.9013
-19.2407 -0.9279
-19.2307 -0.9553
-19.2207 -0.9792000000000003
-19.2107 -1.0025000000000002
-19.200699999999998 -1.0203
-19.1907 -1.0391000000000001
-19.1807 -1.0543
-19.1707 -1.0665000000000002
-19.1607 -1.0778999999999999
-19.1507 -1.085
-19.1407 -1.0914
-19.1307 -1.0975000000000001
-19.1207 -1.1007
-19.1107 -1.1028
-19.1007 -1.1014
-19.0907 -1.1011
-19.0807 -1.0984000000000003
-19.0707 -1.0947000000000002
-19.0607 -1.0889
-19.0507 -1.0828000000000002
-19.0407 -1.0737
-19.0307 -1.0643
-19.020699999999998 -1.0529
-19.0107 -1.0408000000000002
-19.000700000000002 -1.0254
-18.9907 -1.0089000000000001
-18.9807 -0.9914
-18.9707 -0.9704000000000003
-18.9607 -0.9486000000000001
-18.950699999999998 -0.9249
-18.9407 -0.8997
-18.9307 -0.8726799999999998
-18.9207 -0.84524
-18.9107 -0.81624
-18.9007 -0.7864699999999999
-18.8907 -0.75592
-18.8807 -0.7258699999999999
-18.8707 -0.6970599999999999
-18.8607 -0.6680800000000001
-18.8507 -0.64042
-18.8407 -0.61435
-18.8307 -0.5904600000000001
-18.8207 -0.56814
-18.8107 -0.5484199999999999
-18.8007 -0.5311899999999999
-18.7907 -0.5172399999999999
-18.7807 -0.50497
-18.770699999999998 -0.49616000000000005
-18.7607 -0.48901
-18.750700000000002 -0.48413999999999996
-18.7407 -0.48185
-18.7307 -0.48142999999999997
-18.7207 -0.48178999999999994
-18.7107 -0.484
-18.700699999999998 -0.48610999999999993
-18.6907 -0.48850000000000005
-18.6807 -0.49166
-18.6707 -0.4946580000000001
-18.6607 -0.49701799999999996
-18.6507 -0.498222
-18.6407 -0.500068
-18.6307 -0.500584
-18.6207 -0.500396
-18.6107 -0.5002329999999999
-18.6007 -0.498425
-18.5907 -0.497049
-18.5807 -0.495476
-18.5707 -0.49339299999999997
-18.5607 -0.490361
-18.5507 -0.48697
-18.5407 -0.48314900000000005
-18.5307 -0.47855800000000004
-18.520699999999998 -0.47331700000000004
-18.5107 -0.46688499999999994
-18.500700000000002 -0.45916599999999996
-18.4907 -0.449881
-18.4807 -0.4390860000000001
-18.4707 -0.4263969999999999
-18.4607 -0.412107
-18.450699999999998 -0.396034
-18.4407 -0.37806
-18.4307 -0.35869100000000004
-18.4207 -0.337736
-18.4107 -0.315608
-18.4007 -0.292817
-18.3907 -0.269054
-18.3807 -0.245358
-18.3707 -0.22178049999999996
-18.3607 -0.1987815
-18.3507 -0.17640280000000003
-18.3407 -0.15523229999999996
-18.3307 -0.13515400000000002
-18.3207 -0.1166829
-18.3107 -0.09980000000000003
-18.3007 -0.0844356
-18.2907 -0.0707804
-18.2807 -0.05868
-18.270699999999998 -0.04828939999999999
-18.2607 -0.03924810000000001
-18.250700000000002 -0.03161456
-18.2407 -0.025206800000000005
-18.2307 -0.019880429999999998
-18.2207 -0.01554507
-18.2107 -0.01202437
-18.200699999999998 -0.00918863
-18.1907 -0.00697003
-18.1807 -0.00522091
-18.1707 -0.003874461
-18.1607 -0.0028461630000000005
-18.1507 -0.002069124
-18.1407 -0.001487369
-18.1307 -0.0010587920000000002
-18.1207 -0.000745625
-18.1107 -0.0005198068999999999
-18.1007 -0.00035881149999999996
-18.0907 -0.000244877
-18.0807 -0.00016545780000000001
-18.0707 -0.00011063999999999998
-18.0607 -7.30584e-05
-18.0507 -4.790781e-05
-18.0407 -3.103395e-05
-18.0307 -1.9880399999999997e-05
-18.020699999999998 -1.2605189999999998e-05
-18.0107 -7.91489e-06
-18.000700000000002 -4.907137e-06
-17.9907 -3.0196970000000006e-06
-17.9807 -1.834608e-06
-17.9707 -1.104227e-06
-17.9607 -6.571656e-07
-17.950699999999998 -3.8739000000000003e-07
-17.9407 -2.2551360000000002e-07
-17.9307 -1.30027e-07
-17.9207 -7.413394e-08
-17.9107 -4.187743000000001e-08
-17.9007 -2.338952e-08
-17.8907 -1.2906380000000002e-08
-17.8807 -7.064595000000001e-09
-17.8707 -3.820221000000001e-09
-17.8607 -2.044338e-09
-17.8507 -1.082176e-09
-17.8407 -5.668420999999999e-10
-17.8307 -2.9398390000000006e-10
-17.8207 -1.507541e-10
-17.8107 -7.638553e-11
-17.8007 -3.825714e-11
-17.7907 -1.89952e-11
-17.7807 -9.31434e-12
-17.770699999999998 -4.4599480000000015e-12
-17.7607 -1.94394e-12
-17.750700000000002 -7.946842e-13
-17.7407 -1.9383144e-13
-17.7307 -0.0
-17.7207 -0.0
-17.7107 -0.0
-17.700699999999998 -0.0
-17.6907 -0.0
-17.6807 -0.0
-17.6707 -0.0
-17.6607 -0.0
-17.6507 -0.0
-17.6407 -0.0
-17.6307 -0.0
-17.6207 -0.0
-17.6107 -0.0
-17.6007 -0.0
-17.5907 -0.0
-17.5807 -0.0
-17.5707 -0.0
-17.5607 -0.0
-17.5507 -0.0
-17.5407 -0.0
-17.5307 -0.0
-17.520699999999998 -0.0
-17.5107 -0.0
-17.5007 -0.0
-17.4907 -0.0
-17.4807 -0.0
-17.4707 -0.0
-17.4607 -0.0
-17.4507 -0.0
-17.4407 -0.0
-17.4307 -0.0
-17.4207 -0.0
-17.4107 -0.0
-17.4007 -0.0
-17.3907 -0.0
-17.3807 -0.0
-17.3707 -0.0
-17.3607 -0.0
-17.3507 -0.0
-17.3407 -0.0
-17.3307 -0.0
-17.3207 -0.0
-17.3107 -0.0
-17.3007 -0.0
-17.2907 -0.0
-17.2807 -0.0
-17.270699999999998 -0.0
-17.2607 -0.0
-17.2507 -0.0
-17.2407 -0.0
-17.2307 -0.0
-17.2207 -0.0
-17.2107 -0.0
-17.2007 -0.0
-17.1907 -0.0
-17.1807 -0.0
-17.1707 -0.0
-17.1607 -0.0
-17.1507 -0.0
-17.1407 -0.0
-17.1307 -0.0
-17.1207 -0.0
-17.1107 -0.0
-17.1007 -0.0
-17.0907 -0.0
-17.0807 -0.0
-17.0707 -0.0
-17.0607 -0.0
-17.0507 -0.0
-17.0407 -0.0
-17.0307 -0.0
-17.020699999999998 -0.0
-17.0107 -0.0
-17.0007 -0.0
-16.9907 -0.0
-16.9807 -0.0
-16.9707 -0.0
-16.9607 -0.0
-16.9507 -0.0
-16.9407 -0.0
-16.9307 -0.0
-16.9207 -0.0
-16.9107 -0.0
-16.9007 -0.0
-16.8907 -0.0
-16.8807 -0.0
-16.8707 -0.0
-16.8607 -0.0
-16.8507 -0.0
-16.8407 -0.0
-16.8307 -0.0
-16.8207 -0.0
-16.8107 -0.0
-16.8007 -0.0
-16.7907 -0.0
-16.7807 -0.0
-16.770699999999998 -0.0
-16.7607 -0.0
-16.7507 -0.0
-16.7407 -0.0
-16.7307 -0.0
-16.7207 -0.0
-16.7107 -0.0
-16.7007 -0.0
-16.6907 -0.0
-16.6807 -0.0
-16.6707 -0.0
-16.6607 -0.0
-16.6507 -0.0
-16.6407 -0.0
-16.6307 -0.0
-16.6207 -0.0
-16.6107 -0.0
-16.6007 -0.0
-16.5907 -0.0
-16.5807 -0.0
-16.5707 -0.0
-16.5607 -0.0
-16.5507 -0.0
-16.5407 -0.0
-16.5307 -0.0
-16.520699999999998 -0.0
-16.5107 -0.0
-16.5007 -0.0
-16.4907 -0.0
-16.4807 -0.0
-16.4707 -0.0
-16.4607 -0.0
-16.4507 -0.0
-16.4407 -0.0
-16.4307 -0.0
-16.4207 -0.0
-16.4107 -0.0
-16.4007 -0.0
-16.3907 -0.0
-16.3807 -0.0
-16.3707 -0.0
-16.3607 -0.0
-16.3507 -0.0
-16.3407 -0.0
-16.3307 -0.0
-16.3207 -0.0
-16.3107 -0.0
-16.3007 -0.0
-16.2907 -0.0
-16.2807 -0.0
-16.270699999999998 -0.0
-16.2607 -0.0
-16.2507 -0.0
-16.2407 -0.0
-16.2307 -0.0
-16.2207 -0.0
-16.2107 -0.0
-16.2007 -0.0
-16.1907 -0.0
-16.1807 -0.0
-16.1707 -0.0
-16.1607 -0.0
-16.1507 -0.0
-16.1407 -0.0
-16.1307 -0.0
-16.1207 -0.0
-16.1107 -0.0
-16.1007 -0.0
-16.0907 -0.0
-16.0807 -0.0
-16.0707 -0.0
-16.0607 -0.0
-16.0507 -0.0
-16.0407 -0.0
-16.0307 -0.0
-16.020699999999998 -0.0
-16.0107 -0.0
-16.0007 -0.0
-15.9907 -0.0
-15.980699999999999 -0.0
-15.9707 -0.0
-15.9607 -0.0
-15.9507 -0.0
-15.9407 -0.0
-15.9307 -0.0
-15.9207 -0.0
-15.9107 -0.0
-15.9007 -0.0
-15.890699999999999 -0.0
-15.8807 -0.0
-15.8707 -0.0
-15.8607 -0.0
-15.8507 -0.0
-15.8407 -0.0
-15.8307 -0.0
-15.8207 -0.0
-15.8107 -0.0
-15.800699999999999 -0.0
-15.7907 -0.0
-15.7807 -0.0
-15.7707 -0.0
-15.7607 -0.0
-15.7507 -0.0
-15.7407 -0.0
-15.730699999999999 -0.0
-15.7207 -0.0
-15.7107 -0.0
-15.7007 -0.0
-15.6907 -0.0
-15.6807 -0.0
-15.6707 -0.0
-15.6607 -0.0
-15.6507 -0.0
-15.640699999999999 -0.0
-15.6307 -0.0
-15.6207 -0.0
-15.6107 -0.0
-15.6007 -0.0
-15.5907 -0.0
-15.5807 -0.0
-15.5707 -0.0
-15.5607 -0.0
-15.550699999999999 -0.0
-15.5407 -0.0
-15.5307 -0.0
-15.5207 -0.0
-15.5107 -0.0
-15.5007 -0.0
-15.4907 -0.0
-15.480699999999999 -0.0
-15.4707 -0.0
-15.4607 -0.0
-15.4507 -0.0
-15.4407 -0.0
-15.4307 -0.0
-15.4207 -0.0
-15.4107 -0.0
-15.4007 -0.0
-15.390699999999999 -0.0
-15.3807 -0.0
-15.3707 -0.0
-15.3607 -0.0
-15.3507 -0.0
-15.3407 -0.0
-15.3307 -0.0
-15.3207 -0.0
-15.3107 -0.0
-15.300699999999999 -0.0
-15.2907 -0.0
-15.2807 -0.0
-15.2707 -0.0
-15.2607 -0.0
-15.2507 -0.0
-15.2407 -0.0
-15.230699999999999 -0.0
-15.2207 -0.0
-15.2107 -0.0
-15.2007 -0.0
-15.1907 -0.0
-15.1807 -0.0
-15.1707 -0.0
-15.1607 -0.0
-15.1507 -0.0
-15.140699999999999 -0.0
-15.1307 -0.0
-15.1207 -0.0
-15.1107 -0.0
-15.1007 -0.0
-15.0907 -0.0
-15.0807 -0.0
-15.0707 -0.0
-15.0607 -0.0
-15.050699999999999 -0.0
-15.0407 -0.0
-15.0307 -0.0
-15.0207 -0.0
-15.0107 -0.0
-15.0007 -0.0
-14.9907 -0.0
-14.980699999999999 -0.0
-14.9707 -0.0
-14.9607 -0.0
-14.9507 -0.0
-14.9407 -0.0
-14.9307 -0.0
-14.9207 -0.0
-14.9107 -0.0
-14.9007 -0.0
-14.890699999999999 -0.0
-14.8807 -0.0
-14.8707 -0.0
-14.8607 -0.0
-14.8507 -0.0
-14.8407 -0.0
-14.8307 -0.0
-14.8207 -0.0
-14.8107 -0.0
-14.800699999999999 -0.0
-14.7907 -0.0
-14.7807 -0.0
-14.7707 -0.0
-14.7607 -0.0
-14.7507 -0.0
-14.7407 -0.0
-14.730699999999999 -0.0
-14.7207 -0.0
-14.7107 -0.0
-14.7007 -0.0
-14.6907 -0.0
-14.6807 -0.0
-14.6707 -0.0
-14.6607 -0.0
-14.6507 -0.0
-14.640699999999999 -0.0
-14.6307 -0.0
-14.6207 -0.0
-14.6107 -0.0
-14.6007 -0.0
-14.5907 -0.0
-14.5807 -0.0
-14.5707 -0.0
-14.5607 -0.0
-14.550699999999999 -0.0
-14.5407 -0.0
-14.5307 -0.0
-14.5207 -0.0
-14.5107 -0.0
-14.5007 -0.0
-14.4907 -0.0
-14.4807 -0.0
-14.470699999999999 -0.0
-14.4607 -0.0
-14.4507 -0.0
-14.4407 -0.0
-14.4307 -0.0
-14.4207 -0.0
-14.4107 -0.0
-14.4007 -0.0
-14.390699999999999 -0.0
-14.3807 -0.0
-14.3707 -0.0
-14.3607 -0.0
-14.3507 -0.0
-14.3407 -0.0
-14.3307 -0.0
-14.3207 -0.0
-14.3107 -0.0
-14.300699999999999 -0.0
-14.2907 -0.0
-14.2807 -0.0
-14.2707 -0.0
-14.2607 -0.0
-14.2507 -0.0
-14.2407 -0.0
-14.2307 -0.0
-14.220699999999999 -0.0
-14.2107 -0.0
-14.2007 -0.0
-14.1907 -0.0
-14.1807 -0.0
-14.1707 -0.0
-14.1607 -0.0
-14.1507 -0.0
-14.140699999999999 -0.0
-14.1307 -0.0
-14.1207 -0.0
-14.1107 -0.0
-14.1007 -0.0
-14.0907 -0.0
-14.0807 -0.0
-14.0707 -0.0
-14.0607 -0.0
-14.050699999999999 -0.0
-14.0407 -0.0
-14.0307 -0.0
-14.0207 -0.0
-14.0107 -0.0
-14.0007 -0.0
-13.9907 -0.0
-13.9807 -0.0
-13.970699999999999 -0.0
-13.9607 -0.0
-13.9507 -0.0
-13.9407 -0.0
-13.9307 -0.0
-13.9207 -0.0
-13.9107 -0.0
-13.9007 -0.0
-13.890699999999999 -0.0
-13.8807 -0.0
-13.8707 -0.0
-13.8607 -0.0
-13.8507 -0.0
-13.8407 -0.0
-13.8307 -0.0
-13.8207 -0.0
-13.8107 -0.0
-13.800699999999999 -0.0
-13.7907 -0.0
-13.7807 -0.0
-13.7707 -0.0
-13.7607 -0.0
-13.7507 -0.0
-13.7407 -0.0
-13.7307 -0.0
-13.720699999999999 -0.0
-13.7107 -0.0
-13.7007 -0.0
-13.6907 -0.0
-13.6807 -0.0
-13.6707 -0.0
-13.6607 -0.0
-13.6507 -0.0
-13.640699999999999 -0.0
-13.6307 -0.0
-13.6207 -0.0
-13.6107 -0.0
-13.6007 -0.0
-13.5907 -0.0
-13.5807 -0.0
-13.5707 -0.0
-13.5607 -0.0
-13.550699999999999 -0.0
-13.5407 -0.0
-13.5307 -0.0
-13.5207 -0.0
-13.5107 -0.0
-13.5007 -0.0
-13.4907 -0.0
-13.4807 -0.0
-13.470699999999999 -0.0
-13.4607 -0.0
-13.4507 -0.0
-13.4407 -0.0
-13.4307 -0.0
-13.4207 -0.0
-13.4107 -0.0
-13.4007 -0.0
-13.390699999999999 -0.0
-13.3807 -0.0
-13.3707 -0.0
-13.3607 -0.0
-13.3507 -0.0
-13.3407 -0.0
-13.3307 -0.0
-13.3207 -0.0
-13.3107 -0.0
-13.300699999999999 -0.0
-13.2907 -0.0
-13.2807 -0.0
-13.2707 -0.0
-13.2607 -0.0
-13.2507 -0.0
-13.2407 -0.0
-13.2307 -0.0
-13.220699999999999 -0.0
-13.2107 -0.0
-13.2007 -0.0
-13.1907 -0.0
-13.1807 -0.0
-13.1707 -0.0
-13.1607 -0.0
-13.1507 -0.0
-13.140699999999999 -0.0
-13.1307 -0.0
-13.1207 -0.0
-13.1107 -0.0
-13.1007 -0.0
-13.0907 -0.0
-13.0807 -0.0
-13.0707 -0.0
-13.0607 -0.0
-13.050699999999999 -0.0
-13.0407 -0.0
-13.0307 -0.0
-13.0207 -0.0
-13.0107 -0.0
-13.0007 -0.0
-12.9907 -0.0
-12.9807 -0.0
-12.970699999999999 -0.0
-12.9607 -0.0
-12.9507 -0.0
-12.9407 -0.0
-12.9307 -0.0
-12.9207 -0.0
-12.9107 -0.0
-12.9007 -0.0
-12.890699999999999 -0.0
-12.8807 -0.0
-12.8707 -0.0
-12.8607 -0.0
-12.8507 -0.0
-12.8407 -0.0
-12.8307 -0.0
-12.8207 -0.0
-12.8107 -0.0
-12.800699999999999 -0.0
-12.7907 -0.0
-12.7807 -0.0
-12.7707 -0.0
-12.7607 -5.144746000000001e-13
-12.7507 -1.8151780000000002e-12
-12.7407 -3.7616219999999994e-12
-12.7307 -9.858000999999998e-12
-12.720699999999999 -2.096599e-11
-12.7107 -4.3411630000000006e-11
-12.7007 -8.696633999999999e-11
-12.6907 -1.747165e-10
-12.6807 -3.4783570000000004e-10
-12.6707 -6.800387000000001e-10
-12.6607 -1.3135659999999998e-09
-12.6507 -2.5087380000000004e-09
-12.640699999999999 -4.73281e-09
-12.6307 -8.858074e-09
-12.6207 -1.640117e-08
-12.6107 -3.00425e-08
-12.6007 -5.453266999999999e-08
-12.5907 -9.771301999999999e-08
-12.5807 -1.7354920000000003e-07
-12.5707 -3.050097e-07
-12.5607 -5.309048e-07
-12.550699999999999 -9.142655000000001e-07
-12.5407 -1.5600160000000003e-06
-12.5307 -2.6330129999999998e-06
-12.5207 -4.393784999999999e-06
-12.5107 -7.276844999999999e-06
-12.5007 -1.1909828e-05
-12.4907 -1.9317689999999996e-05
-12.480699999999999 -3.0990429999999996e-05
-12.4707 -4.931557e-05
-12.4607 -7.757134e-05
-12.4507 -0.00012081109000000001
-12.4407 -0.00018631370000000004
-12.4307 -0.00028456
-12.4207 -0.0004296839
-12.4107 -0.0006449139
-12.4007 -0.0009555154999999999
-12.390699999999999 -0.0014033469999999999
-12.3807 -0.0020395839999999997
-12.3707 -0.0029370610000000004
-12.3607 -0.004198703999999999
-12.3507 -0.005922188
-12.3407 -0.008275438
-12.3307 -0.011470047999999998
-12.3207 -0.015743310000000003
-12.3107 -0.021382989999999998
-12.300699999999999 -0.028809280000000003
-12.2907 -0.03842217999999999
-12.2807 -0.050724219999999993
-12.2707 -0.06645441
-12.2607 -0.08613944999999998
-12.2507 -0.11055749000000001
-12.2407 -0.14086511999999998
-12.230699999999999 -0.17745029999999998
-12.2207 -0.2218125
-12.2107 -0.2746581
-12.2007 -0.33730689999999997
-12.1907 -0.40880560000000005
-12.1807 -0.4922608
-12.1707 -0.5876951
-12.1607 -0.6966444
-12.1507 -0.8161948000000001
-12.140699999999999 -0.9494416
-12.1307 -1.0937071
-12.1207 -1.2509493
-12.1107 -1.4171768
-12.1007 -1.5917830000000002
-12.0907 -1.7766430000000002
-12.0807 -1.9634279999999995
-12.0707 -2.155333
-12.0607 -2.3483179999999995
-12.050699999999999 -2.537621
-12.0407 -2.7263580000000003
-12.0307 -2.908833
-12.0207 -3.082218
-12.0107 -3.245537
-12.0007 -3.3967370000000003
-11.9907 -3.5398080000000003
-11.980699999999999 -3.67578
-11.9707 -3.798654
-11.9607 -3.9014279999999997
-11.9507 -3.999085
-11.9407 -4.080655
-11.9307 -4.157160999999999
-11.9207 -4.216578
-11.9107 -4.271932999999999
-11.9007 -4.323251999999999
-11.890699999999999 -4.35853
-11.8807 -4.3907739999999995
-11.8707 -4.417995
-11.8607 -4.4391929999999995
-11.8507 -4.454366
-11.8407 -4.462517
-11.8307 -4.465674
-11.8207 -4.463798000000001
-11.8107 -4.457905
-11.800699999999999 -4.443988999999999
-11.7907 -4.426058
-11.7807 -4.401102
-11.7707 -4.37512
-11.7607 -4.3441149999999995
-11.7507 -4.306084
-11.7407 -4.267038
-11.730699999999999 -4.222968
-11.7207 -4.177876
-11.7107 -4.130778
-11.7007 -4.080647
-11.6907 -4.030493999999999
-11.6807 -3.9793489999999996
-11.6707 -3.92819
-11.6607 -3.8770219999999997
-11.6507 -3.8238410000000003
-11.640699999999999 -3.77067
-11.6307 -3.7224880000000002
-11.6207 -3.670326
-11.6107 -3.6221630000000005
-11.6007 -3.5750110000000004
-11.5907 -3.5278690000000004
-11.5807 -3.484747
-11.5707 -3.4416459999999995
-11.5607 -3.400567
-11.550699999999999 -3.3595059999999997
-11.5407 -3.32146
-11.5307 -3.2854520000000003
-11.5207 -3.250457
-11.5107 -3.216462
-11.5007 -3.184498
-11.4907 -3.155516
-11.480699999999999 -3.125551
-11.4707 -3.096558
-11.4607 -3.067595
-11.4507 -3.0366120000000003
-11.4407 -3.007589
-11.4307 -2.978565
-11.4207 -2.949529
-11.4107 -2.919467
-11.4007 -2.890391
-11.390699999999999 -2.8592940000000002
-11.3807 -2.8302000000000005
-11.3707 -2.802106
-11.3607 -2.773012
-11.3507 -2.7449290000000004
-11.3407 -2.7178080000000002
-11.3307 -2.6917250000000004
-11.3207 -2.664612
-11.3107 -2.638521
-11.300699999999999 -2.610389
-11.2907 -2.582216
-11.2807 -2.5500320000000003
-11.2707 -2.519805
-11.2607 -2.4825169999999996
-11.2507 -2.4421749999999998
-11.2407 -2.397779
-11.230699999999999 -2.350299
-11.2207 -2.2967560000000002
-11.2107 -2.24016
-11.2007 -2.1765
-11.1907 -2.1137860000000006
-11.1807 -2.044041
-11.1707 -1.9742619999999997
-11.1607 -1.905474
-11.1507 -1.834705
-11.140699999999999 -1.7649380000000001
-11.1307 -1.7002
-11.1207 -1.6375370000000002
-11.1107 -1.5779069999999997
-11.1007 -1.5223499999999999
-11.0907 -1.4728650000000003
-11.0807 -1.430457
-11.0707 -1.389122
-11.0607 -1.356862
-11.050699999999999 -1.3286650000000002
-11.0407 -1.3065340000000003
-11.0307 -1.287465
-11.0207 -1.2714389999999998
-11.0107 -1.259417
-11.0007 -1.248447
-10.9907 -1.239448
-10.980699999999999 -1.23145
-10.9707 -1.220434
-10.9607 -1.2113960000000001
-10.9507 -1.198298
-10.9407 -1.183162
-10.9307 -1.166952
-10.9207 -1.1476808000000003
-10.9107 -1.1233293
-10.9007 -1.0968955999999999
-10.890699999999999 -1.0664007999999998
-10.8807 -1.0328447
-10.8707 -0.9952055000000001
-10.8607 -0.9545268
-10.8507 -0.9135865
-10.8407 -0.8705160000000001
-10.8307 -0.8253155
-10.8207 -0.7810147000000001
-10.8107 -0.7373946
-10.800699999999999 -0.6949053999999999
-10.7907 -0.6521372000000001
-10.7807 -0.6142006999999999
-10.7707 -0.5766058000000001
-10.7607 -0.5432627999999999
-10.7507 -0.5137617000000001
-10.7407 -0.4862527
-10.730699999999999 -0.46299579999999996
-10.7207 -0.4435907999999999
-10.7107 -0.4273606999999999
-10.7007 -0.4143885
-10.6907 -0.4044767999999999
-10.6807 -0.3977108
-10.6707 -0.3936981
-10.6607 -0.3921313
-10.6507 -0.3924959
-10.640699999999999 -0.3952091999999999
-10.6307 -0.39923620000000004
-10.6207 -0.405102
-10.6107 -0.41157400000000005
-10.6007 -0.41877549999999997
-10.5907 -0.4265631
-10.5807 -0.43375279999999994
-10.5707 -0.4407405999999999
-10.5607 -0.44712219999999997
-10.550699999999999 -0.4517765
-10.5407 -0.45431450000000007
-10.5307 -0.455416
-10.5207 -0.45487920000000004
-10.5107 -0.4506097999999999
-10.5007 -0.4441067
-10.4907 -0.4357592
-10.480699999999999 -0.424377
-10.4707 -0.4098604
-10.4607 -0.3933052000000001
-10.4507 -0.37481849999999994
-10.4407 -0.3547096
-10.4307 -0.33328540000000006
-10.4207 -0.31094409999999995
-10.4107 -0.2883988
-10.4007 -0.2658537
-10.390699999999999 -0.24371157999999998
-10.3807 -0.22228377000000002
-10.3707 -0.20216743999999998
-10.3607 -0.18337044999999996
-10.3507 -0.16619493000000002
-10.3407 -0.15074490999999998
-10.3307 -0.1370174
-10.3207 -0.12511439
-10.3107 -0.11463486
-10.300699999999999 -0.10578079000000001
-10.2907 -0.09844815
-10.2807 -0.09223378
-10.2707 -0.08713884999999999
-10.2607 -0.08255632
-10.2507 -0.07888863400000001
-10.2407 -0.07553206
-10.230699999999999 -0.07238425700000001
-10.2207 -0.06934397699999999
-10.2107 -0.066369608
-10.2007 -0.063459814
-10.1907 -0.060413588000000004
-10.1807 -0.05711999
-10.1707 -0.05382883899999999
-10.1607 -0.050299131
-10.1507 -0.046760734
-10.140699999999999 -0.043113561
-10.1307 -0.039427317
-10.1207 -0.035791898
-10.1107 -0.032197705
-10.1007 -0.028724459799999998
-10.0907 -0.0253922801
-10.0807 -0.022261123400000003
-10.0707 -0.019340934400000002
-10.0607 -0.016651673999999998
-10.050699999999999 -0.014203564000000004
-10.0407 -0.0120063303
-10.0307 -0.010060092799999998
-10.0207 -0.008344699200000001
-10.0107 -0.0068600775
-10.0007 -0.00559017433
-9.9907 -0.0045109192000000005
-9.980699999999999 -0.00360422428
-9.9707 -0.00285300427
-9.9607 -0.0022362344900000003
-9.9507 -0.0017368129800000001
-9.9407 -0.00133369228
-9.9307 -0.0010158250600000001
-9.9207 -0.0007651842890000001
-9.9107 -0.000570936753
-9.9007 -0.000422276178
-9.890699999999999 -0.00030930928
-9.8807 -0.000224575256
-9.8707 -0.00016213866000000003
-9.8607 -0.0001168218
-9.8507 -8.473155000000001e-05
-9.8407 -6.346062e-05
-9.8307 -5.068444e-05
-9.8207 -4.547819e-05
-9.8107 -4.764135e-05
-9.800699999999999 -5.7680040000000006e-05
-9.7907 -7.711659000000001e-05
-9.7807 -0.00010879054
-9.7707 -0.000156696
-9.7607 -0.00022690799999999998
-9.7507 -0.00032704660000000004
-9.7407 -0.0004683221999999999
-9.730699999999999 -0.0006628034
-9.7207 -0.0009304977
-9.7107 -0.001294414
-9.7007 -0.0017809180000000003
-9.6907 -0.0024242599999999997
-9.6807 -0.0032701229999999993
-9.6707 -0.004352056000000001
-9.6607 -0.005750115000000001
-9.6507 -0.007512526999999999
-9.640699999999999 -0.009725388
-9.6307 -0.012446539999999999
-9.6207 -0.01577062
-9.6107 -0.019791230000000003
-9.6007 -0.02459624
-9.5907 -0.030249339999999996
-9.5807 -0.03687494000000001
-9.570699999999999 -0.04435913000000001
-9.5607 -0.05312152
-9.550699999999999 -0.06277142000000001
-9.540700000000001 -0.07351053
-9.5307 -0.08540254
-9.5207 -0.09817787000000001
-9.5107 -0.11184219999999999
-9.5007 -0.12620130000000002
-9.4907 -0.14141729999999997
-9.480699999999999 -0.15674390000000002
-9.4707 -0.17251999999999998
-9.4607 -0.18830729999999996
-9.4507 -0.2038895
-9.4407 -0.21902560000000004
-9.4307 -0.23363460000000005
-9.4207 -0.2476634
-9.410699999999999 -0.26082639999999996
-9.4007 -0.272881
-9.390699999999999 -0.2839895
-9.380700000000001 -0.2941469000000001
-9.3707 -0.3035862000000001
-9.3607 -0.31192240000000004
-9.3507 -0.31958660000000005
-9.3407 -0.3266318
-9.3307 -0.33306790000000003
-9.320699999999999 -0.3394079
-9.3107 -0.3455699
-9.300699999999999 -0.3517259999999999
-9.290700000000001 -0.358047
-9.2807 -0.36441500000000004
-9.2707 -0.37031109999999995
-9.2607 -0.3775372000000001
-9.2507 -0.3840043
-9.2407 -0.39191040000000005
-9.230699999999999 -0.39867759999999997
-9.2207 -0.4058438
-9.2107 -0.41275999999999996
-9.2007 -0.41848409999999997
-9.1907 -0.42479729999999993
-9.1807 -0.4296403999999999
-9.1707 -0.43267939999999994
-9.160699999999999 -0.43505740000000004
-9.1507 -0.4364932999999999
-9.140699999999999 -0.4367962
-9.130700000000001 -0.43524799999999997
-9.1207 -0.43166780000000005
-9.1107 -0.4280855000000002
-9.1007 -0.42271129999999996
-9.0907 -0.4168271
-9.0807 -0.4104318999999999
-9.070699999999999 -0.4033578
-9.0607 -0.39637390000000006
-9.050699999999999 -0.3895111
-9.040700000000001 -0.3830395
-9.0307 -0.37711110000000003
-9.0207 -0.37224490000000005
-9.0107 -0.3682219
-9.0007 -0.3654010999999999
-8.9907 -0.36360449999999994
-8.980699999999999 -0.3632022
-8.9707 -0.36412300000000003
-8.9607 -0.36607899999999993
-8.9507 -0.36911820000000006
-8.9407 -0.3734814999999999
-8.9307 -0.37889999999999996
-8.9207 -0.3852705999999999
-8.910699999999999 -0.392087
-8.9007 -0.40011699999999994
-8.890699999999999 -0.40869
-8.880700000000001 -0.41782700000000006
-8.8707 -0.427447
-8.8607 -0.437331
-8.8507 -0.447736
-8.8407 -0.458256
-8.8307 -0.4686539999999999
-8.820699999999999 -0.47953599999999996
-8.8107 -0.49013799999999996
-8.800699999999999 -0.500629
-8.790700000000001 -0.5102990000000002
-8.7807 -0.5200779999999999
-8.7707 -0.529404
-8.7607 -0.5373179999999999
-8.7507 -0.544298
-8.7407 -0.551935
-8.730699999999999 -0.5570360000000001
-8.7207 -0.5622219999999999
-8.7107 -0.5669649999999999
-8.7007 -0.5705579999999999
-8.6907 -0.5728179999999999
-8.6807 -0.575147
-8.6707 -0.5761249999999999
-8.660699999999999 -0.5772700000000001
-8.6507 -0.577295
-8.640699999999999 -0.577399
-8.630700000000001 -0.5773620000000002
-8.6207 -0.5772039999999999
-8.6107 -0.576905
-8.6007 -0.5767059999999999
-8.5907 -0.576687
-8.5807 -0.5767559999999998
-8.570699999999999 -0.5770230000000002
-8.5607 -0.577364
-8.550699999999999 -0.5778139999999999
-8.540700000000001 -0.5786519999999999
-8.5307 -0.579287
-8.5207 -0.580422
-8.5107 -0.581555
-8.5007 -0.5831759999999999
-8.4907 -0.5841170000000001
-8.480699999999999 -0.5851479999999998
-8.4707 -0.585596
-8.4607 -0.5863260000000001
-8.4507 -0.587258
-8.4407 -0.586704
-8.4307 -0.586152
-8.4207 -0.584595
-8.410699999999999 -0.58295
-8.4007 -0.579308
-8.390699999999999 -0.576165
-8.380700000000001 -0.572828
-8.3707 -0.568685
-8.3607 -0.5616649999999999
-8.3507 -0.55544
-8.3407 -0.5472199999999999
-8.3307 -0.5377065000000001
-8.320699999999999 -0.5292069
-8.3107 -0.5190145
-8.300699999999999 -0.5080073000000002
-8.290700000000001 -0.49642820000000004
-8.2807 -0.48297340000000005
-8.2707 -0.4703989
-8.2607 -0.45728769999999996
-8.2507 -0.4429228
-8.2407 -0.42903220000000003
-8.230699999999999 -0.4138849
-8.2207 -0.399012
-8.2107 -0.38511039999999996
-8.2007 -0.37025020000000003
-8.1907 -0.35526019999999997
-8.1807 -0.3407175
-8.1707 -0.32552100000000006
-8.160699999999999 -0.3114687
-8.1507 -0.2972464
-8.140699999999999 -0.28324530000000003
-8.130700000000001 -0.2693691
-8.1207 -0.25609790000000004
-8.1107 -0.24272860000000002
-8.1007 -0.22947120000000001
-8.0907 -0.2165006
-8.0807 -0.20382180000000003
-8.070699999999999 -0.19152779999999997
-8.0607 -0.17914349999999998
-8.050699999999999 -0.167154
-8.040700000000001 -0.1553732
-8.0307 -0.1440621
-8.0207 -0.1330788
-8.0107 -0.12229719999999998
-8.0007 -0.1122164
-7.9906999999999995 -0.10233539999999999
-7.9807 -0.09327229999999999
-7.9707 -0.08456799999999998
-7.9607 -0.07650169999999999
-7.950699999999999 -0.06894829999999999
-7.9407 -0.06196599999999999
-7.9307 -0.05561190000000001
-7.9207 -0.049871900000000004
-7.910699999999999 -0.044744099999999995
-7.9007 -0.0402218
-7.8907 -0.036273799999999995
-7.8807 -0.0329033
-7.870699999999999 -0.0301114
-7.8607 -0.027879899999999996
-7.8507 -0.0261523
-7.8407 -0.0249047
-7.8307 -0.024137299999999997
-7.8206999999999995 -0.023828000000000005
-7.8107 -0.0238934
-7.8007 -0.024300600000000002
-7.7907 -0.025046299999999997
-7.7806999999999995 -0.0260373
-7.7707 -0.0272173
-7.7607 -0.028573100000000004
-7.7507 -0.0300094
-7.7406999999999995 -0.031543
-7.7307 -0.033074
-7.7207 -0.03457
-7.7107 -0.035996
-7.700699999999999 -0.037315
-7.6907 -0.03849499999999999
-7.6807 -0.039513000000000006
-7.6707 -0.040398
-7.660699999999999 -0.041126
-7.6507 -0.04168200000000001
-7.6407 -0.04211
-7.6307 -0.042434999999999994
-7.620699999999999 -0.04263799999999999
-7.6107 -0.04285500000000001
-7.6007 -0.043053
-7.5907 -0.043321000000000005
-7.5807 -0.043662
-7.5706999999999995 -0.04418700000000001
-7.5607 -0.04496399999999999
-7.5507 -0.046007
-7.5407 -0.047387
-7.5306999999999995 -0.049179999999999995
-7.5207 -0.051418
-7.5107 -0.05415399999999999
-7.5007 -0.05744
-7.4906999999999995 -0.061275
-7.4807 -0.06565300000000002
-7.4707 -0.070762
-7.4607 -0.076382
-7.450699999999999 -0.082584
-7.4407 -0.08944200000000001
-7.4307 -0.09667100000000002
-7.4207 -0.10441499999999998
-7.410699999999999 -0.11267699999999997
-7.4007 -0.12110500000000002
-7.3907 -0.12980999999999995
-7.3807 -0.138662
-7.370699999999999 -0.14778400000000003
-7.3607 -0.156934
-7.3507 -0.165935
-7.3407 -0.17514899999999997
-7.3307 -0.18421599999999996
-7.3206999999999995 -0.19335
-7.3107 -0.20275200000000002
-7.3007 -0.212111
-7.2907 -0.22187699999999996
-7.2806999999999995 -0.232077
-7.2707 -0.24311899999999997
-7.2607 -0.25480299999999995
-7.2507 -0.267681
-7.2406999999999995 -0.2815499999999999
-7.2307 -0.29716699999999996
-7.2207 -0.31411900000000004
-7.2107 -0.332616
-7.200699999999999 -0.353167
-7.1907 -0.376159
-7.1807 -0.39911299999999994
-7.1707 -0.42560300000000006
-7.160699999999999 -0.45212800000000003
-7.1507 -0.48017199999999993
-7.1407 -0.5100229999999999
-7.1307 -0.5403290000000001
-7.120699999999999 -0.5713109999999999
-7.1107 -0.60187
-7.1007 -0.633725
-7.0907 -0.662895
-7.0807 -0.693416
-7.0706999999999995 -0.721821
-7.0607 -0.750419
-7.0507 -0.7761049999999999
-7.0407 -0.8006520000000001
-7.0306999999999995 -0.8233889999999999
-7.0207 -0.844873
-7.0107 -0.8643200000000001
-7.0007 -0.882757
-6.9906999999999995 -0.8979140000000001
-6.9807 -0.91198
-6.9707 -0.9237860000000001
-6.9607 -0.9332509999999999
-6.950699999999999 -0.9431859999999999
-6.9407 -0.9489909999999999
-6.9307 -0.954346
-6.9207 -0.9583
-6.910699999999999 -0.9607800000000001
-6.9007 -0.96095
-6.8907 -0.9620099999999999
-6.8807 -0.96045
-6.870699999999999 -0.9587400000000001
-6.8607 -0.9578599999999999
-6.8507 -0.95386
-6.8407 -0.95194
-6.8307 -0.9489599999999999
-6.8206999999999995 -0.9461700000000001
-6.8107 -0.9435599999999998
-6.8007 -0.94097
-6.7907 -0.9396000000000001
-6.7806999999999995 -0.9385600000000001
-6.7707 -0.93825
-6.7607 -0.9373300000000001
-6.7507 -0.93755
-6.7406999999999995 -0.93838
-6.7307 -0.94123
-6.7207 -0.9434300000000001
-6.7107 -0.94686
-6.700699999999999 -0.9495200000000001
-6.6907 -0.95333
-6.6807 -0.9574700000000002
-6.6707 -0.9636700000000001
-6.660699999999999 -0.9691500000000001
-6.6507 -0.9767900000000002
-6.6407 -0.9864799999999999
-6.6307 -0.99536
-6.620699999999999 -1.00661
-6.6107 -1.0199700000000003
-6.6007 -1.0350899999999998
-6.5907 -1.0503799999999999
-6.5807 -1.0698400000000001
-6.5706999999999995 -1.0874600000000003
-6.5607 -1.10802
-6.5507 -1.1309400000000003
-6.5407 -1.15376
-6.5306999999999995 -1.1768500000000002
-6.5207 -1.2030200000000004
-6.5107 -1.22851
-6.5007 -1.2529000000000001
-6.4906999999999995 -1.27736
-6.4807 -1.3007999999999997
-6.4707 -1.3223299999999998
-6.4607 -1.34476
-6.450699999999999 -1.36478
-6.4407 -1.3834599999999997
-6.4307 -1.3998399999999998
-6.4207 -1.41419
-6.410699999999999 -1.4265299999999999
-6.4007 -1.43762
-6.3907 -1.44831
-6.3807 -1.4568799999999997
-6.370699999999999 -1.4623099999999996
-6.3607 -1.4686000000000001
-6.3507 -1.4738
-6.3407 -1.4757499999999997
-6.3307 -1.4786999999999995
-6.3206999999999995 -1.4785199999999998
-6.3107 -1.4793199999999997
-6.3007 -1.4770100000000002
-6.2907 -1.47579
-6.2806999999999995 -1.4711500000000004
-6.2707 -1.4678800000000003
-6.2607 -1.4615200000000004
-6.2507 -1.4561600000000001
-6.2406999999999995 -1.4487700000000001
-6.2307 -1.4402800000000004
-6.2207 -1.4302900000000003
-6.2107 -1.42189
-6.200699999999999 -1.4097700000000002
-6.1907 -1.39867
-6.1807 -1.38557
-6.1707 -1.3726700000000003
-6.160699999999999 -1.36075
-6.1507 -1.3479699999999997
-6.1407 -1.33525
-6.1307 -1.3206600000000002
-6.120699999999999 -1.3091599999999999
-6.1107 -1.2956799999999997
-6.1007 -1.2854799999999997
-6.0907 -1.273
-6.0807 -1.2639499999999997
-6.0706999999999995 -1.2526200000000003
-6.0607 -1.24254
-6.0507 -1.23453
-6.0407 -1.2273799999999997
-6.0306999999999995 -1.22039
-6.0207 -1.21223
-6.0107 -1.2053500000000004
-6.0007 -1.19929
-5.9906999999999995 -1.19319
-5.9807 -1.18813
-5.9707 -1.1842199999999996
-5.9607 -1.1811400000000003
-5.950699999999999 -1.1781000000000001
-5.9407 -1.17423
-5.9307 -1.1723
-5.9207 -1.1693900000000002
-5.910699999999999 -1.1686499999999997
-5.9007 -1.16793
-5.8907 -1.1683000000000001
-5.8807 -1.1667899999999995
-5.870699999999999 -1.16919
-5.8607 -1.1697699999999998
-5.8507 -1.1703800000000002
-5.8407 -1.1717899999999997
-5.8307 -1.1733000000000002
-5.8206999999999995 -1.1736099999999998
-5.8107 -1.17091
-5.8007 -1.17109
-5.7907 -1.1690900000000004
-5.7806999999999995 -1.16587
-5.7707 -1.16447
-5.7607 -1.1600800000000002
-5.7507 -1.1554
-5.7406999999999995 -1.1506099999999997
-5.7307 -1.1467600000000002
-5.7207 -1.14072
-5.7107 -1.1368099999999997
-5.700699999999999 -1.1347099999999999
-5.6907 -1.1307699999999998
-5.6807 -1.1286800000000001
-5.6707 -1.12901
-5.660699999999999 -1.1281300000000003
-5.6507 -1.1305100000000001
-5.6407 -1.13203
-5.6307 -1.13565
-5.620699999999999 -1.1404899999999998
-5.6107 -1.1434199999999999
-5.6007 -1.14745
-5.5907 -1.1505399999999997
-5.5807 -1.1565599999999998
-5.5707 -1.15783
-5.560700000000001 -1.1588699999999998
-5.550699999999999 -1.15995
-5.540699999999999 -1.15903
-5.5306999999999995 -1.1538599999999999
-5.5207 -1.1497800000000002
-5.5107 -1.14354
-5.5007 -1.1361700000000001
-5.4907 -1.1248299999999998
-5.480700000000001 -1.1152600000000004
-5.470699999999999 -1.1049
-5.460699999999999 -1.0932600000000001
-5.450699999999999 -1.0828499999999996
-5.4407 -1.0723899999999997
-5.4307 -1.0620100000000003
-5.4207 -1.05478
-5.4107 -1.04662
-5.4007000000000005 -1.0416400000000001
-5.390699999999999 -1.0367700000000002
-5.380699999999999 -1.03418
-5.370699999999999 -1.03567
-5.3607 -1.03443
-5.3507 -1.0382999999999998
-5.3407 -1.0403099999999998
-5.3307 -1.0456100000000002
-5.3207 -1.05082
-5.310700000000001 -1.05623
-5.300699999999999 -1.0637699999999999
-5.290699999999999 -1.0693100000000004
-5.2806999999999995 -1.0747700000000002
-5.2707 -1.0824000000000003
-5.2607 -1.0881500000000002
-5.2507 -1.0917400000000002
-5.2407 -1.09721
-5.230700000000001 -1.1007299999999998
-5.220699999999999 -1.1032300000000002
-5.210699999999999 -1.10547
-5.200699999999999 -1.10771
-5.1907 -1.10681
-5.1807 -1.1087900000000002
-5.1707 -1.10654
-5.1607 -1.10633
-5.1507000000000005 -1.1039200000000002
-5.140699999999999 -1.10125
-5.130699999999999 -1.09926
-5.120699999999999 -1.09637
-5.1107 -1.0922399999999999
-5.1007 -1.0879900000000002
-5.0907 -1.0857300000000003
-5.0807 -1.0821800000000001
-5.0707 -1.0787000000000002
-5.060700000000001 -1.0772199999999998
-5.050699999999999 -1.07247
-5.040699999999999 -1.07301
-5.0306999999999995 -1.0714599999999999
-5.0207 -1.0688300000000004
-5.0107 -1.0694000000000001
-5.0007 -1.0697900000000005
-4.9907 -1.0713500000000005
-4.980700000000001 -1.06982
-4.970699999999999 -1.0714199999999998
-4.960699999999999 -1.0721200000000002
-4.950699999999999 -1.0736400000000001
-4.9407 -1.07438
-4.9307 -1.0739400000000001
-4.9207 -1.0733800000000002
-4.9107 -1.07391
-4.9007000000000005 -1.07144
-4.890699999999999 -1.06878
-4.880699999999999 -1.0639799999999997
-4.870699999999999 -1.06109
-4.8607 -1.05709
-4.8507 -1.0502600000000002
-4.8407 -1.04513
-4.8307 -1.03698
-4.8207 -1.03172
-4.810700000000001 -1.02437
-4.800699999999999 -1.0161
-4.790699999999999 -1.0108400000000002
-4.7806999999999995 -1.00339
-4.7707 -0.9971300000000001
-4.7607 -0.9906800000000002
-4.7507 -0.9854400000000001
-4.7407 -0.9802200000000001
-4.730700000000001 -0.97591
-4.720699999999999 -0.9699099999999999
-4.710699999999999 -0.96581
-4.700699999999999 -0.96283
-4.6907 -0.9588700000000001
-4.6807 -0.9570500000000003
-4.6707 -0.9543100000000002
-4.6607 -0.9545999999999999
-4.6507000000000005 -0.9520400000000001
-4.640699999999999 -0.95057
-4.630699999999999 -0.95016
-4.620699999999999 -0.95192
-4.6107 -0.9518399999999998
-4.6007 -0.9528499999999999
-4.5907 -0.9549499999999999
-4.5807 -0.95722
-4.5707 -0.9615600000000001
-4.560700000000001 -0.9651200000000001
-4.550699999999999 -0.9686400000000001
-4.540699999999999 -0.9734200000000001
-4.5306999999999995 -0.98018
-4.5207 -0.9840899999999998
-4.5107 -0.9899699999999998
-4.5007 -0.99499
-4.4907 -0.99887
-4.480700000000001 -1.00176
-4.470699999999999 -1.00406
-4.460699999999999 -1.00526
-4.450699999999999 -1.00467
-4.4407 -1.0039700000000003
-4.4307 -1.0011499999999998
-4.4207 -0.9954000000000001
-4.4107 -0.9893400000000001
-4.4007000000000005 -0.98033
-4.390699999999999 -0.9711000000000003
-4.380699999999999 -0.9588499999999999
-4.370699999999999 -0.9462900000000001
-4.3607 -0.93082
-4.3507 -0.91704
-4.3407 -0.90117
-4.3307 -0.88518
-4.3207 -0.86712
-4.310700000000001 -0.85295
-4.300699999999999 -0.8358200000000001
-4.290699999999999 -0.8207800000000001
-4.2806999999999995 -0.80361
-4.2707 -0.79048
-4.2607 -0.7764899999999999
-4.2507 -0.76376
-4.2407 -0.7508499999999999
-4.230700000000001 -0.7399999999999999
-4.220699999999999 -0.7284200000000001
-4.210699999999999 -0.7187500000000001
-4.200699999999999 -0.7083400000000001
-4.1907 -0.7013
-4.1807 -0.6924800000000001
-4.1707 -0.68522
-4.1607 -0.6781900000000001
-4.1507000000000005 -0.6718299999999999
-4.140699999999999 -0.6668700000000001
-4.130699999999999 -0.6613399999999998
-4.120699999999999 -0.6572699999999999
-4.1107 -0.6524899999999999
-4.1007 -0.64773
-4.0907 -0.6457700000000001
-4.0807 -0.6429999999999999
-4.0707 -0.64098
-4.060700000000001 -0.64014
-4.050699999999999 -0.63861
-4.040699999999999 -0.6383999999999999
-4.0306999999999995 -0.639
-4.0207 -0.63882
-4.0107 -0.6399400000000001
-4.0007 -0.6413800000000001
-3.9907000000000004 -0.6432300000000001
-3.9807000000000006 -0.6449900000000002
-3.970699999999999 -0.64686
-3.960699999999999 -0.6492399999999999
-3.9506999999999994 -0.6513399999999999
-3.9406999999999996 -0.65352
-3.9307 -0.65573
-3.9207 -0.65814
-3.9107000000000003 -0.6602500000000001
-3.9007000000000005 -0.66257
-3.890699999999999 -0.6646000000000001
-3.880699999999999 -0.66664
-3.8706999999999994 -0.66837
-3.8606999999999996 -0.6703200000000001
-3.8507 -0.6717700000000001
-3.8407 -0.6734300000000001
-3.8307 -0.6745600000000002
-3.8207000000000004 -0.6761400000000002
-3.8107000000000006 -0.6767099999999999
-3.800699999999999 -0.67745
-3.7906999999999993 -0.6777999999999998
-3.7806999999999995 -0.6776299999999998
-3.7706999999999997 -0.67686
-3.7607 -0.6760800000000001
-3.7507 -0.6744699999999999
-3.7407000000000004 -0.6721499999999999
-3.7307000000000006 -0.6693
-3.720699999999999 -0.6659200000000002
-3.710699999999999 -0.66171
-3.7006999999999994 -0.65668
-3.6906999999999996 -0.6512199999999999
-3.6807 -0.6451100000000001
-3.6707 -0.6381700000000001
-3.6607000000000003 -0.6307999999999999
-3.6507000000000005 -0.62309
-3.640699999999999 -0.61474
-3.630699999999999 -0.6057499999999999
-3.6206999999999994 -0.59685
-3.6106999999999996 -0.5871
-3.6007 -0.5774199999999999
-3.5907 -0.56749
-3.5807 -0.55745
-3.5707000000000004 -0.54716
-3.5607000000000006 -0.5368499999999999
-3.550699999999999 -0.5266000000000001
-3.5406999999999993 -0.51644
-3.5306999999999995 -0.50623
-3.5206999999999997 -0.49599
-3.5107 -0.48591999999999996
-3.5007 -0.47611000000000003
-3.4907000000000004 -0.46629
-3.4807000000000006 -0.45692
-3.470699999999999 -0.44733999999999996
-3.460699999999999 -0.4385199999999999
-3.4506999999999994 -0.42988
-3.4406999999999996 -0.4212900000000001
-3.4307 -0.41302
-3.4207 -0.40510000000000007
-3.4107000000000003 -0.3975700000000001
-3.4007000000000005 -0.39002999999999993
-3.390699999999999 -0.38289
-3.380699999999999 -0.37572999999999995
-3.3706999999999994 -0.36895
-3.3606999999999996 -0.36260000000000003
-3.3507 -0.35583
-3.3407 -0.34957
-3.3307 -0.34331
-3.3207000000000004 -0.33704999999999996
-3.3107000000000006 -0.33081
-3.300699999999999 -0.32497
-3.2906999999999993 -0.31903999999999993
-3.2806999999999995 -0.31340999999999997
-3.2706999999999997 -0.30793
-3.2607 -0.30294
-3.2507 -0.29827000000000004
-3.2407000000000004 -0.29403
-3.2307000000000006 -0.29031999999999997
-3.220699999999999 -0.28703999999999996
-3.210699999999999 -0.28406999999999993
-3.2006999999999994 -0.28193999999999997
-3.1906999999999996 -0.28013
-3.1807 -0.27935
-3.1707 -0.27848999999999996
-3.1607000000000003 -0.27824999999999994
-3.1507000000000005 -0.27864
-3.140699999999999 -0.27934700000000007
-3.130699999999999 -0.28017
-3.1206999999999994 -0.281897
-3.1106999999999996 -0.283547
-3.1007 -0.285811
-3.0907 -0.28838800000000003
-3.0807 -0.29145799999999994
-3.0707000000000004 -0.29514099999999993
-3.0607000000000006 -0.29935799999999996
-3.050699999999999 -0.30406700000000003
-3.0406999999999993 -0.3095790000000001
-3.0306999999999995 -0.31589300000000003
-3.0206999999999997 -0.32299900000000004
-3.0107 -0.331246
-3.0007 -0.340063
-2.9907000000000004 -0.349602
-2.9807000000000006 -0.35994
-2.970699999999999 -0.37116699999999997
-2.960699999999999 -0.38299400000000006
-2.9506999999999994 -0.395539
-2.9406999999999996 -0.40847200000000006
-2.9307 -0.422184
-2.9207 -0.436105
-2.9107000000000003 -0.44991200000000003
-2.9007000000000005 -0.4644289999999999
-2.890699999999999 -0.47903199999999996
-2.880699999999999 -0.493543
-2.8706999999999994 -0.5080530000000001
-2.8606999999999996 -0.521975
-2.8507 -0.536997
-2.8407 -0.5512299999999999
-2.8307 -0.564573
-2.8207000000000004 -0.5795289999999998
-2.8107000000000006 -0.592801
-2.800699999999999 -0.6076889999999999
-2.7906999999999993 -0.6221919999999999
-2.7806999999999995 -0.636714
-2.7706999999999997 -0.650452
-2.7607 -0.665406
-2.7507 -0.681277
-2.7407000000000004 -0.697762
-2.7307000000000006 -0.713459
-2.720699999999999 -0.7315660000000002
-2.710699999999999 -0.747283
-2.7006999999999994 -0.7651100000000001
-2.6906999999999996 -0.78394
-2.6807 -0.802076
-2.6707 -0.8203109999999999
-2.6607000000000003 -0.837248
-2.6507000000000005 -0.855182
-2.640699999999999 -0.8732140000000003
-2.630699999999999 -0.8888420000000001
-2.6206999999999994 -0.9044650000000001
-2.6106999999999996 -0.918685
-2.6007 -0.9315990000000001
-2.5907 -0.9445060000000001
-2.5807 -0.9550080000000001
-2.5707000000000004 -0.9644070000000002
-2.5607000000000006 -0.9727009999999999
-2.550699999999999 -0.9818899999999999
-2.5406999999999993 -0.9862770000000001
-2.5306999999999995 -0.991861
-2.5206999999999997 -0.9982430000000001
-2.5107 -1.001222
-2.5007 -1.0063000000000002
-2.4907000000000004 -1.009679
-2.4807000000000006 -1.0142539999999998
-2.470699999999999 -1.0189289999999998
-2.460699999999999 -1.0230059999999999
-2.4506999999999994 -1.0294789999999998
-2.4406999999999996 -1.0364549999999997
-2.4307 -1.04593
-2.4207 -1.0552050000000002
-2.4107000000000003 -1.0669829999999998
-2.4007000000000005 -1.078762
-2.390699999999999 -1.09414
-2.380699999999999 -1.108421
-2.3706999999999994 -1.126503
-2.3606999999999996 -1.1440860000000002
-2.3507 -1.162473
-2.3407 -1.181858
-2.3307 -1.2022469999999998
-2.3207000000000004 -1.221633
-2.3107000000000006 -1.238818
-2.300699999999999 -1.255903
-2.2906999999999993 -1.272687
-2.2806999999999995 -1.284165
-2.2706999999999997 -1.2934430000000001
-2.2607 -1.301213
-2.2507 -1.304678
-2.2407000000000004 -1.303539
-2.2307000000000006 -1.299795
-2.220699999999999 -1.291843
-2.210699999999999 -1.2810879999999998
-2.2006999999999994 -1.267126
-2.1906999999999996 -1.247758
-2.1807 -1.224987
-2.1707 -1.20071
-2.1607000000000003 -1.17323
-2.1507000000000005 -1.142548
-2.140699999999999 -1.111661
-2.130699999999999 -1.0771729999999997
-2.1206999999999994 -1.041684
-2.1106999999999996 -1.0054910000000001
-2.1007 -0.9696
-2.0907 -0.9311049999999998
-2.0807 -0.8937099999999999
-2.0707000000000004 -0.8556159999999999
-2.0607000000000006 -0.81712
-2.050699999999999 -0.7782209999999999
-2.0406999999999993 -0.7402249999999999
-2.0306999999999995 -0.7013260000000001
-2.0206999999999997 -0.6643290000000001
-2.0107 -0.6263319999999999
-2.0007 -0.5898260000000001
-1.9907000000000004 -0.554048
-1.9807000000000006 -0.5188450000000001
-1.970699999999999 -0.48536400000000013
-1.9606999999999992 -0.45253699999999997
-1.9506999999999994 -0.420723
-1.9406999999999996 -0.3910129
-1.9306999999999999 -0.3630184000000001
-1.9207 -0.3364325
-1.9107000000000003 -0.31175040000000004
-1.9007000000000005 -0.2888553
-1.890699999999999 -0.26758750000000003
-1.8806999999999992 -0.24823699999999999
-1.8706999999999994 -0.23072560000000003
-1.8606999999999996 -0.21479959999999998
-1.8506999999999998 -0.20070970000000002
-1.8407 -0.1878578
-1.8307000000000002 -0.17676000000000003
-1.8207000000000004 -0.1668791
-1.8107000000000006 -0.1582142
-1.800699999999999 -0.15060089999999998
-1.7906999999999993 -0.1441112
-1.7806999999999995 -0.1380828
-1.7706999999999997 -0.1330449
-1.7607 -0.12828820000000002
-1.7507000000000001 -0.12393859999999998
-1.7407000000000004 -0.11990700000000001
-1.7307000000000006 -0.1159621
-1.720699999999999 -0.11189290000000002
-1.7106999999999992 -0.1077494
-1.7006999999999994 -0.1035902
-1.6906999999999996 -0.0992447
-1.6806999999999999 -0.0945456
-1.6707 -0.08969790000000001
-1.6607000000000003 -0.0846468
-1.6507000000000005 -0.07943019999999999
-1.640699999999999 -0.07388839999999999
-1.6306999999999992 -0.06838369999999999
-1.6206999999999994 -0.06271489999999999
-1.6106999999999996 -0.0571356
-1.6006999999999998 -0.0516038
-1.5907 -0.0462621
-1.5807000000000002 -0.0410856
-1.5707000000000004 -0.0361912
-1.5607000000000006 -0.0315932
-1.550699999999999 -0.0273225
-1.5406999999999993 -0.0234227
-1.5306999999999995 -0.01989301
-1.5206999999999997 -0.01673448
-1.5107 -0.01396079
-1.5007000000000001 -0.01151262
-1.4907000000000004 -0.00940511
-1.4807000000000006 -0.0076129
-1.470699999999999 -0.006106759999999999
-1.4606999999999992 -0.00484766
-1.4506999999999994 -0.00380878
-1.4406999999999996 -0.00296514
-1.4306999999999999 -0.0022828899999999997
-1.4207 -0.0017406440000000002
-1.4107000000000003 -0.001314782
-1.4007000000000005 -0.000982997
-1.390699999999999 -0.000726671
-1.3806999999999992 -0.0005321770000000001
-1.3706999999999994 -0.00038579000000000006
-1.3606999999999996 -0.00027670900000000004
-1.3506999999999998 -0.00019661270000000003
-1.3407 -0.0001379835
-1.3307000000000002 -9.617740000000001e-05
-1.3207000000000004 -6.61337e-05
-1.3107000000000006 -4.5047e-05
-1.300699999999999 -3.03546e-05
-1.2906999999999993 -2.0262000000000004e-05
-1.2806999999999995 -1.337297e-05
-1.2706999999999997 -8.73252e-06
-1.2607 -5.645990000000001e-06
-1.2507000000000001 -3.6146999999999995e-06
-1.2407000000000004 -2.2878999999999997e-06
-1.2307000000000006 -1.433438e-06
-1.220699999999999 -8.886770000000001e-07
-1.2106999999999992 -5.45555e-07
-1.2006999999999994 -3.3109299999999996e-07
-1.1906999999999996 -1.9870300000000003e-07
-1.1806999999999999 -1.1807679999999997e-07
-1.1707 -6.947390000000001e-08
-1.1607000000000003 -4.040149999999999e-08
-1.1507000000000005 -2.32579e-08
-1.140699999999999 -1.3255419999999997e-08
-1.1306999999999992 -7.460930000000002e-09
-1.1206999999999994 -4.1638e-09
-1.1106999999999996 -2.29739e-09
-1.1006999999999998 -1.2558349999999997e-09
-1.0907 -6.77932e-10
-1.0807000000000002 -3.6213599999999997e-10
-1.0707000000000004 -1.91491e-10
-1.0607000000000006 -1.0018949999999999e-10
-1.050699999999999 -5.1811700000000006e-11
-1.0406999999999993 -2.65149e-11
-1.0306999999999995 -1.3440310000000002e-11
-1.0206999999999997 -6.6920400000000014e-12
-1.0107 -3.3211799999999998e-12
-1.0007000000000001 -1.6314249999999998e-12
-0.9907000000000004 -7.68017e-13
-0.9807000000000006 -3.5278500000000005e-13
-0.970699999999999 -1.180696e-13
-0.9606999999999992 -2.4291499999999998e-14
-0.9506999999999994 -0.0
-0.9406999999999996 -0.0
-0.9306999999999999 -0.0
-0.9207000000000001 -0.0
-0.9107000000000003 -0.0
-0.9007000000000005 -0.0
-0.8906999999999989 -0.0
-0.8806999999999992 -0.0
-0.8706999999999994 -0.0
-0.8606999999999996 -0.0
-0.8506999999999998 -0.0
-0.8407 -0.0
-0.8307000000000002 -0.0
-0.8207000000000004 -0.0
-0.8107000000000006 -0.0
-0.8006999999999991 -0.0
-0.7906999999999993 -0.0
-0.7806999999999995 -0.0
-0.7706999999999997 -0.0
-0.7606999999999999 -0.0
-0.7507000000000001 -0.0
-0.7407000000000004 -0.0
-0.7307000000000006 -0.0
-0.720699999999999 -0.0
-0.7106999999999992 -0.0
-0.7006999999999994 -0.0
-0.6906999999999996 -0.0
-0.6806999999999999 -0.0
-0.6707000000000001 -0.0
-0.6607000000000003 -0.0
-0.6507000000000005 -0.0
-0.6406999999999989 -0.0
-0.6306999999999992 -0.0
-0.6206999999999994 -0.0
-0.6106999999999996 -1.829313e-13
-0.6006999999999998 -5.906178000000002e-13
-0.5907 -1.538011e-12
-0.5807000000000002 -3.2650009999999997e-12
-0.5707000000000004 -6.690207e-12
-0.5607000000000006 -1.3525489999999998e-11
-0.5506999999999991 -2.705507000000001e-11
-0.5406999999999993 -5.375191e-11
-0.5306999999999995 -1.053948e-10
-0.5206999999999997 -2.0434329999999993e-10
-0.5106999999999999 -3.925269e-10
-0.5007000000000001 -7.449426e-10
-0.49070000000000036 -1.3986040000000001e-09
-0.48070000000000057 -2.597313e-09
-0.470699999999999 -4.7763750000000005e-09
-0.4606999999999992 -8.697231999999998e-09
-0.45069999999999943 -1.56347e-08
-0.44069999999999965 -2.783311e-08
-0.43069999999999986 -4.908538e-08
-0.4207000000000001 -8.555958000000002e-08
-0.4107000000000003 -1.4757220000000003e-07
-0.4007000000000005 -2.5150799999999995e-07
-0.39069999999999894 -4.246166e-07
-0.38069999999999915 -7.099821e-07
-0.37069999999999936 -1.172933e-06
-0.3606999999999996 -1.918237999999999e-06
-0.3506999999999998 -3.100484999999999e-06
-0.3407 -4.973882e-06
-0.3307000000000002 -7.87634e-06
-0.32070000000000043 -1.2333250000000001e-05
-0.31070000000000064 -1.9132710000000005e-05
-0.3006999999999991 -2.9390260000000003e-05
-0.2906999999999993 -4.448304000000001e-05
-0.2806999999999995 -6.687694e-05
-0.2706999999999997 -9.9486e-05
-0.26069999999999993 -0.00014644499999999998
-0.25070000000000014 -0.00021331349999999992
-0.24070000000000036 -0.0003076015
-0.23070000000000057 -0.0004382355000000001
-0.220699999999999 -0.0006178812999999999
-0.21069999999999922 -0.0008619941000000001
-0.20069999999999943 -0.0011918419999999998
-0.19069999999999965 -0.001630864
-0.18069999999999986 -0.0022079359999999998
-0.17070000000000007 -0.0029522889999999994
-0.1607000000000003 -0.0039122110000000005
-0.1507000000000005 -0.005144595
-0.14069999999999894 -0.006698518000000002
-0.13069999999999915 -0.008606365
-0.12069999999999936 -0.010964219999999998
-0.11069999999999958 -0.0138283
-0.10069999999999979 -0.01727772
-0.0907 -0.02135926
-0.08070000000000022 -0.026206149999999998
-0.07070000000000043 -0.03178415000000001
-0.06070000000000064 -0.03816768
-0.05069999999999908 -0.04549442000000001
-0.04069999999999929 -0.05364802
-0.030699999999999505 -0.06274164
-0.02069999999999972 -0.07266525000000001
-0.010699999999999932 -0.08351612
-0.000700000000000145 -0.09518479999999999
0.009299999999999642 -0.1076213
0.01929999999999943 -0.1207233
0.029300000000000992 -0.13430720000000004
0.03930000000000078 -0.14829309999999998
0.049300000000000566 -0.1625238
0.05930000000000035 -0.17685819999999997
0.06930000000000014 -0.19137520000000002
0.07929999999999993 -0.20586480000000004
0.08929999999999971 -0.21994339999999998
0.0992999999999995 -0.2336299
0.10930000000000106 -0.2468823
0.11930000000000085 -0.2595525
0.12930000000000064 -0.27222009999999996
0.13930000000000042 -0.28356460000000006
0.1493000000000002 -0.2946766999999999
0.1593 -0.30538430000000005
0.16929999999999978 -0.3146795
0.17929999999999957 -0.32463479999999995
0.18929999999999936 -0.3340868000000001
0.19930000000000092 -0.3422065
0.2093000000000007 -0.3511955
0.2193000000000005 -0.3590823000000001
0.22930000000000028 -0.366937
0.23930000000000007 -0.37579169999999995
0.24929999999999986 -0.38394339999999993
0.25929999999999964 -0.3933750999999999
0.26929999999999943 -0.4021071
0.279300000000001 -0.411235
0.2893000000000008 -0.42097530000000005
0.29930000000000057 -0.4319256
0.30930000000000035 -0.4422972000000001
0.31930000000000014 -0.4533881
0.3292999999999999 -0.46519130000000003
0.3392999999999997 -0.47743460000000004
0.3492999999999995 -0.49129929999999994
0.35930000000000106 -0.5037651
0.36930000000000085 -0.5186933000000001
0.37930000000000064 -0.5322515000000002
0.3893000000000004 -0.5460228999999999
0.3993000000000002 -0.5597244000000001
0.4093 -0.5746759
0.4192999999999998 -0.5876182999999998
0.42929999999999957 -0.6006596
0.43929999999999936 -0.6115406
0.4493000000000009 -0.6223199
0.4593000000000007 -0.6318872000000001
0.4693000000000005 -0.6389422999999999
0.4793000000000003 -0.6434831
0.48930000000000007 -0.6467017999999999
0.49929999999999986 -0.6460751999999998
0.5092999999999996 -0.6437124
0.5192999999999994 -0.6395784
0.529300000000001 -0.6316071999999998
0.5393000000000008 -0.6208818
0.5493000000000006 -0.6094833
0.5593000000000004 -0.5940006
0.5693000000000001 -0.5761538
0.5792999999999999 -0.5596243999999999
0.5892999999999997 -0.5407415
0.5992999999999995 -0.5193402
0.6093000000000011 -0.49883570000000005
0.6193000000000008 -0.4781321
0.6293000000000006 -0.4582584
0.6393000000000004 -0.44021800000000005
0.6493000000000002 -0.4219418000000001
0.6593 -0.4060407999999999
0.6692999999999998 -0.3925243
0.6792999999999996 -0.3808272999999999
0.6892999999999994 -0.3714508
0.6993000000000009 -0.3645128000000001
0.7093000000000007 -0.3601216
0.7193000000000005 -0.3579698000000001
0.7293000000000003 -0.35810559999999997
0.7393000000000001 -0.36018700000000003
0.7492999999999999 -0.36446989999999996
0.7592999999999996 -0.3702363
0.7692999999999994 -0.37724209999999997
0.779300000000001 -0.38544139999999993
0.7893000000000008 -0.39450799999999997
0.7993000000000006 -0.40412689999999996
0.8093000000000004 -0.4140981000000001
0.8193000000000001 -0.42422449999999995
0.8292999999999999 -0.4344931
0.8392999999999997 -0.4444867
0.8492999999999995 -0.45460750000000005
0.8593000000000011 -0.4635542999999999
0.8693000000000008 -0.47170720000000005
0.8793000000000006 -0.4807571
0.8893000000000004 -0.48861289999999996
0.8993000000000002 -0.4957678
0.9093 -0.5026896
0.9192999999999998 -0.5082161000000001
0.9292999999999996 -0.5143326999999999
0.9392999999999994 -0.5192199999999999
0.9493000000000009 -0.5238953
0.9593000000000007 -0.5273503
0.9693000000000005 -0.5293951
0.9793000000000003 -0.5313098
0.9893000000000001 -0.5310361
0.9992999999999999 -0.5306511
1.0092999999999996 -0.5289883000000001
1.0192999999999994 -0.5262441
1.029300000000001 -0.5224312
1.0393000000000008 -0.5176599
1.0493000000000006 -0.5127674999999999
1.0593000000000004 -0.506198
1.0693000000000001 -0.4994082
1.0793 -0.4920203999999999
1.0892999999999997 -0.4848145
1.0992999999999995 -0.47668940000000004
1.109300000000001 -0.4691663
1.1193000000000008 -0.461795
1.1293000000000006 -0.4560055
1.1393000000000004 -0.4495676
1.1493000000000002 -0.44398009999999993
1.1593 -0.4383470000000001
1.1692999999999998 -0.4345234
1.1792999999999996 -0.43143190000000003
1.1892999999999994 -0.42866180000000004
1.199300000000001 -0.42790300000000003
1.2093000000000007 -0.4273333
1.2193000000000005 -0.42777640000000006
1.2293000000000003 -0.4294889
1.2393 -0.4325207
1.2492999999999999 -0.4366327
1.2592999999999996 -0.44210589999999994
1.2692999999999994 -0.44878739999999995
1.279300000000001 -0.4565391
1.2893000000000008 -0.46566799999999997
1.2993000000000006 -0.47667809999999994
1.3093000000000004 -0.48729539999999993
1.3193000000000001 -0.49978269999999997
1.3293 -0.5116668999999999
1.3392999999999997 -0.5246411000000001
1.3492999999999995 -0.5373131999999999
1.359300000000001 -0.5485911
1.3693000000000008 -0.5597497
1.3793000000000006 -0.5692137
1.3893000000000004 -0.5775754000000001
1.3993000000000002 -0.5836655
1.4093 -0.5876511999999998
1.4192999999999998 -0.5899773000000001
1.4292999999999996 -0.5892988
1.4392999999999994 -0.5880686999999999
1.449300000000001 -0.5834782000000001
1.4593000000000007 -0.5798563999999998
1.4693000000000005 -0.5744028999999999
1.4793000000000003 -0.5715418000000001
1.4893 -0.5673815
1.4992999999999999 -0.5672339
1.5092999999999996 -0.5705589999999999
1.5192999999999994 -0.5778374
1.529300000000001 -0.5898804
1.5393000000000008 -0.608409
1.5493000000000006 -0.6336326000000001
1.5593000000000004 -0.6657716000000001
1.5693000000000001 -0.704607
1.5793 -0.749127
1.5892999999999997 -0.8028425999999999
1.5992999999999995 -0.8608142
1.609300000000001 -0.9257396
1.6193000000000008 -0.9943796000000003
1.6293000000000006 -1.0677321
1.6393000000000004 -1.1437469
1.6493000000000002 -1.2223730000000004
1.6593 -1.299909
1.6692999999999998 -1.3794359999999999
1.6792999999999996 -1.4548930000000002
1.6892999999999994 -1.531278
1.699300000000001 -1.6045819999999997
1.7093000000000007 -1.6747220000000003
1.7193000000000005 -1.7407709999999996
1.7293000000000003 -1.8057179999999997
1.7393 -1.8656130000000002
1.7492999999999999 -1.923215
1.7592999999999996 -1.9766659999999998
1.7692999999999994 -2.030165
1.779300000000001 -2.080432
1.7893000000000008 -2.1277090000000003
1.7993000000000006 -2.1766460000000007
1.8093000000000004 -2.221649
1.8193000000000001 -2.2676149999999997
1.8293 -2.3113600000000005
1.8392999999999997 -2.357164
1.8492999999999995 -2.4009379999999996
1.859300000000001 -2.4425799999999995
1.8693000000000008 -2.486105
1.8793000000000006 -2.527617
1.8893000000000004 -2.56798
1.8993000000000002 -2.6084789999999995
1.9093 -2.6468780000000005
1.9192999999999998 -2.6841959999999996
1.9292999999999996 -2.7204230000000003
1.9392999999999994 -2.7577670000000003
1.949300000000001 -2.793021
1.9593000000000007 -2.82539
1.9693000000000005 -2.858482
1.9793000000000003 -2.8937900000000005
1.9893 -2.9280079999999993
1.9992999999999999 -2.960354
2.0092999999999996 -2.9945109999999997
2.0192999999999994 -3.029985
2.029300000000001 -3.064371
2.039300000000001 -3.100475
2.0493000000000006 -3.134989
2.0593000000000004 -3.1722950000000005
2.0693 -3.207689
2.0793 -3.2429940000000004
2.0892999999999997 -3.2763669999999996
2.0992999999999995 -3.308544
2.109300000000001 -3.336826
2.119300000000001 -3.362099
2.1293000000000006 -3.38408
2.1393000000000004 -3.4019680000000005
2.1493 -3.4160469999999994
2.1593 -3.423733
2.1693 -3.4275269999999995
2.1792999999999996 -3.4250200000000004
2.1892999999999994 -3.4176280000000006
2.199300000000001 -3.4080340000000002
2.2093000000000007 -3.3934499999999996
2.2193000000000005 -3.3765729999999996
2.2293000000000003 -3.3569150000000003
2.2393 -3.334066
2.2493 -3.3114350000000004
2.2592999999999996 -3.289656
2.2692999999999994 -3.267857
2.279300000000001 -3.249296
2.289300000000001 -3.230679
2.2993000000000006 -3.2181129999999993
2.3093000000000004 -3.206598
2.3193 -3.1993250000000004
2.3293 -3.1949929999999997
2.3392999999999997 -3.1937659999999997
2.3492999999999995 -3.1955999999999998
2.359300000000001 -3.2003840000000006
2.369300000000001 -3.2043079999999997
2.3793000000000006 -3.2111659999999995
2.3893000000000004 -3.2150539999999994
2.3993 -3.217930000000001
2.4093000000000018 -3.2166969999999995
2.4193 -3.2124200000000007
2.4293000000000013 -3.2009719999999997
2.4392999999999994 -3.183462
2.449300000000001 -3.1588089999999993
2.459299999999999 -3.124833
2.4693000000000005 -3.0838950000000005
2.4792999999999985 -3.0358020000000008
2.4893 -2.9804860000000004
2.4993000000000016 -2.91599
2.5092999999999996 -2.8474909999999993
2.519300000000001 -2.7738310000000004
2.529299999999999 -2.69814
2.539300000000001 -2.62047
2.549299999999999 -2.5448079999999997
2.5593000000000004 -2.46821
2.569300000000002 -2.4007050000000003
2.5793 -2.336343
2.5893000000000015 -2.278124
2.5992999999999995 -2.2271390000000006
2.609300000000001 -2.1883260000000004
2.619299999999999 -2.1547590000000008
2.6293000000000006 -2.132436
2.6392999999999986 -2.119328
2.6493 -2.113463
2.6593000000000018 -2.1157820000000007
2.6693 -2.127323
2.6793000000000013 -2.142987
2.6892999999999994 -2.1618119999999994
2.699300000000001 -2.1867180000000004
2.709299999999999 -2.2146949999999994
2.7193000000000005 -2.2427150000000005
2.7292999999999985 -2.270721
2.7393 -2.3007079999999998
2.7493000000000016 -2.3266449999999996
2.7592999999999996 -2.3534810000000004
2.769300000000001 -2.3782249999999996
2.779299999999999 -2.40086
2.789300000000001 -2.4233640000000003
2.799299999999999 -2.444747
2.8093000000000004 -2.464001
2.819300000000002 -2.4821129999999996
2.8293 -2.5041469999999997
2.8393000000000015 -2.525054
2.8492999999999995 -2.5519029999999994
2.859300000000001 -2.5787129999999996
2.869299999999999 -2.6114840000000004
2.8793000000000006 -2.647268
2.8892999999999986 -2.691058
2.8993 -2.739899
2.9093000000000018 -2.792795
2.9193 -2.8527509999999996
2.9293000000000013 -2.9177910000000002
2.9392999999999994 -2.9869139999999996
2.949300000000001 -3.0570969999999997
2.959299999999999 -3.12933
2.9693000000000005 -3.2016350000000005
2.9792999999999985 -3.2709459999999995
2.9893 -3.3382539999999996
2.9993000000000016 -3.3975210000000002
3.0092999999999996 -3.450711999999999
3.019300000000001 -3.4937679999999993
3.029299999999999 -3.5277700000000003
3.039300000000001 -3.5516749999999995
3.049299999999999 -3.5613430000000004
3.0593000000000004 -3.5618959999999995
3.069300000000002 -3.5492119999999994
3.0793 -3.527402999999999
3.0893000000000015 -3.4944889999999997
3.0992999999999995 -3.4523900000000003
3.109300000000001 -3.404178
3.119299999999999 -3.350863
3.1293000000000006 -3.2924770000000008
3.1392999999999986 -3.234048
3.1493 -3.1746210000000006
3.1593000000000018 -3.119182
3.1693 -3.065786
3.1793000000000013 -3.016482
3.1892999999999994 -2.9752300000000003
3.199300000000001 -2.940121000000001
3.209299999999999 -2.912105
3.2193000000000005 -2.8942320000000006
3.2292999999999985 -2.8854850000000005
3.2393 -2.8879030000000006
3.2493000000000016 -2.8974660000000005
3.2592999999999996 -2.9181719999999998
3.269300000000001 -2.949023
3.279299999999999 -2.9920320000000005
3.289300000000001 -3.043164
3.299299999999999 -3.1054249999999994
3.3093000000000004 -3.1758070000000003
3.319300000000002 -3.257318999999999
3.3293 -3.346904
3.3393000000000015 -3.444604
3.3492999999999995 -3.5493819999999996
3.359300000000001 -3.6612300000000007
3.369299999999999 -3.780145
3.3793000000000006 -3.905123
3.3892999999999986 -4.032123
3.3993 -4.163175999999999
3.4093000000000018 -4.296259000000001
3.4193 -4.429322000000001
3.4293000000000013 -4.558405
3.4392999999999994 -4.686465999999999
3.449300000000001 -4.810484000000001
3.459299999999999 -4.9284669999999995
3.4693000000000005 -5.038408000000001
3.4792999999999985 -5.144294
3.4893 -5.238103
3.4993000000000016 -5.324844999999999
3.5092999999999996 -5.4014929999999985
3.519300000000001 -5.468062000000001
3.529299999999999 -5.525565
3.539300000000001 -5.575971000000001
3.549299999999999 -5.619313
3.5593000000000004 -5.655591
3.569300000000002 -5.687803
3.5793 -5.71499
3.5893000000000015 -5.747158000000001
3.5992999999999995 -5.773281
3.609300000000001 -5.801444
3.619299999999999 -5.827617000000001
3.6293000000000006 -5.86979
3.6392999999999986 -5.901006000000001
3.6493 -5.947272000000001
3.6593000000000018 -5.99357
3.6693 -6.027919
3.6793000000000013 -6.079311
3.6892999999999994 -6.129721000000002
3.699300000000001 -6.1691150000000015
3.709299999999999 -6.216614999999999
3.7193000000000005 -6.253076
3.7292999999999985 -6.2964340000000005
3.7393 -6.295747999999999
3.7493000000000016 -6.301899000000001
3.7592999999999996 -6.293984
3.769300000000001 -6.280875
3.779299999999999 -6.252689999999999
3.789300000000001 -6.190397999999998
3.799299999999999 -6.122811999999998
3.8093000000000004 -6.040118000000001
3.819300000000002 -5.93729
3.8293 -5.820275
3.8393000000000015 -5.694137
3.8492999999999995 -5.554841000000001
3.859300000000001 -5.407484000000001
3.869299999999999 -5.249004000000001
3.8793000000000006 -5.0834399999999995
3.8892999999999986 -4.911802
3.8993 -4.735132999999999
3.9093000000000018 -4.556444
3.9193 -4.374733
3.9293000000000013 -4.192021
3.9392999999999994 -4.008319
3.949300000000001 -3.8246670000000003
3.959299999999999 -3.6430009999999995
3.9693000000000005 -3.4603889999999997
3.9792999999999985 -3.2828249999999994
3.9893 -3.1053040000000003
3.9993000000000016 -2.9318589999999998
4.0093 -2.7624690000000003
4.019300000000001 -2.594118
4.029299999999999 -2.432849
4.039300000000001 -2.2756019999999992
4.049299999999999 -2.122445
4.0593 -1.9743309999999998
4.069300000000002 -1.8332690000000003
4.0793 -1.69624
4.0893000000000015 -1.5642650000000002
4.0992999999999995 -1.441322
4.109300000000001 -1.3224004
4.119299999999999 -1.2105344000000002
4.129300000000001 -1.1056815
4.139299999999999 -1.0068418000000001
4.1493 -0.9140353999999999
4.159300000000002 -0.8292525000000001
4.1693 -0.7494628
4.179300000000001 -0.6748065999999998
4.189299999999999 -0.6063672000000002
4.199300000000001 -0.5439400999999999
4.209299999999999 -0.4863416
4.2193000000000005 -0.43366699999999997
4.2292999999999985 -0.38569960000000003
4.2393 -0.3420687
4.249300000000002 -0.30205580000000004
4.2593 -0.26586689999999996
4.269300000000001 -0.2331127
4.279299999999999 -0.20368809999999998
4.289300000000001 -0.17689595
4.299299999999999 -0.15313824000000004
4.3093 -0.13161468
4.319300000000002 -0.11252517
4.3293 -0.09567263000000001
4.3393000000000015 -0.08085294000000001
4.3492999999999995 -0.06773004
4.359300000000001 -0.05634584999999999
4.369299999999999 -0.04654627
4.379300000000001 -0.03812344000000001
4.389299999999999 -0.030988989999999998
4.3993 -0.024968859999999992
4.409300000000002 -0.019940504
4.4193 -0.015781757
4.429300000000001 -0.012360580000000001
4.439299999999999 -0.009614331999999998
4.449300000000001 -0.007400777999999999
4.459299999999999 -0.005643183000000001
4.4693000000000005 -0.004257516000000001
4.4792999999999985 -0.003182335
4.4893 -0.0023530282999999993
4.499300000000002 -0.0017236086
4.5093 -0.0012509413000000003
4.519300000000001 -0.0008972244000000001
4.529299999999999 -0.0006353187999999999
4.539300000000001 -0.0004474465
4.549299999999999 -0.0003110585
4.5593 -0.00021424385
4.569300000000002 -0.00014594748000000004
4.5793 -9.826095999999998e-05
4.5893000000000015 -6.563327999999999e-05
4.5992999999999995 -4.327602e-05
4.609300000000001 -2.8239240000000005e-05
4.619299999999999 -1.8239090999999995e-05
4.629300000000001 -1.1653763999999998e-05
