-23.6007 -9.526e-07
-23.5907 -6.214e-07
-23.5807 -4.019e-07
-23.570700000000002 -2.574e-07
-23.5607 -1.631e-07
-23.5507 -1.0224000000000001e-07
-23.5407 -6.358e-08
-23.5307 -3.9070000000000005e-08
-23.520699999999998 -2.3749999999999998e-08
-23.5107 -1.43e-08
-23.500700000000002 -8.52e-09
-23.4907 -5.032e-09
-23.4807 -2.939e-09
-23.4707 -1.699e-09
-23.4607 -9.73e-10
-23.450699999999998 -5.516e-10
-23.4407 -3.087e-10
-23.4307 -1.714e-10
-23.4207 -9.402e-11
-23.4107 -5.112e-11
-23.4007 -2.752e-11
-23.3907 -1.466e-11
-23.380699999999997 -7.713e-12
-23.3707 -4.0199999999999994e-12
-23.3607 -2.075e-12
-23.3507 -1.0588e-12
-23.3407 -5.34e-13
-23.3307 -2.656e-13
-23.320700000000002 -1.292e-13
-23.3107 -6.076e-14
-23.3007 -2.7220000000000003e-14
-23.2907 -1.1120000000000001e-14
-23.2807 -4.251e-15
-23.270699999999998 -1.5140000000000001e-15
-23.2607 -2.373e-16
-23.250700000000002 -0.0
-23.2407 -0.0
-23.2307 -0.0
-23.2207 -0.0
-23.2107 -0.0
-23.200699999999998 -0.0
-23.1907 -0.0
-23.1807 -0.0
-23.1707 -0.0
-23.1607 -0.0
-23.1507 -0.0
-23.1407 -0.0
-23.130699999999997 -0.0
-23.1207 -0.0
-23.1107 -0.0
-23.1007 -0.0
-23.0907 -0.0
-23.0807 -0.0
-23.070700000000002 -0.0
-23.0607 -0.0
-23.0507 -0.0
-23.0407 -0.0
-23.0307 -0.0
-23.020699999999998 -0.0
-23.0107 -0.0
-23.000700000000002 -0.0
-22.9907 -0.0
-22.9807 -0.0
-22.9707 -0.0
-22.9607 -0.0
-22.950699999999998 -0.0
-22.9407 -0.0
-22.9307 -0.0
-22.9207 -0.0
-22.9107 -0.0
-22.9007 -0.0
-22.8907 -0.0
-22.880699999999997 -0.0
-22.8707 -0.0
-22.8607 -0.0
-22.8507 -0.0
-22.8407 -0.0
-22.8307 -0.0
-22.820700000000002 -0.0
-22.8107 -0.0
-22.8007 -0.0
-22.7907 -0.0
-22.7807 -0.0
-22.770699999999998 -0.0
-22.7607 -0.0
-22.750700000000002 -0.0
-22.7407 -0.0
-22.7307 -0.0
-22.7207 -0.0
-22.7107 -0.0
-22.700699999999998 -0.0
-22.6907 -0.0
-22.6807 -0.0
-22.6707 -0.0
-22.6607 -0.0
-22.6507 -0.0
-22.6407 -0.0
-22.630699999999997 -0.0
-22.6207 -0.0
-22.6107 -0.0
-22.6007 -0.0
-22.5907 -0.0
-22.5807 -0.0
-22.570700000000002 -0.0
-22.5607 -0.0
-22.5507 -0.0
-22.5407 -0.0
-22.5307 -0.0
-22.520699999999998 -0.0
-22.5107 -0.0
-22.500700000000002 -0.0
-22.4907 -0.0
-22.4807 -0.0
-22.4707 -0.0
-22.4607 -0.0
-22.450699999999998 -0.0
-22.4407 -0.0
-22.4307 -0.0
-22.4207 -0.0
-22.4107 -0.0
-22.4007 -0.0
-22.3907 -0.0
-22.380699999999997 -0.0
-22.3707 -0.0
-22.3607 -0.0
-22.3507 -0.0
-22.3407 -0.0
-22.3307 -0.0
-22.320700000000002 -0.0
-22.3107 -0.0
-22.3007 -0.0
-22.2907 -0.0
-22.2807 -0.0
-22.270699999999998 -0.0
-22.2607 -0.0
-22.250700000000002 -0.0
-22.2407 -0.0
-22.2307 -0.0
-22.2207 -0.0
-22.2107 -0.0
-22.200699999999998 -0.0
-22.1907 -0.0
-22.1807 -0.0
-22.1707 -0.0
-22.1607 -0.0
-22.1507 -0.0
-22.1407 -0.0
-22.130699999999997 -0.0
-22.1207 -0.0
-22.1107 -0.0
-22.1007 -0.0
-22.0907 -0.0
-22.0807 -0.0
-22.070700000000002 -0.0
-22.0607 -0.0
-22.0507 -0.0
-22.0407 -0.0
-22.0307 -0.0
-22.020699999999998 -0.0
-22.0107 -0.0
-22.000700000000002 -0.0
-21.9907 -0.0
-21.9807 -0.0
-21.9707 -0.0
-21.9607 -0.0
-21.950699999999998 -0.0
-21.9407 -0.0
-21.9307 -0.0
-21.9207 -0.0
-21.9107 -0.0
-21.9007 -0.0
-21.8907 -0.0
-21.880699999999997 -0.0
-21.8707 -0.0
-21.8607 -0.0
-21.8507 -0.0
-21.8407 -0.0
-21.8307 -0.0
-21.820700000000002 -0.0
-21.8107 -0.0
-21.8007 -0.0
-21.7907 -0.0
-21.7807 -0.0
-21.770699999999998 -0.0
-21.7607 -0.0
-21.750700000000002 -0.0
-21.7407 -0.0
-21.7307 -0.0
-21.7207 -0.0
-21.7107 -0.0
-21.700699999999998 -0.0
-21.6907 -0.0
-21.6807 -0.0
-21.6707 -0.0
-21.6607 -0.0
-21.6507 -0.0
-21.6407 -0.0
-21.630699999999997 -0.0
-21.6207 -0.0
-21.6107 -0.0
-21.6007 -0.0
-21.5907 -0.0
-21.5807 -0.0
-21.5707 -0.0
-21.5607 -4.0888e-17
-21.5507 -8.5467e-17
-21.5407 -2.8698000000000003e-16
-21.5307 -5.9173e-16
-21.520699999999998 -1.2071e-15
-21.5107 -2.5175e-15
-21.500700000000002 -5.0338e-15
-21.4907 -9.958000000000001e-15
-21.4807 -1.9474e-14
-21.4707 -3.8352e-14
-21.4607 -7.366999999999999e-14
-21.450699999999998 -1.4177999999999998e-13
-21.4407 -2.6679e-13
-21.4307 -4.963199999999999e-13
-21.4207 -9.185e-13
-21.4107 -1.6765e-12
-21.4007 -3.0281000000000004e-12
-21.3907 -5.4166e-12
-21.3807 -9.591999999999999e-12
-21.3707 -1.6826e-11
-21.3607 -2.9200999999999996e-11
-21.3507 -5.0223e-11
-21.3407 -8.551e-11
-21.3307 -1.4414e-10
-21.3207 -2.407e-10
-21.3107 -3.9824e-10
-21.3007 -6.523999999999999e-10
-21.2907 -1.0578e-09
-21.2807 -1.7014e-09
-21.270699999999998 -2.713e-09
-21.2607 -4.2826e-09
-21.250700000000002 -6.699e-09
-21.2407 -1.0391e-08
-21.2307 -1.5966e-08
-21.2207 -2.4336e-08
-21.2107 -3.6786e-08
-21.200699999999998 -5.499e-08
-21.1907 -8.172e-08
-21.1807 -1.2024000000000002e-07
-21.1707 -1.7572e-07
-21.1607 -2.5445e-07
-21.1507 -3.6523e-07
-21.1407 -5.2054e-07
-21.1307 -7.35e-07
-21.1207 -1.0303000000000001e-06
-21.1107 -1.4333000000000001e-06
-21.1007 -1.9748e-06
-21.0907 -2.7024e-06
-21.0807 -3.6626999999999997e-06
-21.0707 -4.9347e-06
-21.0607 -6.574e-06
-21.0507 -8.711e-06
-21.0407 -1.1423e-05
-21.0307 -1.4868e-05
-21.020699999999998 -1.9202e-05
-21.0107 -2.4563000000000002e-05
-21.000700000000002 -3.1149e-05
-20.9907 -3.9245999999999997e-05
-20.9807 -4.895e-05
-20.9707 -6.0519999999999997e-05
-20.9607 -7.412e-05
-20.950699999999998 -9.014e-05
-20.9407 -0.00010857
-20.9307 -0.00012972
-20.9207 -0.00015371
-20.9107 -0.00018051999999999999
-20.9007 -0.00021016000000000003
-20.8907 -0.00024295
-20.8807 -0.00027857
-20.8707 -0.00031652000000000004
-20.8607 -0.00035839999999999993
-20.8507 -0.00040253
-20.8407 -0.0004486
-20.8307 -0.00049683
-20.8207 -0.0005491
-20.8107 -0.0006035000000000001
-20.8007 -0.0006616
-20.7907 -0.0007229
-20.7807 -0.0007867000000000001
-20.770699999999998 -0.0008573000000000001
-20.7607 -0.0009339000000000001
-20.750700000000002 -0.0010168
-20.7407 -0.0011101
-20.7307 -0.0012109
-20.7207 -0.0013222
-20.7107 -0.0014461
-20.700699999999998 -0.0015816
-20.6907 -0.0017308000000000002
-20.6807 -0.0018937
-20.6707 -0.0020681000000000002
-20.6607 -0.0022554
-20.6507 -0.0024523
-20.6407 -0.0026608
-20.6307 -0.0028769
-20.6207 -0.0030983
-20.6107 -0.0033122000000000004
-20.6007 -0.0035374
-20.5907 -0.0037612
-20.5807 -0.0039725
-20.5707 -0.0041828
-20.5607 -0.0043861
-20.5507 -0.0045780000000000005
-20.5407 -0.004769
-20.5307 -0.0049499999999999995
-20.520699999999998 -0.005132
-20.5107 -0.005324000000000001
-20.500700000000002 -0.005527
-20.4907 -0.005722
-20.4807 -0.005959
-20.4707 -0.006208999999999999
-20.4607 -0.006504
-20.450699999999998 -0.006822
-20.4407 -0.007216
-20.4307 -0.007634999999999999
-20.4207 -0.00813
-20.4107 -0.00866
-20.4007 -0.009266
-20.3907 -0.009928999999999999
-20.3807 -0.010645
-20.3707 -0.011405
-20.3607 -0.012205
-20.3507 -0.013045
-20.3407 -0.013905999999999998
-20.3307 -0.014787999999999999
-20.3207 -0.01568
-20.3107 -0.016553000000000002
-20.3007 -0.017426
-20.2907 -0.018278999999999997
-20.2807 -0.019112999999999998
-20.270699999999998 -0.019928
-20.2607 -0.020704
-20.250700000000002 -0.02146
-20.2407 -0.022189
-20.2307 -0.022900000000000004
-20.2207 -0.023593
-20.2107 -0.024300000000000002
-20.200699999999998 -0.024991
-20.1907 -0.025674
-20.1807 -0.026391
-20.1707 -0.027121000000000003
-20.1607 -0.027887
-20.1507 -0.028665000000000003
-20.1407 -0.029487
-20.1307 -0.030354
-20.1207 -0.03116
-20.1107 -0.03207
-20.1007 -0.03304
-20.0907 -0.03393
-20.0807 -0.03495
-20.0707 -0.035879999999999995
-20.0607 -0.036950000000000004
-20.0507 -0.037950000000000005
-20.0407 -0.03894
-20.0307 -0.03998
-20.020699999999998 -0.040819999999999995
-20.0107 -0.04177
-20.000700000000002 -0.04259
-19.9907 -0.043359999999999996
-19.9807 -0.044259999999999994
-19.9707 -0.04493
-19.9607 -0.04531
-19.950699999999998 -0.045880000000000004
-19.9407 -0.04635
-19.9307 -0.04661
-19.9207 -0.04686
-19.9107 -0.047
-19.9007 -0.04713
-19.8907 -0.04715
-19.8807 -0.04707
-19.8707 -0.04707
-19.8607 -0.04707
-19.8507 -0.04697
-19.8407 -0.04686
-19.8307 -0.04696
-19.8207 -0.04695
-19.8107 -0.047049999999999995
-19.8007 -0.047150000000000004
-19.7907 -0.04725000000000001
-19.7807 -0.04737
-19.770699999999998 -0.047580000000000004
-19.7607 -0.0479
-19.750700000000002 -0.04822
-19.7407 -0.04844
-19.7307 -0.048850000000000005
-19.7207 -0.049049999999999996
-19.7107 -0.04935
-19.700699999999998 -0.04963
-19.6907 -0.0498
-19.6807 -0.049940000000000005
-19.6707 -0.05007
-19.6607 -0.050199999999999995
-19.6507 -0.0503
-19.6407 -0.050280000000000005
-19.6307 -0.05028
-19.6207 -0.05015
-19.6107 -0.05013000000000001
-19.6007 -0.050210000000000005
-19.5907 -0.05031
-19.5807 -0.05031
-19.5707 -0.05044
-19.5607 -0.05067000000000001
-19.5507 -0.050929999999999996
-19.5407 -0.05131
-19.5307 -0.05178999999999999
-19.520699999999998 -0.05241
-19.5107 -0.05292
-19.500700000000002 -0.05377
-19.4907 -0.05473
-19.4807 -0.055799999999999995
-19.4707 -0.05709
-19.4607 -0.058609999999999995
-19.450699999999998 -0.060450000000000004
-19.4407 -0.06274
-19.4307 -0.06525
-19.4207 -0.06831999999999999
-19.4107 -0.07183
-19.4007 -0.07592
-19.3907 -0.08066999999999999
-19.3807 -0.08607000000000001
-19.3707 -0.09226000000000001
-19.3607 -0.09911999999999999
-19.3507 -0.10677
-19.3407 -0.11520000000000002
-19.3307 -0.12429000000000001
-19.3207 -0.13438
-19.3107 -0.14500999999999997
-19.3007 -0.15661
-19.2907 -0.16857
-19.2807 -0.18135
-19.270699999999998 -0.19457999999999998
-19.2607 -0.20836000000000002
-19.250700000000002 -0.22248
-19.2407 -0.23700000000000002
-19.2307 -0.25168
-19.2207 -0.26666
-19.2107 -0.28175
-19.200699999999998 -0.29685
-19.1907 -0.31246
-19.1807 -0.32677
-19.1707 -0.34129
-19.1607 -0.35591
-19.1507 -0.37075
-19.1407 -0.38569
-19.1307 -0.39963000000000004
-19.1207 -0.41228
-19.1107 -0.42674
-19.1007 -0.43821000000000004
-19.0907 -0.45057
-19.0807 -0.46094
-19.0707 -0.47021
-19.0607 -0.47836999999999996
-19.0507 -0.48544
-19.0407 -0.49219
-19.0307 -0.49604000000000004
-19.020699999999998 -0.49848000000000003
-19.0107 -0.49890999999999996
-19.000700000000002 -0.49912999999999996
-18.9907 -0.49722999999999995
-18.9807 -0.49102
-18.9707 -0.48489
-18.9607 -0.47644000000000003
-18.950699999999998 -0.46588
-18.9407 -0.45530000000000004
-18.9307 -0.44071
-18.9207 -0.42611
-18.9107 -0.4094
-18.9007 -0.39159999999999995
-18.8907 -0.3741
-18.8807 -0.35492
-18.8707 -0.33527
-18.8607 -0.31585
-18.8507 -0.29686999999999997
-18.8407 -0.27875
-18.8307 -0.26049
-18.8207 -0.24351
-18.8107 -0.22732
-18.8007 -0.21270999999999998
-18.7907 -0.1993
-18.7807 -0.1875
-18.770699999999998 -0.177
-18.7607 -0.168
-18.750700000000002 -0.16049999999999998
-18.7407 -0.1542
-18.7307 -0.14939999999999998
-18.7207 -0.1458
-18.7107 -0.1432
-18.700699999999998 -0.1415
-18.6907 -0.1405
-18.6807 -0.14042
-18.6707 -0.14103
-18.6607 -0.14192999999999997
-18.6507 -0.14338
-18.6407 -0.14529
-18.6307 -0.14743
-18.6207 -0.15001
-18.6107 -0.15263000000000002
-18.6007 -0.15553
-18.5907 -0.15861
-18.5807 -0.16165999999999997
-18.5707 -0.16496
-18.5607 -0.16799999999999998
-18.5507 -0.17107
-18.5407 -0.1736
-18.5307 -0.17587
-18.520699999999998 -0.17757
-18.5107 -0.17858999999999997
-18.500700000000002 -0.17892
-18.4907 -0.17826
-18.4807 -0.17669
-18.4707 -0.17391
-18.4607 -0.17022
-18.450699999999998 -0.16524
-18.4407 -0.15933999999999998
-18.4307 -0.15232
-18.4207 -0.14461400000000002
-18.4107 -0.13610599999999998
-18.4007 -0.126802
-18.3907 -0.11721099999999998
-18.3807 -0.10733500000000001
-18.3707 -0.09749300000000001
-18.3607 -0.087586
-18.3507 -0.078015
-18.3407 -0.06873
-18.3307 -0.060099
-18.3207 -0.051995
-18.3107 -0.044454
-18.3007 -0.037753
-18.2907 -0.031683
-18.2807 -0.0263
-18.270699999999998 -0.021651
-18.2607 -0.0176344
-18.250700000000002 -0.0142158
-18.2407 -0.011341
-18.2307 -0.008964499999999999
-18.2207 -0.0070048
-18.2107 -0.0054196
-18.200699999999998 -0.0041431
-18.1907 -0.0031495
-18.1807 -0.00236023
-18.1707 -0.00175113
-18.1607 -0.00128606
-18.1507 -0.0009341999999999999
-18.1407 -0.0006724499999999999
-18.1307 -0.00047871999999999997
-18.1207 -0.00033713600000000003
-18.1107 -0.000235044
-18.1007 -0.00016223399999999998
-18.0907 -0.000110772
-18.0807 -7.4768e-05
-18.0707 -5.001500000000001e-05
-18.0607 -3.30225e-05
-18.0507 -2.16208e-05
-18.0407 -1.40239e-05
-18.0307 -8.989399999999999e-06
-18.020699999999998 -5.6998e-06
-18.0107 -3.58107e-06
-18.000700000000002 -2.2207700000000004e-06
-17.9907 -1.3632799999999998e-06
-17.9807 -8.285300000000001e-07
-17.9707 -4.9815e-07
-17.9607 -2.9669200000000005e-07
-17.950699999999998 -1.74605e-07
-17.9407 -1.0173900000000002e-07
-17.9307 -5.8615999999999994e-08
-17.9207 -3.34341e-08
-17.9107 -1.8878100000000004e-08
-17.9007 -1.0535799999999998e-08
-17.8907 -5.8185e-09
-17.8807 -3.1828699999999998e-09
-17.8707 -1.72089e-09
-17.8607 -9.2071e-10
-17.8507 -4.8772e-10
-17.8407 -2.5505699999999997e-10
-17.8307 -1.32331e-10
-17.8207 -6.7832e-11
-17.8107 -3.4375900000000007e-11
-17.8007 -1.7201e-11
-17.7907 -8.5433e-12
-17.7807 -4.1860899999999996e-12
-17.770699999999998 -2.0046800000000003e-12
-17.7607 -8.6306e-13
-17.750700000000002 -3.5301399999999996e-13
-17.7407 -8.19844e-14
-17.7307 -0.0
-17.7207 -0.0
-17.7107 -0.0
-17.700699999999998 -0.0
-17.6907 -0.0
-17.6807 -0.0
-17.6707 -0.0
-17.6607 -0.0
-17.6507 -0.0
-17.6407 -0.0
-17.6307 -0.0
-17.6207 -0.0
-17.6107 -0.0
-17.6007 -0.0
-17.5907 -0.0
-17.5807 -0.0
-17.5707 -0.0
-17.5607 -0.0
-17.5507 -0.0
-17.5407 -0.0
-17.5307 -0.0
-17.520699999999998 -0.0
-17.5107 -0.0
-17.5007 -0.0
-17.4907 -0.0
-17.4807 -0.0
-17.4707 -0.0
-17.4607 -0.0
-17.4507 -0.0
-17.4407 -0.0
-17.4307 -0.0
-17.4207 -0.0
-17.4107 -0.0
-17.4007 -0.0
-17.3907 -0.0
-17.3807 -0.0
-17.3707 -0.0
-17.3607 -0.0
-17.3507 -0.0
-17.3407 -0.0
-17.3307 -0.0
-17.3207 -0.0
-17.3107 -0.0
-17.3007 -0.0
-17.2907 -0.0
-17.2807 -0.0
-17.270699999999998 -0.0
-17.2607 -0.0
-17.2507 -0.0
-17.2407 -0.0
-17.2307 -0.0
-17.2207 -0.0
-17.2107 -0.0
-17.2007 -0.0
-17.1907 -0.0
-17.1807 -0.0
-17.1707 -0.0
-17.1607 -0.0
-17.1507 -0.0
-17.1407 -0.0
-17.1307 -0.0
-17.1207 -0.0
-17.1107 -0.0
-17.1007 -0.0
-17.0907 -0.0
-17.0807 -0.0
-17.0707 -0.0
-17.0607 -0.0
-17.0507 -0.0
-17.0407 -0.0
-17.0307 -0.0
-17.020699999999998 -0.0
-17.0107 -0.0
-17.0007 -0.0
-16.9907 -0.0
-16.9807 -0.0
-16.9707 -0.0
-16.9607 -0.0
-16.9507 -0.0
-16.9407 -0.0
-16.9307 -0.0
-16.9207 -0.0
-16.9107 -0.0
-16.9007 -0.0
-16.8907 -0.0
-16.8807 -0.0
-16.8707 -0.0
-16.8607 -0.0
-16.8507 -0.0
-16.8407 -0.0
-16.8307 -0.0
-16.8207 -0.0
-16.8107 -0.0
-16.8007 -0.0
-16.7907 -0.0
-16.7807 -0.0
-16.770699999999998 -0.0
-16.7607 -0.0
-16.7507 -0.0
-16.7407 -0.0
-16.7307 -0.0
-16.7207 -0.0
-16.7107 -0.0
-16.7007 -0.0
-16.6907 -0.0
-16.6807 -0.0
-16.6707 -0.0
-16.6607 -0.0
-16.6507 -0.0
-16.6407 -0.0
-16.6307 -0.0
-16.6207 -0.0
-16.6107 -0.0
-16.6007 -0.0
-16.5907 -0.0
-16.5807 -0.0
-16.5707 -0.0
-16.5607 -0.0
-16.5507 -0.0
-16.5407 -0.0
-16.5307 -0.0
-16.520699999999998 -0.0
-16.5107 -0.0
-16.5007 -0.0
-16.4907 -0.0
-16.4807 -0.0
-16.4707 -0.0
-16.4607 -0.0
-16.4507 -0.0
-16.4407 -0.0
-16.4307 -0.0
-16.4207 -0.0
-16.4107 -0.0
-16.4007 -0.0
-16.3907 -0.0
-16.3807 -0.0
-16.3707 -0.0
-16.3607 -0.0
-16.3507 -0.0
-16.3407 -0.0
-16.3307 -0.0
-16.3207 -0.0
-16.3107 -0.0
-16.3007 -0.0
-16.2907 -0.0
-16.2807 -0.0
-16.270699999999998 -0.0
-16.2607 -0.0
-16.2507 -0.0
-16.2407 -0.0
-16.2307 -0.0
-16.2207 -0.0
-16.2107 -0.0
-16.2007 -0.0
-16.1907 -0.0
-16.1807 -0.0
-16.1707 -0.0
-16.1607 -0.0
-16.1507 -0.0
-16.1407 -0.0
-16.1307 -0.0
-16.1207 -0.0
-16.1107 -0.0
-16.1007 -0.0
-16.0907 -0.0
-16.0807 -0.0
-16.0707 -0.0
-16.0607 -0.0
-16.0507 -0.0
-16.0407 -0.0
-16.0307 -0.0
-16.020699999999998 -0.0
-16.0107 -0.0
-16.0007 -0.0
-15.9907 -0.0
-15.980699999999999 -0.0
-15.9707 -0.0
-15.9607 -0.0
-15.9507 -0.0
-15.9407 -0.0
-15.9307 -0.0
-15.9207 -0.0
-15.9107 -0.0
-15.9007 -0.0
-15.890699999999999 -0.0
-15.8807 -0.0
-15.8707 -0.0
-15.8607 -0.0
-15.8507 -0.0
-15.8407 -0.0
-15.8307 -0.0
-15.8207 -0.0
-15.8107 -0.0
-15.800699999999999 -0.0
-15.7907 -0.0
-15.7807 -0.0
-15.7707 -0.0
-15.7607 -0.0
-15.7507 -0.0
-15.7407 -0.0
-15.730699999999999 -0.0
-15.7207 -0.0
-15.7107 -0.0
-15.7007 -0.0
-15.6907 -0.0
-15.6807 -0.0
-15.6707 -0.0
-15.6607 -0.0
-15.6507 -0.0
-15.640699999999999 -0.0
-15.6307 -0.0
-15.6207 -0.0
-15.6107 -0.0
-15.6007 -0.0
-15.5907 -0.0
-15.5807 -0.0
-15.5707 -0.0
-15.5607 -0.0
-15.550699999999999 -0.0
-15.5407 -0.0
-15.5307 -0.0
-15.5207 -0.0
-15.5107 -0.0
-15.5007 -0.0
-15.4907 -0.0
-15.480699999999999 -0.0
-15.4707 -0.0
-15.4607 -0.0
-15.4507 -0.0
-15.4407 -0.0
-15.4307 -0.0
-15.4207 -0.0
-15.4107 -0.0
-15.4007 -0.0
-15.390699999999999 -0.0
-15.3807 -0.0
-15.3707 -0.0
-15.3607 -0.0
-15.3507 -0.0
-15.3407 -0.0
-15.3307 -0.0
-15.3207 -0.0
-15.3107 -0.0
-15.300699999999999 -0.0
-15.2907 -0.0
-15.2807 -0.0
-15.2707 -0.0
-15.2607 -0.0
-15.2507 -0.0
-15.2407 -0.0
-15.230699999999999 -0.0
-15.2207 -0.0
-15.2107 -0.0
-15.2007 -0.0
-15.1907 -0.0
-15.1807 -0.0
-15.1707 -0.0
-15.1607 -0.0
-15.1507 -0.0
-15.140699999999999 -0.0
-15.1307 -0.0
-15.1207 -0.0
-15.1107 -0.0
-15.1007 -0.0
-15.0907 -0.0
-15.0807 -0.0
-15.0707 -0.0
-15.0607 -0.0
-15.050699999999999 -0.0
-15.0407 -0.0
-15.0307 -0.0
-15.0207 -0.0
-15.0107 -0.0
-15.0007 -0.0
-14.9907 -0.0
-14.980699999999999 -0.0
-14.9707 -0.0
-14.9607 -0.0
-14.9507 -0.0
-14.9407 -0.0
-14.9307 -0.0
-14.9207 -0.0
-14.9107 -0.0
-14.9007 -0.0
-14.890699999999999 -0.0
-14.8807 -0.0
-14.8707 -0.0
-14.8607 -0.0
-14.8507 -0.0
-14.8407 -0.0
-14.8307 -0.0
-14.8207 -0.0
-14.8107 -0.0
-14.800699999999999 -0.0
-14.7907 -0.0
-14.7807 -0.0
-14.7707 -0.0
-14.7607 -0.0
-14.7507 -0.0
-14.7407 -0.0
-14.730699999999999 -0.0
-14.7207 -0.0
-14.7107 -0.0
-14.7007 -0.0
-14.6907 -0.0
-14.6807 -0.0
-14.6707 -0.0
-14.6607 -0.0
-14.6507 -0.0
-14.640699999999999 -0.0
-14.6307 -0.0
-14.6207 -0.0
-14.6107 -0.0
-14.6007 -0.0
-14.5907 -0.0
-14.5807 -0.0
-14.5707 -0.0
-14.5607 -0.0
-14.550699999999999 -0.0
-14.5407 -0.0
-14.5307 -0.0
-14.5207 -0.0
-14.5107 -0.0
-14.5007 -0.0
-14.4907 -0.0
-14.4807 -0.0
-14.470699999999999 -0.0
-14.4607 -0.0
-14.4507 -0.0
-14.4407 -0.0
-14.4307 -0.0
-14.4207 -0.0
-14.4107 -0.0
-14.4007 -0.0
-14.390699999999999 -0.0
-14.3807 -0.0
-14.3707 -0.0
-14.3607 -0.0
-14.3507 -0.0
-14.3407 -0.0
-14.3307 -0.0
-14.3207 -0.0
-14.3107 -0.0
-14.300699999999999 -0.0
-14.2907 -0.0
-14.2807 -0.0
-14.2707 -0.0
-14.2607 -0.0
-14.2507 -0.0
-14.2407 -0.0
-14.2307 -0.0
-14.220699999999999 -0.0
-14.2107 -0.0
-14.2007 -0.0
-14.1907 -0.0
-14.1807 -0.0
-14.1707 -0.0
-14.1607 -0.0
-14.1507 -0.0
-14.140699999999999 -0.0
-14.1307 -0.0
-14.1207 -0.0
-14.1107 -0.0
-14.1007 -0.0
-14.0907 -0.0
-14.0807 -0.0
-14.0707 -0.0
-14.0607 -0.0
-14.050699999999999 -0.0
-14.0407 -0.0
-14.0307 -0.0
-14.0207 -0.0
-14.0107 -0.0
-14.0007 -0.0
-13.9907 -0.0
-13.9807 -0.0
-13.970699999999999 -0.0
-13.9607 -0.0
-13.9507 -0.0
-13.9407 -0.0
-13.9307 -0.0
-13.9207 -0.0
-13.9107 -0.0
-13.9007 -0.0
-13.890699999999999 -0.0
-13.8807 -0.0
-13.8707 -0.0
-13.8607 -0.0
-13.8507 -0.0
-13.8407 -0.0
-13.8307 -0.0
-13.8207 -0.0
-13.8107 -0.0
-13.800699999999999 -0.0
-13.7907 -0.0
-13.7807 -0.0
-13.7707 -0.0
-13.7607 -0.0
-13.7507 -0.0
-13.7407 -0.0
-13.7307 -0.0
-13.720699999999999 -0.0
-13.7107 -0.0
-13.7007 -0.0
-13.6907 -0.0
-13.6807 -0.0
-13.6707 -0.0
-13.6607 -0.0
-13.6507 -0.0
-13.640699999999999 -0.0
-13.6307 -0.0
-13.6207 -0.0
-13.6107 -0.0
-13.6007 -0.0
-13.5907 -0.0
-13.5807 -0.0
-13.5707 -0.0
-13.5607 -0.0
-13.550699999999999 -0.0
-13.5407 -0.0
-13.5307 -0.0
-13.5207 -0.0
-13.5107 -0.0
-13.5007 -0.0
-13.4907 -0.0
-13.4807 -0.0
-13.470699999999999 -0.0
-13.4607 -0.0
-13.4507 -0.0
-13.4407 -0.0
-13.4307 -0.0
-13.4207 -0.0
-13.4107 -0.0
-13.4007 -0.0
-13.390699999999999 -0.0
-13.3807 -0.0
-13.3707 -0.0
-13.3607 -0.0
-13.3507 -0.0
-13.3407 -0.0
-13.3307 -0.0
-13.3207 -0.0
-13.3107 -0.0
-13.300699999999999 -0.0
-13.2907 -0.0
-13.2807 -0.0
-13.2707 -0.0
-13.2607 -0.0
-13.2507 -0.0
-13.2407 -0.0
-13.2307 -0.0
-13.220699999999999 -0.0
-13.2107 -0.0
-13.2007 -0.0
-13.1907 -0.0
-13.1807 -0.0
-13.1707 -0.0
-13.1607 -0.0
-13.1507 -0.0
-13.140699999999999 -0.0
-13.1307 -0.0
-13.1207 -0.0
-13.1107 -0.0
-13.1007 -0.0
-13.0907 -0.0
-13.0807 -0.0
-13.0707 -0.0
-13.0607 -0.0
-13.050699999999999 -0.0
-13.0407 -0.0
-13.0307 -0.0
-13.0207 -0.0
-13.0107 -0.0
-13.0007 -0.0
-12.9907 -0.0
-12.9807 -0.0
-12.970699999999999 -0.0
-12.9607 -0.0
-12.9507 -0.0
-12.9407 -0.0
-12.9307 -0.0
-12.9207 -0.0
-12.9107 -0.0
-12.9007 -0.0
-12.890699999999999 -0.0
-12.8807 -0.0
-12.8707 -0.0
-12.8607 -0.0
-12.8507 -0.0
-12.8407 -0.0
-12.8307 -0.0
-12.8207 -0.0
-12.8107 -0.0
-12.800699999999999 -0.0
-12.7907 -0.0
-12.7807 -0.0
-12.7707 -0.0
-12.7607 -4.7957e-14
-12.7507 -1.7114999999999998e-13
-12.7407 -3.5559e-13
-12.7307 -9.1262e-13
-12.720699999999999 -1.9354e-12
-12.7107 -3.9997e-12
-12.7007 -8.0197e-12
-12.6907 -1.6057e-11
-12.6807 -3.184e-11
-12.6707 -6.2241e-11
-12.6607 -1.20317e-10
-12.6507 -2.2942999999999998e-10
-12.640699999999999 -4.3274e-10
-12.6307 -8.0853e-10
-12.6207 -1.4966e-09
-12.6107 -2.7393e-09
-12.6007 -4.9566e-09
-12.5907 -8.8973e-09
-12.5807 -1.5777e-08
-12.5707 -2.7751e-08
-12.5607 -4.809500000000001e-08
-12.550699999999999 -8.2935e-08
-12.5407 -1.4113899999999998e-07
-12.5307 -2.3769e-07
-12.5207 -3.9696e-07
-12.5107 -6.5632e-07
-12.5007 -1.07272e-06
-12.4907 -1.7369999999999998e-06
-12.480699999999999 -2.7863e-06
-12.4707 -4.421199999999999e-06
-12.4607 -6.9508e-06
-12.4507 -1.08026e-05
-12.4407 -1.6644000000000002e-05
-12.4307 -2.5385000000000002e-05
-12.4207 -3.8296e-05
-12.4107 -5.7279000000000005e-05
-12.4007 -8.472099999999999e-05
-12.390699999999999 -0.000124323
-12.3807 -0.00018031999999999998
-12.3707 -0.0002595
-12.3607 -0.00036878
-12.3507 -0.00051969
-12.3407 -0.0007258
-12.3307 -0.0010049899999999999
-12.3207 -0.00137584
-12.3107 -0.0018681899999999998
-12.300699999999999 -0.0025099
-12.2907 -0.0033388000000000003
-12.2807 -0.0043985000000000005
-12.2707 -0.0057471
-12.2607 -0.0074354
-12.2507 -0.0095253
-12.2407 -0.0121078
-12.230699999999999 -0.015226
-12.2207 -0.0189722
-12.2107 -0.023399000000000003
-12.2007 -0.028637
-12.1907 -0.034751
-12.1807 -0.041691
-12.1707 -0.04962
-12.1607 -0.058478
-12.1507 -0.06836899999999999
-12.140699999999999 -0.079092
-12.1307 -0.090752
-12.1207 -0.103342
-12.1107 -0.116564
-12.1007 -0.130326
-12.0907 -0.144427
-12.0807 -0.158639
-12.0707 -0.17299
-12.0607 -0.18697999999999998
-12.050699999999999 -0.2007
-12.0407 -0.21353999999999998
-12.0307 -0.22571000000000002
-12.0207 -0.23680999999999996
-12.0107 -0.24720999999999999
-12.0007 -0.25544
-11.9907 -0.2631
-11.980699999999999 -0.26907
-11.9707 -0.27447
-11.9607 -0.27836
-11.9507 -0.28067
-11.9407 -0.28249
-11.9307 -0.2828
-11.9207 -0.28272
-11.9107 -0.28221
-11.9007 -0.28148
-11.890699999999999 -0.28014
-11.8807 -0.27856000000000003
-11.8707 -0.27674
-11.8607 -0.27488999999999997
-11.8507 -0.2728
-11.8407 -0.27065
-11.8307 -0.26823
-11.8207 -0.26587
-11.8107 -0.26337000000000005
-11.800699999999999 -0.26068
-11.7907 -0.25784
-11.7807 -0.25476
-11.7707 -0.25162
-11.7607 -0.24823
-11.7507 -0.24470000000000003
-11.7407 -0.24101
-11.730699999999999 -0.23708999999999997
-11.7207 -0.23303
-11.7107 -0.22892999999999997
-11.7007 -0.22488999999999998
-11.6907 -0.22072
-11.6807 -0.21672999999999998
-11.6707 -0.2126
-11.6607 -0.20865
-11.6507 -0.20467999999999997
-11.640699999999999 -0.20098
-11.6307 -0.19737000000000002
-11.6207 -0.19405
-11.6107 -0.19080000000000003
-11.6007 -0.18774000000000002
-11.5907 -0.18486999999999998
-11.5807 -0.18228
-11.5707 -0.1798
-11.5607 -0.17781
-11.550699999999999 -0.17581999999999998
-11.5407 -0.17402
-11.5307 -0.17234
-11.5207 -0.17105
-11.5107 -0.16967
-11.5007 -0.16849999999999998
-11.4907 -0.16743999999999998
-11.480699999999999 -0.16628
-11.4707 -0.16514
-11.4607 -0.16391
-11.4507 -0.16249
-11.4407 -0.1611
-11.4307 -0.15931
-11.4207 -0.15745
-11.4107 -0.15531
-11.4007 -0.15288000000000002
-11.390699999999999 -0.15029
-11.3807 -0.14751
-11.3707 -0.14447000000000002
-11.3607 -0.14135
-11.3507 -0.13794
-11.3407 -0.13465
-11.3307 -0.13119
-11.3207 -0.12782
-11.3107 -0.12425
-11.300699999999999 -0.12088000000000002
-11.2907 -0.1175
-11.2807 -0.11418999999999999
-11.2707 -0.11105000000000001
-11.2607 -0.10786
-11.2507 -0.10474
-11.2407 -0.10167
-11.230699999999999 -0.09865
-11.2207 -0.0956
-11.2107 -0.09278
-11.2007 -0.08983
-11.1907 -0.08676
-11.1807 -0.08396
-11.1707 -0.08114
-11.1607 -0.07841000000000001
-11.1507 -0.07578
-11.140699999999999 -0.07318
-11.1307 -0.07078999999999999
-11.1207 -0.06831999999999999
-11.1107 -0.06610999999999999
-11.1007 -0.06413
-11.0907 -0.062200000000000005
-11.0807 -0.0606
-11.0707 -0.059149999999999994
-11.0607 -0.05764999999999999
-11.050699999999999 -0.05659
-11.0407 -0.05545
-11.0307 -0.054459999999999995
-11.0207 -0.05359
-11.0107 -0.052930000000000005
-11.0007 -0.052199999999999996
-10.9907 -0.051559999999999995
-10.980699999999999 -0.05094
-10.9707 -0.050109999999999995
-10.9607 -0.04937
-10.9507 -0.04863
-10.9407 -0.04766
-10.9307 -0.0467
-10.9207 -0.04559
-10.9107 -0.04439
-10.9007 -0.04306
-10.890699999999999 -0.04152
-10.8807 -0.03986
-10.8707 -0.038199
-10.8607 -0.036406999999999995
-10.8507 -0.034528
-10.8407 -0.032641
-10.8307 -0.030713
-10.8207 -0.028743
-10.8107 -0.026795
-10.800699999999999 -0.024882
-10.7907 -0.023038999999999997
-10.7807 -0.021264
-10.7707 -0.019589
-10.7607 -0.018039
-10.7507 -0.016611
-10.7407 -0.015318
-10.730699999999999 -0.014158999999999998
-10.7207 -0.013157
-10.7107 -0.012287
-10.7007 -0.011561000000000002
-10.6907 -0.010979
-10.6807 -0.010517
-10.6707 -0.010176000000000001
-10.6607 -0.009954
-10.6507 -0.009831
-10.640699999999999 -0.009814
-10.6307 -0.009864000000000001
-10.6207 -0.009987
-10.6107 -0.010164
-10.6007 -0.010393
-10.5907 -0.010642
-10.5807 -0.010903
-10.5707 -0.011172
-10.5607 -0.011418999999999999
-10.550699999999999 -0.011634
-10.5407 -0.011807999999999999
-10.5307 -0.011927
-10.5207 -0.011971999999999998
-10.5107 -0.011944
-10.5007 -0.011841999999999998
-10.4907 -0.011646
-10.480699999999999 -0.011366
-10.4707 -0.011012000000000001
-10.4607 -0.010574
-10.4507 -0.010064
-10.4407 -0.009510999999999999
-10.4307 -0.008888
-10.4207 -0.008262
-10.4107 -0.007587
-10.4007 -0.006921999999999999
-10.390699999999999 -0.0062462
-10.3807 -0.0056123
-10.3707 -0.004981
-10.3607 -0.0044008
-10.3507 -0.0038532
-10.3407 -0.0033509000000000004
-10.3307 -0.002896
-10.3207 -0.0024898
-10.3107 -0.002134
-10.300699999999999 -0.0018246999999999998
-10.2907 -0.0015595000000000001
-10.2807 -0.0013344
-10.2707 -0.001145
-10.2607 -0.0009893
-10.2507 -0.00085998
-10.2407 -0.00075367
-10.230699999999999 -0.00066847
-10.2207 -0.0005961
-10.2107 -0.00053736
-10.2007 -0.00048812
-10.1907 -0.00044527999999999994
-10.1807 -0.00040974999999999996
-10.1707 -0.00037555
-10.1607 -0.00034562000000000004
-10.1507 -0.00031842
-10.140699999999999 -0.00029052
-10.1307 -0.00026498
-10.1207 -0.00024021999999999997
-10.1107 -0.0002164
-10.1007 -0.000193622
-10.0907 -0.00017188799999999998
-10.0807 -0.000151297
-10.0707 -0.000132156
-10.0607 -0.00011435500000000001
-10.050699999999999 -9.8204e-05
-10.0407 -8.3492e-05
-10.0307 -7.032699999999999e-05
-10.0207 -5.8705e-05
-10.0107 -4.8545e-05
-10.0007 -3.9704e-05
-9.9907 -3.2268e-05
-9.980699999999999 -2.5913e-05
-9.9707 -2.07295e-05
-9.9607 -1.64805e-05
-9.9507 -1.3153500000000002e-05
-9.9407 -1.06861e-05
-9.9307 -9.0941e-06
-9.9207 -8.4972e-06
-9.9107 -9.1321e-06
-9.9007 -1.14782e-05
-9.890699999999999 -1.6345e-05
-9.8807 -2.51032e-05
-9.8707 -3.971523e-05
-9.8607 -6.362537e-05
-9.8507 -0.00010188117000000001
-9.8407 -0.0001620744
-9.8307 -0.00025502289999999997
-9.8207 -0.0003987515
-9.8107 -0.0006160015000000001
-9.800699999999999 -0.0009435271
-9.7907 -0.001428306
-9.7807 -0.002139454
-9.7707 -0.0031710939999999997
-9.7607 -0.004655472
-9.7507 -0.006760839
-9.7407 -0.009695526999999999
-9.730699999999999 -0.013782078
-9.7207 -0.019400970000000003
-9.7107 -0.02695305
-9.7007 -0.037209189999999996
-9.6907 -0.05068056
-9.6807 -0.0684084
-9.6707 -0.09144458999999999
-9.6607 -0.12069042999999999
-9.6507 -0.158049
-9.640699999999999 -0.20422240000000003
-9.6307 -0.2617113
-9.6207 -0.3325212
-9.6107 -0.41765220000000003
-9.6007 -0.5188094
-9.5907 -0.6379941
-9.5807 -0.7772074000000001
-9.570699999999999 -0.9374535000000002
-9.5607 -1.1187304
-9.550699999999999 -1.3220373000000003
-9.540700000000001 -1.5473810000000001
-9.5307 -1.789764
-9.5207 -2.061157
-9.5107 -2.339591
-9.5007 -2.6330270000000002
-9.4907 -2.941485
-9.480699999999999 -3.2419450000000003
-9.4707 -3.551406
-9.4607 -3.8598669999999995
-9.4507 -4.15331
-9.4407 -4.431742
-9.4307 -4.681135
-9.4207 -4.907507
-9.410699999999999 -5.127848
-9.4007 -5.288158
-9.390699999999999 -5.438437
-9.380700000000001 -5.548685
-9.3707 -5.618911
-9.3607 -5.669117
-9.3507 -5.699320999999999
-9.3407 -5.6995249999999995
-9.3307 -5.689748
-9.320699999999999 -5.659981
-9.3107 -5.620245000000001
-9.300699999999999 -5.580549
-9.290700000000001 -5.540894
-9.2807 -5.501291
-9.2707 -5.471729
-9.2607 -5.442219000000001
-9.2507 -5.44276
-9.2407 -5.433342
-9.230699999999999 -5.443955
-9.2207 -5.4745800000000004
-9.2107 -5.505240000000001
-9.2007 -5.52588
-9.1907 -5.56651
-9.1807 -5.61712
-9.1707 -5.6477
-9.160699999999999 -5.66821
-9.1507 -5.69868
-9.140699999999999 -5.70908
-9.130700000000001 -5.709420000000001
-9.1207 -5.70967
-9.1107 -5.679880000000001
-9.1007 -5.6700099999999996
-9.0907 -5.630089999999999
-9.0807 -5.59011
-9.070699999999999 -5.54011
-9.0607 -5.510079999999999
-9.050699999999999 -5.47004
-9.040700000000001 -5.43998
-9.0307 -5.41993
-9.0207 -5.3999
-9.0107 -5.399889999999999
-9.0007 -5.4199
-8.9907 -5.43995
-8.980699999999999 -5.4700299999999995
-8.9707 -5.5201400000000005
-8.9607 -5.5902899999999995
-8.9507 -5.68045
-8.9407 -5.77074
-8.9307 -5.900969999999999
-8.9207 -6.03134
-8.910699999999999 -6.17165
-8.9007 -6.32214
-8.890699999999999 -6.48261
-8.880700000000001 -6.68309
-8.8707 -6.89368
-8.8607 -7.104369999999999
-8.8507 -7.33516
-8.8407 -7.565950000000001
-8.8307 -7.816750000000001
-8.820699999999999 -8.07766
-8.8107 -8.32856
-8.800699999999999 -8.59957
-8.790700000000001 -8.86058
-8.7807 -9.13148
-8.7707 -9.38249
-8.7607 -9.6334
-8.7507 -9.8742
-8.7407 -10.0951
-8.730699999999999 -10.2957
-8.7207 -10.48649
-8.7107 -10.66708
-8.7007 -10.807549999999999
-8.6907 -10.94802
-8.6807 -11.06838
-8.6707 -11.16864
-8.660699999999999 -11.23888
-8.6507 -11.30911
-8.640699999999999 -11.369140000000002
-8.630700000000001 -11.39915
-8.6207 -11.42926
-8.6107 -11.43926
-8.6007 -11.459249999999999
-8.5907 -11.459240000000001
-8.5807 -11.44922
-8.570699999999999 -11.43919
-8.5607 -11.42906
-8.550699999999999 -11.41912
-8.540700000000001 -11.38899
-8.5307 -11.348939999999999
-8.5207 -11.3289
-8.5107 -11.27875
-8.5007 -11.238710000000001
-8.4907 -11.188559999999999
-8.480699999999999 -11.12851
-8.4707 -11.05836
-8.4607 -10.988209999999999
-8.4507 -10.88796
-8.4407 -10.78781
-8.4307 -10.66746
-8.4207 -10.5372
-8.410699999999999 -10.39695
-8.4007 -10.23659
-8.390699999999999 -10.066230000000001
-8.380700000000001 -9.88597
-8.3707 -9.68561
-8.3607 -9.485140000000001
-8.3507 -9.26478
-8.3407 -9.034410000000001
-8.3307 -8.79403
-8.320699999999999 -8.55376
-8.3107 -8.29349
-8.300699999999999 -8.04331
-8.290700000000001 -7.793139999999999
-8.2807 -7.54316
-8.2707 -7.293290000000001
-8.2607 -7.07352
-8.2507 -6.84375
-8.2407 -6.62429
-8.230699999999999 -6.42474
-8.2207 -6.235480000000001
-8.2107 -6.056239999999999
-8.2007 -5.8871
-8.1907 -5.72806
-8.1807 -5.57893
-8.1707 -5.439909999999999
-8.160699999999999 -5.3006899999999995
-8.1507 -5.17157
-8.140699999999999 -5.052149999999999
-8.130700000000001 -4.91273
-8.1207 -4.77302
-8.1107 -4.6432
-8.1007 -4.4831900000000005
-8.0907 -4.34277
-8.0807 -4.17215
-8.070699999999999 -4.00133
-8.0607 -3.8103
-8.050699999999999 -3.62908
-8.040700000000001 -3.43465
-8.0307 -3.23092
-8.0207 -3.02528
-8.0107 -2.8213500000000002
-8.0007 -2.60832
-7.9906999999999995 -2.40128
-7.9807 -2.19924
-7.9707 -2.0012100000000004
-7.9607 -1.80915
-7.950699999999999 -1.62628
-7.9407 -1.45441
-7.9307 -1.2916670000000001
-7.9207 -1.141048
-7.910699999999999 -1.000565
-7.9007 -0.874231
-7.8907 -0.761056
-7.8807 -0.657042
-7.870699999999999 -0.5662
-7.8607 -0.48651
-7.8507 -0.4179999999999999
-7.8407 -0.35855
-7.8307 -0.30794
-7.8206999999999995 -0.26648
-7.8107 -0.23226
-7.8007 -0.20486000000000001
-7.7907 -0.18336
-7.7806999999999995 -0.16684
-7.7707 -0.15461
-7.7607 -0.14603
-7.7507 -0.14019
-7.7406999999999995 -0.13656000000000001
-7.7307 -0.13474
-7.7207 -0.1341
-7.7107 -0.1341
-7.700699999999999 -0.13466
-7.6907 -0.13517
-7.6807 -0.13557999999999998
-7.6707 -0.13583
-7.660699999999999 -0.13559
-7.6507 -0.13508
-7.6407 -0.13399
-7.6307 -0.13254
-7.620699999999999 -0.13075
-7.6107 -0.12874
-7.6007 -0.12652
-7.5907 -0.12446
-7.5807 -0.12255
-7.5706999999999995 -0.12085000000000001
-7.5607 -0.11970000000000001
-7.5507 -0.11932000000000001
-7.5407 -0.11946000000000001
-7.5306999999999995 -0.12085
-7.5207 -0.12289
-7.5107 -0.12636
-7.5007 -0.13094999999999998
-7.4906999999999995 -0.13674
-7.4807 -0.14375000000000002
-7.4707 -0.15198
-7.4607 -0.16132
-7.450699999999999 -0.17176000000000002
-7.4407 -0.183
-7.4307 -0.19523000000000001
-7.4207 -0.20773
-7.410699999999999 -0.22080999999999998
-7.4007 -0.23384000000000002
-7.3907 -0.24688000000000002
-7.3807 -0.25942
-7.370699999999999 -0.27146000000000003
-7.3607 -0.2828
-7.3507 -0.2931
-7.3407 -0.30210000000000004
-7.3307 -0.3105
-7.3206999999999995 -0.31729999999999997
-7.3107 -0.32339999999999997
-7.3007 -0.329
-7.2907 -0.33310000000000006
-7.2806999999999995 -0.3359
-7.2707 -0.3387
-7.2607 -0.3414
-7.2507 -0.3448
-7.2406999999999995 -0.34830000000000005
-7.2307 -0.35240000000000005
-7.2207 -0.3574
-7.2107 -0.36350000000000005
-7.200699999999999 -0.371
-7.1907 -0.3798
-7.1807 -0.3903
-7.1707 -0.4029
-7.160699999999999 -0.4166
-7.1507 -0.4317
-7.1407 -0.4488
-7.1307 -0.46709999999999996
-7.120699999999999 -0.4859
-7.1107 -0.5058
-7.1007 -0.5292
-7.0907 -0.5509
-7.0807 -0.5737000000000001
-7.0706999999999995 -0.5967
-7.0607 -0.6207
-7.0507 -0.6436
-7.0407 -0.6664
-7.0306999999999995 -0.6898000000000001
-7.0207 -0.7099000000000001
-7.0107 -0.7326000000000001
-7.0007 -0.7529000000000001
-6.9906999999999995 -0.7708999999999999
-6.9807 -0.7875000000000001
-6.9707 -0.8026
-6.9607 -0.8164
-6.950699999999999 -0.8287
-6.9407 -0.8399999999999999
-6.9307 -0.8461999999999998
-6.9207 -0.8524
-6.910699999999999 -0.8566
-6.9007 -0.8568
-6.8907 -0.857
-6.8807 -0.8562000000000001
-6.870699999999999 -0.8524
-6.8607 -0.8464
-6.8507 -0.8417000000000001
-6.8407 -0.8361000000000001
-6.8307 -0.8293999999999999
-6.8206999999999995 -0.8227
-6.8107 -0.8162
-6.8007 -0.8116999999999999
-6.7907 -0.8072999999999999
-6.7806999999999995 -0.8029
-6.7707 -0.7996000000000001
-6.7607 -0.7972999999999999
-6.7507 -0.7954000000000001
-6.7406999999999995 -0.7943
-6.7307 -0.7935000000000001
-6.7207 -0.7942
-6.7107 -0.7952999999999999
-6.700699999999999 -0.7956000000000001
-6.6907 -0.7984
-6.6807 -0.7996000000000001
-6.6707 -0.8032999999999999
-6.660699999999999 -0.8062
-6.6507 -0.8107
-6.6407 -0.8156000000000001
-6.6307 -0.821
-6.620699999999999 -0.8261000000000001
-6.6107 -0.8344
-6.6007 -0.8426
-6.5907 -0.8523000000000001
-6.5807 -0.8634
-6.5706999999999995 -0.8760000000000001
-6.5607 -0.8903000000000001
-6.5507 -0.9062999999999999
-6.5407 -0.9213
-6.5306999999999995 -0.9394999999999999
-6.5207 -0.9588
-6.5107 -0.9782
-6.5007 -0.9975999999999999
-6.4906999999999995 -1.018
-6.4807 -1.0383
-6.4707 -1.0577
-6.4607 -1.0769
-6.450699999999999 -1.0962
-6.4407 -1.1143
-6.4307 -1.1320000000000001
-6.4207 -1.147
-6.410699999999999 -1.165
-6.4007 -1.179
-6.3907 -1.193
-6.3807 -1.206
-6.370699999999999 -1.2189999999999999
-6.3607 -1.2309999999999999
-6.3507 -1.242
-6.3407 -1.251
-6.3307 -1.2610000000000001
-6.3206999999999995 -1.269
-6.3107 -1.2759999999999998
-6.3007 -1.282
-6.2907 -1.2890000000000001
-6.2806999999999995 -1.294
-6.2707 -1.297
-6.2607 -1.301
-6.2507 -1.303
-6.2406999999999995 -1.304
-6.2307 -1.3059999999999998
-6.2207 -1.307
-6.2107 -1.307
-6.200699999999999 -1.3079999999999998
-6.1907 -1.308
-6.1807 -1.309
-6.1707 -1.308
-6.160699999999999 -1.3090000000000002
-6.1507 -1.3079999999999998
-6.1407 -1.3070000000000002
-6.1307 -1.308
-6.120699999999999 -1.307
-6.1107 -1.3079999999999998
-6.1007 -1.3079999999999998
-6.0907 -1.3079999999999998
-6.0807 -1.3079999999999998
-6.0706999999999995 -1.307
-6.0607 -1.308
-6.0507 -1.3059999999999998
-6.0407 -1.3059999999999998
-6.0306999999999995 -1.307
-6.0207 -1.306
-6.0107 -1.306
-6.0007 -1.305
-5.9906999999999995 -1.3030000000000002
-5.9807 -1.303
-5.9707 -1.3019999999999998
-5.9607 -1.301
-5.950699999999999 -1.301
-5.9407 -1.301
-5.9307 -1.302
-5.9207 -1.304
-5.910699999999999 -1.3050000000000002
-5.9007 -1.306
-5.8907 -1.31
-5.8807 -1.312
-5.870699999999999 -1.315
-5.8607 -1.317
-5.8507 -1.322
-5.8407 -1.324
-5.8307 -1.326
-5.8206999999999995 -1.33
-5.8107 -1.329
-5.8007 -1.33
-5.7907 -1.328
-5.7806999999999995 -1.3270000000000002
-5.7707 -1.323
-5.7607 -1.3199999999999998
-5.7507 -1.3159999999999998
-5.7406999999999995 -1.313
-5.7307 -1.309
-5.7207 -1.306
-5.7107 -1.306
-5.700699999999999 -1.305
-5.6907 -1.3060000000000003
-5.6807 -1.307
-5.6707 -1.31
-5.660699999999999 -1.315
-5.6507 -1.3210000000000002
-5.6407 -1.327
-5.6307 -1.3359999999999999
-5.620699999999999 -1.344
-5.6107 -1.3519999999999999
-5.6007 -1.359
-5.5907 -1.3639999999999999
-5.5807 -1.369
-5.5707 -1.373
-5.560700000000001 -1.373
-5.550699999999999 -1.3699999999999999
-5.540699999999999 -1.367
-5.5306999999999995 -1.36
-5.5207 -1.3519999999999999
-5.5107 -1.3399999999999999
-5.5007 -1.327
-5.4907 -1.312
-5.480700000000001 -1.2970000000000002
-5.470699999999999 -1.281
-5.460699999999999 -1.267
-5.450699999999999 -1.252
-5.4407 -1.237
-5.4307 -1.2269999999999999
-5.4207 -1.216
-5.4107 -1.2109999999999999
-5.4007000000000005 -1.2069999999999999
-5.390699999999999 -1.206
-5.380699999999999 -1.21
-5.370699999999999 -1.214
-5.3607 -1.222
-5.3507 -1.231
-5.3407 -1.242
-5.3307 -1.256
-5.3207 -1.27
-5.310700000000001 -1.285
-5.300699999999999 -1.3010000000000002
-5.290699999999999 -1.316
-5.2806999999999995 -1.33
-5.2707 -1.345
-5.2607 -1.359
-5.2507 -1.37
-5.2407 -1.38
-5.230700000000001 -1.389
-5.220699999999999 -1.3960000000000001
-5.210699999999999 -1.401
-5.200699999999999 -1.404
-5.1907 -1.4040000000000001
-5.1807 -1.403
-5.1707 -1.4000000000000001
-5.1607 -1.393
-5.1507000000000005 -1.387
-5.140699999999999 -1.379
-5.130699999999999 -1.367
-5.120699999999999 -1.3539999999999999
-5.1107 -1.341
-5.1007 -1.326
-5.0907 -1.311
-5.0807 -1.295
-5.0707 -1.2799999999999998
-5.060700000000001 -1.264
-5.050699999999999 -1.25
-5.040699999999999 -1.235
-5.0306999999999995 -1.22
-5.0207 -1.208
-5.0107 -1.197
-5.0007 -1.186
-4.9907 -1.1789999999999998
-4.980700000000001 -1.1709999999999998
-4.970699999999999 -1.1640000000000001
-4.960699999999999 -1.158
-4.950699999999999 -1.154
-4.9407 -1.15
-4.9307 -1.147
-4.9207 -1.144
-4.9107 -1.14
-4.9007000000000005 -1.137
-4.890699999999999 -1.132
-4.880699999999999 -1.1280000000000001
-4.870699999999999 -1.123
-4.8607 -1.1190000000000002
-4.8507 -1.111
-4.8407 -1.104
-4.8307 -1.0959999999999999
-4.8207 -1.0890000000000002
-4.810700000000001 -1.078
-4.800699999999999 -1.07
-4.790699999999999 -1.059
-4.7806999999999995 -1.048
-4.7707 -1.038
-4.7607 -1.025
-4.7507 -1.013
-4.7407 -1.002
-4.730700000000001 -0.9890000000000001
-4.720699999999999 -0.9789999999999999
-4.710699999999999 -0.9650000000000001
-4.700699999999999 -0.9549999999999998
-4.6907 -0.9429999999999998
-4.6807 -0.9299999999999999
-4.6707 -0.919
-4.6607 -0.908
-4.6507000000000005 -0.898
-4.640699999999999 -0.89
-4.630699999999999 -0.879
-4.620699999999999 -0.871
-4.6107 -0.865
-4.6007 -0.86
-4.5907 -0.854
-4.5807 -0.852
-4.5707 -0.848
-4.560700000000001 -0.848
-4.550699999999999 -0.8479
-4.540699999999999 -0.8498
-4.5306999999999995 -0.851
-4.5207 -0.856
-4.5107 -0.86
-4.5007 -0.863
-4.4907 -0.869
-4.480700000000001 -0.873
-4.470699999999999 -0.879
-4.460699999999999 -0.882
-4.450699999999999 -0.886
-4.4407 -0.89
-4.4307 -0.891
-4.4207 -0.892
-4.4107 -0.893
-4.4007000000000005 -0.891
-4.390699999999999 -0.887
-4.380699999999999 -0.886
-4.370699999999999 -0.881
-4.3607 -0.878
-4.3507 -0.873
-4.3407 -0.867
-4.3307 -0.86
-4.3207 -0.855
-4.310700000000001 -0.851
-4.300699999999999 -0.8450000000000001
-4.290699999999999 -0.84
-4.2806999999999995 -0.8363000000000002
-4.2707 -0.8343
-4.2607 -0.8314000000000001
-4.2507 -0.8277000000000001
-4.2407 -0.8271000000000001
-4.230700000000001 -0.8246000000000001
-4.220699999999999 -0.8242000000000002
-4.210699999999999 -0.8239000000000001
-4.200699999999999 -0.8257
-4.1907 -0.8255
-4.1807 -0.8264
-4.1707 -0.8261999999999999
-4.1607 -0.8261
-4.1507000000000005 -0.826
-4.140699999999999 -0.8279
-4.130699999999999 -0.8268
-4.120699999999999 -0.8277
-4.1107 -0.8266000000000001
-4.1007 -0.8276000000000001
-4.0907 -0.8275000000000001
-4.0807 -0.8274000000000001
-4.0707 -0.8263
-4.060700000000001 -0.8283
-4.050699999999999 -0.8294000000000001
-4.040699999999999 -0.8315000000000001
-4.0306999999999995 -0.8336000000000001
-4.0207 -0.8349000000000001
-4.0107 -0.8362000000000002
-4.0007 -0.8396000000000001
-3.9907000000000004 -0.8442000000000001
-3.9807000000000006 -0.8468000000000001
-3.970699999999999 -0.8515
-3.960699999999999 -0.8564
-3.9506999999999994 -0.8593000000000001
-3.9406999999999996 -0.8654000000000001
-3.9307 -0.869
-3.9207 -0.8749999999999999
-3.9107000000000003 -0.881
-3.9007000000000005 -0.8859999999999999
-3.890699999999999 -0.892
-3.880699999999999 -0.8989999999999999
-3.8706999999999994 -0.903
-3.8606999999999996 -0.908
-3.8507 -0.915
-3.8407 -0.9189999999999999
-3.8307 -0.924
-3.8207000000000004 -0.928
-3.8107000000000006 -0.932
-3.800699999999999 -0.9369999999999999
-3.7906999999999993 -0.94
-3.7806999999999995 -0.942
-3.7706999999999997 -0.9450000000000001
-3.7607 -0.9470000000000001
-3.7507 -0.9470000000000001
-3.7407000000000004 -0.9460000000000001
-3.7307000000000006 -0.9450000000000001
-3.720699999999999 -0.9440000000000001
-3.710699999999999 -0.9410000000000001
-3.7006999999999994 -0.937
-3.6906999999999996 -0.933
-3.6807 -0.925
-3.6707 -0.9179999999999999
-3.6607000000000003 -0.911
-3.6507000000000005 -0.901
-3.640699999999999 -0.8919999999999999
-3.630699999999999 -0.8819999999999999
-3.6206999999999994 -0.8699999999999999
-3.6106999999999996 -0.8580000000000001
-3.6007 -0.8460000000000001
-3.5907 -0.8340000000000001
-3.5807 -0.8200000000000001
-3.5707000000000004 -0.807
-3.5607000000000006 -0.795
-3.550699999999999 -0.781
-3.5406999999999993 -0.768
-3.5306999999999995 -0.757
-3.5206999999999997 -0.744
-3.5107 -0.732
-3.5007 -0.721
-3.4907000000000004 -0.7113
-3.4807000000000006 -0.7013
-3.470699999999999 -0.6943
-3.460699999999999 -0.6858000000000001
-3.4506999999999994 -0.6796
-3.4406999999999996 -0.6743
-3.4307 -0.6683
-3.4207 -0.6642
-3.4107000000000003 -0.6624000000000001
-3.4007000000000005 -0.6600999999999999
-3.390699999999999 -0.6585
-3.380699999999999 -0.6571
-3.3706999999999994 -0.657
-3.3606999999999996 -0.6561
-3.3507 -0.6586000000000001
-3.3407 -0.6580999999999999
-3.3307 -0.6598
-3.3207000000000004 -0.6617
-3.3107000000000006 -0.6648000000000001
-3.300699999999999 -0.6671
-3.2906999999999993 -0.6705
-3.2806999999999995 -0.6731
-3.2706999999999997 -0.6778
-3.2607 -0.6828000000000001
-3.2507 -0.688
-3.2407000000000004 -0.6946
-3.2307000000000006 -0.7012999999999999
-3.220699999999999 -0.7102999999999999
-3.210699999999999 -0.7188
-3.2006999999999994 -0.7285
-3.1906999999999996 -0.7384999999999999
-3.1807 -0.7477999999999999
-3.1707 -0.7584
-3.1607000000000003 -0.7693
-3.1507000000000005 -0.7787
-3.140699999999999 -0.7893
-3.130699999999999 -0.7982
-3.1206999999999994 -0.8065
-3.1106999999999996 -0.8141999999999999
-3.1007 -0.8201999999999999
-3.0907 -0.8266
-3.0807 -0.8313999999999999
-3.0707000000000004 -0.8346
-3.0607000000000006 -0.8382000000000001
-3.050699999999999 -0.8414
-3.0406999999999993 -0.843
-3.0306999999999995 -0.8439
-3.0206999999999997 -0.8444999999999999
-3.0107 -0.8463
-3.0007 -0.8463999999999999
-2.9907000000000004 -0.846
-2.9807000000000006 -0.8455999999999999
-2.970699999999999 -0.8442999999999999
-2.960699999999999 -0.8424999999999999
-2.9506999999999994 -0.8408
-2.9406999999999996 -0.8362999999999999
-2.9307 -0.8317
-2.9207 -0.8281999999999999
-2.9107000000000003 -0.8227
-2.9007000000000005 -0.8137000000000001
-2.890699999999999 -0.8093999999999999
-2.880699999999999 -0.804
-2.8706999999999994 -0.7953999999999999
-2.8606999999999996 -0.7888999999999999
-2.8507 -0.7827
-2.8407 -0.7787999999999999
-2.8307 -0.7735000000000001
-2.8207000000000004 -0.7706999999999999
-2.8107000000000006 -0.7704
-2.800699999999999 -0.7698
-2.7906999999999993 -0.7726999999999999
-2.7806999999999995 -0.7762
-2.7706999999999997 -0.7823
-2.7607 -0.7899
-2.7507 -0.7989999999999999
-2.7407000000000004 -0.8086
-2.7307000000000006 -0.8195000000000001
-2.720699999999999 -0.8308
-2.710699999999999 -0.8453000000000002
-2.7006999999999994 -0.8579999999999999
-2.6906999999999996 -0.8718
-2.6807 -0.8856
-2.6707 -0.8999999999999999
-2.6607000000000003 -0.9119999999999999
-2.6507000000000005 -0.9229999999999999
-2.640699999999999 -0.9339999999999999
-2.630699999999999 -0.946
-2.6206999999999994 -0.954
-2.6106999999999996 -0.961
-2.6007 -0.967
-2.5907 -0.973
-2.5807 -0.978
-2.5707000000000004 -0.982
-2.5607000000000006 -0.985
-2.550699999999999 -0.988
-2.5406999999999993 -0.99
-2.5306999999999995 -0.992
-2.5206999999999997 -0.992
-2.5107 -0.995
-2.5007 -0.996
-2.4907000000000004 -0.998
-2.4807000000000006 -0.9976
-2.470699999999999 -0.9988
-2.460699999999999 -0.9982
-2.4506999999999994 -0.9988
-2.4406999999999996 -0.9985
-2.4307 -0.9964000000000001
-2.4207 -0.9964000000000001
-2.4107000000000003 -0.9945
-2.4007000000000005 -0.9937
-2.390699999999999 -0.991
-2.380699999999999 -0.9872
-2.3706999999999994 -0.9864
-2.3606999999999996 -0.9846
-2.3507 -0.9806
-2.3407 -0.9786
-2.3307 -0.9763000000000001
-2.3207000000000004 -0.9740000000000001
-2.3107000000000006 -0.9714
-2.300699999999999 -0.9686
-2.2906999999999993 -0.9646
-2.2806999999999995 -0.9624
-2.2706999999999997 -0.9589000000000001
-2.2607 -0.9543
-2.2507 -0.9494
-2.2407000000000004 -0.9433
-2.2307000000000006 -0.9371
-2.220699999999999 -0.9307
-2.210699999999999 -0.9242
-2.2006999999999994 -0.9184
-2.1906999999999996 -0.9111
-2.1807 -0.9038
-2.1707 -0.8964
-2.1607000000000003 -0.8907999999999999
-2.1507000000000005 -0.8833
-2.140699999999999 -0.8749
-2.130699999999999 -0.8685
-2.1206999999999994 -0.862
-2.1106999999999996 -0.8543
-2.1007 -0.8469
-2.0907 -0.8396
-2.0807 -0.8313
-2.0707000000000004 -0.8221
-2.0607000000000006 -0.813
-2.050699999999999 -0.802
-2.0406999999999993 -0.7901
-2.0306999999999995 -0.7771000000000001
-2.0206999999999997 -0.7633000000000001
-2.0107 -0.7484999999999999
-2.0007 -0.7328999999999999
-1.9907000000000004 -0.7182999999999999
-1.9807000000000006 -0.7010000000000001
-1.970699999999999 -0.684
-1.9606999999999992 -0.6691
-1.9506999999999994 -0.6557
-1.9406999999999996 -0.6436000000000001
-1.9306999999999999 -0.633
-1.9207 -0.625
-1.9107000000000003 -0.6207
-1.9007000000000005 -0.6189
-1.890699999999999 -0.6229
-1.8806999999999992 -0.6306
-1.8706999999999994 -0.6411
-1.8606999999999996 -0.6573
-1.8506999999999998 -0.6770999999999999
-1.8407 -0.7007
-1.8307000000000002 -0.7288
-1.8207000000000004 -0.7585
-1.8107000000000006 -0.7905000000000001
-1.800699999999999 -0.8248000000000001
-1.7906999999999993 -0.8593999999999999
-1.7806999999999995 -0.894
-1.7706999999999997 -0.9254000000000001
-1.7607 -0.9557
-1.7507000000000001 -0.9824999999999999
-1.7407000000000004 -1.0039
-1.7307000000000006 -1.0198
-1.720699999999999 -1.0299
-1.7106999999999992 -1.0331
-1.7006999999999994 -1.0295
-1.6906999999999996 -1.0169700000000002
-1.6806999999999999 -0.99855
-1.6707 -0.9712799999999999
-1.6607000000000003 -0.9370700000000001
-1.6507000000000005 -0.8962100000000001
-1.640699999999999 -0.8515300000000001
-1.6306999999999992 -0.8014100000000001
-1.6206999999999994 -0.74687
-1.6106999999999996 -0.6908299999999999
-1.6006999999999998 -0.63168
-1.5907 -0.5736399999999999
-1.5807000000000002 -0.51651
-1.5707000000000004 -0.46038999999999997
-1.5607000000000006 -0.40591000000000005
-1.550699999999999 -0.35455
-1.5406999999999993 -0.30693
-1.5306999999999995 -0.26355
-1.5206999999999997 -0.22353
-1.5107 -0.18796000000000002
-1.5007000000000001 -0.15646
-1.4907000000000004 -0.12883999999999998
-1.4807000000000006 -0.105216
-1.470699999999999 -0.085034
-1.4606999999999992 -0.06795
-1.4506999999999994 -0.05372999999999999
-1.4406999999999996 -0.042172
-1.4306999999999999 -0.032723
-1.4207 -0.025087
-1.4107000000000003 -0.019088
-1.4007000000000005 -0.014350000000000002
-1.390699999999999 -0.0106875
-1.3806999999999992 -0.0078731
-1.3706999999999994 -0.005751399999999999
-1.3606999999999996 -0.0041432
-1.3506999999999998 -0.0029574
-1.3407 -0.0020908
-1.3307000000000002 -0.0014624999999999998
-1.3207000000000004 -0.00101231
-1.3107000000000006 -0.00069338
-1.300699999999999 -0.00046904999999999994
-1.2906999999999993 -0.00031528
-1.2806999999999995 -0.00020888
-1.2706999999999997 -0.00013712000000000002
-1.2607 -8.9118e-05
-1.2507000000000001 -5.7358e-05
-1.2407000000000004 -3.6477e-05
-1.2307000000000006 -2.2956999999999997e-05
-1.220699999999999 -1.4279000000000002e-05
-1.2106999999999992 -8.794599999999999e-06
-1.2006999999999994 -5.3596e-06
-1.1906999999999996 -3.2303000000000002e-06
-1.1806999999999999 -1.9302e-06
-1.1707 -1.14066e-06
-1.1607000000000003 -6.653100000000001e-07
-1.1507000000000005 -3.8512e-07
-1.140699999999999 -2.2023e-07
-1.1306999999999992 -1.246e-07
-1.1206999999999994 -6.969499999999999e-08
-1.1106999999999996 -3.8582999999999995e-08
-1.1006999999999998 -2.1151000000000002e-08
-1.0907 -1.14688e-08
-1.0807000000000002 -6.1588e-09
-1.0707000000000004 -3.2664000000000002e-09
-1.0607000000000006 -1.7148e-09
-1.050699999999999 -8.896900000000001e-10
-1.0406999999999993 -4.5759e-10
-1.0306999999999995 -2.3231999999999998e-10
-1.0206999999999997 -1.1676e-10
-1.0107 -5.8048e-11
-1.0007000000000001 -2.861e-11
-0.9907000000000004 -1.3745e-11
-0.9807000000000006 -6.4582e-12
-0.970699999999999 -2.4993e-12
-0.9606999999999992 -3.7475e-13
-0.9506999999999994 -0.0
-0.9406999999999996 -0.0
-0.9306999999999999 -0.0
-0.9207000000000001 -0.0
-0.9107000000000003 -0.0
-0.9007000000000005 -0.0
-0.8906999999999989 -0.0
-0.8806999999999992 -0.0
-0.8706999999999994 -0.0
-0.8606999999999996 -0.0
-0.8506999999999998 -0.0
-0.8407 -0.0
-0.8307000000000002 -0.0
-0.8207000000000004 -0.0
-0.8107000000000006 -0.0
-0.8006999999999991 -0.0
-0.7906999999999993 -0.0
-0.7806999999999995 -0.0
-0.7706999999999997 -0.0
-0.7606999999999999 -0.0
-0.7507000000000001 -0.0
-0.7407000000000004 -0.0
-0.7307000000000006 -0.0
-0.720699999999999 -0.0
-0.7106999999999992 -0.0
-0.7006999999999994 -0.0
-0.6906999999999996 -0.0
-0.6806999999999999 -0.0
-0.6707000000000001 -0.0
-0.6607000000000003 -0.0
-0.6507000000000005 -0.0
-0.6406999999999989 -0.0
-0.6306999999999992 -0.0
-0.6206999999999994 -0.0
-0.6106999999999996 -5.546739e-12
-0.6006999999999998 -1.853802e-11
-0.5907 -4.828484e-11
-0.5807000000000002 -1.016978e-10
-0.5707000000000004 -2.07903e-10
-0.5607000000000006 -4.211165e-10
-0.5506999999999991 -8.436352e-10
-0.5406999999999993 -1.672237e-09
-0.5306999999999995 -3.288357e-09
-0.5206999999999997 -6.362293e-09
-0.5106999999999999 -1.2213609999999999e-08
-0.5007000000000001 -2.3244760000000004e-08
-0.49070000000000036 -4.363401e-08
-0.48070000000000057 -8.095577999999998e-08
-0.470699999999999 -1.488858e-07
-0.4606999999999992 -2.7031969999999997e-07
-0.45069999999999943 -4.867347e-07
-0.44069999999999965 -8.67663e-07
-0.43069999999999986 -1.527922e-06
-0.4207000000000001 -2.661093e-06
-0.4107000000000003 -4.589767e-06
-0.4007000000000005 -7.834951999999997e-06
-0.39069999999999894 -1.3225229999999999e-05
-0.38069999999999915 -2.208205e-05
-0.37069999999999936 -3.655938e-05
-0.3606999999999996 -5.973344e-05
-0.3506999999999998 -9.66834e-05
-0.3407 -0.0001545924
-0.3307000000000002 -0.00024546299999999996
-0.32070000000000043 -0.0003845258
-0.31070000000000064 -0.0005950222
-0.3006999999999991 -0.0009137211
-0.2906999999999993 -0.001388607
-0.2806999999999995 -0.002084911
-0.2706999999999997 -0.003095809
-0.26069999999999993 -0.004553534000000001
-0.25070000000000014 -0.006632405
-0.24070000000000036 -0.009567809999999998
-0.23070000000000057 -0.01363537
-0.220699999999999 -0.01923574
-0.21069999999999922 -0.02683986
-0.20069999999999943 -0.037088750000000004
-0.19069999999999965 -0.050834000000000004
-0.18069999999999986 -0.06882701
-0.17070000000000007 -0.09216980000000001
-0.1607000000000003 -0.1222245
-0.1507000000000005 -0.16059509999999996
-0.14069999999999894 -0.2086822
-0.13069999999999915 -0.2683906
-0.12069999999999936 -0.34292449999999997
-0.11069999999999958 -0.4310851
-0.10069999999999979 -0.5403796000000001
-0.0907 -0.6682084
-0.08070000000000022 -0.8184775999999999
-0.07070000000000043 -0.993788
-0.06070000000000064 -1.1951479999999999
-0.05069999999999908 -1.423551
-0.04069999999999929 -1.682001
-0.030699999999999505 -1.970502
-0.02069999999999972 -2.2780460000000002
-0.010699999999999932 -2.625634
-0.000700000000000145 -2.9952640000000006
0.009299999999999642 -3.383938
0.01929999999999943 -3.801633
0.029300000000000992 -4.224340999999999
0.03930000000000078 -4.6710709999999995
0.049300000000000566 -5.120811
0.05930000000000035 -5.569542
0.06930000000000014 -6.030263000000001
0.07929999999999993 -6.470954
0.08929999999999971 -6.901613
0.0992999999999995 -7.322240999999999
0.10930000000000106 -7.722806
0.11930000000000085 -8.113339
0.12930000000000064 -8.463797999999999
0.13930000000000042 -8.804204
0.1493000000000002 -9.094550000000002
0.1593 -9.36482
0.16929999999999978 -9.605040000000002
0.17929999999999957 -9.8252
0.18929999999999936 -9.995299999999999
0.19930000000000092 -10.165360000000002
0.2093000000000007 -10.295380000000002
0.2193000000000005 -10.405350000000002
0.22930000000000028 -10.51531
0.23930000000000007 -10.59526
0.24929999999999986 -10.68521
0.25929999999999964 -10.75517
0.26929999999999943 -10.84516
0.279300000000001 -10.93517
0.2893000000000008 -11.02524
0.29930000000000057 -11.135349999999999
0.30930000000000035 -11.25552
0.31930000000000014 -11.395760000000001
0.3292999999999999 -11.566070000000002
0.3392999999999997 -11.75645
0.3492999999999995 -11.95689
0.35930000000000106 -12.16741
0.36930000000000085 -12.39801
0.37930000000000064 -12.64865
0.3893000000000004 -12.89934
0.3993000000000002 -13.150079999999999
0.4093 -13.4109
0.4192999999999998 -13.65161
0.42929999999999957 -13.89242
0.43929999999999936 -14.10323
0.4493000000000009 -14.294
0.4593000000000007 -14.444760000000002
0.4693000000000005 -14.55547
0.4793000000000003 -14.63604
0.48930000000000007 -14.666649999999999
0.49929999999999986 -14.64717
0.5092999999999996 -14.55757
0.5192999999999994 -14.43787
0.529300000000001 -14.26812
0.5393000000000008 -14.02828
0.5493000000000006 -13.738280000000001
0.5593000000000004 -13.42825
0.5693000000000001 -13.05808
0.5792999999999999 -12.65777
0.5892999999999997 -12.22744
0.5992999999999995 -11.787009999999999
0.6093000000000011 -11.336480000000002
0.6193000000000008 -10.85594
0.6293000000000006 -10.40533
0.6393000000000004 -9.94464
0.6493000000000002 -9.49398
0.6593 -9.08325
0.6692999999999998 -8.68256
0.6792999999999996 -8.311809999999998
0.6892999999999994 -7.98111
0.6993000000000009 -7.68044
0.7093000000000007 -7.40972
0.7193000000000005 -7.17913
0.7293000000000003 -6.988580000000001
0.7393000000000001 -6.82805
0.7492999999999999 -6.6875100000000005
0.7592999999999996 -6.57706
0.7692999999999994 -6.486650000000001
0.779300000000001 -6.416290000000001
0.7893000000000008 -6.35596
0.7993000000000006 -6.30567
0.8093000000000004 -6.24541
0.8193000000000001 -6.19517
0.8292999999999999 -6.14496
0.8392999999999997 -6.09478
0.8492999999999995 -6.0046100000000004
0.8593000000000011 -5.92446
0.8693000000000008 -5.834309999999999
0.8793000000000006 -5.72419
0.8893000000000004 -5.60408
0.8993000000000002 -5.473990000000001
0.9093 -5.3239
0.9192999999999998 -5.18384
0.9292999999999996 -5.023769999999999
0.9392999999999994 -4.86373
0.9493000000000009 -4.693700000000001
0.9593000000000007 -4.53367
0.9693000000000005 -4.36368
0.9793000000000003 -4.203670000000001
0.9893000000000001 -4.053679999999999
0.9992999999999999 -3.8937000000000004
1.0092999999999996 -3.74372
1.0192999999999994 -3.60476
1.029300000000001 -3.4878
1.0393000000000008 -3.37384
1.0493000000000006 -3.2619000000000002
1.0593000000000004 -3.17299
1.0693000000000001 -3.08807
1.0793 -3.0151800000000004
1.0892999999999997 -2.9563099999999998
1.0992999999999995 -2.9094799999999994
1.109300000000001 -2.87567
1.1193000000000008 -2.8559000000000005
1.1293000000000006 -2.84916
1.1393000000000004 -2.84444
1.1493000000000002 -2.8637699999999997
1.1593 -2.8751399999999996
1.1692999999999998 -2.90054
1.1792999999999996 -2.9369600000000005
1.1892999999999994 -2.9773899999999998
1.199300000000001 -3.0088500000000002
1.2093000000000007 -3.05232
1.2193000000000005 -3.0987999999999998
1.2293000000000003 -3.13626
1.2393 -3.1546999999999996
1.2492999999999999 -3.19512
1.2592999999999996 -3.21547
1.2692999999999994 -3.22788
1.279300000000001 -3.24117
1.2893000000000008 -3.2443400000000002
1.2993000000000006 -3.2396000000000003
1.3093000000000004 -3.2236299999999996
1.3193000000000001 -3.20972
1.3293 -3.17469
1.3392999999999997 -3.1305199999999997
1.3492999999999995 -3.08533
1.359300000000001 -3.0300999999999996
1.3693000000000008 -2.9747399999999997
1.3793000000000006 -2.9073400000000005
1.3893000000000004 -2.8198200000000004
1.3993000000000002 -2.7502599999999995
1.4093 -2.64762
1.4192999999999998 -2.55293
1.4292999999999996 -2.4562
1.4392999999999994 -2.3454200000000003
1.449300000000001 -2.23163
1.4593000000000007 -2.11781
1.4693000000000005 -2.0030099999999997
1.4793000000000003 -1.8902200000000002
1.4893 -1.7784700000000002
1.4992999999999999 -1.6707699999999999
1.5092999999999996 -1.57012
1.5192999999999994 -1.47756
1.529300000000001 -1.3930800000000003
1.5393000000000008 -1.32071
1.5493000000000006 -1.25942
1.5593000000000004 -1.21225
1.5693000000000001 -1.1762
1.5793 -1.15423
1.5892999999999997 -1.1463600000000003
1.5992999999999995 -1.1486
1.609300000000001 -1.1629099999999999
1.6193000000000008 -1.1873
1.6293000000000006 -1.22174
1.6393000000000004 -1.26322
1.6493000000000002 -1.3117400000000001
1.6593 -1.36527
1.6692999999999998 -1.4218199999999999
1.6792999999999996 -1.4813599999999998
1.6892999999999994 -1.5429000000000002
1.699300000000001 -1.6064000000000003
1.7093000000000007 -1.66789
1.7193000000000005 -1.73135
1.7293000000000003 -1.79278
1.7393 -1.8531600000000001
1.7492999999999999 -1.91352
1.7592999999999996 -1.9718500000000003
1.7692999999999994 -2.0291400000000004
1.779300000000001 -2.08441
1.7893000000000008 -2.14064
1.7993000000000006 -2.19285
1.8093000000000004 -2.24401
1.8193000000000001 -2.29416
1.8293 -2.34128
1.8392999999999997 -2.38537
1.8492999999999995 -2.42743
1.859300000000001 -2.46246
1.8693000000000008 -2.49746
1.8793000000000006 -2.53043
1.8893000000000004 -2.5493900000000007
1.8993000000000002 -2.5763100000000003
1.9093 -2.58919
1.9192999999999998 -2.5880500000000004
1.9292999999999996 -2.5848899999999997
1.9392999999999994 -2.5767
1.949300000000001 -2.5665
1.9593000000000007 -2.5402799999999996
1.9693000000000005 -2.5100200000000004
1.9793000000000003 -2.47676
1.9893 -2.42949
1.9992999999999999 -2.3781899999999996
2.0092999999999996 -2.31189
2.0192999999999994 -2.24559
2.029300000000001 -2.17227
2.039300000000001 -2.09397
2.0493000000000006 -2.0126500000000003
2.0593000000000004 -1.9263499999999998
2.0693 -1.83803
2.0793 -1.75072
2.0892999999999997 -1.66344
2.0992999999999995 -1.5751499999999998
2.109300000000001 -1.4898799999999999
2.119300000000001 -1.4066100000000001
2.1293000000000006 -1.32735
2.1393000000000004 -1.2501000000000002
2.1493 -1.1778600000000001
2.1593 -1.10962
2.1693 -1.0463900000000002
2.1792999999999996 -0.9861599999999999
2.1892999999999994 -0.9309499999999999
2.199300000000001 -0.87974
2.2093000000000007 -0.83353
2.2193000000000005 -0.79034
2.2293000000000003 -0.7511500000000001
2.2393 -0.71396
2.2493 -0.6807700000000001
2.2592999999999996 -0.65059
2.2692999999999994 -0.62342
2.279300000000001 -0.5982700000000001
2.289300000000001 -0.57411
2.2993000000000006 -0.5529599999999999
2.3093000000000004 -0.53383
2.3193 -0.5157099999999999
2.3293 -0.49859000000000003
2.3392999999999997 -0.48348
2.3492999999999995 -0.46836999999999995
2.359300000000001 -0.4552800000000001
2.369300000000001 -0.44118
2.3793000000000006 -0.42909
2.3893000000000004 -0.41801000000000005
2.3993 -0.40591
2.4093000000000018 -0.39381999999999995
2.4193 -0.38272
2.4293000000000013 -0.37061
2.4392999999999994 -0.3575
2.449300000000001 -0.34637
2.459299999999999 -0.33325000000000005
2.4693000000000005 -0.32192
2.4792999999999985 -0.30906
2.4893 -0.2963
2.4993000000000016 -0.28324
2.5092999999999996 -0.27047000000000004
2.519300000000001 -0.2579
2.529299999999999 -0.24552999999999997
2.539300000000001 -0.23367000000000002
2.549299999999999 -0.2223
2.5593000000000004 -0.21165000000000003
2.569300000000002 -0.2019
2.5793 -0.19288999999999998
2.5893000000000015 -0.18487000000000003
2.5992999999999995 -0.17777
2.609300000000001 -0.1717
2.619299999999999 -0.16663
2.6293000000000006 -0.16258999999999996
2.6392999999999986 -0.15946
2.6493 -0.15703999999999999
2.6593000000000018 -0.15544000000000002
2.6693 -0.15465
2.6793000000000013 -0.15417
2.6892999999999994 -0.15409
2.699300000000001 -0.15442999999999998
2.709299999999999 -0.15506
2.7193000000000005 -0.15571000000000002
2.7292999999999985 -0.15644
2.7393 -0.15705999999999998
2.7493000000000016 -0.15769999999999998
2.7592999999999996 -0.15823
2.769300000000001 -0.15867
2.779299999999999 -0.15888
2.789300000000001 -0.15900999999999998
2.799299999999999 -0.15894
2.8093000000000004 -0.15886000000000003
2.819300000000002 -0.15868999999999997
2.8293 -0.15872999999999998
2.8393000000000015 -0.15858
2.8492999999999995 -0.15862
2.859300000000001 -0.1588
2.869299999999999 -0.15917
2.8793000000000006 -0.15985000000000002
2.8892999999999986 -0.16065
2.8993 -0.16166
2.9093000000000018 -0.16297999999999999
2.9193 -0.1644
2.9293000000000013 -0.16614
2.9392999999999994 -0.16796000000000003
2.949300000000001 -0.1698
2.959299999999999 -0.17164
2.9693000000000005 -0.17315999999999998
2.9792999999999985 -0.17467
2.9893 -0.17606
2.9993000000000016 -0.17695
3.0092999999999996 -0.17742000000000002
3.019300000000001 -0.17734
3.029299999999999 -0.17686000000000002
3.039300000000001 -0.17573999999999998
3.049299999999999 -0.17411
3.0593000000000004 -0.17204999999999998
3.069300000000002 -0.16927
3.0793 -0.16615999999999997
3.0893000000000015 -0.16255999999999998
3.0992999999999995 -0.15873
3.109300000000001 -0.15461
3.119299999999999 -0.15027
3.1293000000000006 -0.14594
3.1392999999999986 -0.1414
3.1493 -0.13697
3.1593000000000018 -0.13274
3.1693 -0.12874
3.1793000000000013 -0.12503
3.1892999999999994 -0.12145999999999998
3.199300000000001 -0.11828000000000001
3.209299999999999 -0.11543
3.2193000000000005 -0.11309999999999999
3.2292999999999985 -0.11107
3.2393 -0.10946
3.2493000000000016 -0.10808000000000001
3.2592999999999996 -0.1073
3.269300000000001 -0.10683999999999999
3.279299999999999 -0.10679
3.289300000000001 -0.10696999999999998
3.299299999999999 -0.10755
3.3093000000000004 -0.10833000000000001
3.319300000000002 -0.10953000000000002
3.3293 -0.11095000000000001
3.3393000000000015 -0.11267
3.3492999999999995 -0.11449000000000001
3.359300000000001 -0.11642000000000001
3.369299999999999 -0.11864999999999999
3.3793000000000006 -0.12079
3.3892999999999986 -0.12302999999999997
3.3993 -0.12516
3.4093000000000018 -0.12738
3.4193 -0.12951000000000001
3.4293000000000013 -0.13162000000000001
3.4392999999999994 -0.13343
3.449300000000001 -0.13513
3.459299999999999 -0.13652
3.4693000000000005 -0.13779000000000002
3.4792999999999985 -0.13875
3.4893 -0.13939000000000001
3.4993000000000016 -0.13990999999999998
3.5092999999999996 -0.14002
3.519300000000001 -0.13992000000000002
3.529299999999999 -0.1395
3.539300000000001 -0.13895
3.549299999999999 -0.13799999999999998
3.5593000000000004 -0.13694
3.569300000000002 -0.13577999999999998
3.5793 -0.1345
3.5893000000000015 -0.13302999999999998
3.5992999999999995 -0.13155000000000003
3.609300000000001 -0.13008
3.619299999999999 -0.12869999999999998
3.6293000000000006 -0.12723
3.6392999999999986 -0.12586999999999998
3.6493 -0.12462
3.6593000000000018 -0.12337
3.6693 -0.12222999999999999
3.6793000000000013 -0.1211
3.6892999999999994 -0.12006
3.699300000000001 -0.11904
3.709299999999999 -0.11781000000000001
3.7193000000000005 -0.11677
3.7292999999999985 -0.11554
3.7393 -0.11419000000000001
3.7493000000000016 -0.11263000000000001
3.7592999999999996 -0.11096999999999999
3.769300000000001 -0.10909
3.779299999999999 -0.107
3.789300000000001 -0.10469
3.799299999999999 -0.10217
3.8093000000000004 -0.09944
3.819300000000002 -0.0965
3.8293 -0.09344
3.8393000000000015 -0.09017
3.8492999999999995 -0.08678
3.859300000000001 -0.08349000000000001
3.869299999999999 -0.08
3.8793000000000006 -0.07650000000000001
3.8892999999999986 -0.07300999999999999
3.8993 -0.06939
3.9093000000000018 -0.066
3.9193 -0.0626
3.9293000000000013 -0.059300000000000005
3.9392999999999994 -0.055900000000000005
3.949300000000001 -0.05281
3.959299999999999 -0.04971
3.9693000000000005 -0.04673400000000001
3.9792999999999985 -0.043948
3.9893 -0.041071
3.9993000000000016 -0.038401000000000005
4.0093 -0.035934
4.019300000000001 -0.033374
4.029299999999999 -0.03097
4.039300000000001 -0.028700999999999997
4.049299999999999 -0.026539999999999998
4.0593 -0.024493
4.069300000000002 -0.022544999999999996
4.0793 -0.020683
4.0893000000000015 -0.018948
4.0992999999999995 -0.01732
4.109300000000001 -0.015779
4.119299999999999 -0.014344
4.129300000000001 -0.013008
4.139299999999999 -0.011767
4.1493 -0.010622
4.159300000000002 -0.009562999999999999
4.1693 -0.008581
4.179300000000001 -0.007693
4.189299999999999 -0.0068720000000000005
4.199300000000001 -0.006125
4.209299999999999 -0.0054410000000000005
4.2193000000000005 -0.0048230999999999994
4.2292999999999985 -0.0042572999999999995
4.2393 -0.0037454000000000003
4.249300000000002 -0.0032865000000000004
4.2593 -0.0028806
4.269300000000001 -0.0025099
4.279299999999999 -0.0021777999999999997
4.289300000000001 -0.0018816999999999998
4.299299999999999 -0.0016175999999999999
4.3093 -0.0013832
4.319300000000002 -0.0011777
4.3293 -0.0009946
4.3393000000000015 -0.0008359
4.3492999999999995 -0.0006966
4.359300000000001 -0.0005784000000000001
4.369299999999999 -0.0004754
4.379300000000001 -0.00038738
4.389299999999999 -0.00031395
4.3993 -0.00025223000000000004
4.409300000000002 -0.00020081999999999996
4.4193 -0.00015843
4.429300000000001 -0.00012389
4.439299999999999 -9.609999999999999e-05
4.449300000000001 -7.371e-05
4.459299999999999 -5.6040000000000006e-05
4.4693000000000005 -4.2247000000000004e-05
4.4792999999999985 -3.1531999999999996e-05
4.4893 -2.3253e-05
4.499300000000002 -1.7002e-05
4.5093 -1.2312000000000002e-05
4.519300000000001 -8.809e-06
4.529299999999999 -6.2449999999999995e-06
4.539300000000001 -4.389100000000001e-06
4.549299999999999 -3.0435e-06
4.5593 -2.0944e-06
4.569300000000002 -1.4245999999999999e-06
4.5793 -9.586999999999998e-07
4.5893000000000015 -6.374999999999999e-07
4.5992999999999995 -4.2064e-07
4.609300000000001 -2.7448e-07
4.619299999999999 -1.7709e-07
4.629300000000001 -1.1302e-07
