-23.6007 -1.3156399999999998e-05
-23.5907 -8.60332e-06
-23.5807 -5.5739300000000005e-06
-23.570700000000002 -3.57182e-06
-23.5607 -2.266274e-06
-23.5507 -1.4240520000000002e-06
-23.5407 -8.86369e-07
-23.5307 -5.45778e-07
-23.520699999999998 -3.32626e-07
-23.5107 -2.005775e-07
-23.500700000000002 -1.198814e-07
-23.4907 -7.0842e-08
-23.4807 -4.148919999999999e-08
-23.4707 -2.402487e-08
-23.4607 -1.3785539999999999e-08
-23.450699999999998 -7.817010000000001e-09
-23.4407 -4.39171e-09
-23.4307 -2.4404729999999997e-09
-23.4207 -1.343283e-09
-23.4107 -7.314059999999999e-10
-23.4007 -3.94328e-10
-23.3907 -2.102704e-10
-23.380699999999997 -1.1090920000000001e-10
-23.3707 -5.7964900000000004e-11
-23.3607 -2.9956499999999995e-11
-23.3507 -1.5329500000000002e-11
-23.3407 -7.734879999999998e-12
-23.3307 -3.846189999999999e-12
-23.320700000000002 -1.880361e-12
-23.3107 -8.879199999999999e-13
-23.3007 -4.0370999999999995e-13
-23.2907 -1.7318450000000002e-13
-23.2807 -6.97629e-14
-23.270699999999998 -2.315389e-14
-23.2607 -3.352658e-15
-23.250700000000002 -0.0
-23.2407 -0.0
-23.2307 -0.0
-23.2207 -0.0
-23.2107 -0.0
-23.200699999999998 -0.0
-23.1907 -0.0
-23.1807 -0.0
-23.1707 -0.0
-23.1607 -0.0
-23.1507 -0.0
-23.1407 -0.0
-23.130699999999997 -0.0
-23.1207 -0.0
-23.1107 -0.0
-23.1007 -0.0
-23.0907 -0.0
-23.0807 -0.0
-23.070700000000002 -0.0
-23.0607 -0.0
-23.0507 -0.0
-23.0407 -0.0
-23.0307 -0.0
-23.020699999999998 -0.0
-23.0107 -0.0
-23.000700000000002 -0.0
-22.9907 -0.0
-22.9807 -0.0
-22.9707 -0.0
-22.9607 -0.0
-22.950699999999998 -0.0
-22.9407 -0.0
-22.9307 -0.0
-22.9207 -0.0
-22.9107 -0.0
-22.9007 -0.0
-22.8907 -0.0
-22.880699999999997 -0.0
-22.8707 -0.0
-22.8607 -0.0
-22.8507 -0.0
-22.8407 -0.0
-22.8307 -0.0
-22.820700000000002 -0.0
-22.8107 -0.0
-22.8007 -0.0
-22.7907 -0.0
-22.7807 -0.0
-22.770699999999998 -0.0
-22.7607 -0.0
-22.750700000000002 -0.0
-22.7407 -0.0
-22.7307 -0.0
-22.7207 -0.0
-22.7107 -0.0
-22.700699999999998 -0.0
-22.6907 -0.0
-22.6807 -0.0
-22.6707 -0.0
-22.6607 -0.0
-22.6507 -0.0
-22.6407 -0.0
-22.630699999999997 -0.0
-22.6207 -0.0
-22.6107 -0.0
-22.6007 -0.0
-22.5907 -0.0
-22.5807 -0.0
-22.570700000000002 -0.0
-22.5607 -0.0
-22.5507 -0.0
-22.5407 -0.0
-22.5307 -0.0
-22.520699999999998 -0.0
-22.5107 -0.0
-22.500700000000002 -0.0
-22.4907 -0.0
-22.4807 -0.0
-22.4707 -0.0
-22.4607 -0.0
-22.450699999999998 -0.0
-22.4407 -0.0
-22.4307 -0.0
-22.4207 -0.0
-22.4107 -0.0
-22.4007 -0.0
-22.3907 -0.0
-22.380699999999997 -0.0
-22.3707 -0.0
-22.3607 -0.0
-22.3507 -0.0
-22.3407 -0.0
-22.3307 -0.0
-22.320700000000002 -0.0
-22.3107 -0.0
-22.3007 -0.0
-22.2907 -0.0
-22.2807 -0.0
-22.270699999999998 -0.0
-22.2607 -0.0
-22.250700000000002 -0.0
-22.2407 -0.0
-22.2307 -0.0
-22.2207 -0.0
-22.2107 -0.0
-22.200699999999998 -0.0
-22.1907 -0.0
-22.1807 -0.0
-22.1707 -0.0
-22.1607 -0.0
-22.1507 -0.0
-22.1407 -0.0
-22.130699999999997 -0.0
-22.1207 -0.0
-22.1107 -0.0
-22.1007 -0.0
-22.0907 -0.0
-22.0807 -0.0
-22.070700000000002 -0.0
-22.0607 -0.0
-22.0507 -0.0
-22.0407 -0.0
-22.0307 -0.0
-22.020699999999998 -0.0
-22.0107 -0.0
-22.000700000000002 -0.0
-21.9907 -0.0
-21.9807 -0.0
-21.9707 -0.0
-21.9607 -0.0
-21.950699999999998 -0.0
-21.9407 -0.0
-21.9307 -0.0
-21.9207 -0.0
-21.9107 -0.0
-21.9007 -0.0
-21.8907 -0.0
-21.880699999999997 -0.0
-21.8707 -0.0
-21.8607 -0.0
-21.8507 -0.0
-21.8407 -0.0
-21.8307 -0.0
-21.820700000000002 -0.0
-21.8107 -0.0
-21.8007 -0.0
-21.7907 -0.0
-21.7807 -0.0
-21.770699999999998 -0.0
-21.7607 -0.0
-21.750700000000002 -0.0
-21.7407 -0.0
-21.7307 -0.0
-21.7207 -0.0
-21.7107 -0.0
-21.700699999999998 -0.0
-21.6907 -0.0
-21.6807 -0.0
-21.6707 -0.0
-21.6607 -0.0
-21.6507 -0.0
-21.6407 -0.0
-21.630699999999997 -0.0
-21.6207 -0.0
-21.6107 -0.0
-21.6007 -0.0
-21.5907 -0.0
-21.5807 -0.0
-21.5707 -0.0
-21.5607 -1.616415e-15
-21.5507 -3.3663397e-15
-21.5407 -1.5186895e-14
-21.5307 -3.1423265e-14
-21.520699999999998 -6.428142e-14
-21.5107 -1.3896812e-13
-21.500700000000002 -2.7860785e-13
-21.4907 -5.550359e-13
-21.4807 -1.0899922e-12
-21.4707 -2.1579622e-12
-21.4607 -4.15833e-12
-21.450699999999998 -8.045492e-12
-21.4407 -1.5183802e-11
-21.4307 -2.8416590000000003e-11
-21.4207 -5.27185e-11
-21.4107 -9.666592000000001e-11
-21.4007 -1.7530844999999998e-10
-21.3907 -3.149539e-10
-21.3807 -5.602612e-10
-21.3707 -9.873703e-10
-21.3607 -1.7211830000000002e-09
-21.3507 -2.96776e-09
-21.3407 -5.075603e-09
-21.3307 -8.589985000000001e-09
-21.3207 -1.4419710000000001e-08
-21.3107 -2.3927129999999998e-08
-21.3007 -3.934627e-08
-21.2907 -6.401426e-08
-21.2807 -1.0333875e-07
-21.270699999999998 -1.6508249999999998e-07
-21.2607 -2.614233e-07
-21.250700000000002 -4.0998299999999995e-07
-21.2407 -6.376803000000001e-07
-21.2307 -9.81744e-07
-21.2207 -1.4996140000000002e-06
-21.2107 -2.2679480000000004e-06
-21.200699999999998 -3.4023610000000002e-06
-21.1907 -5.052309e-06
-21.1807 -7.44846e-06
-21.1707 -1.08796e-05
-21.1607 -1.573697e-05
-21.1507 -2.2607100000000002e-05
-21.1407 -3.215519e-05
-21.1307 -4.5443580000000005e-05
-21.1207 -6.360600000000001e-05
-21.1107 -8.82175e-05
-21.1007 -0.00012145260000000002
-21.0907 -0.0001657784
-21.0807 -0.0002242444
-21.0707 -0.0003010622
-21.0607 -0.0004009436
-21.0507 -0.000528703
-21.0407 -0.00069126
-21.0307 -0.000897535
-21.020699999999998 -0.0011542589999999997
-21.0107 -0.001472137
-21.000700000000002 -0.0018612240000000003
-20.9907 -0.002333532
-20.9807 -0.002902094
-20.9707 -0.003573967
-20.9607 -0.004367158
-20.950699999999998 -0.0052867
-20.9407 -0.0063446399999999995
-20.9307 -0.00754596
-20.9207 -0.00891272
-20.9107 -0.01040891
-20.9007 -0.01208352
-20.8907 -0.01387856
-20.8807 -0.01583402
-20.8707 -0.01790988
-20.8607 -0.02011613
-20.8507 -0.02242275
-20.8407 -0.02479972
-20.8307 -0.02724685
-20.8207 -0.02977444
-20.8107 -0.03234231
-20.8007 -0.0349805
-20.7907 -0.03764901
-20.7807 -0.04041816
-20.770699999999998 -0.04327764
-20.7607 -0.0462282
-20.750700000000002 -0.04942930000000001
-20.7407 -0.0527115
-20.7307 -0.056214799999999995
-20.7207 -0.060159500000000005
-20.7107 -0.06432550000000001
-20.700699999999998 -0.0687632
-20.6907 -0.0736723
-20.6807 -0.0789532
-20.6707 -0.0847257
-20.6607 -0.0906595
-20.6507 -0.097095
-20.6407 -0.10376149999999999
-20.6307 -0.11035879999999999
-20.6207 -0.11718690000000001
-20.6107 -0.12404480000000001
-20.6007 -0.1308731
-20.5907 -0.13730040000000002
-20.5807 -0.1435271
-20.5707 -0.1492532
-20.5607 -0.1546779
-20.5507 -0.15960030000000003
-20.5407 -0.1640236
-20.5307 -0.16794630000000002
-20.520699999999998 -0.171366
-20.5107 -0.17468569999999997
-20.500700000000002 -0.1774055
-20.4907 -0.1803265
-20.4807 -0.18324849999999998
-20.4707 -0.1862716
-20.4607 -0.189597
-20.450699999999998 -0.19362849999999998
-20.4407 -0.19846209999999997
-20.4307 -0.2038
-20.4207 -0.210243
-20.4107 -0.21749020000000002
-20.4007 -0.2255435
-20.3907 -0.23470199999999997
-20.3807 -0.244464
-20.3707 -0.25523
-20.3607 -0.266299
-20.3507 -0.277968
-20.3407 -0.28994200000000003
-20.3307 -0.301616
-20.3207 -0.31338699999999997
-20.3107 -0.324657
-20.3007 -0.335226
-20.2907 -0.345191
-20.2807 -0.354554
-20.270699999999998 -0.362912
-20.2607 -0.370368
-20.250700000000002 -0.3771210000000001
-20.2407 -0.38296800000000003
-20.2307 -0.388314
-20.2207 -0.39296000000000003
-20.2107 -0.397404
-20.200699999999998 -0.401346
-20.1907 -0.40509100000000003
-20.1807 -0.4089339999999999
-20.1707 -0.412782
-20.1607 -0.416828
-20.1507 -0.42107999999999995
-20.1407 -0.425632
-20.1307 -0.43058700000000005
-20.1207 -0.436046
-20.1107 -0.441405
-20.1007 -0.44837
-20.0907 -0.454437
-20.0807 -0.46180400000000005
-20.0707 -0.468477
-20.0607 -0.47624900000000003
-20.0507 -0.484122
-20.0407 -0.492299
-20.0307 -0.499575
-20.020699999999998 -0.50795
-20.0107 -0.5153260000000001
-20.000700000000002 -0.523699
-19.9907 -0.53107
-19.9807 -0.537338
-19.9707 -0.544302
-19.9607 -0.5503629999999999
-19.950699999999998 -0.554318
-19.9407 -0.558967
-19.9307 -0.5621120000000001
-19.9207 -0.5647519999999999
-19.9107 -0.5661869999999999
-19.9007 -0.568716
-19.8907 -0.568142
-19.8807 -0.568667
-19.8707 -0.5682889999999999
-19.8607 -0.568411
-19.8507 -0.568533
-19.8407 -0.5688570000000001
-19.8307 -0.5683849999999999
-19.8207 -0.569114
-19.8107 -0.5706499999999999
-19.8007 -0.572387
-19.7907 -0.57413
-19.7807 -0.5772769999999999
-19.770699999999998 -0.580226
-19.7607 -0.5834779999999999
-19.750700000000002 -0.585825
-19.7407 -0.5890799999999998
-19.7307 -0.5921329999999999
-19.7207 -0.5949749999999999
-19.7107 -0.5966239999999999
-19.700699999999998 -0.59756
-19.6907 -0.598393
-19.6807 -0.5979120000000001
-19.6707 -0.596926
-19.6607 -0.5935380000000001
-19.6507 -0.591847
-19.6407 -0.588051
-19.6307 -0.5851459999999999
-19.6207 -0.5813400000000001
-19.6107 -0.5776330000000001
-19.6007 -0.575241
-19.5907 -0.571241
-19.5807 -0.569743
-19.5707 -0.567651
-19.5607 -0.567473
-19.5507 -0.567701
-19.5407 -0.568824
-19.5307 -0.570364
-19.520699999999998 -0.5737089999999999
-19.5107 -0.577063
-19.500700000000002 -0.582923
-19.4907 -0.5897910000000001
-19.4807 -0.59667
-19.4707 -0.6056499999999999
-19.4607 -0.617256
-19.450699999999998 -0.6309750000000001
-19.4407 -0.647713
-19.4307 -0.664476
-19.4207 -0.686564
-19.4107 -0.7120660000000001
-19.4007 -0.7411159999999999
-19.3907 -0.773592
-19.3807 -0.808805
-19.3707 -0.8489420000000001
-19.3607 -0.8942330000000001
-19.3507 -0.940525
-19.3407 -0.9900680000000001
-19.3307 -1.0431300000000001
-19.3207 -1.10061
-19.3107 -1.15711
-19.3007 -1.2136200000000001
-19.2907 -1.27314
-19.2807 -1.3296599999999998
-19.270699999999998 -1.3851600000000002
-19.2607 -1.43865
-19.250700000000002 -1.49014
-19.2407 -1.5385800000000003
-19.2307 -1.5799999999999998
-19.2207 -1.62239
-19.2107 -1.6577600000000003
-19.200699999999998 -1.69007
-19.1907 -1.7153699999999998
-19.1807 -1.7406199999999998
-19.1707 -1.7588299999999997
-19.1607 -1.7730000000000001
-19.1507 -1.7841500000000003
-19.1407 -1.7912500000000002
-19.1307 -1.79632
-19.1207 -1.79838
-19.1107 -1.7964
-19.1007 -1.7934
-19.0907 -1.78838
-19.0807 -1.78033
-19.0707 -1.7722700000000002
-19.0607 -1.76318
-19.0507 -1.7510699999999997
-19.0407 -1.73593
-19.0307 -1.7227899999999998
-19.020699999999998 -1.70361
-19.0107 -1.6854000000000002
-19.000700000000002 -1.6642
-18.9907 -1.6399599999999999
-18.9807 -1.6147
-18.9707 -1.5854300000000001
-18.9607 -1.55714
-18.950699999999998 -1.52281
-18.9407 -1.4884799999999998
-18.9307 -1.4511399999999999
-18.9207 -1.41277
-18.9107 -1.3703899999999998
-18.9007 -1.328
-18.8907 -1.28561
-18.8807 -1.24122
-18.8707 -1.1978280000000001
-18.8607 -1.154455
-18.8507 -1.111205
-18.8407 -1.071138
-18.8307 -1.031711
-18.8207 -0.9945
-18.8107 -0.961747
-18.8007 -0.929991
-18.7907 -0.9032830000000001
-18.7807 -0.879303
-18.770699999999998 -0.858266
-18.7607 -0.8410409999999999
-18.750700000000002 -0.828948
-18.7407 -0.819089
-18.7307 -0.810332
-18.7207 -0.803899
-18.7107 -0.7982769999999999
-18.700699999999998 -0.7945559999999999
-18.6907 -0.790945
-18.6807 -0.787721
-18.6707 -0.7841959999999999
-18.6607 -0.7802640000000001
-18.6507 -0.774615
-18.6407 -0.7682462999999999
-18.6307 -0.7598674
-18.6207 -0.7510848999999999
-18.6107 -0.7400598
-18.6007 -0.7297906000000001
-18.5907 -0.7176861999999999
-18.5807 -0.7050946
-18.5707 -0.6915955
-18.5607 -0.6774989
-18.5507 -0.6644436
-18.5407 -0.6495496999999999
-18.5307 -0.634517
-18.520699999999998 -0.6196045
-18.5107 -0.6034413
-18.500700000000002 -0.5870771
-18.4907 -0.5695530999999999
-18.4807 -0.5507062
-18.4707 -0.5304884999999999
-18.4607 -0.5087782000000001
-18.450699999999998 -0.48596649999999997
-18.4407 -0.4615532
-18.4307 -0.4348281
-18.4207 -0.4089113
-18.4107 -0.3805942
-18.4007 -0.35114599999999996
-18.3907 -0.32245518
-18.3807 -0.29387591
-18.3707 -0.26479821000000003
-18.3607 -0.23731418999999998
-18.3507 -0.21063705
-18.3407 -0.18499569
-18.3307 -0.16109831000000002
-18.3207 -0.1391248
-18.3107 -0.11881865999999999
-18.3007 -0.10066789000000001
-18.2907 -0.08436358000000001
-18.2807 -0.0700849
-18.270699999999998 -0.05762756
-18.2607 -0.046965429
-18.250700000000002 -0.037761774
-18.2407 -0.030193365
-18.2307 -0.023820088
-18.2207 -0.018631358
-18.2107 -0.014410311
-18.200699999999998 -0.011044032
-18.1907 -0.008374559
-18.1807 -0.0062889719999999994
-18.1707 -0.0046684622
-18.1607 -0.0034313285
-18.1507 -0.002498784
-18.1407 -0.001798414
-18.1307 -0.0012823975
-18.1207 -0.0009040426999999999
-18.1107 -0.0006309653
-18.1007 -0.00043603330999999996
-18.0907 -0.00029843561
-18.0807 -0.00020169506
-18.0707 -0.00013496932
-18.0607 -8.932445999999999e-05
-18.0507 -5.8496387e-05
-18.0407 -3.7923759e-05
-18.0307 -2.4337427000000002e-05
-18.020699999999998 -1.5460623999999998e-05
-18.0107 -9.729212e-06
-18.000700000000002 -6.0505766e-06
-17.9907 -3.7205491e-06
-17.9807 -2.2614805e-06
-17.9707 -1.3628936e-06
-17.9607 -8.128924e-07
-17.950699999999998 -4.789678300000001e-07
-17.9407 -2.7914353000000004e-07
-17.9307 -1.6132897e-07
-17.9207 -9.215345999999999e-08
-17.9107 -5.2108244e-08
-17.9007 -2.9113148999999995e-08
-17.8907 -1.6102009999999997e-08
-17.8807 -8.817336e-09
-17.8707 -4.7759033e-09
-17.8607 -2.5617588e-09
-17.8507 -1.3559899e-09
-17.8407 -7.1271254e-10
-17.8307 -3.6988817999999996e-10
-17.8207 -1.8963079e-10
-17.8107 -9.62217e-11
-17.8007 -4.8264304e-11
-17.7907 -2.3970699e-11
-17.7807 -1.1774914e-11
-17.770699999999998 -5.6476229e-12
-17.7607 -2.5368556e-12
-17.750700000000002 -1.0435376e-12
-17.7407 -2.8246084e-13
-17.7307 -0.0
-17.7207 -0.0
-17.7107 -0.0
-17.700699999999998 -0.0
-17.6907 -0.0
-17.6807 -0.0
-17.6707 -0.0
-17.6607 -0.0
-17.6507 -0.0
-17.6407 -0.0
-17.6307 -0.0
-17.6207 -0.0
-17.6107 -0.0
-17.6007 -0.0
-17.5907 -0.0
-17.5807 -0.0
-17.5707 -0.0
-17.5607 -0.0
-17.5507 -0.0
-17.5407 -0.0
-17.5307 -0.0
-17.520699999999998 -0.0
-17.5107 -0.0
-17.5007 -0.0
-17.4907 -0.0
-17.4807 -0.0
-17.4707 -0.0
-17.4607 -0.0
-17.4507 -0.0
-17.4407 -0.0
-17.4307 -0.0
-17.4207 -0.0
-17.4107 -0.0
-17.4007 -0.0
-17.3907 -0.0
-17.3807 -0.0
-17.3707 -0.0
-17.3607 -0.0
-17.3507 -0.0
-17.3407 -0.0
-17.3307 -0.0
-17.3207 -0.0
-17.3107 -0.0
-17.3007 -0.0
-17.2907 -0.0
-17.2807 -0.0
-17.270699999999998 -0.0
-17.2607 -0.0
-17.2507 -0.0
-17.2407 -0.0
-17.2307 -0.0
-17.2207 -0.0
-17.2107 -0.0
-17.2007 -0.0
-17.1907 -0.0
-17.1807 -0.0
-17.1707 -0.0
-17.1607 -0.0
-17.1507 -0.0
-17.1407 -0.0
-17.1307 -0.0
-17.1207 -0.0
-17.1107 -0.0
-17.1007 -0.0
-17.0907 -0.0
-17.0807 -0.0
-17.0707 -0.0
-17.0607 -0.0
-17.0507 -0.0
-17.0407 -0.0
-17.0307 -0.0
-17.020699999999998 -0.0
-17.0107 -0.0
-17.0007 -0.0
-16.9907 -0.0
-16.9807 -0.0
-16.9707 -0.0
-16.9607 -0.0
-16.9507 -0.0
-16.9407 -0.0
-16.9307 -0.0
-16.9207 -0.0
-16.9107 -0.0
-16.9007 -0.0
-16.8907 -0.0
-16.8807 -0.0
-16.8707 -0.0
-16.8607 -0.0
-16.8507 -0.0
-16.8407 -0.0
-16.8307 -0.0
-16.8207 -0.0
-16.8107 -0.0
-16.8007 -0.0
-16.7907 -0.0
-16.7807 -0.0
-16.770699999999998 -0.0
-16.7607 -0.0
-16.7507 -0.0
-16.7407 -0.0
-16.7307 -0.0
-16.7207 -0.0
-16.7107 -0.0
-16.7007 -0.0
-16.6907 -0.0
-16.6807 -0.0
-16.6707 -0.0
-16.6607 -0.0
-16.6507 -0.0
-16.6407 -0.0
-16.6307 -0.0
-16.6207 -0.0
-16.6107 -0.0
-16.6007 -0.0
-16.5907 -0.0
-16.5807 -0.0
-16.5707 -0.0
-16.5607 -0.0
-16.5507 -0.0
-16.5407 -0.0
-16.5307 -0.0
-16.520699999999998 -0.0
-16.5107 -0.0
-16.5007 -0.0
-16.4907 -0.0
-16.4807 -0.0
-16.4707 -0.0
-16.4607 -0.0
-16.4507 -0.0
-16.4407 -0.0
-16.4307 -0.0
-16.4207 -0.0
-16.4107 -0.0
-16.4007 -0.0
-16.3907 -0.0
-16.3807 -0.0
-16.3707 -0.0
-16.3607 -0.0
-16.3507 -0.0
-16.3407 -0.0
-16.3307 -0.0
-16.3207 -0.0
-16.3107 -0.0
-16.3007 -0.0
-16.2907 -0.0
-16.2807 -0.0
-16.270699999999998 -0.0
-16.2607 -0.0
-16.2507 -0.0
-16.2407 -0.0
-16.2307 -0.0
-16.2207 -0.0
-16.2107 -0.0
-16.2007 -0.0
-16.1907 -0.0
-16.1807 -0.0
-16.1707 -0.0
-16.1607 -0.0
-16.1507 -0.0
-16.1407 -0.0
-16.1307 -0.0
-16.1207 -0.0
-16.1107 -0.0
-16.1007 -0.0
-16.0907 -0.0
-16.0807 -0.0
-16.0707 -0.0
-16.0607 -0.0
-16.0507 -0.0
-16.0407 -0.0
-16.0307 -0.0
-16.020699999999998 -0.0
-16.0107 -0.0
-16.0007 -0.0
-15.9907 -0.0
-15.980699999999999 -0.0
-15.9707 -0.0
-15.9607 -0.0
-15.9507 -0.0
-15.9407 -0.0
-15.9307 -0.0
-15.9207 -0.0
-15.9107 -0.0
-15.9007 -0.0
-15.890699999999999 -0.0
-15.8807 -0.0
-15.8707 -0.0
-15.8607 -0.0
-15.8507 -0.0
-15.8407 -0.0
-15.8307 -0.0
-15.8207 -0.0
-15.8107 -0.0
-15.800699999999999 -0.0
-15.7907 -0.0
-15.7807 -0.0
-15.7707 -0.0
-15.7607 -0.0
-15.7507 -0.0
-15.7407 -0.0
-15.730699999999999 -0.0
-15.7207 -0.0
-15.7107 -0.0
-15.7007 -0.0
-15.6907 -0.0
-15.6807 -0.0
-15.6707 -0.0
-15.6607 -0.0
-15.6507 -0.0
-15.640699999999999 -0.0
-15.6307 -0.0
-15.6207 -0.0
-15.6107 -0.0
-15.6007 -0.0
-15.5907 -0.0
-15.5807 -0.0
-15.5707 -0.0
-15.5607 -0.0
-15.550699999999999 -0.0
-15.5407 -0.0
-15.5307 -0.0
-15.5207 -0.0
-15.5107 -0.0
-15.5007 -0.0
-15.4907 -0.0
-15.480699999999999 -0.0
-15.4707 -0.0
-15.4607 -0.0
-15.4507 -0.0
-15.4407 -0.0
-15.4307 -0.0
-15.4207 -0.0
-15.4107 -0.0
-15.4007 -0.0
-15.390699999999999 -0.0
-15.3807 -0.0
-15.3707 -0.0
-15.3607 -0.0
-15.3507 -0.0
-15.3407 -0.0
-15.3307 -0.0
-15.3207 -0.0
-15.3107 -0.0
-15.300699999999999 -0.0
-15.2907 -0.0
-15.2807 -0.0
-15.2707 -0.0
-15.2607 -0.0
-15.2507 -0.0
-15.2407 -0.0
-15.230699999999999 -0.0
-15.2207 -0.0
-15.2107 -0.0
-15.2007 -0.0
-15.1907 -0.0
-15.1807 -0.0
-15.1707 -0.0
-15.1607 -0.0
-15.1507 -0.0
-15.140699999999999 -0.0
-15.1307 -0.0
-15.1207 -0.0
-15.1107 -0.0
-15.1007 -0.0
-15.0907 -0.0
-15.0807 -0.0
-15.0707 -0.0
-15.0607 -0.0
-15.050699999999999 -0.0
-15.0407 -0.0
-15.0307 -0.0
-15.0207 -0.0
-15.0107 -0.0
-15.0007 -0.0
-14.9907 -0.0
-14.980699999999999 -0.0
-14.9707 -0.0
-14.9607 -0.0
-14.9507 -0.0
-14.9407 -0.0
-14.9307 -0.0
-14.9207 -0.0
-14.9107 -0.0
-14.9007 -0.0
-14.890699999999999 -0.0
-14.8807 -0.0
-14.8707 -0.0
-14.8607 -0.0
-14.8507 -0.0
-14.8407 -0.0
-14.8307 -0.0
-14.8207 -0.0
-14.8107 -0.0
-14.800699999999999 -0.0
-14.7907 -0.0
-14.7807 -0.0
-14.7707 -0.0
-14.7607 -0.0
-14.7507 -0.0
-14.7407 -0.0
-14.730699999999999 -0.0
-14.7207 -0.0
-14.7107 -0.0
-14.7007 -0.0
-14.6907 -0.0
-14.6807 -0.0
-14.6707 -0.0
-14.6607 -0.0
-14.6507 -0.0
-14.640699999999999 -0.0
-14.6307 -0.0
-14.6207 -0.0
-14.6107 -0.0
-14.6007 -0.0
-14.5907 -0.0
-14.5807 -0.0
-14.5707 -0.0
-14.5607 -0.0
-14.550699999999999 -0.0
-14.5407 -0.0
-14.5307 -0.0
-14.5207 -0.0
-14.5107 -0.0
-14.5007 -0.0
-14.4907 -0.0
-14.4807 -0.0
-14.470699999999999 -0.0
-14.4607 -0.0
-14.4507 -0.0
-14.4407 -0.0
-14.4307 -0.0
-14.4207 -0.0
-14.4107 -0.0
-14.4007 -0.0
-14.390699999999999 -0.0
-14.3807 -0.0
-14.3707 -0.0
-14.3607 -0.0
-14.3507 -0.0
-14.3407 -0.0
-14.3307 -0.0
-14.3207 -0.0
-14.3107 -0.0
-14.300699999999999 -0.0
-14.2907 -0.0
-14.2807 -0.0
-14.2707 -0.0
-14.2607 -0.0
-14.2507 -0.0
-14.2407 -0.0
-14.2307 -0.0
-14.220699999999999 -0.0
-14.2107 -0.0
-14.2007 -0.0
-14.1907 -0.0
-14.1807 -0.0
-14.1707 -0.0
-14.1607 -0.0
-14.1507 -0.0
-14.140699999999999 -0.0
-14.1307 -0.0
-14.1207 -0.0
-14.1107 -0.0
-14.1007 -0.0
-14.0907 -0.0
-14.0807 -0.0
-14.0707 -0.0
-14.0607 -0.0
-14.050699999999999 -0.0
-14.0407 -0.0
-14.0307 -0.0
-14.0207 -0.0
-14.0107 -0.0
-14.0007 -0.0
-13.9907 -0.0
-13.9807 -0.0
-13.970699999999999 -0.0
-13.9607 -0.0
-13.9507 -0.0
-13.9407 -0.0
-13.9307 -0.0
-13.9207 -0.0
-13.9107 -0.0
-13.9007 -0.0
-13.890699999999999 -0.0
-13.8807 -0.0
-13.8707 -0.0
-13.8607 -0.0
-13.8507 -0.0
-13.8407 -0.0
-13.8307 -0.0
-13.8207 -0.0
-13.8107 -0.0
-13.800699999999999 -0.0
-13.7907 -0.0
-13.7807 -0.0
-13.7707 -0.0
-13.7607 -0.0
-13.7507 -0.0
-13.7407 -0.0
-13.7307 -0.0
-13.720699999999999 -0.0
-13.7107 -0.0
-13.7007 -0.0
-13.6907 -0.0
-13.6807 -0.0
-13.6707 -0.0
-13.6607 -0.0
-13.6507 -0.0
-13.640699999999999 -0.0
-13.6307 -0.0
-13.6207 -0.0
-13.6107 -0.0
-13.6007 -0.0
-13.5907 -0.0
-13.5807 -0.0
-13.5707 -0.0
-13.5607 -0.0
-13.550699999999999 -0.0
-13.5407 -0.0
-13.5307 -0.0
-13.5207 -0.0
-13.5107 -0.0
-13.5007 -0.0
-13.4907 -0.0
-13.4807 -0.0
-13.470699999999999 -0.0
-13.4607 -0.0
-13.4507 -0.0
-13.4407 -0.0
-13.4307 -0.0
-13.4207 -0.0
-13.4107 -0.0
-13.4007 -0.0
-13.390699999999999 -0.0
-13.3807 -0.0
-13.3707 -0.0
-13.3607 -0.0
-13.3507 -0.0
-13.3407 -0.0
-13.3307 -0.0
-13.3207 -0.0
-13.3107 -0.0
-13.300699999999999 -0.0
-13.2907 -0.0
-13.2807 -0.0
-13.2707 -0.0
-13.2607 -0.0
-13.2507 -0.0
-13.2407 -0.0
-13.2307 -0.0
-13.220699999999999 -0.0
-13.2107 -0.0
-13.2007 -0.0
-13.1907 -0.0
-13.1807 -0.0
-13.1707 -0.0
-13.1607 -0.0
-13.1507 -0.0
-13.140699999999999 -0.0
-13.1307 -0.0
-13.1207 -0.0
-13.1107 -0.0
-13.1007 -0.0
-13.0907 -0.0
-13.0807 -0.0
-13.0707 -0.0
-13.0607 -0.0
-13.050699999999999 -0.0
-13.0407 -0.0
-13.0307 -0.0
-13.0207 -0.0
-13.0107 -0.0
-13.0007 -0.0
-12.9907 -0.0
-12.9807 -0.0
-12.970699999999999 -0.0
-12.9607 -0.0
-12.9507 -0.0
-12.9407 -0.0
-12.9307 -0.0
-12.9207 -0.0
-12.9107 -0.0
-12.9007 -0.0
-12.890699999999999 -0.0
-12.8807 -0.0
-12.8707 -0.0
-12.8607 -0.0
-12.8507 -0.0
-12.8407 -0.0
-12.8307 -0.0
-12.8207 -0.0
-12.8107 -0.0
-12.800699999999999 -0.0
-12.7907 -0.0
-12.7807 -0.0
-12.7707 -0.0
-12.7607 -4.4232700000000006e-15
-12.7507 -1.701322e-14
-12.7407 -3.53654e-14
-12.7307 -9.066479999999998e-14
-12.720699999999999 -1.934577e-13
-12.7107 -4.0066900000000003e-13
-12.7007 -8.03761e-13
-12.6907 -1.611889e-12
-12.6807 -3.20174e-12
-12.6707 -6.27289e-12
-12.6607 -1.213498e-11
-12.6507 -2.317276e-11
-12.640699999999999 -4.3825600000000005e-11
-12.6307 -8.19097e-11
-12.6207 -1.5152820000000001e-10
-12.6107 -2.777239e-10
-12.6007 -5.0278e-10
-12.5907 -9.03462e-10
-12.5807 -1.605006e-09
-12.5707 -2.821758e-09
-12.5607 -4.908830000000001e-09
-12.550699999999999 -8.46761e-09
-12.5407 -1.4430429999999999e-08
-12.5307 -2.435759e-08
-12.5207 -4.07777e-08
-12.5107 -6.73905e-08
-12.5007 -1.1033440000000001e-07
-12.4907 -1.7883820000000001e-07
-12.480699999999999 -2.870259e-07
-12.4707 -4.5556999999999994e-07
-12.4607 -7.17896e-07
-12.4507 -1.1188559999999998e-06
-12.4407 -1.726782e-06
-12.4307 -2.6363590000000002e-06
-12.4207 -3.99114e-06
-12.4107 -5.97584e-06
-12.4007 -8.858819999999999e-06
-12.390699999999999 -1.30295e-05
-12.3807 -1.895006e-05
-12.3707 -2.7283680000000003e-05
-12.3607 -3.8959559999999996e-05
-12.3507 -5.50643e-05
-12.3407 -7.69527e-05
-12.3307 -0.0001068082
-12.3207 -0.0001468895
-12.3107 -0.0001995844
-12.300699999999999 -0.0002691858
-12.2907 -0.0003594607
-12.2807 -0.000475558
-12.2707 -0.000623509
-12.2607 -0.000809058
-12.2507 -0.001041282
-12.2407 -0.0013261339999999999
-12.230699999999999 -0.0016760710000000001
-12.2207 -0.002097479
-12.2107 -0.0026025049999999997
-12.2007 -0.0031981999999999996
-12.1907 -0.0038976260000000004
-12.1807 -0.004705846999999999
-12.1707 -0.005633
-12.1607 -0.006685860000000001
-12.1507 -0.00786767
-12.140699999999999 -0.00917137
-12.1307 -0.01061581
-12.1207 -0.01218397
-12.1107 -0.01386496
-12.1007 -0.0156474
-12.0907 -0.01756043
-12.0807 -0.019523710000000003
-12.0707 -0.021577260000000004
-12.0607 -0.02368108
-12.050699999999999 -0.025834569999999998
-12.0407 -0.027988239999999998
-12.0307 -0.0301715
-12.0207 -0.03235424
-12.0107 -0.034536700000000004
-12.0007 -0.036728699999999996
-11.9907 -0.0388801
-11.980699999999999 -0.0410312
-11.9707 -0.0431717
-11.9607 -0.0453318
-11.9507 -0.047521400000000005
-11.9407 -0.0497209
-11.9307 -0.051969999999999995
-11.9207 -0.0542686
-11.9107 -0.0565871
-11.9007 -0.0590553
-11.890699999999999 -0.0613533
-11.8807 -0.06387110000000001
-11.8707 -0.0663883
-11.8607 -0.0688556
-11.8507 -0.071312
-11.8407 -0.0737784
-11.8307 -0.0763442
-11.8207 -0.07866920000000001
-11.8107 -0.08110389999999999
-11.800699999999999 -0.0833078
-11.7907 -0.0856113
-11.7807 -0.08771410000000002
-11.7707 -0.0900162
-11.7607 -0.09181800000000001
-11.7507 -0.09381919999999999
-11.7407 -0.0956199
-11.730699999999999 -0.09742020000000001
-11.7207 -0.0991202
-11.7107 -0.10061969999999999
-11.7007 -0.10221920000000001
-11.6907 -0.10361840000000001
-11.6807 -0.10491730000000002
-11.6707 -0.10641610000000001
-11.6607 -0.1078149
-11.6507 -0.1089137
-11.640699999999999 -0.1102124
-11.6307 -0.11151109999999999
-11.6207 -0.11250950000000001
-11.6107 -0.11370820000000001
-11.6007 -0.114707
-11.5907 -0.1158058
-11.5807 -0.11670459999999999
-11.5707 -0.1177037
-11.5607 -0.118603
-11.550699999999999 -0.1197021
-11.5407 -0.12050159999999999
-11.5307 -0.12140100000000001
-11.5207 -0.12230080000000002
-11.5107 -0.12320039999999999
-11.5007 -0.12390010000000001
-11.4907 -0.1248
-11.480699999999999 -0.12549949999999999
-11.4707 -0.1261991
-11.4607 -0.1265987
-11.4507 -0.12719799999999998
-11.4407 -0.127597
-11.4307 -0.127896
-11.4207 -0.1281948
-11.4107 -0.1281933
-11.4007 -0.1282915
-11.390699999999999 -0.12818970000000002
-11.3807 -0.1281878
-11.3707 -0.12798589999999999
-11.3607 -0.1277839
-11.3507 -0.12768190000000001
-11.3407 -0.12738
-11.3307 -0.1270782
-11.3207 -0.1266763
-11.3107 -0.1263745
-11.300699999999999 -0.1258727
-11.2907 -0.1253708
-11.2807 -0.1246688
-11.2707 -0.12376640000000001
-11.2607 -0.12266380000000002
-11.2507 -0.1214606
-11.2407 -0.1199572
-11.230699999999999 -0.11825319999999999
-11.2207 -0.11624870000000001
-11.2107 -0.1139435
-11.2007 -0.11153790000000001
-11.1907 -0.10873200000000001
-11.1807 -0.1061257
-11.1707 -0.10311899999999999
-11.1607 -0.1001123
-11.1507 -0.09710549999999998
-11.140699999999999 -0.0937988
-11.1307 -0.09089249999999999
-11.1207 -0.08808640000000001
-11.1107 -0.08538079999999999
-11.1007 -0.0825756
-11.0907 -0.0804713
-11.0807 -0.07816749999999999
-11.0707 -0.07616450000000001
-11.0607 -0.07446199999999999
-11.050699999999999 -0.0730602
-11.0407 -0.0716591
-11.0307 -0.0704585
-11.0207 -0.0696383
-11.0107 -0.0687084
-11.0007 -0.0679985
-10.9907 -0.067439
-10.980699999999999 -0.0667691
-10.9707 -0.0661993
-10.9607 -0.065249
-10.9507 -0.0644982
-10.9407 -0.0634467
-10.9307 -0.06255469999999999
-10.9207 -0.0613617
-10.9107 -0.059918000000000006
-10.9007 -0.0583332
-10.890699999999999 -0.05667789999999999
-10.8807 -0.0547115
-10.8707 -0.0526744
-10.8607 -0.0505365
-10.8507 -0.048218000000000004
-10.8407 -0.04585929999999999
-10.8307 -0.043450100000000005
-10.8207 -0.041041
-10.8107 -0.0386516
-10.800699999999999 -0.0363325
-10.7907 -0.0340938
-10.7807 -0.0319653
-10.7707 -0.029967599999999997
-10.7607 -0.028130600000000002
-10.7507 -0.026454099999999998
-10.7407 -0.024938500000000002
-10.730699999999999 -0.023603600000000002
-10.7207 -0.0224394
-10.7107 -0.0214463
-10.7007 -0.020593800000000002
-10.6907 -0.0198821
-10.6807 -0.0193208
-10.6707 -0.0188505
-10.6607 -0.0185006
-10.6507 -0.0182514
-10.640699999999999 -0.0180626
-10.6307 -0.017954199999999997
-10.6207 -0.017896099999999998
-10.6107 -0.017878199999999997
-10.6007 -0.0178806
-10.5907 -0.0179129
-10.5807 -0.0179152
-10.5707 -0.0179173
-10.5607 -0.0178994
-10.550699999999999 -0.0178409
-10.5407 -0.017731999999999998
-10.5307 -0.0175624
-10.5207 -0.017322399999999998
-10.5107 -0.016991399999999997
-10.5007 -0.016579899999999998
-10.4907 -0.0161075
-10.480699999999999 -0.015544499999999998
-10.4707 -0.0149107
-10.4607 -0.014196199999999999
-10.4507 -0.0134214
-10.4407 -0.0125958
-10.4307 -0.011729900000000001
-10.4207 -0.010864
-10.4107 -0.0099878
-10.4007 -0.00909142
-10.390699999999999 -0.00824546
-10.3807 -0.00739948
-10.3707 -0.00662286
-10.3607 -0.00589276
-10.3507 -0.0052099799999999995
-10.3407 -0.00459166
-10.3307 -0.0040338200000000005
-10.3207 -0.0035394200000000006
-10.3107 -0.0031035
-10.300699999999999 -0.002724
-10.2907 -0.00239689
-10.2807 -0.00211809
-10.2707 -0.00187959
-10.2607 -0.0016763099999999999
-10.2507 -0.00150725
-10.2407 -0.0013603
-10.230699999999999 -0.00123345
-10.2207 -0.00112265
-10.2107 -0.0010258799999999998
-10.2007 -0.00093912
-10.1907 -0.0008583400000000001
-10.1807 -0.0007835400000000001
-10.1707 -0.00071402
-10.1607 -0.00064718
-10.1507 -0.00058511
-10.140699999999999 -0.00052485
-10.1307 -0.00046827999999999995
-10.1207 -0.00041461
-10.1107 -0.00036447
-10.1007 -0.000317941
-10.0907 -0.000274962
-10.0807 -0.000236118
-10.0707 -0.000200732
-10.0607 -0.000169301
-10.050699999999999 -0.000141427
-10.0407 -0.000117311
-10.0307 -9.6434e-05
-10.0207 -7.836400000000001e-05
-10.0107 -6.3335e-05
-10.0007 -5.0597e-05
-9.9907 -4.0144999999999996e-05
-9.980699999999999 -3.1512e-05
-9.9707 -2.45356e-05
-9.9607 -1.8921800000000002e-05
-9.9507 -1.44552e-05
-9.9407 -1.09546e-05
-9.9307 -8.2242e-06
-9.9207 -6.1240999999999995e-06
-9.9107 -4.5401e-06
-9.9007 -3.3551999999999997e-06
-9.890699999999999 -2.5021e-06
-9.8807 -1.9152699999999997e-06
-9.8707 -1.5648800000000001e-06
-9.8607 -1.43644e-06
-9.8507 -1.54416e-06
-9.8407 -1.93379e-06
-9.8307 -2.6989399999999995e-06
-9.8207 -3.98143e-06
-9.8107 -5.99408e-06
-9.800699999999999 -9.0935e-06
-9.7907 -1.3734649999999999e-05
-9.7807 -2.055691e-05
-9.7707 -3.0468009999999998e-05
-9.7607 -4.488115e-05
-9.7507 -6.51844e-05
-9.7407 -9.3972e-05
-9.730699999999999 -0.00013382549999999997
-9.7207 -0.0001886215
-9.7107 -0.00026359779999999997
-9.7007 -0.0003632744
-9.6907 -0.0004969918000000001
-9.6807 -0.000672061
-9.6707 -0.0009007500000000001
-9.6607 -0.00119344
-9.6507 -0.0015651639999999997
-9.640699999999999 -0.002031336
-9.6307 -0.0026144970000000003
-9.6207 -0.0033191930000000002
-9.6107 -0.004185927
-9.6007 -0.005208914
-9.5907 -0.00643434
-9.5807 -0.007861
-9.570699999999999 -0.009497609999999998
-9.5607 -0.01138526
-9.550699999999999 -0.013480259999999999
-9.540700000000001 -0.01583362
-9.5307 -0.01841373
-9.5207 -0.02120249
-9.5107 -0.02425879
-9.5007 -0.027361350000000003
-9.4907 -0.03065854
-9.480699999999999 -0.033999259999999996
-9.4707 -0.03738342
-9.4607 -0.040776190000000004
-9.4507 -0.044026960000000004
-9.4407 -0.04723774
-9.4307 -0.0503405
-9.4207 -0.052989299999999996
-9.410699999999999 -0.055601
-9.4007 -0.0578717
-9.390699999999999 -0.059894399999999993
-9.380700000000001 -0.061602
-9.3707 -0.06296860000000001
-9.3607 -0.06411819999999999
-9.3507 -0.0650828
-9.3407 -0.0657834
-9.3307 -0.06652999999999999
-9.320699999999999 -0.0670437
-9.3107 -0.0674743
-9.300699999999999 -0.06795799999999999
-9.290700000000001 -0.06850180000000002
-9.2807 -0.0691966
-9.2707 -0.0699665
-9.2607 -0.0709495
-9.2507 -0.07202650000000001
-9.2407 -0.07341860000000001
-9.230699999999999 -0.07492370000000001
-9.2207 -0.07631879999999999
-9.2107 -0.0779299
-9.2007 -0.079631
-9.1907 -0.081232
-9.1807 -0.082732
-9.1707 -0.08411880000000001
-9.160699999999999 -0.08530349999999999
-9.1507 -0.08627309999999998
-9.140699999999999 -0.0871285
-9.130700000000001 -0.08756770000000001
-9.1207 -0.08790079999999999
-9.1107 -0.0879177
-9.1007 -0.0878395
-9.0907 -0.0872272
-9.0807 -0.0866798
-9.070699999999999 -0.08613130000000001
-9.0607 -0.0854618
-9.050699999999999 -0.08469829999999999
-9.040700000000001 -0.0840368
-9.0307 -0.08349739999999999
-9.0207 -0.08306800000000002
-9.0107 -0.08267370000000002
-9.0007 -0.08261249999999999
-8.9907 -0.08278239999999999
-8.980699999999999 -0.08309940000000002
-8.9707 -0.0836486
-8.9607 -0.08445180000000002
-8.9507 -0.08558819999999999
-8.9407 -0.08656770000000001
-8.9307 -0.0878902
-8.9207 -0.08924689999999999
-8.910699999999999 -0.0908436
-8.9007 -0.09247440000000001
-8.890699999999999 -0.09423820000000001
-8.880700000000001 -0.0961221
-8.8707 -0.097939
-8.8607 -0.099788
-8.8507 -0.10174900000000002
-8.8407 -0.10365199999999998
-8.8307 -0.1055651
-8.820699999999999 -0.1074991
-8.8107 -0.1091432
-8.800699999999999 -0.1108063
-8.790700000000001 -0.11258750000000001
-8.7807 -0.1140776
-8.7707 -0.1155647
-8.7607 -0.1168569
-8.7507 -0.11785799999999999
-8.7407 -0.1189532
-8.730699999999999 -0.1196413
-8.7207 -0.1202175
-8.7107 -0.1207877
-8.7007 -0.1211429
-8.6907 -0.121382
-8.6807 -0.12141919999999999
-8.6707 -0.1213334
-8.660699999999999 -0.12138349999999999
-8.6507 -0.1212216
-8.640699999999999 -0.1210467
-8.630700000000001 -0.12086079999999999
-8.6207 -0.12056480000000001
-8.6107 -0.1203678
-8.6007 -0.12004969999999998
-8.5907 -0.11973149999999999
-8.5807 -0.1194033
-8.570699999999999 -0.11877390000000002
-8.5607 -0.11843350000000001
-8.550699999999999 -0.1177831
-8.540700000000001 -0.1172295
-8.5307 -0.11657489999999998
-8.5207 -0.11561920000000002
-8.5107 -0.1147604
-8.5007 -0.1136996
-8.4907 -0.1125367
-8.480699999999999 -0.1110718
-8.4707 -0.10961280000000001
-8.4607 -0.10815069999999999
-8.4507 -0.10658870000000001
-8.4407 -0.1046235
-8.4307 -0.1027663
-8.4207 -0.1008981
-8.410699999999999 -0.0991297
-8.4007 -0.0971593
-8.390699999999999 -0.0951897
-8.380700000000001 -0.0933101
-8.3707 -0.09152130000000001
-8.3607 -0.08972640000000001
-8.3507 -0.0882313
-8.3407 -0.08672320000000001
-8.3307 -0.08551689999999999
-8.320699999999999 -0.0844065
-8.3107 -0.083591
-8.300699999999999 -0.0830715
-8.290700000000001 -0.08277100000000001
-8.2807 -0.0828575
-8.2707 -0.083262
-8.2607 -0.0841726
-8.2507 -0.08530430000000001
-8.2407 -0.0866441
-8.230699999999999 -0.0883911
-8.2207 -0.09046520000000001
-8.2107 -0.0928465
-8.2007 -0.09525089999999999
-8.1907 -0.0978596
-8.1807 -0.1005784
-8.1707 -0.10310830000000001
-8.160699999999999 -0.10563629999999999
-8.1507 -0.1078685
-8.140699999999999 -0.10979469999999998
-8.130700000000001 -0.11121389999999999
-8.1207 -0.11241920000000001
-8.1107 -0.1128074
-8.1007 -0.1129806
-8.0907 -0.1123307
-8.0807 -0.11106769999999999
-8.070699999999999 -0.1091807
-8.0607 -0.1067695
-8.050699999999999 -0.10373719999999999
-8.040700000000001 -0.10009280000000001
-8.0307 -0.09611730000000002
-8.0207 -0.0917346
-8.0107 -0.08701389999999999
-8.0007 -0.082159
-7.9906999999999995 -0.0769103
-7.9807 -0.0718607
-7.9707 -0.0665704
-7.9607 -0.061471399999999995
-7.950699999999999 -0.05647569999999999
-7.9407 -0.051804600000000006
-7.9307 -0.047299999999999995
-7.9207 -0.043101
-7.910699999999999 -0.039250900000000005
-7.9007 -0.035807599999999995
-7.8907 -0.03274339999999999
-7.8807 -0.030209299999999998
-7.870699999999999 -0.028054900000000004
-7.8607 -0.0263701
-7.8507 -0.025134300000000002
-7.8407 -0.024348900000000003
-7.8307 -0.0239814
-7.8206999999999995 -0.024033199999999998
-7.8107 -0.0244218
-7.8007 -0.025149
-7.7907 -0.0261615
-7.7806999999999995 -0.027429000000000002
-7.7707 -0.0288801
-7.7607 -0.0304653
-7.7507 -0.0321212
-7.7406999999999995 -0.033847600000000005
-7.7307 -0.0354249
-7.7207 -0.0370689
-7.7107 -0.0385501
-7.700699999999999 -0.0398286
-7.6907 -0.040901999999999994
-7.6807 -0.0418315
-7.6707 -0.042556399999999994
-7.660699999999999 -0.0430156
-7.6507 -0.04318
-7.6407 -0.04339
-7.6307 -0.0432274
-7.620699999999999 -0.043009399999999996
-7.6107 -0.0425712
-7.6007 -0.0423534
-7.5907 -0.041934200000000005
-7.5807 -0.0417784
-7.5706999999999995 -0.041695300000000005
-7.5607 -0.04183810000000001
-7.5507 -0.0423079
-7.5407 -0.04313510000000001
-7.5306999999999995 -0.04437289999999999
-7.5207 -0.046120499999999995
-7.5107 -0.048321
-7.5007 -0.051162900000000004
-7.4906999999999995 -0.054565999999999996
-7.4807 -0.058565
-7.4707 -0.063054
-7.4607 -0.06800600000000001
-7.450699999999999 -0.073516
-7.4407 -0.079387
-7.4307 -0.08544299999999999
-7.4207 -0.09192499999999999
-7.410699999999999 -0.098567
-7.4007 -0.104969
-7.3907 -0.111125
-7.3807 -0.117176
-7.370699999999999 -0.123017
-7.3607 -0.128078
-7.3507 -0.132776
-7.3407 -0.136957
-7.3307 -0.140425
-7.3206999999999995 -0.14327800000000004
-7.3107 -0.145418
-7.3007 -0.147245
-7.2907 -0.14846199999999998
-7.2806999999999995 -0.14936999999999998
-7.2707 -0.150273
-7.2607 -0.15087699999999998
-7.2507 -0.151679
-7.2406999999999995 -0.152791
-7.2307 -0.15430799999999997
-7.2207 -0.15633799999999998
-7.2107 -0.15898199999999998
-7.200699999999999 -0.16254300000000002
-7.1907 -0.16692099999999999
-7.1807 -0.17221999999999996
-7.1707 -0.178437
-7.160699999999999 -0.185675
-7.1507 -0.19383299999999998
-7.1407 -0.20290899999999998
-7.1307 -0.21280500000000002
-7.120699999999999 -0.22351200000000004
-7.1107 -0.23513
-7.1007 -0.247167
-7.0907 -0.260014
-7.0807 -0.27317199999999997
-7.0706999999999995 -0.287028
-7.0607 -0.301002
-7.0507 -0.315156
-7.0407 -0.329524
-7.0306999999999995 -0.343992
-7.0207 -0.35826100000000005
-7.0107 -0.37261999999999995
-7.0007 -0.38637900000000003
-6.9906999999999995 -0.40022
-6.9807 -0.41334100000000007
-6.9707 -0.426172
-6.9607 -0.438272
-6.950699999999999 -0.44955300000000004
-6.9407 -0.460253
-6.9307 -0.469992
-6.9207 -0.47893199999999997
-6.910699999999999 -0.48656099999999997
-6.9007 -0.49445
-6.8907 -0.5004390000000001
-6.8807 -0.505818
-6.870699999999999 -0.510577
-6.8607 -0.5146970000000001
-6.8507 -0.5183460000000001
-6.8407 -0.5217759999999999
-6.8307 -0.524596
-6.8206999999999995 -0.527407
-6.8107 -0.530008
-6.8007 -0.53163
-6.7907 -0.53424
-6.7806999999999995 -0.53595
-6.7707 -0.5386799999999999
-6.7607 -0.54072
-6.7507 -0.54294
-6.7406999999999995 -0.5461699999999999
-6.7307 -0.54791
-6.7207 -0.55076
-6.7107 -0.55369
-6.700699999999999 -0.55584
-6.6907 -0.55838
-6.6807 -0.56103
-6.6707 -0.56378
-6.660699999999999 -0.56683
-6.6507 -0.5690000000000001
-6.6407 -0.57255
-6.6307 -0.57541
-6.620699999999999 -0.57889
-6.6107 -0.58277
-6.6007 -0.58817
-6.5907 -0.5932799999999999
-6.5807 -0.599
-6.5706999999999995 -0.6063299999999999
-6.5607 -0.61536
-6.5507 -0.62331
-6.5407 -0.63309
-6.5306999999999995 -0.64216
-6.5207 -0.65465
-6.5107 -0.66416
-6.5007 -0.67695
-6.4906999999999995 -0.68775
-6.4807 -0.69815
-6.4707 -0.70804
-6.4607 -0.7208100000000001
-6.450699999999999 -0.73049
-6.4407 -0.73934
-6.4307 -0.74949
-6.4207 -0.75663
-6.410699999999999 -0.76374
-6.4007 -0.76983
-6.3907 -0.7769
-6.3807 -0.77997
-6.370699999999999 -0.7829999999999999
-6.3607 -0.78503
-6.3507 -0.78703
-6.3407 -0.79003
-6.3307 -0.789
-6.3206999999999995 -0.78793
-6.3107 -0.78487
-6.3007 -0.7817800000000001
-6.2907 -0.77767
-6.2806999999999995 -0.77357
-6.2707 -0.76844
-6.2607 -0.76129
-6.2507 -0.7541399999999999
-6.2406999999999995 -0.74596
-6.2307 -0.73847
-6.2207 -0.72788
-6.2107 -0.71738
-6.200699999999999 -0.70767
-6.1907 -0.69586
-6.1807 -0.6850599999999999
-6.1707 -0.67223
-6.160699999999999 -0.66031
-6.1507 -0.649
-6.1407 -0.6365799999999999
-6.1307 -0.62457
-6.120699999999999 -0.61186
-6.1107 -0.60035
-6.1007 -0.58814
-6.0907 -0.57575
-6.0807 -0.56426
-6.0706999999999995 -0.55317
-6.0607 -0.5424
-6.0507 -0.53214
-6.0407 -0.52257
-6.0306999999999995 -0.51342
-6.0207 -0.5038900000000001
-6.0107 -0.49636
-6.0007 -0.4889299999999999
-5.9906999999999995 -0.48202999999999996
-5.9807 -0.47623000000000004
-5.9707 -0.47063
-5.9607 -0.46596
-5.950699999999999 -0.46198
-5.9407 -0.45863
-5.9307 -0.45578
-5.9207 -0.45353000000000004
-5.910699999999999 -0.45177799999999996
-5.9007 -0.45086099999999996
-5.8907 -0.449935
-5.8807 -0.44962100000000005
-5.870699999999999 -0.44951900000000006
-5.8607 -0.44969899999999996
-5.8507 -0.450009
-5.8407 -0.450011
-5.8307 -0.45019300000000007
-5.8206999999999995 -0.449976
-5.8107 -0.44978
-5.8007 -0.449243
-5.7907 -0.44822599999999996
-5.7806999999999995 -0.44698899999999997
-5.7707 -0.44546
-5.7607 -0.44351999999999997
-5.7507 -0.44138999999999995
-5.7406999999999995 -0.438935
-5.7307 -0.43658700000000006
-5.7207 -0.43403700000000006
-5.7107 -0.43148800000000004
-5.700699999999999 -0.429242
-5.6907 -0.42700799999999994
-5.6807 -0.425057
-5.6707 -0.42353
-5.660699999999999 -0.42220599999999997
-5.6507 -0.421177
-5.6407 -0.420552
-5.6307 -0.42015100000000005
-5.620699999999999 -0.41993400000000003
-5.6107 -0.419821
-5.6007 -0.42001999999999995
-5.5907 -0.41991
-5.5807 -0.419901
-5.5707 -0.419794
-5.560700000000001 -0.419367
-5.550699999999999 -0.419172
-5.540699999999999 -0.418147
-5.5306999999999995 -0.417323
-5.5207 -0.416408
-5.5107 -0.415183
-5.5007 -0.41396499999999997
-5.4907 -0.412636
-5.480700000000001 -0.411619
-5.470699999999999 -0.41080300000000003
-5.460699999999999 -0.410019
-5.450699999999999 -0.40991700000000003
-5.4407 -0.41022500000000006
-5.4307 -0.410946
-5.4207 -0.412288
-5.4107 -0.414131
-5.4007000000000005 -0.416576
-5.390699999999999 -0.41934200000000005
-5.380699999999999 -0.42281799999999997
-5.370699999999999 -0.426597
-5.3607 -0.43057999999999996
-5.3507 -0.43477099999999996
-5.3407 -0.439162
-5.3307 -0.44376099999999996
-5.3207 -0.448148
-5.310700000000001 -0.452535
-5.300699999999999 -0.45672
-5.290699999999999 -0.460704
-5.2806999999999995 -0.464687
-5.2707 -0.46837
-5.2607 -0.47173200000000004
-5.2507 -0.47480300000000003
-5.2407 -0.477665
-5.230700000000001 -0.480116
-5.220699999999999 -0.48236699999999993
-5.210699999999999 -0.484228
-5.200699999999999 -0.48555899999999996
-5.1907 -0.48648099999999994
-5.1807 -0.48690199999999995
-5.1707 -0.486923
-5.1607 -0.486225
-5.1507000000000005 -0.48520699999999994
-5.140699999999999 -0.48338800000000004
-5.130699999999999 -0.48106
-5.120699999999999 -0.47812099999999996
-5.1107 -0.47456299999999996
-5.1007 -0.470704
-5.0907 -0.46652599999999994
-5.0807 -0.46186800000000006
-5.0707 -0.45729000000000003
-5.060700000000001 -0.452102
-5.050699999999999 -0.44733500000000004
-5.040699999999999 -0.44234900000000005
-5.0306999999999995 -0.437762
-5.0207 -0.433199
-5.0107 -0.428618
-5.0007 -0.42466800000000005
-4.9907 -0.421
-4.980700000000001 -0.417338
-4.970699999999999 -0.41417899999999996
-4.960699999999999 -0.41073000000000004
-4.950699999999999 -0.407683
-4.9407 -0.404526
-4.9307 -0.4015909999999999
-4.9207 -0.398524
-4.9107 -0.39517900000000006
-4.9007000000000005 -0.392011
-4.890699999999999 -0.38825299999999996
-4.880699999999999 -0.384585
-4.870699999999999 -0.380715
-4.8607 -0.37653400000000004
-4.8507 -0.372263
-4.8407 -0.36768
-4.8307 -0.36329799999999995
-4.8207 -0.35861400000000004
-4.810700000000001 -0.354132
-4.800699999999999 -0.34985000000000005
-4.790699999999999 -0.345568
-4.7806999999999995 -0.34159799999999996
-4.7707 -0.33781800000000006
-4.7607 -0.334159
-4.7507 -0.330891
-4.7407 -0.3280239999999999
-4.730700000000001 -0.32527700000000004
-4.720699999999999 -0.322731
-4.710699999999999 -0.32067599999999996
-4.700699999999999 -0.31883100000000003
-4.6907 -0.317005
-4.6807 -0.31548
-4.6707 -0.314034
-4.6607 -0.31290899999999994
-4.6507000000000005 -0.311593
-4.640699999999999 -0.310478
-4.630699999999999 -0.309372
-4.620699999999999 -0.30845599999999995
-4.6107 -0.307533
-4.6007 -0.306429
-4.5907 -0.305315
-4.5807 -0.304523
-4.5707 -0.303523
-4.560700000000001 -0.302742
-4.550699999999999 -0.30194499999999996
-4.540699999999999 -0.301147
-4.5306999999999995 -0.300472
-4.5207 -0.299678
-4.5107 -0.29879500000000003
-4.5007 -0.298004
-4.4907 -0.296923
-4.480700000000001 -0.29593099999999994
-4.470699999999999 -0.29454
-4.460699999999999 -0.293338
-4.450699999999999 -0.291526
-4.4407 -0.289522
-4.4307 -0.28710600000000003
-4.4207 -0.284579
-4.4107 -0.28154700000000005
-4.4007000000000005 -0.27830000000000005
-4.390699999999999 -0.27475099999999997
-4.380699999999999 -0.27079600000000004
-4.370699999999999 -0.266628
-4.3607 -0.262449
-4.3507 -0.258177
-4.3407 -0.253694
-4.3307 -0.24942
-4.3207 -0.245238
-4.310700000000001 -0.241156
-4.300699999999999 -0.23727600000000001
-4.290699999999999 -0.233819
-4.2806999999999995 -0.230549
-4.2707 -0.227785
-4.2607 -0.225225
-4.2507 -0.223081
-4.2407 -0.221531
-4.230700000000001 -0.22029800000000002
-4.220699999999999 -0.219268
-4.210699999999999 -0.21854200000000001
-4.200699999999999 -0.21831300000000003
-4.1907 -0.218295
-4.1807 -0.21848199999999998
-4.1707 -0.21887199999999998
-4.1607 -0.219664
-4.1507000000000005 -0.22025899999999998
-4.140699999999999 -0.221148
-4.130699999999999 -0.222248
-4.120699999999999 -0.22345099999999998
-4.1107 -0.224456
-4.1007 -0.22585299999999997
-4.0907 -0.227263
-4.0807 -0.22876399999999997
-4.0707 -0.230079
-4.060700000000001 -0.231596
-4.050699999999999 -0.233303
-4.040699999999999 -0.234823
-4.0306999999999995 -0.23634600000000003
-4.0207 -0.23796799999999999
-4.0107 -0.239494
-4.0007 -0.240922
-3.9907000000000004 -0.24245100000000003
-3.9807000000000006 -0.24378100000000003
-3.970699999999999 -0.24521300000000001
-3.960699999999999 -0.24644800000000003
-3.9506999999999994 -0.24758099999999997
-3.9406999999999996 -0.248817
-3.9307 -0.249755
-3.9207 -0.250589
-3.9107000000000003 -0.251525
-3.9007000000000005 -0.25216200000000005
-3.890699999999999 -0.252897
-3.880699999999999 -0.25343099999999996
-3.8706999999999994 -0.253965
-3.8606999999999996 -0.2547
-3.8507 -0.255134
-3.8407 -0.25566599999999995
-3.8307 -0.256197
-3.8207000000000004 -0.256627
-3.8107000000000006 -0.257054
-3.800699999999999 -0.25748200000000004
-3.7906999999999993 -0.25800500000000004
-3.7806999999999995 -0.25832600000000006
-3.7706999999999997 -0.258741
-3.7607 -0.259162
-3.7507 -0.259479
-3.7407000000000004 -0.259584
-3.7307000000000006 -0.25959499999999996
-3.720699999999999 -0.259494
-3.710699999999999 -0.259392
-3.7006999999999994 -0.259096
-3.6906999999999996 -0.258587
-3.6807 -0.25796600000000003
-3.6707 -0.25705399999999995
-3.6607000000000003 -0.255939
-3.6507000000000005 -0.25471000000000005
-3.640699999999999 -0.25328900000000004
-3.630699999999999 -0.251659
-3.6206999999999994 -0.249624
-3.6106999999999996 -0.247492
-3.6007 -0.245254
-3.5907 -0.242614
-3.5807 -0.239974
-3.5707000000000004 -0.23703
-3.5607000000000006 -0.23388399999999998
-3.550699999999999 -0.23073900000000003
-3.5406999999999993 -0.22729
-3.5306999999999995 -0.223642
-3.5206999999999997 -0.21999200000000002
-3.5107 -0.21634199999999998
-3.5007 -0.21239100000000002
-3.4907000000000004 -0.20843899999999999
-3.4807000000000006 -0.204488
-3.470699999999999 -0.200437
-3.460699999999999 -0.19668499999999997
-3.4506999999999994 -0.19243799999999997
-3.4406999999999996 -0.18849000000000002
-3.4307 -0.184543
-3.4207 -0.180697
-3.4107000000000003 -0.17695399999999997
-3.4007000000000005 -0.17301
-3.390699999999999 -0.16946999999999998
-3.380699999999999 -0.16583
-3.3706999999999994 -0.16209099999999999
-3.3606999999999996 -0.158553
-3.3507 -0.155117
-3.3407 -0.15177999999999997
-3.3307 -0.14824199999999998
-3.3207000000000004 -0.144909
-3.3107000000000006 -0.141571
-3.300699999999999 -0.138036
-3.2906999999999993 -0.135102
-3.2806999999999995 -0.13206800000000002
-3.2706999999999997 -0.128936
-3.2607 -0.12620599999999998
-3.2507 -0.12347800000000002
-3.2407000000000004 -0.12095099999999999
-3.2307000000000006 -0.118828
-3.220699999999999 -0.116605
-3.210699999999999 -0.11468700000000001
-3.2006999999999994 -0.113072
-3.1906999999999996 -0.11145900000000002
-3.1807 -0.110026
-3.1707 -0.108683
-3.1607000000000003 -0.107661
-3.1507000000000005 -0.106546
-3.140699999999999 -0.10563199999999999
-3.130699999999999 -0.104533
-3.1206999999999994 -0.10363199999999999
-3.1106999999999996 -0.102545
-3.1007 -0.10139600000000001
-3.0907 -0.10038
-3.0807 -0.09909799999999999
-3.0707000000000004 -0.097826
-3.0607000000000006 -0.096477
-3.050699999999999 -0.09506700000000001
-3.0406999999999993 -0.09356
-3.0306999999999995 -0.09218399999999999
-3.0206999999999997 -0.090727
-3.0107 -0.08929000000000001
-3.0007 -0.087769
-2.9907000000000004 -0.08636
-2.9807000000000006 -0.08487999999999998
-2.970699999999999 -0.083401
-2.960699999999999 -0.082023
-2.9506999999999994 -0.080673
-2.9406999999999996 -0.079404
-2.9307 -0.07803600000000001
-2.9207 -0.076658
-2.9107000000000003 -0.07528999999999998
-2.9007000000000005 -0.07401200000000001
-2.890699999999999 -0.072727
-2.880699999999999 -0.07154
-2.8706999999999994 -0.070258
-2.8606999999999996 -0.069127
-2.8507 -0.068211
-2.8407 -0.067301
-2.8307 -0.066453
-2.8207000000000004 -0.065941
-2.8107000000000006 -0.065486
-2.800699999999999 -0.06540800000000001
-2.7906999999999993 -0.065526
-2.7806999999999995 -0.065822
-2.7706999999999997 -0.066227
-2.7607 -0.067004
-2.7507 -0.068011
-2.7407000000000004 -0.06921300000000001
-2.7307000000000006 -0.07071
-2.720699999999999 -0.07220099999999999
-2.710699999999999 -0.073886
-2.7006999999999994 -0.075844
-2.6906999999999996 -0.077774
-2.6807 -0.079864
-2.6707 -0.081794
-2.6607000000000003 -0.083966
-2.6507000000000005 -0.086064
-2.640699999999999 -0.08805900000000001
-2.630699999999999 -0.090055
-2.6206999999999994 -0.091927
-2.6106999999999996 -0.09378600000000001
-2.6007 -0.095512
-2.5907 -0.09713699999999999
-2.5807 -0.09865600000000001
-2.5707000000000004 -0.100175
-2.5607000000000006 -0.101492
-2.550699999999999 -0.102906
-2.5406999999999993 -0.10391800000000001
-2.5306999999999995 -0.105128
-2.5206999999999997 -0.10603599999999999
-2.5107 -0.106941
-2.5007 -0.107844
-2.4907000000000004 -0.108446
-2.4807000000000006 -0.109045
-2.470699999999999 -0.10944199999999998
-2.460699999999999 -0.10993499999999999
-2.4506999999999994 -0.11022799999999998
-2.4406999999999996 -0.11021600000000001
-2.4307 -0.11020200000000001
-2.4207 -0.110087
-2.4107000000000003 -0.10986900000000001
-2.4007000000000005 -0.109648
-2.390699999999999 -0.109328
-2.380699999999999 -0.108801
-2.3706999999999994 -0.108377
-2.3606999999999996 -0.10795099999999999
-2.3507 -0.10742499999999999
-2.3407 -0.10689600000000002
-2.3307 -0.10646900000000001
-2.3207000000000004 -0.10594200000000001
-2.3107000000000006 -0.10521599999999999
-2.300699999999999 -0.104688
-2.2906999999999993 -0.104062
-2.2806999999999995 -0.103335
-2.2706999999999997 -0.10280699999999998
-2.2607 -0.10208299999999998
-2.2507 -0.10125699999999999
-2.2407000000000004 -0.10033299999999999
-2.2307000000000006 -0.099508
-2.220699999999999 -0.098584
-2.210699999999999 -0.09736
-2.2006999999999994 -0.09623799999999999
-2.1906999999999996 -0.09501499999999999
-2.1807 -0.093895
-2.1707 -0.09257499999999999
-2.1607000000000003 -0.09115500000000001
-2.1507000000000005 -0.089586
-2.140699999999999 -0.08814599999999999
-2.130699999999999 -0.08661899999999999
-2.1206999999999994 -0.08499200000000001
-2.1106999999999996 -0.08341399999999999
-2.1007 -0.081758
-2.0907 -0.07990900000000001
-2.0807 -0.07805999999999999
-2.0707000000000004 -0.076109
-2.0607000000000006 -0.074176
-2.050699999999999 -0.072031
-2.0406999999999993 -0.0699051
-2.0306999999999995 -0.06767590000000001
-2.0206999999999997 -0.06545569999999999
-2.0107 -0.0629546
-2.0007 -0.060649499999999995
-1.9907000000000004 -0.0581745
-1.9807000000000006 -0.0558677
-1.970699999999999 -0.053412
-1.9606999999999992 -0.05121849999999999
-1.9506999999999994 -0.0489043
-1.9406999999999996 -0.046882200000000006
-1.9306999999999999 -0.044974400000000005
-1.9207 -0.0431799
-1.9107000000000003 -0.041740700000000006
-1.9007000000000005 -0.040455899999999996
-1.890699999999999 -0.039437799999999995
-1.8806999999999992 -0.0386842
-1.8706999999999994 -0.03832719999999999
-1.8606999999999996 -0.0381177
-1.8506999999999998 -0.038192
-1.8407 -0.0385236
-1.8307000000000002 -0.03911089999999999
-1.8207000000000004 -0.039921599999999995
-1.8107000000000006 -0.0408558
-1.800699999999999 -0.04197340000000001
-1.7906999999999993 -0.0430402
-1.7806999999999995 -0.0442383
-1.7706999999999997 -0.045354599999999995
-1.7607 -0.0464591
-1.7507000000000001 -0.0474087
-1.7407000000000004 -0.048173299999999995
-1.7307000000000006 -0.04867199999999999
-1.720699999999999 -0.0489317
-1.7106999999999992 -0.0488933
-1.7006999999999994 -0.04850679999999999
-1.6906999999999996 -0.0477913
-1.6806999999999999 -0.0467358
-1.6707 -0.0454301
-1.6607000000000003 -0.0437224
-1.6507000000000005 -0.0417916
-1.640699999999999 -0.039670800000000006
-1.6306999999999992 -0.0372631
-1.6206999999999994 -0.0347064
-1.6106999999999996 -0.0320272
-1.6006999999999998 -0.02931553
-1.5907 -0.026624580000000002
-1.5807000000000002 -0.02385574
-1.5707000000000004 -0.02123164
-1.5607000000000006 -0.01875327
-1.550699999999999 -0.016361059999999997
-1.5406999999999993 -0.014179829999999996
-1.5306999999999995 -0.01213096
-1.5206999999999997 -0.01030768
-1.5107 -0.00865496
-1.5007000000000001 -0.007208799999999999
-1.4907000000000004 -0.0059356800000000005
-1.4807000000000006 -0.00484591
-1.470699999999999 -0.003911850000000001
-1.4606999999999992 -0.0031326599999999994
-1.4506999999999994 -0.002483385
-1.4406999999999996 -0.0019438089999999997
-1.4306999999999999 -0.0015063440000000002
-1.4207 -0.00115585
-1.4107000000000003 -0.0008791139999999999
-1.4007000000000005 -0.0006608300000000002
-1.390699999999999 -0.0004926490000000001
-1.3806999999999992 -0.000362744
-1.3706999999999994 -0.0002646808
-1.3606999999999996 -0.00019144309999999997
-1.3506999999999998 -0.000136384
-1.3407 -9.63713e-05
-1.3307000000000002 -6.74197e-05
-1.3207000000000004 -4.66605e-05
-1.3107000000000006 -3.19354e-05
-1.300699999999999 -2.163292e-05
-1.2906999999999993 -1.453401e-05
-1.2806999999999995 -9.64704e-06
-1.2706999999999997 -6.336960000000001e-06
-1.2607 -4.121960000000001e-06
-1.2507000000000001 -2.6530349999999997e-06
-1.2407000000000004 -1.6855950000000003e-06
-1.2307000000000006 -1.060846e-06
-1.220699999999999 -6.61119e-07
-1.2106999999999992 -4.0696099999999996e-07
-1.2006999999999994 -2.48803e-07
-1.1906999999999996 -1.4985620000000003e-07
-1.1806999999999999 -8.9448e-08
-1.1707 -5.2863400000000003e-08
-1.1607000000000003 -3.0911119999999997e-08
-1.1507000000000005 -1.786502e-08
-1.140699999999999 -1.023734e-08
-1.1306999999999992 -5.782029999999999e-09
-1.1206999999999994 -3.2370740000000003e-09
-1.1106999999999996 -1.799912e-09
-1.1006999999999998 -9.84228e-10
-1.0907 -5.33724e-10
-1.0807000000000002 -2.863977e-10
-1.0707000000000004 -1.5206310000000002e-10
-1.0607000000000006 -7.99003e-11
-1.050699999999999 -4.15041e-11
-1.0406999999999993 -2.1365749999999995e-11
-1.0306999999999995 -1.084534e-11
-1.0206999999999997 -5.44077e-12
-1.0107 -2.715288e-12
-1.0007000000000001 -1.336791e-12
-0.9907000000000004 -6.433759999999998e-13
-0.9807000000000006 -3.031859e-13
-0.970699999999999 -1.2007860000000003e-13
-0.9606999999999992 -1.8432200000000002e-14
-0.9506999999999994 -0.0
-0.9406999999999996 -0.0
-0.9306999999999999 -0.0
-0.9207000000000001 -0.0
-0.9107000000000003 -0.0
-0.9007000000000005 -0.0
-0.8906999999999989 -0.0
-0.8806999999999992 -0.0
-0.8706999999999994 -0.0
-0.8606999999999996 -0.0
-0.8506999999999998 -0.0
-0.8407 -0.0
-0.8307000000000002 -0.0
-0.8207000000000004 -0.0
-0.8107000000000006 -0.0
-0.8006999999999991 -0.0
-0.7906999999999993 -0.0
-0.7806999999999995 -0.0
-0.7706999999999997 -0.0
-0.7606999999999999 -0.0
-0.7507000000000001 -0.0
-0.7407000000000004 -0.0
-0.7307000000000006 -0.0
-0.720699999999999 -0.0
-0.7106999999999992 -0.0
-0.7006999999999994 -0.0
-0.6906999999999996 -0.0
-0.6806999999999999 -0.0
-0.6707000000000001 -0.0
-0.6607000000000003 -0.0
-0.6507000000000005 -0.0
-0.6406999999999989 -0.0
-0.6306999999999992 -0.0
-0.6206999999999994 -0.0
-0.6106999999999996 -3.305805e-14
-0.6006999999999998 -1.0205840000000001e-13
-0.5907 -2.7009919999999997e-13
-0.5807000000000002 -5.706550000000001e-13
-0.5707000000000004 -1.16729e-12
-0.5607000000000006 -2.3629819999999996e-12
-0.5506999999999991 -4.740589999999999e-12
-0.5406999999999993 -9.39359e-12
-0.5306999999999995 -1.8424450000000003e-11
-0.5206999999999997 -3.5693e-11
-0.5106999999999999 -6.867549999999999e-11
-0.5007000000000001 -1.3019170000000002e-10
-0.49070000000000036 -2.446599e-10
-0.48070000000000057 -4.5421499999999997e-10
-0.470699999999999 -8.363950000000001e-10
-0.4606999999999992 -1.5211219999999998e-09
-0.45069999999999943 -2.738009e-09
-0.44069999999999965 -4.87431e-09
-0.43069999999999986 -8.59646e-09
-0.4207000000000001 -1.4981340000000003e-08
-0.4107000000000003 -2.5849609999999998e-08
-0.4007000000000005 -4.41192e-08
-0.39069999999999894 -7.44628e-08
-0.38069999999999915 -1.244625e-07
-0.37069999999999936 -2.058211e-07
-0.3606999999999996 -3.36885e-07
-0.3506999999999998 -5.452089999999999e-07
-0.3407 -8.726929999999999e-07
-0.3307000000000002 -1.383546e-06
-0.32070000000000043 -2.169705e-06
-0.31070000000000064 -3.36592e-06
-0.3006999999999991 -5.17596e-06
-0.2906999999999993 -7.8485e-06
-0.2806999999999995 -1.1807919999999999e-05
-0.2706999999999997 -1.757176e-05
-0.26069999999999993 -2.588792e-05
-0.25070000000000014 -3.7750300000000003e-05
-0.24070000000000036 -5.4455e-05
-0.23070000000000057 -7.767439999999999e-05
-0.220699999999999 -0.00010984499999999999
-0.21069999999999922 -0.00015343490000000002
-0.20069999999999943 -0.00021239700000000002
-0.19069999999999965 -0.000291233
-0.18069999999999986 -0.000395699
-0.17070000000000007 -0.0005304190000000001
-0.1607000000000003 -0.000705391
-0.1507000000000005 -0.0009284
-0.14069999999999894 -0.0012110010000000002
-0.13069999999999915 -0.001562566
-0.12069999999999936 -0.001998171
-0.11069999999999958 -0.002530938
-0.10069999999999979 -0.0031741
-0.0907 -0.0039474
-0.08070000000000022 -0.004858379999999999
-0.07070000000000043 -0.00592845
-0.06070000000000064 -0.00715659
-0.05069999999999908 -0.00858883
-0.04069999999999929 -0.01020729
-0.030699999999999505 -0.01203203
-0.02069999999999972 -0.014063109999999998
-0.010699999999999932 -0.01628237
-0.000700000000000145 -0.018723939999999998
0.009299999999999642 -0.0213586
0.01929999999999943 -0.02418833
0.029300000000000992 -0.02718003
0.03930000000000078 -0.03033467
0.049300000000000566 -0.033611010000000004
0.05930000000000035 -0.03699663
0.06930000000000014 -0.040392830000000005
0.07929999999999993 -0.043907999999999996
0.08929999999999971 -0.0473992
0.0992999999999995 -0.050790100000000005
0.10930000000000106 -0.0541902
0.11930000000000085 -0.0574497
0.12930000000000064 -0.060488
0.13930000000000042 -0.063506
0.1493000000000002 -0.0662915
0.1593 -0.0688367
0.16929999999999978 -0.0710596
0.17929999999999957 -0.0729519
0.18929999999999936 -0.0746022
0.19930000000000092 -0.07613119999999998
0.2093000000000007 -0.0773297
0.2193000000000005 -0.0782053
0.22930000000000028 -0.079081
0.23930000000000007 -0.0795464
0.24929999999999986 -0.08000109999999999
0.25929999999999964 -0.0803851
0.26929999999999943 -0.08067959999999999
0.279300000000001 -0.0809957
0.2893000000000008 -0.08154109999999999
0.29930000000000057 -0.0819382
0.30930000000000035 -0.0826768
0.31930000000000014 -0.08355710000000001
0.3292999999999999 -0.084789
0.3392999999999997 -0.08608270000000001
0.3492999999999995 -0.08780779999999999
0.35930000000000106 -0.0895737
0.36930000000000085 -0.09178109999999999
0.37930000000000064 -0.0940397
0.3893000000000004 -0.0964198
0.3993000000000002 -0.0991079
0.4093 -0.101608
0.4192999999999998 -0.1044159
0.42929999999999957 -0.10692249999999999
0.43929999999999936 -0.10942970000000002
0.4493000000000009 -0.11161349999999999
0.4593000000000007 -0.11359550000000002
0.4693000000000005 -0.11545470000000001
0.4793000000000003 -0.1166812
0.48930000000000007 -0.1177058
0.49929999999999986 -0.11809650000000001
0.5092999999999996 -0.1183656
0.5192999999999994 -0.1180207
0.529300000000001 -0.11715309999999998
0.5393000000000008 -0.11606369999999999
0.5493000000000006 -0.11449190000000001
0.5593000000000004 -0.11248860000000001
0.5693000000000001 -0.1100738
0.5792999999999999 -0.1075769
0.5892999999999997 -0.10477979999999999
0.5992999999999995 -0.1019227
0.6093000000000011 -0.09888569999999999
0.6193000000000008 -0.0957992
0.6293000000000006 -0.0926739
0.6393000000000004 -0.08963840000000001
0.6493000000000002 -0.0868063
0.6593 -0.0840639
0.6692999999999998 -0.08152410000000002
0.6792999999999996 -0.0794174
0.6892999999999994 -0.0773433
0.6993000000000009 -0.07572010000000001
0.7093000000000007 -0.0743306
0.7193000000000005 -0.0732518
0.7293000000000003 -0.0724958
0.7393000000000001 -0.0720412
0.7492999999999999 -0.07178810000000001
0.7592999999999996 -0.0717364
0.7692999999999994 -0.071986
0.779300000000001 -0.0722657
0.7893000000000008 -0.0726955
0.7993000000000006 -0.0733952
0.8093000000000004 -0.07393469999999999
0.8193000000000001 -0.0746131
0.8292999999999999 -0.07520120000000001
0.8392999999999997 -0.0758188
0.8492999999999995 -0.0762452
0.8593000000000011 -0.0768711
0.8693000000000008 -0.07720479999999999
0.8793000000000006 -0.0777492
0.8893000000000004 -0.07798100000000001
0.8993000000000002 -0.0782118
0.9093 -0.0785333
0.9192999999999998 -0.0788237
0.9292999999999996 -0.0789239
0.9392999999999994 -0.0791129
0.9493000000000009 -0.0792728
0.9593000000000007 -0.07942279999999999
0.9693000000000005 -0.0795326
0.9793000000000003 -0.07982140000000001
0.9893000000000001 -0.0799011
0.9992999999999999 -0.08002989999999999
1.0092999999999996 -0.0802307
1.0192999999999994 -0.0804115
1.029300000000001 -0.0806325
1.0393000000000008 -0.0808345
1.0493000000000006 -0.08112660000000001
1.0593000000000004 -0.08142089999999999
1.0693000000000001 -0.08198539999999999
1.0793 -0.08244199999999999
1.0892999999999997 -0.0830989
1.0992999999999995 -0.083758
1.109300000000001 -0.0847194
1.1193000000000008 -0.085712
1.1293000000000006 -0.0870269
1.1393000000000004 -0.088255
1.1493000000000002 -0.0897134
1.1593 -0.09140190000000001
1.1692999999999998 -0.0931135
1.1792999999999996 -0.09506719999999999
1.1892999999999994 -0.0970401
1.199300000000001 -0.09914300000000001
1.2093000000000007 -0.1011769
1.2193000000000005 -0.10312070000000001
1.2293000000000003 -0.1053026
1.2393 -0.10731450000000001
1.2492999999999999 -0.10926430000000001
1.2592999999999996 -0.1113432
1.2692999999999994 -0.1130791
1.279300000000001 -0.1147541
1.2893000000000008 -0.1164251
1.2993000000000006 -0.1176952
1.3093000000000004 -0.1188712
1.3193000000000001 -0.11991539999999999
1.3293 -0.12055460000000001
1.3392999999999997 -0.1210917
1.3492999999999995 -0.1211246
1.359300000000001 -0.12096639999999999
1.3693000000000008 -0.12048209999999998
1.3793000000000006 -0.1194856
1.3893000000000004 -0.11816479999999999
1.3993000000000002 -0.1163109
1.4093 -0.1141617
1.4192999999999998 -0.1117703
1.4292999999999996 -0.1087456
1.4392999999999994 -0.1056687
1.449300000000001 -0.10217960000000001
1.4593000000000007 -0.0986782
1.4693000000000005 -0.0949773
1.4793000000000003 -0.0914357
1.4893 -0.0879345
1.4992999999999999 -0.0848147
1.5092999999999996 -0.0819666
1.5192999999999994 -0.07974120000000001
1.529300000000001 -0.0780611
1.5393000000000008 -0.0770236
1.5493000000000006 -0.0767515
1.5593000000000004 -0.0774534
1.5693000000000001 -0.0787213
1.5793 -0.0809734
1.5892999999999997 -0.0839107
1.5992999999999995 -0.08762400000000001
1.609300000000001 -0.09201110000000001
1.6193000000000008 -0.09707310000000001
1.6293000000000006 -0.10259760000000001
1.6393000000000004 -0.10818549999999999
1.6493000000000002 -0.11441520000000002
1.6593 -0.12073760000000001
1.6692999999999998 -0.1270616
1.6792999999999996 -0.1332856
1.6892999999999994 -0.1395113
1.699300000000001 -0.1455359
1.7093000000000007 -0.1512614
1.7193000000000005 -0.15698590000000004
1.7293000000000003 -0.1622104
1.7393 -0.167233
1.7492999999999999 -0.1720555
1.7592999999999996 -0.17667690000000003
1.7692999999999994 -0.1808985
1.779300000000001 -0.18511889999999998
1.7893000000000008 -0.18893919999999997
1.7993000000000006 -0.19265870000000002
1.8093000000000004 -0.19637700000000002
1.8193000000000001 -0.1996952
1.8293 -0.20291140000000002
1.8392999999999997 -0.2059276
1.8492999999999995 -0.20884339999999998
1.859300000000001 -0.21165719999999996
1.8693000000000008 -0.2138719
1.8793000000000006 -0.2160844
1.8893000000000004 -0.2179936
1.8993000000000002 -0.21950350000000002
1.9093 -0.2209122
1.9192999999999998 -0.2220187
1.9292999999999996 -0.22272180000000003
1.9392999999999994 -0.22322579999999997
1.949300000000001 -0.2233274
1.9593000000000007 -0.2233279
1.9693000000000005 -0.2230261
1.9793000000000003 -0.2226232
1.9893 -0.22191909999999998
1.9992999999999999 -0.22101519999999997
2.0092999999999996 -0.22000719999999999
2.0192999999999994 -0.2189001
2.029300000000001 -0.21779310000000002
2.039300000000001 -0.21668510000000002
2.0493000000000006 -0.2155761
2.0593000000000004 -0.21446719999999997
2.0693 -0.21325829999999998
2.0793 -0.2122504
2.0892999999999997 -0.2113426
2.0992999999999995 -0.2103328
2.109300000000001 -0.20912489999999997
2.119300000000001 -0.2079151
2.1293000000000006 -0.20690820000000001
2.1393000000000004 -0.2057993
2.1493 -0.20459040000000003
2.1593 -0.2030823
2.1693 -0.2015732
2.1792999999999996 -0.1999661
2.1892999999999994 -0.19825579999999998
2.199300000000001 -0.19624950000000002
2.2093000000000007 -0.19423919999999997
2.2193000000000005 -0.1921318
2.2293000000000003 -0.18982449999999998
2.2393 -0.1877151
2.2493 -0.18550679999999997
2.2592999999999996 -0.1832995
2.2692999999999994 -0.1811933
2.279300000000001 -0.1791882
2.289300000000001 -0.17748229999999998
2.2993000000000006 -0.17597949999999998
2.3093000000000004 -0.1746749
2.3193 -0.1736734
2.3293 -0.1725721
2.3392999999999997 -0.1719709
2.3492999999999995 -0.1717708
2.359300000000001 -0.17147089999999998
2.369300000000001 -0.1716719
2.3793000000000006 -0.1716741
2.3893000000000004 -0.1716741
2.3993 -0.1717742
2.4093000000000018 -0.171774
2.4193 -0.1715728
2.4293000000000013 -0.171069
2.4392999999999994 -0.170364
2.449300000000001 -0.169259
2.459299999999999 -0.16785
2.4693000000000005 -0.16603939999999998
2.4792999999999985 -0.1637282
2.4893 -0.1612135
2.4993000000000016 -0.15839579999999998
2.5092999999999996 -0.1551768
2.519300000000001 -0.15165839999999997
2.529299999999999 -0.14813849999999998
2.539300000000001 -0.1445164
2.549299999999999 -0.1408963
2.5593000000000004 -0.1373747
2.569300000000002 -0.1342555
2.5793 -0.1312359
2.5893000000000015 -0.12881879999999998
2.5992999999999995 -0.1265028
2.609300000000001 -0.12488859999999999
2.619299999999999 -0.1236768
2.6293000000000006 -0.12276680000000001
2.6392999999999986 -0.1226592
2.6493 -0.1227531
2.6593000000000018 -0.1233491
2.6693 -0.1241465
2.6793000000000013 -0.1254454
2.6892999999999994 -0.1270459
2.699300000000001 -0.1286468
2.709299999999999 -0.1304488
2.7193000000000005 -0.132351
2.7292999999999985 -0.1343538
2.7393 -0.1359565
2.7493000000000016 -0.1378594
2.7592999999999996 -0.1396622
2.769300000000001 -0.1411646
2.779299999999999 -0.1426669
2.789300000000001 -0.1439692
2.799299999999999 -0.1453712
2.8093000000000004 -0.1466731
2.819300000000002 -0.1477752
2.8293 -0.1490774
2.8393000000000015 -0.1501796
2.8492999999999995 -0.1514822
2.859300000000001 -0.1528853
2.869299999999999 -0.1544889
2.8793000000000006 -0.1560932
2.8892999999999986 -0.1578983
2.8993 -0.1601041
2.9093000000000018 -0.1625099
2.9193 -0.16511720000000002
2.9293000000000013 -0.1679257
2.9392999999999994 -0.1707334
2.949300000000001 -0.1736426
2.959299999999999 -0.1766516
2.9693000000000005 -0.1796594
2.9792999999999985 -0.18246869999999998
2.9893 -0.1851749
2.9993000000000016 -0.18728170000000002
3.0092999999999996 -0.189087
3.019300000000001 -0.19058950000000002
3.029299999999999 -0.19129130000000003
3.039300000000001 -0.1915913
3.049299999999999 -0.1913874
3.0593000000000004 -0.1903836
3.069300000000002 -0.1890778
3.0793 -0.18706720000000002
3.0893000000000015 -0.18445570000000003
3.0992999999999995 -0.1815436
3.109300000000001 -0.1783292
3.119299999999999 -0.17461369999999998
3.1293000000000006 -0.170997
3.1392999999999986 -0.16708029999999996
3.1493 -0.1630635
3.1593000000000018 -0.15924660000000002
3.1693 -0.1555305
3.1793000000000013 -0.151915
3.1892999999999994 -0.14850069999999999
3.199300000000001 -0.1454875
3.209299999999999 -0.14267590000000002
3.2193000000000005 -0.1404657
3.2292999999999985 -0.138457
3.2393 -0.1368499
3.2493000000000016 -0.13554449999999998
3.2592999999999996 -0.1347405
3.269300000000001 -0.13453769999999998
3.279299999999999 -0.1346365
3.289300000000001 -0.13493650000000001
3.299299999999999 -0.1361375
3.3093000000000004 -0.13733979999999998
3.319300000000002 -0.1392431
3.3293 -0.14124720000000002
3.3393000000000015 -0.1436521
3.3492999999999995 -0.1463578
3.359300000000001 -0.1494643
3.369299999999999 -0.15247080000000002
3.3793000000000006 -0.15597830000000001
3.3892999999999986 -0.1593858
3.3993 -0.16299339999999998
3.4093000000000018 -0.16650109999999999
3.4193 -0.1700086
3.4293000000000013 -0.17341589999999998
3.4392999999999994 -0.1764226
3.449300000000001 -0.1794288
3.459299999999999 -0.18213420000000002
3.4693000000000005 -0.18423869999999998
3.4792999999999985 -0.18634230000000002
3.4893 -0.1877449
3.4993000000000016 -0.18894650000000002
3.5092999999999996 -0.18954690000000002
3.519300000000001 -0.18974630000000003
3.529299999999999 -0.1897449
3.539300000000001 -0.1890423
3.549299999999999 -0.18823930000000005
3.5593000000000004 -0.18703550000000002
3.569300000000002 -0.1855313
3.5793 -0.18382679999999998
3.5893000000000015 -0.18212219999999998
3.5992999999999995 -0.18031779999999997
3.609300000000001 -0.1785132
3.619299999999999 -0.1767091
3.6293000000000006 -0.17490529999999999
3.6392999999999986 -0.17340209999999998
3.6493 -0.17199940000000002
3.6593000000000018 -0.1707971
3.6693 -0.16979529999999998
3.6793000000000013 -0.168894
3.6892999999999994 -0.16819289999999998
3.699300000000001 -0.1674922
3.709299999999999 -0.1668914
3.7193000000000005 -0.166091
3.7292999999999985 -0.16529030000000003
3.7393 -0.16438940000000002
3.7493000000000016 -0.1632882
3.7592999999999996 -0.1619866
3.769300000000001 -0.16038460000000002
3.779299999999999 -0.1584819
3.789300000000001 -0.1564785
3.799299999999999 -0.15397450000000001
3.8093000000000004 -0.15106969999999997
3.819300000000002 -0.1479642
3.8293 -0.1444581
3.8393000000000015 -0.14075140000000003
3.8492999999999995 -0.13694420000000002
3.859300000000001 -0.132936
3.869299999999999 -0.1287275
3.8793000000000006 -0.12441859999999998
3.8892999999999986 -0.12000910000000001
3.8993 -0.11569940000000001
3.9093000000000018 -0.1111893
3.9193 -0.10657900000000001
3.9293000000000013 -0.10236840000000001
3.9392999999999994 -0.0978577
3.949300000000001 -0.0933468
3.959299999999999 -0.08893610000000002
3.9693000000000005 -0.08482529999999999
3.9792999999999985 -0.0805147
3.9893 -0.07640419999999999
3.9993000000000016 -0.0720939
4.0093 -0.0680437
4.019300000000001 -0.0641238
4.029299999999999 -0.0601843
4.039300000000001 -0.0564051
4.049299999999999 -0.0527562
4.0593 -0.04918790000000001
4.069300000000002 -0.0457496
4.0793 -0.042431800000000006
4.0893000000000015 -0.039254199999999996
4.0992999999999995 -0.036206999999999996
4.109300000000001 -0.03331030000000001
4.119299999999999 -0.030563800000000002
4.129300000000001 -0.0279574
4.139299999999999 -0.025511580000000002
4.1493 -0.02321571
4.159300000000002 -0.021060170000000003
4.1693 -0.01905507
4.179300000000001 -0.01718001
4.189299999999999 -0.015445319999999998
4.199300000000001 -0.01384072
4.209299999999999 -0.01236635
4.2193000000000005 -0.01100226
4.2292999999999985 -0.00975833
4.2393 -0.00862465
4.249300000000002 -0.007581160000000002
4.2593 -0.006657879999999999
4.269300000000001 -0.0058058300000000005
4.279299999999999 -0.005044
4.289300000000001 -0.00436334
4.299299999999999 -0.0037519299999999997
4.3093 -0.0032086899999999997
4.319300000000002 -0.0027287000000000006
4.3293 -0.0023038600000000005
4.3393000000000015 -0.0019352299999999998
4.3492999999999995 -0.00161378
4.359300000000001 -0.001335503
4.369299999999999 -0.0010974029999999998
4.379300000000001 -0.000897446
4.389299999999999 -0.000723625
4.3993 -0.000581128
4.409300000000002 -0.000461945
4.4193 -0.00036455900000000003
4.429300000000001 -0.000285162
4.439299999999999 -0.000220738
4.449300000000001 -0.00016947700000000002
4.459299999999999 -0.0001287691
4.4693000000000005 -9.69057e-05
4.4792999999999985 -7.23882e-05
4.4893 -5.34001e-05
4.499300000000002 -3.9025199999999994e-05
4.5093 -2.82589e-05
4.519300000000001 -2.02469e-05
4.529299999999999 -1.4345930000000001e-05
4.539300000000001 -1.008346e-05
4.549299999999999 -7.001189999999999e-06
4.5593 -4.81262e-06
4.569300000000002 -3.2744600000000003e-06
4.5793 -2.20679e-06
4.5893000000000015 -1.4688640000000003e-06
4.5992999999999995 -9.69188e-07
4.609300000000001 -6.314870000000001e-07
4.619299999999999 -4.0799e-07
4.629300000000001 -2.60699e-07
