-23.6007 1.622557e-05
-23.5907 1.0598480000000002e-05
-23.5807 6.851897e-06
-23.570700000000002 4.383876999999999e-06
-23.5607 2.7792140000000004e-06
-23.5507 1.7436019999999998e-06
-23.5407 1.081655e-06
-23.5307 6.651586999999999e-07
-23.520699999999998 4.046497e-07
-23.5107 2.4377429999999995e-07
-23.500700000000002 1.4535259999999997e-07
-23.4907 8.587511000000001e-08
-23.4807 5.012127000000001e-08
-23.4707 2.8981410000000008e-08
-23.4607 1.657634e-08
-23.450699999999998 9.402246e-09
-23.4407 5.266181e-09
-23.4307 2.9229680000000005e-09
-23.4207 1.6050709999999998e-09
-23.4107 8.744592000000001e-10
-23.4007 4.695037000000001e-10
-23.3907 2.4998400000000003e-10
-23.380699999999997 1.31749e-10
-23.3707 6.865161999999997e-11
-23.3607 3.5415020000000006e-11
-23.3507 1.8108030000000003e-11
-23.3407 9.094841e-12
-23.3307 4.514839e-12
-23.320700000000002 2.198959e-12
-23.3107 1.034264e-12
-23.3007 4.655988e-13
-23.2907 1.9271513000000002e-13
-23.2807 8.309785e-14
-23.270699999999998 2.4878420000000007e-14
-23.2607 1.7098975000000003e-15
-23.250700000000002 0.0
-23.2407 0.0
-23.2307 0.0
-23.2207 0.0
-23.2107 0.0
-23.200699999999998 0.0
-23.1907 0.0
-23.1807 0.0
-23.1707 0.0
-23.1607 0.0
-23.1507 0.0
-23.1407 0.0
-23.130699999999997 0.0
-23.1207 0.0
-23.1107 0.0
-23.1007 0.0
-23.0907 0.0
-23.0807 0.0
-23.070700000000002 0.0
-23.0607 0.0
-23.0507 0.0
-23.0407 0.0
-23.0307 0.0
-23.020699999999998 0.0
-23.0107 0.0
-23.000700000000002 0.0
-22.9907 0.0
-22.9807 0.0
-22.9707 0.0
-22.9607 0.0
-22.950699999999998 0.0
-22.9407 0.0
-22.9307 0.0
-22.9207 0.0
-22.9107 0.0
-22.9007 0.0
-22.8907 0.0
-22.880699999999997 0.0
-22.8707 0.0
-22.8607 0.0
-22.8507 0.0
-22.8407 0.0
-22.8307 0.0
-22.820700000000002 0.0
-22.8107 0.0
-22.8007 0.0
-22.7907 0.0
-22.7807 0.0
-22.770699999999998 0.0
-22.7607 0.0
-22.750700000000002 0.0
-22.7407 0.0
-22.7307 0.0
-22.7207 0.0
-22.7107 0.0
-22.700699999999998 0.0
-22.6907 0.0
-22.6807 0.0
-22.6707 0.0
-22.6607 0.0
-22.6507 0.0
-22.6407 0.0
-22.630699999999997 0.0
-22.6207 0.0
-22.6107 0.0
-22.6007 0.0
-22.5907 0.0
-22.5807 0.0
-22.570700000000002 0.0
-22.5607 0.0
-22.5507 0.0
-22.5407 0.0
-22.5307 0.0
-22.520699999999998 0.0
-22.5107 0.0
-22.500700000000002 0.0
-22.4907 0.0
-22.4807 0.0
-22.4707 0.0
-22.4607 0.0
-22.450699999999998 0.0
-22.4407 0.0
-22.4307 0.0
-22.4207 0.0
-22.4107 0.0
-22.4007 0.0
-22.3907 0.0
-22.380699999999997 0.0
-22.3707 0.0
-22.3607 0.0
-22.3507 0.0
-22.3407 0.0
-22.3307 0.0
-22.320700000000002 0.0
-22.3107 0.0
-22.3007 0.0
-22.2907 0.0
-22.2807 0.0
-22.270699999999998 0.0
-22.2607 0.0
-22.250700000000002 0.0
-22.2407 0.0
-22.2307 0.0
-22.2207 0.0
-22.2107 0.0
-22.200699999999998 0.0
-22.1907 0.0
-22.1807 0.0
-22.1707 0.0
-22.1607 0.0
-22.1507 0.0
-22.1407 0.0
-22.130699999999997 0.0
-22.1207 0.0
-22.1107 0.0
-22.1007 0.0
-22.0907 0.0
-22.0807 0.0
-22.070700000000002 0.0
-22.0607 0.0
-22.0507 0.0
-22.0407 0.0
-22.0307 0.0
-22.020699999999998 0.0
-22.0107 0.0
-22.000700000000002 0.0
-21.9907 0.0
-21.9807 0.0
-21.9707 0.0
-21.9607 0.0
-21.950699999999998 0.0
-21.9407 0.0
-21.9307 0.0
-21.9207 0.0
-21.9107 0.0
-21.9007 0.0
-21.8907 0.0
-21.880699999999997 0.0
-21.8707 0.0
-21.8607 0.0
-21.8507 0.0
-21.8407 0.0
-21.8307 0.0
-21.820700000000002 0.0
-21.8107 0.0
-21.8007 0.0
-21.7907 0.0
-21.7807 0.0
-21.770699999999998 0.0
-21.7607 0.0
-21.750700000000002 0.0
-21.7407 0.0
-21.7307 0.0
-21.7207 0.0
-21.7107 0.0
-21.700699999999998 0.0
-21.6907 0.0
-21.6807 0.0
-21.6707 0.0
-21.6607 0.0
-21.6507 0.0
-21.6407 0.0
-21.630699999999997 0.0
-21.6207 0.0
-21.6107 0.0
-21.6007 0.0
-21.5907 0.0
-21.5807 0.0
-21.5707 0.0
-21.5607 5.005132553999999e-14
-21.5507 1.046269135e-13
-21.5407 3.2008430699999997e-13
-21.5307 6.601019489999999e-13
-21.520699999999998 1.3433506399999998e-12
-21.5107 2.7647392999999998e-12
-21.500700000000002 5.5167144600000005e-12
-21.4907 1.08908061e-11
-21.4807 2.1300095499999997e-11
-21.4707 4.14761809e-11
-21.4607 7.9273556e-11
-21.450699999999998 1.5082201499999996e-10
-21.4407 2.8261941999999995e-10
-21.4307 5.2529189e-10
-21.4207 9.6367809e-10
-21.4107 1.74936939e-09
-21.4007 3.1454228900000003e-09
-21.3907 5.6027752e-09
-21.3807 9.8413333e-09
-21.3707 1.71750593e-08
-21.3607 2.9595504200000007e-08
-21.3507 5.0528751000000005e-08
-21.3407 8.531897400000001e-08
-21.3307 1.42443646e-07
-21.3207 2.3590732699999996e-07
-21.3107 3.8603416999999996e-07
-21.3007 6.2628625e-07
-21.2907 1.00299678e-06
-21.2807 1.5931580699999998e-06
-21.270699999999998 2.505126400000001e-06
-21.2607 3.8990164999999996e-06
-21.250700000000002 6.0060331e-06
-21.2407 9.1689823e-06
-21.2307 1.3842702000000001e-05
-21.2207 2.0699196000000002e-05
-21.2107 3.0686464e-05
-21.200699999999998 4.5018863e-05
-21.1907 6.538310400000001e-05
-21.1807 9.4139176e-05
-21.1707 0.00013411212
-21.1607 0.00018939723
-21.1507 0.00026514120000000006
-21.1407 0.00036774360000000006
-21.1307 0.0005048008000000002
-21.1207 0.0006879525
-21.1107 0.0009293651000000002
-21.1007 0.0012420283000000002
-21.0907 0.0016475017999999998
-21.0807 0.0021658381000000003
-21.0707 0.0028223075
-21.0607 0.0036509008000000006
-21.0507 0.004678273
-21.0407 0.005941428
-21.0307 0.007499715999999999
-21.020699999999998 0.009382969000000001
-21.0107 0.011642241000000001
-21.000700000000002 0.014337582999999997
-20.9907 0.017496409
-20.9807 0.021172686999999996
-20.9707 0.025456374
-20.9607 0.030342768000000003
-20.950699999999998 0.035892690000000005
-20.9407 0.0420883
-20.9307 0.04904541999999999
-20.9207 0.05654850000000001
-20.9107 0.06484870999999999
-20.9007 0.07376632999999999
-20.8907 0.08313261000000001
-20.8807 0.09294333
-20.8707 0.10336352000000001
-20.8607 0.11374533
-20.8507 0.12446408999999997
-20.8407 0.13519459
-20.8307 0.14581864
-20.8207 0.15622405000000003
-20.8107 0.16629823000000002
-20.8007 0.17599542999999998
-20.7907 0.18524495
-20.7807 0.19411460000000005
-20.770699999999998 0.2025884
-20.7607 0.2105664
-20.750700000000002 0.2185504
-20.7407 0.22649319999999998
-20.7307 0.234168
-20.7207 0.24236680000000002
-20.7107 0.2509317
-20.700699999999998 0.2599657000000001
-20.6907 0.2699989
-20.6807 0.28063270000000007
-20.6707 0.2921798
-20.6607 0.30460489999999996
-20.6507 0.3178472
-20.6407 0.3318281
-20.6307 0.34606260000000005
-20.6207 0.36050209999999994
-20.6107 0.37523800000000007
-20.6007 0.3896009
-20.5907 0.4035582999999999
-20.5807 0.4162945
-20.5707 0.4285231
-20.5607 0.4392432
-20.5507 0.4484194999999999
-20.5407 0.45629279999999994
-20.5307 0.46275470000000013
-20.520699999999998 0.4675944999999999
-20.5107 0.4715343
-20.500700000000002 0.4743691000000001
-20.4907 0.476608
-20.4807 0.47867410000000005
-20.4707 0.4807583
-20.4607 0.4833846
-20.450699999999998 0.48645210000000005
-20.4407 0.4913948000000001
-20.4307 0.49719660000000004
-20.4207 0.5047596
-20.4107 0.5145997999999999
-20.4007 0.5264282
-20.3907 0.539612
-20.3807 0.554986
-20.3707 0.571807
-20.3607 0.590082
-20.3507 0.609014
-20.3407 0.628669
-20.3307 0.648536
-20.3207 0.667911
-20.3107 0.6866880000000001
-20.3007 0.7046299999999999
-20.2907 0.7210550000000001
-20.2807 0.73583
-20.270699999999998 0.7492920000000001
-20.2607 0.76079
-20.250700000000002 0.7708630000000001
-20.2407 0.77929
-20.2307 0.7864930000000001
-20.2207 0.7924730000000001
-20.2107 0.7975230000000001
-20.200699999999998 0.8016809999999999
-20.1907 0.8056369999999999
-20.1807 0.809293
-20.1707 0.812877
-20.1607 0.816879
-20.1507 0.8210089999999999
-20.1407 0.8257809999999999
-20.1307 0.8308230000000003
-20.1207 0.836487
-20.1107 0.8424849999999998
-20.1007 0.8501240000000002
-20.0907 0.8570739999999999
-20.0807 0.8643659999999999
-20.0707 0.8729859999999998
-20.0607 0.8820479999999998
-20.0507 0.8911290000000001
-20.0407 0.8994560000000001
-20.0307 0.9086019999999998
-20.020699999999998 0.9183419999999998
-20.0107 0.92656
-20.000700000000002 0.9346770000000001
-19.9907 0.9421489999999998
-19.9807 0.9493949999999999
-19.9707 0.9550339999999999
-19.9607 0.960269
-19.950699999999998 0.9640670000000001
-19.9407 0.9667669999999999
-19.9307 0.9665279999999998
-19.9207 0.966272
-19.9107 0.965196
-19.9007 0.9628159999999999
-19.8907 0.9576979999999999
-19.8807 0.9543720000000001
-19.8707 0.9489259999999998
-19.8607 0.9430880000000001
-19.8507 0.93883
-19.8407 0.9327679999999999
-19.8307 0.9280259999999999
-19.8207 0.923578
-19.8107 0.920347
-19.8007 0.918431
-19.7907 0.915097
-19.7807 0.914107
-19.770699999999998 0.913717
-19.7607 0.913431
-19.750700000000002 0.9131539999999999
-19.7407 0.9120669999999999
-19.7307 0.9119659999999999
-19.7207 0.9112659999999999
-19.7107 0.909045
-19.700699999999998 0.9060880000000001
-19.6907 0.9016120000000001
-19.6807 0.896198
-19.6707 0.8901679999999998
-19.6607 0.8822960000000002
-19.6507 0.8739229999999999
-19.6407 0.8652059999999999
-19.6307 0.8558910000000001
-19.6207 0.8446659999999999
-19.6107 0.835835
-19.6007 0.8252140000000001
-19.5907 0.817028
-19.5807 0.8089459999999999
-19.5707 0.8024739999999999
-19.5607 0.7963640000000001
-19.5507 0.7908510000000001
-19.5407 0.7888809999999999
-19.5307 0.787854
-19.520699999999998 0.786848
-19.5107 0.7881659999999998
-19.500700000000002 0.7908040000000001
-19.4907 0.7956869999999998
-19.4807 0.802092
-19.4707 0.8097740000000001
-19.4607 0.8215359999999999
-19.450699999999998 0.8343149999999998
-19.4407 0.850027
-19.4307 0.870486
-19.4207 0.8948090000000001
-19.4107 0.9213810000000002
-19.4007 0.953635
-19.3907 0.9904000000000001
-19.3807 1.034716
-19.3707 1.081674
-19.3607 1.134464
-19.3507 1.190743
-19.3407 1.251229
-19.3307 1.3163569999999998
-19.3207 1.3850670000000003
-19.3107 1.4574369999999999
-19.3007 1.5298199999999997
-19.2907 1.6037620000000001
-19.2807 1.6759910000000002
-19.270699999999998 1.7478850000000001
-19.2607 1.8189060000000001
-19.250700000000002 1.8870289999999996
-19.2407 1.952246
-19.2307 2.0132780000000006
-19.2207 2.070171
-19.2107 2.1216359999999996
-19.200699999999998 2.1723559999999997
-19.1907 2.2135469999999997
-19.1807 2.252482
-19.1707 2.288123
-19.1607 2.3186970000000002
-19.1507 2.3442390000000004
-19.1407 2.3659549999999996
-19.1307 2.3826509999999996
-19.1207 2.400315
-19.1107 2.4093659999999995
-19.1007 2.418287
-19.0907 2.4221969999999997
-19.0807 2.4272780000000003
-19.0707 2.428927
-19.0607 2.426467
-19.0507 2.418874
-19.0407 2.4109540000000007
-19.0307 2.399601
-19.020699999999998 2.383027
-19.0107 2.362022
-19.000700000000002 2.3395859999999997
-18.9907 2.3144080000000007
-18.9807 2.280677
-18.9707 2.242624
-18.9607 2.202809
-18.950699999999998 2.1562710000000007
-18.9407 2.105312
-18.9307 2.050021
-18.9207 1.9945979999999999
-18.9107 1.9303450000000002
-18.9007 1.865691
-18.8907 1.7993689999999998
-18.8807 1.732037
-18.8707 1.663347
-18.8607 1.5962079999999998
-18.8507 1.5302260000000003
-18.8407 1.4655139999999995
-18.8307 1.4037050000000002
-18.8207 1.3453759999999997
-18.8107 1.2924210000000003
-18.8007 1.2428892
-18.7907 1.1990234999999998
-18.7807 1.1615478000000001
-18.770699999999998 1.128806
-18.7607 1.1022885
-18.750700000000002 1.0798488
-18.7407 1.0615535999999999
-18.7307 1.0492257999999999
-18.7207 1.0400532999999998
-18.7107 1.0327872999999999
-18.700699999999998 1.0283889
-18.6907 1.024128
-18.6807 1.021835
-18.6707 1.0198089000000001
-18.6607 1.0169111999999998
-18.6507 1.0131746
-18.6407 1.0096064
-18.6307 1.0051134
-18.6207 0.9989816
-18.6107 0.9913673799999999
-18.6007 0.9833287100000001
-18.5907 0.9745213199999999
-18.5807 0.96532185
-18.5707 0.95487017
-18.5607 0.94343333
-18.5507 0.9323623000000001
-18.5407 0.9202135700000001
-18.5307 0.9049982999999999
-18.520699999999998 0.8910325700000001
-18.5107 0.87366799
-18.500700000000002 0.8539748299999999
-18.4907 0.83268977
-18.4807 0.80883402
-18.4707 0.78105927
-18.4607 0.7515419999999999
-18.450699999999998 0.7191734099999999
-18.4407 0.68426203
-18.4307 0.6467429200000001
-18.4207 0.6060130100000001
-18.4107 0.5632816900000001
-18.4007 0.5212750400000001
-18.3907 0.47771281000000004
-18.3807 0.4337374
-18.3707 0.3912928400000001
-18.3607 0.34882531999999994
-18.3507 0.30875656000000007
-18.3407 0.27132856000000005
-18.3307 0.23565233000000002
-18.3207 0.20297598399999997
-18.3107 0.17306102200000004
-18.3007 0.14606635399999995
-18.2907 0.1221638
-18.2807 0.101188968
-18.270699999999998 0.082935646
-18.2607 0.06736950500000001
-18.250700000000002 0.054067439
-18.2407 0.043028122
-18.2307 0.03394151799999998
-18.2207 0.026448337000000002
-18.2107 0.020405672800000003
-18.200699999999998 0.015580854100000003
-18.1907 0.011787256599999999
-18.1807 0.0088222133
-18.1707 0.006531530800000002
-18.1607 0.0047915642999999996
-18.1507 0.0034752763999999995
-18.1407 0.0024929132099999994
-18.1307 0.0017718049399999998
-18.1207 0.0012454317899999996
-18.1107 0.0008674654700000001
-18.1007 0.0005975409299999998
-18.0907 0.00040661972000000004
-18.0807 0.00027448398999999996
-18.0707 0.000183297242
-18.0607 0.000120963723
-18.0507 7.897407900000003e-05
-18.0407 5.1161671e-05
-18.0307 3.2746101000000004e-05
-18.020699999999998 2.0715954000000004e-05
-18.0107 1.2983855e-05
-18.000700000000002 8.0482366e-06
-17.9907 4.9368371e-06
-17.9807 2.993674e-06
-17.9707 1.79982083e-06
-17.9607 1.0705760400000003e-06
-17.950699999999998 6.282449e-07
-17.9407 3.6577396000000004e-07
-17.9307 2.1065140099999997e-07
-17.9207 1.20017122e-07
-17.9107 6.7680373e-08
-17.9007 3.7669065e-08
-17.8907 2.0800525500000008e-08
-17.8807 1.1358944800000002e-08
-17.8707 6.138976e-09
-17.8607 3.2784073e-09
-17.8507 1.7330211600000003e-09
-17.8407 9.068871099999999e-10
-17.8307 4.696000600000001e-10
-17.8207 2.4019735399999997e-10
-17.8107 1.2152501500000002e-10
-17.8007 6.0732724e-11
-17.7907 3.01483272e-11
-17.7807 1.4491812199999997e-11
-17.770699999999998 7.042185400000001e-12
-17.7607 3.09970175e-12
-17.750700000000002 1.0312653499999996e-12
-17.7407 2.79395911e-13
-17.7307 0.0
-17.7207 0.0
-17.7107 0.0
-17.700699999999998 0.0
-17.6907 0.0
-17.6807 0.0
-17.6707 0.0
-17.6607 0.0
-17.6507 0.0
-17.6407 0.0
-17.6307 0.0
-17.6207 0.0
-17.6107 0.0
-17.6007 0.0
-17.5907 0.0
-17.5807 0.0
-17.5707 0.0
-17.5607 0.0
-17.5507 0.0
-17.5407 0.0
-17.5307 0.0
-17.520699999999998 0.0
-17.5107 0.0
-17.5007 0.0
-17.4907 0.0
-17.4807 0.0
-17.4707 0.0
-17.4607 0.0
-17.4507 0.0
-17.4407 0.0
-17.4307 0.0
-17.4207 0.0
-17.4107 0.0
-17.4007 0.0
-17.3907 0.0
-17.3807 0.0
-17.3707 0.0
-17.3607 0.0
-17.3507 0.0
-17.3407 0.0
-17.3307 0.0
-17.3207 0.0
-17.3107 0.0
-17.3007 0.0
-17.2907 0.0
-17.2807 0.0
-17.270699999999998 0.0
-17.2607 0.0
-17.2507 0.0
-17.2407 0.0
-17.2307 0.0
-17.2207 0.0
-17.2107 0.0
-17.2007 0.0
-17.1907 0.0
-17.1807 0.0
-17.1707 0.0
-17.1607 0.0
-17.1507 0.0
-17.1407 0.0
-17.1307 0.0
-17.1207 0.0
-17.1107 0.0
-17.1007 0.0
-17.0907 0.0
-17.0807 0.0
-17.0707 0.0
-17.0607 0.0
-17.0507 0.0
-17.0407 0.0
-17.0307 0.0
-17.020699999999998 0.0
-17.0107 0.0
-17.0007 0.0
-16.9907 0.0
-16.9807 0.0
-16.9707 0.0
-16.9607 0.0
-16.9507 0.0
-16.9407 0.0
-16.9307 0.0
-16.9207 0.0
-16.9107 0.0
-16.9007 0.0
-16.8907 0.0
-16.8807 0.0
-16.8707 0.0
-16.8607 0.0
-16.8507 0.0
-16.8407 0.0
-16.8307 0.0
-16.8207 0.0
-16.8107 0.0
-16.8007 0.0
-16.7907 0.0
-16.7807 0.0
-16.770699999999998 0.0
-16.7607 0.0
-16.7507 0.0
-16.7407 0.0
-16.7307 0.0
-16.7207 0.0
-16.7107 0.0
-16.7007 0.0
-16.6907 0.0
-16.6807 0.0
-16.6707 0.0
-16.6607 0.0
-16.6507 0.0
-16.6407 0.0
-16.6307 0.0
-16.6207 0.0
-16.6107 0.0
-16.6007 0.0
-16.5907 0.0
-16.5807 0.0
-16.5707 0.0
-16.5607 0.0
-16.5507 0.0
-16.5407 0.0
-16.5307 0.0
-16.520699999999998 0.0
-16.5107 0.0
-16.5007 0.0
-16.4907 0.0
-16.4807 0.0
-16.4707 0.0
-16.4607 0.0
-16.4507 0.0
-16.4407 0.0
-16.4307 0.0
-16.4207 0.0
-16.4107 0.0
-16.4007 0.0
-16.3907 0.0
-16.3807 0.0
-16.3707 0.0
-16.3607 0.0
-16.3507 0.0
-16.3407 0.0
-16.3307 0.0
-16.3207 0.0
-16.3107 0.0
-16.3007 0.0
-16.2907 0.0
-16.2807 0.0
-16.270699999999998 0.0
-16.2607 0.0
-16.2507 0.0
-16.2407 0.0
-16.2307 0.0
-16.2207 0.0
-16.2107 0.0
-16.2007 0.0
-16.1907 0.0
-16.1807 0.0
-16.1707 0.0
-16.1607 0.0
-16.1507 0.0
-16.1407 0.0
-16.1307 0.0
-16.1207 0.0
-16.1107 0.0
-16.1007 0.0
-16.0907 0.0
-16.0807 0.0
-16.0707 0.0
-16.0607 0.0
-16.0507 0.0
-16.0407 0.0
-16.0307 0.0
-16.020699999999998 0.0
-16.0107 0.0
-16.0007 0.0
-15.9907 0.0
-15.980699999999999 0.0
-15.9707 0.0
-15.9607 0.0
-15.9507 0.0
-15.9407 0.0
-15.9307 0.0
-15.9207 0.0
-15.9107 0.0
-15.9007 0.0
-15.890699999999999 0.0
-15.8807 0.0
-15.8707 0.0
-15.8607 0.0
-15.8507 0.0
-15.8407 0.0
-15.8307 0.0
-15.8207 0.0
-15.8107 0.0
-15.800699999999999 0.0
-15.7907 0.0
-15.7807 0.0
-15.7707 0.0
-15.7607 0.0
-15.7507 0.0
-15.7407 0.0
-15.730699999999999 0.0
-15.7207 0.0
-15.7107 0.0
-15.7007 0.0
-15.6907 0.0
-15.6807 0.0
-15.6707 0.0
-15.6607 0.0
-15.6507 0.0
-15.640699999999999 0.0
-15.6307 0.0
-15.6207 0.0
-15.6107 0.0
-15.6007 0.0
-15.5907 0.0
-15.5807 0.0
-15.5707 0.0
-15.5607 0.0
-15.550699999999999 0.0
-15.5407 0.0
-15.5307 0.0
-15.5207 0.0
-15.5107 0.0
-15.5007 0.0
-15.4907 0.0
-15.480699999999999 0.0
-15.4707 0.0
-15.4607 0.0
-15.4507 0.0
-15.4407 0.0
-15.4307 0.0
-15.4207 0.0
-15.4107 0.0
-15.4007 0.0
-15.390699999999999 0.0
-15.3807 0.0
-15.3707 0.0
-15.3607 0.0
-15.3507 0.0
-15.3407 0.0
-15.3307 0.0
-15.3207 0.0
-15.3107 0.0
-15.300699999999999 0.0
-15.2907 0.0
-15.2807 0.0
-15.2707 0.0
-15.2607 0.0
-15.2507 0.0
-15.2407 0.0
-15.230699999999999 0.0
-15.2207 0.0
-15.2107 0.0
-15.2007 0.0
-15.1907 0.0
-15.1807 0.0
-15.1707 0.0
-15.1607 0.0
-15.1507 0.0
-15.140699999999999 0.0
-15.1307 0.0
-15.1207 0.0
-15.1107 0.0
-15.1007 0.0
-15.0907 0.0
-15.0807 0.0
-15.0707 0.0
-15.0607 0.0
-15.050699999999999 0.0
-15.0407 0.0
-15.0307 0.0
-15.0207 0.0
-15.0107 0.0
-15.0007 0.0
-14.9907 0.0
-14.980699999999999 0.0
-14.9707 0.0
-14.9607 0.0
-14.9507 0.0
-14.9407 0.0
-14.9307 0.0
-14.9207 0.0
-14.9107 0.0
-14.9007 0.0
-14.890699999999999 0.0
-14.8807 0.0
-14.8707 0.0
-14.8607 0.0
-14.8507 0.0
-14.8407 0.0
-14.8307 0.0
-14.8207 0.0
-14.8107 0.0
-14.800699999999999 0.0
-14.7907 0.0
-14.7807 0.0
-14.7707 0.0
-14.7607 0.0
-14.7507 0.0
-14.7407 0.0
-14.730699999999999 0.0
-14.7207 0.0
-14.7107 0.0
-14.7007 0.0
-14.6907 0.0
-14.6807 0.0
-14.6707 0.0
-14.6607 0.0
-14.6507 0.0
-14.640699999999999 0.0
-14.6307 0.0
-14.6207 0.0
-14.6107 0.0
-14.6007 0.0
-14.5907 0.0
-14.5807 0.0
-14.5707 0.0
-14.5607 0.0
-14.550699999999999 0.0
-14.5407 0.0
-14.5307 0.0
-14.5207 0.0
-14.5107 0.0
-14.5007 0.0
-14.4907 0.0
-14.4807 0.0
-14.470699999999999 0.0
-14.4607 0.0
-14.4507 0.0
-14.4407 0.0
-14.4307 0.0
-14.4207 0.0
-14.4107 0.0
-14.4007 0.0
-14.390699999999999 0.0
-14.3807 0.0
-14.3707 0.0
-14.3607 0.0
-14.3507 0.0
-14.3407 0.0
-14.3307 0.0
-14.3207 0.0
-14.3107 0.0
-14.300699999999999 0.0
-14.2907 0.0
-14.2807 0.0
-14.2707 0.0
-14.2607 0.0
-14.2507 0.0
-14.2407 0.0
-14.2307 0.0
-14.220699999999999 0.0
-14.2107 0.0
-14.2007 0.0
-14.1907 0.0
-14.1807 0.0
-14.1707 0.0
-14.1607 0.0
-14.1507 0.0
-14.140699999999999 0.0
-14.1307 0.0
-14.1207 0.0
-14.1107 0.0
-14.1007 0.0
-14.0907 0.0
-14.0807 0.0
-14.0707 0.0
-14.0607 0.0
-14.050699999999999 0.0
-14.0407 0.0
-14.0307 0.0
-14.0207 0.0
-14.0107 0.0
-14.0007 0.0
-13.9907 0.0
-13.9807 0.0
-13.970699999999999 0.0
-13.9607 0.0
-13.9507 0.0
-13.9407 0.0
-13.9307 0.0
-13.9207 0.0
-13.9107 0.0
-13.9007 0.0
-13.890699999999999 0.0
-13.8807 0.0
-13.8707 0.0
-13.8607 0.0
-13.8507 0.0
-13.8407 0.0
-13.8307 0.0
-13.8207 0.0
-13.8107 0.0
-13.800699999999999 0.0
-13.7907 0.0
-13.7807 0.0
-13.7707 0.0
-13.7607 0.0
-13.7507 0.0
-13.7407 0.0
-13.7307 0.0
-13.720699999999999 0.0
-13.7107 0.0
-13.7007 0.0
-13.6907 0.0
-13.6807 0.0
-13.6707 0.0
-13.6607 0.0
-13.6507 0.0
-13.640699999999999 0.0
-13.6307 0.0
-13.6207 0.0
-13.6107 0.0
-13.6007 0.0
-13.5907 0.0
-13.5807 0.0
-13.5707 0.0
-13.5607 0.0
-13.550699999999999 0.0
-13.5407 0.0
-13.5307 0.0
-13.5207 0.0
-13.5107 0.0
-13.5007 0.0
-13.4907 0.0
-13.4807 0.0
-13.470699999999999 0.0
-13.4607 0.0
-13.4507 0.0
-13.4407 0.0
-13.4307 0.0
-13.4207 0.0
-13.4107 0.0
-13.4007 0.0
-13.390699999999999 0.0
-13.3807 0.0
-13.3707 0.0
-13.3607 0.0
-13.3507 0.0
-13.3407 0.0
-13.3307 0.0
-13.3207 0.0
-13.3107 0.0
-13.300699999999999 0.0
-13.2907 0.0
-13.2807 0.0
-13.2707 0.0
-13.2607 0.0
-13.2507 0.0
-13.2407 0.0
-13.2307 0.0
-13.220699999999999 0.0
-13.2107 0.0
-13.2007 0.0
-13.1907 0.0
-13.1807 0.0
-13.1707 0.0
-13.1607 0.0
-13.1507 0.0
-13.140699999999999 0.0
-13.1307 0.0
-13.1207 0.0
-13.1107 0.0
-13.1007 0.0
-13.0907 0.0
-13.0807 0.0
-13.0707 0.0
-13.0607 0.0
-13.050699999999999 0.0
-13.0407 0.0
-13.0307 0.0
-13.0207 0.0
-13.0107 0.0
-13.0007 0.0
-12.9907 0.0
-12.9807 0.0
-12.970699999999999 0.0
-12.9607 0.0
-12.9507 0.0
-12.9407 0.0
-12.9307 0.0
-12.9207 0.0
-12.9107 0.0
-12.9007 0.0
-12.890699999999999 0.0
-12.8807 0.0
-12.8707 0.0
-12.8607 0.0
-12.8507 0.0
-12.8407 0.0
-12.8307 0.0
-12.8207 0.0
-12.8107 0.0
-12.800699999999999 0.0
-12.7907 0.0
-12.7807 0.0
-12.7707 0.0
-12.7607 4.980397159e-14
-12.7507 1.7862232299999997e-13
-12.7407 3.7161189499999996e-13
-12.7307 9.5200659e-13
-12.720699999999999 2.02144689e-12
-12.7107 4.1692925e-12
-12.7007 8.3836786e-12
-12.6907 1.6739224299999993e-11
-12.6807 3.3332838999999994e-11
-12.6707 6.534182400000001e-11
-12.6607 1.2637142799999994e-10
-12.6507 2.4125987399999997e-10
-12.640699999999999 4.5603018e-10
-12.6307 8.528932899999999e-10
-12.6207 1.57804429e-09
-12.6107 2.8922785599999996e-09
-12.6007 5.2432332e-09
-12.5907 9.407641999999999e-09
-12.5807 1.67039411e-08
-12.5707 2.9381025000000005e-08
-12.5607 5.114577400000001e-08
-12.550699999999999 8.803207000000003e-08
-12.5407 1.5007199999999997e-07
-12.5307 2.5337496699999996e-07
-12.5207 4.232069500000001e-07
-12.5107 6.9921854e-07
-12.5007 1.1454619600000002e-06
-12.4907 1.8573540299999999e-06
-12.480699999999999 2.9772571000000005e-06
-12.4707 4.7405957e-06
-12.4607 7.441854399999999e-06
-12.4507 1.1580254200000002e-05
-12.4407 1.7870879999999997e-05
-12.4307 2.7272887e-05
-12.4207 4.119383699999999e-05
-12.4107 6.175520600000001e-05
-12.4007 9.141487400000001e-05
-12.390699999999999 0.00013407002999999998
-12.3807 0.00019498373699999996
-12.3707 0.00027996980000000003
-12.3607 0.00039944746999999995
-12.3507 0.0005642120099999999
-12.3407 0.0007888328500000001
-12.3307 0.00109224147
-12.3207 0.00149674591
-12.3107 0.0020318803099999994
-12.300699999999999 0.0027308984999999996
-12.2907 0.0036394086999999996
-12.2807 0.0048085215
-12.2707 0.006291824200000001
-12.2607 0.008134864199999996
-12.2507 0.010452168799999998
-12.2407 0.0132722777
-12.230699999999999 0.016729485600000003
-12.2207 0.020863600000000003
-12.2107 0.025798215000000006
-12.2007 0.03157672699999999
-12.1907 0.03832266499999999
-12.1807 0.046106077000000016
-12.1707 0.054950326
-12.1607 0.06479711300000002
-12.1507 0.07597573399999999
-12.140699999999999 0.088047761
-12.1307 0.10129864600000003
-12.1207 0.11542763100000002
-12.1107 0.1304329
-12.1007 0.14605854999999998
-12.0907 0.16234376999999997
-12.0807 0.17877896000000004
-12.0707 0.19540234000000004
-12.0607 0.21183997
-12.050699999999999 0.2278624800000001
-12.0407 0.24332186
-12.0307 0.25812497000000006
-12.0207 0.27170279999999997
-12.0107 0.2842811699999999
-12.0007 0.29606077000000003
-11.9907 0.30625803
-11.980699999999999 0.31476286000000003
-11.9707 0.32173097999999994
-11.9607 0.32819074
-11.9507 0.33400714000000004
-11.9407 0.33844638
-11.9307 0.34132400000000007
-11.9207 0.34385859999999996
-11.9107 0.3459557
-11.9007 0.3480059
-11.890699999999999 0.34951889999999985
-11.8807 0.3506639999999999
-11.8707 0.35169040000000007
-11.8607 0.3524281
-11.8507 0.3532064
-11.8407 0.3538162
-11.8307 0.35428639999999995
-11.8207 0.3546357999999999
-11.8107 0.35468459999999996
-11.800699999999999 0.35467260000000006
-11.7907 0.3541998
-11.7807 0.3534563
-11.7707 0.3529621
-11.7607 0.35178700000000007
-11.7507 0.3502617
-11.7407 0.3486656000000001
-11.730699999999999 0.34674900000000003
-11.7207 0.3448516
-11.7107 0.34254409999999996
-11.7007 0.3401562
-11.6907 0.33755820000000003
-11.6807 0.33503969999999994
-11.6707 0.3324511
-11.6607 0.3297423000000001
-11.6507 0.3274036000000001
-11.640699999999999 0.3249748
-11.6307 0.32266600000000006
-11.6207 0.32045700000000005
-11.6107 0.3183579000000001
-11.6007 0.3164792
-11.5907 0.31460029999999994
-11.5807 0.3130316
-11.5707 0.31163289999999993
-11.5607 0.31052420000000003
-11.550699999999999 0.30939590000000006
-11.5407 0.3085773
-11.5307 0.3080693000000001
-11.5207 0.3074312
-11.5107 0.30711309999999997
-11.5007 0.30657510000000004
-11.4907 0.3063472
-11.480699999999999 0.3059291
-11.4707 0.30562090000000003
-11.4607 0.3049121
-11.4507 0.3040836
-11.4407 0.3032144
-11.4307 0.301835
-11.4207 0.3001552999999999
-11.4107 0.2983950000000001
-11.4007 0.29625480000000004
-11.390699999999999 0.2936239
-11.3807 0.29084259999999995
-11.3707 0.28765149999999995
-11.3607 0.28436990000000006
-11.3507 0.28092829999999996
-11.3407 0.27737660000000003
-11.3307 0.27334470000000005
-11.3207 0.2696328
-11.3107 0.26558090000000006
-11.300699999999999 0.2617286
-11.2907 0.25754610000000006
-11.2807 0.25336299999999995
-11.2707 0.2489997
-11.2607 0.24461600000000003
-11.2507 0.24007130000000004
-11.2407 0.235456
-11.230699999999999 0.23039999999999997
-11.2207 0.22516339999999999
-11.2107 0.21967609999999996
-11.2007 0.21416790000000002
-11.1907 0.20808929999999998
-11.1807 0.20228009999999996
-11.1707 0.1961709
-11.1607 0.19024130000000009
-11.1507 0.1843219
-11.140699999999999 0.1785025
-11.1307 0.17263340000000005
-11.1207 0.1674753
-11.1107 0.16236769999999995
-11.1007 0.15751099999999998
-11.0907 0.153515
-11.0807 0.14936999999999995
-11.0707 0.14577620000000005
-11.0607 0.1425631
-11.050699999999999 0.13998090000000002
-11.0407 0.1374497
-11.0307 0.13546929999999996
-11.0207 0.1334094
-11.0107 0.1317597
-11.0007 0.1303297
-10.9907 0.12901210000000005
-10.980699999999999 0.12753750000000003
-10.9707 0.12606430000000002
-10.9607 0.12446360000000002
-10.9507 0.1225536
-10.9407 0.12072359999999999
-10.9307 0.11840439999999999
-10.9207 0.11596449999999998
-10.9107 0.11322299999999999
-10.9007 0.11007989999999997
-10.890699999999999 0.1064541
-10.8807 0.1028518
-10.8707 0.09861499999999998
-10.8607 0.0943829
-10.8507 0.08989560000000002
-10.8407 0.08531060000000001
-10.8307 0.08059299999999998
-10.8207 0.07587529999999999
-10.8107 0.07122939999999998
-10.800699999999999 0.0666552
-10.7907 0.062255300000000006
-10.7807 0.05807420000000001
-10.7707 0.05414739999999999
-10.7607 0.05050600000000001
-10.7507 0.0471748
-10.7407 0.04418099999999999
-10.730699999999999 0.041517899999999996
-10.7207 0.03920210000000001
-10.7107 0.0372149
-10.7007 0.03550910000000001
-10.6907 0.0341386
-10.6807 0.033024300000000006
-10.6707 0.0321713
-10.6607 0.0315382
-10.6507 0.0311383
-10.640699999999999 0.030875200000000005
-10.6307 0.0307869
-10.6207 0.0308308
-10.6107 0.03096529999999999
-10.6007 0.031184
-10.5907 0.031434800000000006
-10.5807 0.03170750000000001
-10.5707 0.0319471
-10.5607 0.0321541
-10.550699999999999 0.0322823
-10.5407 0.032319499999999994
-10.5307 0.0322161
-10.5207 0.031975500000000004
-10.5107 0.031572499999999996
-10.5007 0.030983
-10.4907 0.0302275
-10.480699999999999 0.0292956
-10.4707 0.02817732
-10.4607 0.026946110000000006
-10.4507 0.025530759999999996
-10.4407 0.024028680000000007
-10.4307 0.022427960000000004
-10.4207 0.020782459999999996
-10.4107 0.01909634
-10.4007 0.017419600000000004
-10.390699999999999 0.015770649999999997
-10.3807 0.014185570000000003
-10.3707 0.012649750000000001
-10.3607 0.011224070000000003
-10.3507 0.00989629
-10.3407 0.008688549999999996
-10.3307 0.007594379999999999
-10.3207 0.006625650000000001
-10.3107 0.0057751600000000005
-10.300699999999999 0.00503264
-10.2907 0.004396529999999999
-10.2807 0.0038539000000000004
-10.2707 0.00339359
-10.2607 0.0030078
-10.2507 0.00268262
-10.2407 0.0024108800000000002
-10.230699999999999 0.0021806099999999995
-10.2207 0.00198096
-10.2107 0.00180937
-10.2007 0.00165988
-10.1907 0.0015221800000000001
-10.1807 0.0013960300000000001
-10.1707 0.0012788400000000003
-10.1607 0.00116649
-10.1507 0.0010610200000000002
-10.140699999999999 0.0009619200000000001
-10.1307 0.0008655099999999999
-10.1207 0.00077394
-10.1107 0.0006863580000000001
-10.1007 0.000604813
-10.0907 0.0005285880000000001
-10.0807 0.000458393
-10.0707 0.00039416799999999997
-10.0607 0.0003361850000000001
-10.050699999999999 0.00028414
-10.0407 0.00023786800000000002
-10.0307 0.000197586
-10.0207 0.00016246499999999998
-10.0107 0.00013259100000000002
-10.0007 0.00010714200000000001
-9.9907 8.591599999999998e-05
-9.980699999999999 6.816999999999999e-05
-9.9707 5.36688e-05
-9.9607 4.192380000000001e-05
-9.9507 3.2609999999999994e-05
-9.9407 2.54068e-05
-9.9307 2.0045199999999996e-05
-9.9207 1.64623e-05
-9.9107 1.46961e-05
-9.9007 1.50354e-05
-9.890699999999999 1.8079469999999996e-05
-9.8807 2.496417e-05
-9.8707 3.748339000000001e-05
-9.8607 5.840635e-05
-9.8507 9.281333999999999e-05
-9.8407 0.00014725586999999996
-9.8307 0.00023228013000000007
-9.8207 0.00036274010999999995
-9.8107 0.0005624825
-9.800699999999999 0.0008634695600000001
-9.7907 0.00130896527
-9.7807 0.0019631085300000004
-9.7707 0.0029224494700000004
-9.7607 0.004296048780000001
-9.7507 0.00624703507
-9.7407 0.00901510615
-9.730699999999999 0.0128524513
-9.7207 0.018135622399999995
-9.7107 0.025283374800000005
-9.7007 0.03499566930000002
-9.6907 0.0478060679
-9.6807 0.06465294749999997
-9.6707 0.08655413840000001
-9.6607 0.11477234000000003
-9.6507 0.15043730500000002
-9.640699999999999 0.19527589700000003
-9.6307 0.250530824
-9.6207 0.319229382
-9.6107 0.40231717699999997
-9.6007 0.500422026
-9.5907 0.617716183
-9.5807 0.7544135089999999
-9.570699999999999 0.9115666299999999
-9.5607 1.0912013200000001
-9.550699999999999 1.2923271100000004
-9.540700000000001 1.5169631700000006
-9.5307 1.76311884
-9.5207 2.0317971799999994
-9.5107 2.3148867200000005
-9.5007 2.60445542
-9.4907 2.917432300000001
-9.480699999999999 3.234622719999999
-9.4707 3.5520803
-9.4607 3.858638800000001
-9.4507 4.161253600000001
-9.4407 4.447702990000001
-9.4307 4.716965660000001
-9.4207 4.96205793
-9.410699999999999 5.18882806
-9.4007 5.375107149999998
-9.390699999999999 5.53099721
-9.380700000000001 5.656374230000001
-9.3707 5.741254119999999
-9.3607 5.805898989999998
-9.3507 5.8497878000000005
-9.3407 5.843713700000001
-9.3307 5.847488499999999
-9.320699999999999 5.821159399999999
-9.3107 5.7947413
-9.300699999999999 5.7585042999999985
-9.290700000000001 5.7123705
-9.2807 5.686400700000001
-9.2707 5.650981099999999
-9.2607 5.635600600000003
-9.2507 5.6305772
-9.2407 5.62581
-9.230699999999999 5.641188799999999
-9.2207 5.6670127
-9.2107 5.7023785999999985
-9.2007 5.737654500000001
-9.1907 5.7829224
-9.1807 5.817428
-9.1707 5.851407699999999
-9.160699999999999 5.884507000000001
-9.1507 5.916717199999997
-9.140699999999999 5.918169100000001
-9.130700000000001 5.9285748
-9.1207 5.9281772
-9.1107 5.906720399999998
-9.1007 5.874720299999998
-9.0907 5.851807100000001
-9.0807 5.7983725999999995
-9.070699999999999 5.764686000000001
-9.0607 5.7206814
-9.050699999999999 5.666626699999999
-9.040700000000001 5.6427610999999995
-9.0307 5.609075400000001
-9.0207 5.575843900000001
-9.0107 5.573014599999999
-9.0007 5.5803183999999995
-8.9907 5.5985784
-8.980699999999999 5.6372676
-8.9707 5.6965131
-8.9607 5.7561757999999985
-8.9507 5.836386699999999
-8.9407 5.936911800000001
-8.9307 6.047875100000001
-8.9207 6.1691616000000025
-8.910699999999999 6.3208663000000005
-8.9007 6.472784200000001
-8.890699999999999 6.655037199999999
-8.880700000000001 6.8372394
-8.8707 7.039557800000001
-8.8607 7.252520100000001
-8.8507 7.475229499999999
-8.8407 7.728049999999997
-8.8307 7.9609026
-8.820699999999999 8.223878099999999
-8.8107 8.4969825
-8.800699999999999 8.760192999999996
-8.790700000000001 9.0230215
-8.7807 9.285956800000001
-8.7707 9.548804000000002
-8.7607 9.801347
-8.7507 10.043574099999999
-8.7407 10.255799099999999
-8.730699999999999 10.467731000000002
-8.7207 10.6593358
-8.7107 10.840726599999996
-8.7007 10.991882300000004
-8.6907 11.132833100000001
-8.6807 11.253669799999997
-8.6707 11.354371600000002
-8.660699999999999 11.434411500000001
-8.6507 11.504806299999998
-8.640699999999999 11.564800099999998
-8.630700000000001 11.5947569
-8.6207 11.624703899999998
-8.6107 11.644528599999997
-8.6007 11.653936400000001
-8.5907 11.653525200000002
-8.5807 11.6527859
-8.570699999999999 11.641833299999998
-8.5607 11.630746700000001
-8.550699999999999 11.609464799999998
-8.540700000000001 11.587954700000004
-8.5307 11.566232500000005
-8.5207 11.523990900000003
-8.5107 11.4818442
-8.5007 11.429272300000001
-8.4907 11.386493000000002
-8.480699999999999 11.323608600000004
-8.4707 11.250428800000002
-8.4607 11.177234000000002
-8.4507 11.083426799999998
-8.4407 10.979733500000002
-8.4307 10.866130099999996
-8.4207 10.742232399999997
-8.410699999999999 10.608244600000004
-8.4007 10.454387700000002
-8.390699999999999 10.280399700000002
-8.380700000000001 10.106744499999998
-8.3707 9.903003299999998
-8.3607 9.679365999999996
-8.3507 9.4662457
-8.3407 9.233129299999998
-8.3307 8.990292200000003
-8.320699999999999 8.7480241
-8.3107 8.486338299999998
-8.300699999999999 8.2450527
-8.290700000000001 7.994329399999999
-8.2807 7.734553599999999
-8.2707 7.505358299999998
-8.2607 7.2571815
-8.2507 7.029622399999999
-8.2407 6.823193
-8.230699999999999 6.617520400000001
-8.2207 6.422718600000002
-8.2107 6.248413400000001
-8.2007 6.085063200000001
-8.1907 5.9320787
-8.1807 5.779945899999998
-8.1707 5.657852900000001
-8.160699999999999 5.516115300000001
-8.1507 5.3940527
-8.140699999999999 5.272049899999999
-8.130700000000001 5.149602200000001
-8.1207 5.0265754000000005
-8.1107 4.8931686999999995
-8.1007 4.748868900000001
-8.0907 4.603940999999999
-8.0807 4.447698100000002
-8.070699999999999 4.290624
-8.0607 4.1023899
-8.050699999999999 3.9229895999999997
-8.040700000000001 3.727912199999999
-8.0307 3.5241857
-8.0207 3.3205081000000005
-8.0107 3.105782300000001
-8.0007 2.8999066
-7.9906999999999995 2.6859946999999997
-7.9807 2.4763190999999996
-7.9707 2.2716607
-7.9607 2.0735176
-7.950699999999999 1.8835718
-7.9407 1.7003765999999998
-7.9307 1.5290867999999995
-7.9207 1.3676536999999995
-7.910699999999999 1.2186605
-7.9007 1.0823120999999996
-7.8907 0.9595957999999999
-7.8807 0.8488965999999998
-7.870699999999999 0.7506935
-7.8607 0.6667925
-7.8507 0.5947598999999998
-7.8407 0.5312283
-7.8307 0.48244610000000004
-7.8206999999999995 0.4425433999999999
-7.8107 0.4124140999999999
-7.8007 0.39036190000000004
-7.7907 0.3755151
-7.7806999999999995 0.3673994
-7.7707 0.36443519999999996
-7.7607 0.36599040000000005
-7.7507 0.3706011
-7.7406999999999995 0.3773744
-7.7307 0.38585669999999983
-7.7207 0.3949537000000001
-7.7107 0.40385200000000004
-7.700699999999999 0.4120859
-7.6907 0.41938820000000004
-7.6807 0.4248639000000001
-7.6707 0.4285358999999999
-7.660699999999999 0.43051719999999993
-7.6507 0.43017279999999997
-7.6407 0.42820280000000005
-7.6307 0.4244671
-7.620699999999999 0.419192
-7.6107 0.4127587999999999
-7.6007 0.4057183000000001
-7.5907 0.3982351000000001
-7.5807 0.39124529999999996
-7.5706999999999995 0.38477609999999995
-7.5607 0.3796488
-7.5507 0.37614370000000014
-7.5407 0.3747418000000001
-7.5306999999999995 0.3757105999999999
-7.5207 0.37941719999999995
-7.5107 0.3861985999999999
-7.5007 0.39659300000000003
-7.4906999999999995 0.41039300000000006
-7.4807 0.42704600000000015
-7.4707 0.4476559999999999
-7.4607 0.4709690000000001
-7.450699999999999 0.497286
-7.4407 0.5255710000000001
-7.4307 0.5560080000000001
-7.4207 0.587704
-7.410699999999999 0.620098
-7.4007 0.652545
-7.3907 0.6844429999999999
-7.3807 0.714827
-7.370699999999999 0.742464
-7.3607 0.7684589999999997
-7.3507 0.791328
-7.3407 0.8093690000000001
-7.3307 0.8254359999999998
-7.3206999999999995 0.8370409999999999
-7.3107 0.845692
-7.3007 0.8526889999999998
-7.2907 0.8548529999999999
-7.2806999999999995 0.854669
-7.2707 0.8547579999999998
-7.2607 0.8525269999999997
-7.2507 0.849598
-7.2406999999999995 0.8485529999999997
-7.2307 0.8488509999999999
-7.2207 0.851072
-7.2107 0.85551
-7.200699999999999 0.8635960000000001
-7.1907 0.875254
-7.1807 0.890632
-7.1707 0.909883
-7.160699999999999 0.9329939999999999
-7.1507 0.9610479999999999
-7.1407 0.9919560000000001
-7.1307 1.026418
-7.120699999999999 1.0656230000000002
-7.1107 1.105779
-7.1007 1.149064
-7.0907 1.194754
-7.0807 1.240499
-7.0706999999999995 1.288938
-7.0607 1.3372009999999999
-7.0507 1.3847650000000002
-7.0407 1.4344220000000003
-7.0306999999999995 1.4817580000000001
-7.0207 1.529877
-7.0107 1.5732849999999998
-7.0007 1.6143450000000001
-6.9906999999999995 1.6556869999999995
-6.9807 1.6903789999999999
-6.9707 1.7239090000000001
-6.9607 1.7524910000000002
-6.950699999999999 1.7783210000000005
-6.9407 1.7976819999999998
-6.9307 1.813582
-6.9207 1.8256070000000002
-6.910699999999999 1.832286
-6.9007 1.8338050000000001
-6.8907 1.833284
-6.8807 1.825603
-6.870699999999999 1.8192520000000005
-6.8607 1.8079010000000002
-6.8507 1.7961410000000004
-6.8407 1.7821109999999998
-6.8307 1.7678080000000005
-6.8206999999999995 1.7544039999999996
-6.8107 1.7388929999999998
-6.8007 1.7268919999999999
-6.7907 1.714608
-6.7806999999999995 1.703049
-6.7707 1.694721
-6.7607 1.686878
-6.7507 1.6800910000000002
-6.7406999999999995 1.6744219999999996
-6.7307 1.6719609999999998
-6.7207 1.6706340000000002
-6.7107 1.669707
-6.700699999999999 1.6688080000000003
-6.6907 1.6688270000000003
-6.6807 1.669434
-6.6707 1.6711880000000001
-6.660699999999999 1.673312
-6.6507 1.6763649999999997
-6.6407 1.680556
-6.6307 1.6864270000000001
-6.620699999999999 1.6928339999999995
-6.6107 1.701551
-6.6007 1.7139050000000002
-6.5907 1.7254740000000002
-6.5807 1.7408599999999994
-6.5706999999999995 1.7602659999999999
-6.5607 1.7829260000000002
-6.5507 1.8047670000000002
-6.5407 1.83196
-6.5306999999999995 1.8599790000000003
-6.5207 1.890523
-6.5107 1.922835
-6.5007 1.9545900000000003
-6.4906999999999995 1.988662
-6.4807 2.022087
-6.4707 2.0531270000000004
-6.4607 2.085658
-6.450699999999999 2.116082
-6.4407 2.144278
-6.4307 2.1697649999999995
-6.4207 2.1965030000000003
-6.410699999999999 2.218611
-6.4007 2.2393780000000003
-6.3907 2.258755
-6.3807 2.273402
-6.370699999999999 2.289897
-6.3607 2.298853
-6.3507 2.311406
-6.3407 2.3194200000000005
-6.3307 2.323203
-6.3206999999999995 2.329474
-6.3107 2.3286059999999997
-6.3007 2.3283259999999997
-6.2907 2.325917
-6.2806999999999995 2.321178
-6.2707 2.3163289999999996
-6.2607 2.3063809999999996
-6.2507 2.2983339999999997
-6.2406999999999995 2.286258
-6.2307 2.27376
-6.2207 2.261482
-6.2107 2.245069
-6.200699999999999 2.2318900000000004
-6.1907 2.2169960000000004
-6.1807 2.202105
-6.1707 2.1852280000000004
-6.160699999999999 2.1706459999999996
-6.1507 2.1548689999999997
-6.1407 2.139726
-6.1307 2.1233660000000003
-6.120699999999999 2.110332
-6.1107 2.0957010000000005
-6.1007 2.081694
-6.0907 2.069071
-6.0807 2.055181
-6.0706999999999995 2.043203
-6.0607 2.0317179999999997
-6.0507 2.020965
-6.0407 2.009925
-6.0306999999999995 2.001384
-6.0207 1.9926640000000002
-6.0107 1.983234
-6.0007 1.975624
-5.9906999999999995 1.9675219999999995
-5.9807 1.9612380000000003
-5.9707 1.9523430000000002
-5.9607 1.948365
-5.950699999999999 1.942783
-5.9407 1.9395079999999998
-5.9307 1.9349399999999992
-5.9207 1.934888
-5.910699999999999 1.9321140000000003
-5.9007 1.9323580000000002
-5.8907 1.9334010000000001
-5.8807 1.933354
-5.870699999999999 1.9368070000000002
-5.8607 1.9370400000000003
-5.8507 1.9393
-5.8407 1.9396410000000002
-5.8307 1.93882
-5.8206999999999995 1.938501
-5.8107 1.9371390000000004
-5.8007 1.9339760000000004
-5.7907 1.9286439999999996
-5.7806999999999995 1.9239199999999996
-5.7707 1.916824
-5.7607 1.909739
-5.7507 1.9011840000000002
-5.7406999999999995 1.891238
-5.7307 1.8837069999999996
-5.7207 1.8768969999999996
-5.7107 1.8703220000000003
-5.700699999999999 1.8652709999999997
-5.6907 1.861335
-5.6807 1.8599249999999996
-5.6707 1.8611499999999996
-5.660699999999999 1.8637850000000002
-5.6507 1.8679449999999993
-5.6407 1.8725340000000004
-5.6307 1.8807490000000002
-5.620699999999999 1.887977
-5.6107 1.8947919999999998
-5.6007 1.9025399999999997
-5.5907 1.909379
-5.5807 1.9121000000000001
-5.5707 1.9157750000000002
-5.560700000000001 1.915237
-5.550699999999999 1.9145090000000002
-5.540699999999999 1.907356
-5.5306999999999995 1.9010019999999996
-5.5207 1.8901629999999996
-5.5107 1.875289
-5.5007 1.8602309999999993
-5.4907 1.844163
-5.480700000000001 1.828212
-5.470699999999999 1.8104419999999999
-5.460699999999999 1.7929050000000004
-5.450699999999999 1.7767720000000002
-5.4407 1.764751
-5.4307 1.7517269999999998
-5.4207 1.7446360000000003
-5.4107 1.7399590000000003
-5.4007000000000005 1.7382800000000003
-5.390699999999999 1.7402339999999996
-5.380699999999999 1.7457849999999997
-5.370699999999999 1.7540499999999997
-5.3607 1.7665270000000002
-5.3507 1.7825130000000002
-5.3407 1.797493
-5.3307 1.8178940000000001
-5.3207 1.8382070000000004
-5.310700000000001 1.856491
-5.300699999999999 1.8777840000000001
-5.290699999999999 1.897679
-5.2806999999999995 1.9185749999999995
-5.2707 1.9359689999999998
-5.2607 1.9530469999999998
-5.2507 1.9690229999999997
-5.2407 1.9835989999999997
-5.230700000000001 1.993476
-5.220699999999999 2.0031319999999995
-5.210699999999999 2.009108
-5.200699999999999 2.014454
-5.1907 2.014487
-5.1807 2.0148309999999996
-5.1707 2.01045
-5.1607 2.00436
-5.1507000000000005 1.994246
-5.140699999999999 1.9827279999999996
-5.130699999999999 1.967297
-5.120699999999999 1.9521529999999996
-5.1107 1.9341749999999995
-5.1007 1.9128149999999997
-5.0907 1.8909189999999998
-5.0807 1.8685409999999998
-5.0707 1.8458319999999997
-5.060700000000001 1.8250179999999996
-5.050699999999999 1.802225
-5.040699999999999 1.7804220000000002
-5.0306999999999995 1.760604
-5.0207 1.742115
-5.0107 1.7239050000000005
-5.0007 1.7080150000000005
-4.9907 1.6944319999999997
-4.980700000000001 1.681253
-4.970699999999999 1.6693079999999996
-4.960699999999999 1.6596480000000005
-4.950699999999999 1.6502290000000002
-4.9407 1.6430829999999998
-4.9307 1.6348880000000001
-4.9207 1.6278360000000003
-4.9107 1.6196629999999999
-4.9007000000000005 1.61242
-4.890699999999999 1.6040289999999997
-4.880699999999999 1.5955970000000002
-4.870699999999999 1.584975
-4.8607 1.576412
-4.8507 1.5643899999999997
-4.8407 1.5537850000000002
-4.8307 1.5397919999999998
-4.8207 1.526972
-4.810700000000001 1.5144
-4.800699999999999 1.498831
-4.790699999999999 1.48457
-4.7806999999999995 1.4675019999999999
-4.7707 1.454636
-4.7607 1.4393910000000003
-4.7507 1.424437
-4.7407 1.410453
-4.730700000000001 1.394098
-4.720699999999999 1.3817350000000002
-4.710699999999999 1.3664410000000005
-4.700699999999999 1.3526660000000001
-4.6907 1.341083
-4.6807 1.326497
-4.6707 1.313811
-4.6607 1.3012219999999999
-4.6507000000000005 1.2898409999999998
-4.640699999999999 1.278471
-4.630699999999999 1.2689720000000002
-4.620699999999999 1.259411
-4.6107 1.2517580000000004
-4.6007 1.2431969999999999
-4.5907 1.2368579999999996
-4.5807 1.2332379999999996
-4.5707 1.2278129999999998
-4.560700000000001 1.2262979999999999
-4.550699999999999 1.225492
-4.540699999999999 1.224892
-4.5306999999999995 1.2248970000000001
-4.5207 1.2277200000000001
-4.5107 1.2313239999999999
-4.5007 1.2339229999999999
-4.4907 1.237491
-4.480700000000001 1.2397610000000001
-4.470699999999999 1.24431
-4.460699999999999 1.245278
-4.450699999999999 1.2469100000000002
-4.4407 1.248438
-4.4307 1.2465540000000002
-4.4207 1.2453579999999997
-4.4107 1.2418509999999998
-4.4007000000000005 1.236147
-4.390699999999999 1.2309609999999995
-4.380699999999999 1.223552
-4.370699999999999 1.216049
-4.3607 1.2063319999999997
-4.3507 1.1963489999999999
-4.3407 1.185668
-4.3307 1.173881
-4.3207 1.165213
-4.310700000000001 1.154358
-4.300699999999999 1.1442129999999997
-4.290699999999999 1.1371779999999998
-4.2806999999999995 1.128025
-4.2707 1.122803
-4.2607 1.116684
-4.2507 1.110422
-4.2407 1.1084630000000002
-4.230700000000001 1.1029570000000002
-4.220699999999999 1.1029319999999998
-4.210699999999999 1.0992929999999999
-4.200699999999999 1.0998039999999998
-4.1907 1.098808
-4.1807 1.0991060000000004
-4.1707 1.098586
-4.1607 1.098166
-4.1507000000000005 1.0988489999999997
-4.140699999999999 1.101037
-4.130699999999999 1.099346
-4.120699999999999 1.1006140000000002
-4.1107 1.10102
-4.1007 1.1015750000000002
-4.0907 1.102406
-4.0807 1.1033879999999998
-4.0707 1.104347
-4.060700000000001 1.106697
-4.050699999999999 1.1089330000000004
-4.040699999999999 1.1114420000000003
-4.0306999999999995 1.116331
-4.0207 1.117985
-4.0107 1.1228209999999998
-4.0007 1.1287129999999999
-3.9907000000000004 1.1330339999999999
-3.9807000000000006 1.137134
-3.970699999999999 1.1431419999999999
-3.960699999999999 1.1493939999999998
-3.9506999999999994 1.154666
-3.9406999999999996 1.1597500000000005
-3.9307 1.1655659999999999
-3.9207 1.1722919999999997
-3.9107000000000003 1.1793520000000004
-3.9007000000000005 1.1851220000000002
-3.890699999999999 1.1908219999999998
-3.880699999999999 1.1986320000000001
-3.8706999999999994 1.2044830000000002
-3.8606999999999996 1.2102650000000001
-3.8507 1.2179689999999996
-3.8407 1.2229379999999994
-3.8307 1.2287810000000001
-3.8207000000000004 1.2337720000000003
-3.8107000000000006 1.2388320000000002
-3.800699999999999 1.244862
-3.7906999999999993 1.2498669999999998
-3.7806999999999995 1.2509009999999998
-3.7706999999999997 1.2571370000000002
-3.7607 1.2590759999999996
-3.7507 1.259974
-3.7407000000000004 1.2610269999999997
-3.7307000000000006 1.2597740000000002
-3.720699999999999 1.2592280000000002
-3.710699999999999 1.2578869999999998
-3.7006999999999994 1.254023
-3.6906999999999996 1.2480309999999997
-3.6807 1.242898
-3.6707 1.2333299999999998
-3.6607000000000003 1.2253059999999998
-3.6507000000000005 1.2162180000000002
-3.640699999999999 1.203776
-3.630699999999999 1.1929490000000003
-3.6206999999999994 1.1788529999999997
-3.6106999999999996 1.1642830000000002
-3.6007 1.148428
-3.5907 1.1323100000000001
-3.5807 1.1167170000000002
-3.5707000000000004 1.1000539999999999
-3.5607000000000006 1.081888
-3.550699999999999 1.0645749999999998
-3.5406999999999993 1.048835
-3.5306999999999995 1.030243
-3.5206999999999997 1.0132369999999997
-3.5107 0.9960939999999999
-3.5007 0.9806779999999999
-3.4907000000000004 0.9648529999999998
-3.4807000000000006 0.9495670000000002
-3.470699999999999 0.9358940000000002
-3.460699999999999 0.9230800000000001
-3.4506999999999994 0.9115060000000001
-3.4406999999999996 0.9009670000000002
-3.4307 0.8898086000000002
-3.4207 0.8806637999999999
-3.4107000000000003 0.8728408
-3.4007000000000005 0.8665782
-3.390699999999999 0.8602098999999999
-3.380699999999999 0.8542749
-3.3706999999999994 0.8485723
-3.3606999999999996 0.8444999999999998
-3.3507 0.8417302
-3.3407 0.8384207999999999
-3.3307 0.8350827999999998
-3.3207000000000004 0.8339758
-3.3107000000000006 0.8324634
-3.300699999999999 0.8321778000000003
-3.2906999999999993 0.8320532
-3.2806999999999995 0.8303840000000002
-3.2706999999999997 0.8327447
-3.2607 0.8339262000000001
-3.2507 0.8363643000000001
-3.2407000000000004 0.8402421000000001
-3.2307000000000006 0.8455437000000001
-3.220699999999999 0.8515499000000002
-3.210699999999999 0.8578206999999999
-3.2006999999999994 0.8658912000000001
-3.1906999999999996 0.8745073
-3.1807 0.8832961
-3.1707 0.8930253999999999
-3.1607000000000003 0.9018752999999999
-3.1507000000000005 0.9104639000000003
-3.140699999999999 0.9211748000000002
-3.130699999999999 0.9293993999999999
-3.1206999999999994 0.9358414999999999
-3.1106999999999996 0.9440029000000001
-3.1007 0.9489999000000001
-3.0907 0.9546800999999999
-3.0807 0.9583887
-3.0707000000000004 0.9616096999999999
-3.0607000000000006 0.9632606999999999
-3.050699999999999 0.9652138
-3.0406999999999993 0.9656056999999998
-3.0306999999999995 0.9665155999999998
-3.0206999999999997 0.9666335000000001
-3.0107 0.9663383
-3.0007 0.9651120000000002
-2.9907000000000004 0.9644634
-2.9807000000000006 0.9617467000000001
-2.970699999999999 0.9597855999999999
-2.960699999999999 0.9565043000000002
-2.9506999999999994 0.9521089000000001
-2.9406999999999996 0.9470752000000002
-2.9307 0.9419072999999999
-2.9207 0.9346973000000001
-2.9107000000000003 0.9273781
-2.9007000000000005 0.9203179
-2.890699999999999 0.9110557
-2.880699999999999 0.9017985999999998
-2.8706999999999994 0.8925285999999999
-2.8606999999999996 0.8849228999999998
-2.8507 0.8769343999999999
-2.8407 0.8696979999999997
-2.8307 0.8651588999999998
-2.8207000000000004 0.8603267000000001
-2.8107000000000006 0.8593452000000001
-2.800699999999999 0.8592078000000002
-2.7906999999999993 0.8609645000000001
-2.7806999999999995 0.8635763
-2.7706999999999997 0.8702901000000001
-2.7607 0.8786119999999998
-2.7507 0.8890140000000001
-2.7407000000000004 0.8989328999999999
-2.7307000000000006 0.9126995
-2.720699999999999 0.9259412000000001
-2.710699999999999 0.9427102000000003
-2.7006999999999994 0.9567299000000001
-2.6906999999999996 0.9741121999999999
-2.6807 0.9904787000000002
-2.6707 1.0046922000000003
-2.6607000000000003 1.0214066999999998
-2.6507000000000005 1.0351091
-2.640699999999999 1.0494082
-2.630699999999999 1.0629312000000002
-2.6206999999999994 1.0731168
-2.6106999999999996 1.0825031999999997
-2.6007 1.0914252000000002
-2.5907 1.0982958999999999
-2.5807 1.1050096999999997
-2.5707000000000004 1.109769
-2.5607000000000006 1.1149997
-2.550699999999999 1.1185831
-2.5406999999999993 1.1216361000000001
-2.5306999999999995 1.1258738000000004
-2.5206999999999997 1.1278715000000001
-2.5107 1.1297447999999999
-2.5007 1.1333962999999998
-2.4907000000000004 1.1341458
-2.4807000000000006 1.1360343999999998
-2.470699999999999 1.1375193999999997
-2.460699999999999 1.1363834999999998
-2.4506999999999994 1.1369048999999998
-2.4406999999999996 1.1365027
-2.4307 1.1361806999999997
-2.4207 1.1338952000000002
-2.4107000000000003 1.1315969000000001
-2.4007000000000005 1.1300700000000001
-2.390699999999999 1.1266089
-2.380699999999999 1.1240272999999998
-2.3706999999999994 1.1214144000000001
-2.3606999999999996 1.1187693000000005
-2.3507 1.1149243000000002
-2.3407 1.1107670000000003
-2.3307 1.1075920000000004
-2.3207000000000004 1.1032359000000003
-2.3107000000000006 1.1016468
-2.300699999999999 1.0968808000000003
-2.2906999999999993 1.0906909
-2.2806999999999995 1.0862921
-2.2706999999999997 1.0829143
-2.2607 1.0759234000000002
-2.2507 1.0708227000000001
-2.2407000000000004 1.064423
-2.2307000000000006 1.0576021999999998
-2.220699999999999 1.0487982999999999
-2.210699999999999 1.0407884
-2.2006999999999994 1.0331666
-2.1906999999999996 1.0243554000000004
-2.1807 1.0149552999999998
-2.1707 1.0058351000000003
-2.1607000000000003 0.9963589000000004
-2.1507000000000005 0.9878417
-2.140699999999999 0.9787738000000002
-2.130699999999999 0.9704068
-2.1206999999999994 0.9616945
-2.1106999999999996 0.9520786
-2.1007 0.9436638999999999
-2.0907 0.9343683000000002
-2.0807 0.922871
-2.0707000000000004 0.9137017999999999
-2.0607000000000006 0.9011438000000002
-2.050699999999999 0.8877758000000001
-2.0406999999999993 0.8734182
-2.0306999999999995 0.8579591000000001
-2.0206999999999997 0.8415188000000001
-2.0107 0.8239444999999999
-2.0007 0.8055891999999999
-1.9907000000000004 0.7872408
-1.9807000000000006 0.7682329999999997
-1.970699999999999 0.7493721
-1.9606999999999992 0.7307381000000001
-1.9506999999999994 0.7135913700000002
-1.9406999999999996 0.6990831399999999
-1.9306999999999999 0.68628448
-1.9207 0.6761295100000002
-1.9107000000000003 0.66982642
-1.9007000000000005 0.66543541
-1.890699999999999 0.6681119799999999
-1.8806999999999992 0.67377624
-1.8706999999999994 0.68447927
-1.8606999999999996 0.6992729699999999
-1.8506999999999998 0.71896464
-1.8407 0.7415528600000001
-1.8307000000000002 0.76922673
-1.8207000000000004 0.8005449400000002
-1.8107000000000006 0.8324041799999998
-1.800699999999999 0.8678354299999996
-1.7906999999999993 0.9033344000000001
-1.7806999999999995 0.9380815599999996
-1.7706999999999997 0.9727270200000002
-1.7607 1.0039402599999998
-1.7507000000000001 1.03181917
-1.7407000000000004 1.0549835600000002
-1.7307000000000006 1.0723681099999998
-1.720699999999999 1.08369913
-1.7106999999999992 1.08689532
-1.7006999999999994 1.08382367
-1.6906999999999996 1.0716070899999999
-1.6806999999999999 1.0510140799999999
-1.6707 1.0253323500000002
-1.6607000000000003 0.9903492399999999
-1.6507000000000005 0.9474187900000001
-1.640699999999999 0.9004601399999999
-1.6306999999999992 0.84768156
-1.6206999999999994 0.7924273100000001
-1.6106999999999996 0.7334315899999999
-1.6006999999999998 0.6724312199999999
-1.5907 0.6103557599999999
-1.5807000000000002 0.5496448799999998
-1.5707000000000004 0.48958370999999995
-1.5607000000000006 0.4333478800000001
-1.550699999999999 0.37879552
-1.5406999999999993 0.328571881
-1.5306999999999995 0.2816963090000001
-1.5206999999999997 0.23930945600000003
-1.5107 0.20182592
-1.5007000000000001 0.168355242
-1.4907000000000004 0.13878538899999998
-1.4807000000000006 0.11342347799999998
-1.470699999999999 0.09178986899999995
-1.4606999999999992 0.07348158299999999
-1.4506999999999994 0.058197530000000004
-1.4406999999999996 0.045714817
-1.4306999999999999 0.035476625399999996
-1.4207 0.0273421329
-1.4107000000000003 0.020768009699999996
-1.4007000000000005 0.015647964999999996
-1.390699999999999 0.0116677528
-1.3806999999999992 0.0086002377
-1.3706999999999994 0.006281469400000001
-1.3606999999999996 0.004538684800000001
-1.3506999999999998 0.0032425426200000003
-1.3407 0.00229621858
-1.3307000000000002 0.00160799573
-1.3207000000000004 0.0011149114800000001
-1.3107000000000006 0.00076496396
-1.300699999999999 0.0005194680799999999
-1.2906999999999993 0.0003478292150000001
-1.2806999999999995 0.000231490197
-1.2706999999999997 0.00015209640299999994
-1.2607 9.9029661e-05
-1.2507000000000001 6.3712893e-05
-1.2407000000000004 4.06076018e-05
-1.2307000000000006 2.5545005500000002e-05
-1.220699999999999 1.59588992e-05
-1.2106999999999992 9.849811500000002e-06
-1.2006999999999994 6.0095395e-06
-1.1906999999999996 3.63215073e-06
-1.1806999999999999 2.1687565100000003e-06
-1.1707 1.2828257800000002e-06
-1.1607000000000003 7.509453100000001e-07
-1.1507000000000005 4.348648979999999e-07
-1.140699999999999 2.4841923600000003e-07
-1.1306999999999992 1.41007735e-07
-1.1206999999999994 7.9028262e-08
-1.1106999999999996 4.389876070000001e-08
-1.1006999999999998 2.4068046800000012e-08
-1.0907 1.3061201699999998e-08
-1.0807000000000002 7.008291200000001e-09
-1.0707000000000004 3.727908260000001e-09
-1.0607000000000006 1.9598856100000004e-09
-1.050699999999999 1.0196360299999997e-09
-1.0406999999999993 5.2464546e-10
-1.0306999999999995 2.6679853000000007e-10
-1.0206999999999997 1.3425177600000002e-10
-1.0107 6.682572199999998e-11
-1.0007000000000001 3.3009298400000006e-11
-0.9907000000000004 1.58535093e-11
-0.9807000000000006 7.4645016e-12
-0.970699999999999 2.89969337e-12
-0.9606999999999992 5.71295382e-13
-0.9506999999999994 0.0
-0.9406999999999996 0.0
-0.9306999999999999 0.0
-0.9207000000000001 0.0
-0.9107000000000003 0.0
-0.9007000000000005 0.0
-0.8906999999999989 0.0
-0.8806999999999992 0.0
-0.8706999999999994 0.0
-0.8606999999999996 0.0
-0.8506999999999998 0.0
-0.8407 0.0
-0.8307000000000002 0.0
-0.8207000000000004 0.0
-0.8107000000000006 0.0
-0.8006999999999991 0.0
-0.7906999999999993 0.0
-0.7806999999999995 0.0
-0.7706999999999997 0.0
-0.7606999999999999 0.0
-0.7507000000000001 0.0
-0.7407000000000004 0.0
-0.7307000000000006 0.0
-0.720699999999999 0.0
-0.7106999999999992 0.0
-0.7006999999999994 0.0
-0.6906999999999996 0.0
-0.6806999999999999 0.0
-0.6707000000000001 0.0
-0.6607000000000003 0.0
-0.6507000000000005 0.0
-0.6406999999999989 0.0
-0.6306999999999992 0.0
-0.6206999999999994 7.4270215e-13
-0.6106999999999996 7.696112489999999e-12
-0.6006999999999998 2.3040537400000002e-11
-0.5907 5.809824470000001e-11
-0.5807000000000002 1.2048726399999996e-10
-0.5707000000000004 2.4643162e-10
-0.5607000000000006 4.97219716e-10
-0.5506999999999991 9.934396e-10
-0.5406999999999993 1.9636197500000002e-09
-0.5306999999999995 3.849300180000001e-09
-0.5206999999999997 7.435701020000001e-09
-0.5106999999999999 1.42441195e-08
-0.5007000000000001 2.70011129e-08
-0.49070000000000036 5.055310259999999e-08
-0.48070000000000057 9.368100700000002e-08
-0.470699999999999 1.7178311e-07
-0.4606999999999992 3.1129930000000004e-07
-0.45069999999999943 5.59770459e-07
-0.44069999999999965 9.934781100000003e-07
-0.43069999999999986 1.74720769e-06
-0.4207000000000001 3.0371195800000004e-06
-0.4107000000000003 5.22241997e-06
-0.4007000000000005 8.902888539999999e-06
-0.39069999999999894 1.49834117e-05
-0.38069999999999915 2.4989078199999997e-05
-0.37069999999999936 4.11267956e-05
-0.3606999999999996 6.71780781e-05
-0.3506999999999998 0.00010845719700000002
-0.3407 0.000173208145
-0.3307000000000002 0.000273571633
-0.32070000000000043 0.00042796220200000005
-0.31070000000000064 0.0006626754889999999
-0.3006999999999991 0.0010137608500000001
-0.2906999999999993 0.0015348022500000001
-0.2806999999999995 0.0022997178
-0.2706999999999997 0.0034126415
-0.26069999999999993 0.0050052259
-0.25070000000000014 0.007284526930000001
-0.24070000000000036 0.010471421900000001
-0.23070000000000057 0.0148830299
-0.220699999999999 0.020953583599999995
-0.21069999999999922 0.0291794422
-0.20069999999999943 0.0402981126
-0.19069999999999965 0.05492898349999999
-0.18069999999999986 0.07426404330000001
-0.17070000000000007 0.099156733
-0.1607000000000003 0.131330347
-0.1507000000000005 0.172104662
-0.14069999999999894 0.22350231
-0.13069999999999915 0.286242074
-0.12069999999999936 0.364451011
-0.11069999999999958 0.4590548119999999
-0.10069999999999979 0.572181082
-0.0907 0.706263128
-0.08070000000000022 0.86310036
-0.07070000000000043 1.04623735
-0.06070000000000064 1.2567015300000002
-0.05069999999999908 1.4944971300000005
-0.04069999999999929 1.7616526
-0.030699999999999505 2.06113253
-0.02069999999999972 2.38298155
-0.010699999999999932 2.73714118
-0.000700000000000145 3.11262202
0.009299999999999642 3.50239584
0.01929999999999943 3.9254258200000005
0.029300000000000992 4.36368065
0.03930000000000078 4.816108669999999
0.049300000000000566 5.27063924
0.05930000000000035 5.73825926
0.06930000000000014 6.183786350000001
0.07929999999999993 6.639341099999999
0.08929999999999971 7.084716899999999
0.0992999999999995 7.5099393999999995
0.10930000000000106 7.9050372
0.11930000000000085 8.2897871
0.12930000000000064 8.6442202
0.13930000000000042 8.958276399999999
0.1493000000000002 9.251902
0.1593 9.525265199999998
0.16929999999999978 9.758297900000002
0.17929999999999957 9.960886
0.18929999999999936 10.143061500000002
0.19930000000000092 10.2950452
0.2093000000000007 10.426556499999998
0.2193000000000005 10.537827799999999
0.22930000000000028 10.6289662
0.23930000000000007 10.719826599999998
0.24929999999999986 10.810725
0.25929999999999964 10.871504900000001
0.26929999999999943 10.952284900000002
0.279300000000001 11.0531966
0.2893000000000008 11.1343996
0.29930000000000057 11.245856
0.30930000000000035 11.377501500000001
0.31930000000000014 11.529372699999998
0.3292999999999999 11.7016653
0.3392999999999997 11.8844214
0.3492999999999995 12.077399200000002
0.35930000000000106 12.3106182
0.36930000000000085 12.544310399999999
0.37930000000000064 12.808064999999996
0.3893000000000004 13.052059399999997
0.3993000000000002 13.3260444
0.4093 13.580140400000003
0.4192999999999998 13.8341142
0.42929999999999957 14.047867499999999
0.43929999999999936 14.271217399999998
0.4493000000000009 14.4444443
0.4593000000000007 14.6072375
0.4693000000000005 14.7092854
0.4793000000000003 14.790757999999997
0.48930000000000007 14.811736300000002
0.49929999999999986 14.771769099999998
0.5092999999999996 14.7013645
0.5192999999999994 14.570315700000002
0.529300000000001 14.368320699999998
0.5393000000000008 14.135730300000002
0.5493000000000006 13.842656199999999
0.5593000000000004 13.5092073
0.5693000000000001 13.134776000000004
0.5792999999999999 12.720453899999997
0.5892999999999997 12.295769
0.5992999999999995 11.850864999999999
0.6093000000000011 11.3757937
0.6193000000000008 10.9108729
0.6293000000000006 10.435876799999999
0.6393000000000004 9.981333700000002
0.6493000000000002 9.536987699999997
0.6593 9.113087499999999
0.6692999999999998 8.719464400000001
0.6792999999999996 8.366638199999997
0.6892999999999994 8.024040499999998
0.6993000000000009 7.7321315
0.7093000000000007 7.470700899999999
0.7193000000000005 7.2499478
0.7293000000000003 7.0596323
0.7393000000000001 6.909795899999999
0.7492999999999999 6.770366600000002
0.7592999999999996 6.661394799999999
0.7692999999999994 6.5825971
0.779300000000001 6.504344
0.7893000000000008 6.4460051
0.7993000000000006 6.407860900000001
0.8093000000000004 6.349956099999999
0.8193000000000001 6.3017958
0.8292999999999999 6.253753
0.8392999999999997 6.195588600000001
0.8492999999999995 6.127294700000001
0.8593000000000011 6.038891699999999
0.8693000000000008 5.940445
0.8793000000000006 5.831617099999999
0.8893000000000004 5.7126557999999985
0.8993000000000002 5.583805899999999
0.9093 5.4445938
0.9192999999999998 5.2853074
0.9292999999999996 5.1257685
0.9392999999999994 4.9663072999999995
0.9493000000000009 4.796495899999999
0.9593000000000007 4.6367203
0.9693000000000005 4.466769600000001
0.9793000000000003 4.3065084
0.9893000000000001 4.1463122
0.9992999999999999 3.9959310000000006
1.0092999999999996 3.8553598999999994
1.0192999999999994 3.724764300000001
1.029300000000001 3.5970740999999995
1.0393000000000008 3.4822419999999994
1.0493000000000006 3.3705053999999994
1.0593000000000004 3.2815795
1.0693000000000001 3.2059420999999997
1.0793 3.1232134999999994
1.0892999999999997 3.0736352
1.0992999999999995 3.0272277000000005
1.109300000000001 2.9940705000000003
1.1193000000000008 2.9841366000000003
1.1293000000000006 2.9673736999999996
1.1393000000000004 2.9637545
1.1493000000000002 2.983497499999999
1.1593 3.0064447
1.1692999999999998 3.0326943999999996
1.1792999999999996 3.0711353999999997
1.1892999999999994 3.1026466
1.199300000000001 3.1452693999999997
1.2093000000000007 3.1910973
1.2193000000000005 3.2287573999999997
1.2293000000000003 3.267557800000001
1.2393 3.3083215999999998
1.2492999999999999 3.329179800000001
1.2592999999999996 3.3518203
1.2692999999999994 3.365343100000001
1.279300000000001 3.3797181000000003
1.2893000000000008 3.3850071
1.2993000000000006 3.3799092
1.3093000000000004 3.365722
1.3193000000000001 3.342218599999999
1.3293 3.307455
1.3392999999999997 3.273381900000001
1.3492999999999995 3.2279082000000003
1.359300000000001 3.1722419000000004
1.3693000000000008 3.1059514
1.3793000000000006 3.0374071000000002
1.3893000000000004 2.9580866
1.3993000000000002 2.8665361000000007
1.4093 2.7774503999999993
1.4192999999999998 2.6797156
1.4292999999999996 2.5697416
1.4392999999999994 2.4542474000000003
1.449300000000001 2.3394401
1.4593000000000007 2.2215777
1.4693000000000005 2.1024769999999995
1.4793000000000003 1.9854787000000003
1.4893 1.8696791000000004
1.4992999999999999 1.7580931999999998
1.5092999999999996 1.6550951000000003
1.5192999999999994 1.5606156
1.529300000000001 1.4748791
1.5393000000000008 1.4030839
1.5493000000000006 1.3412179000000002
1.5593000000000004 1.2944476999999999
1.5693000000000001 1.2624560999999999
1.5793 1.243652
1.5892999999999997 1.2388504
1.5992999999999995 1.2470139000000002
1.609300000000001 1.2672551
1.6193000000000008 1.2989028000000002
1.6293000000000006 1.3401732
1.6393000000000004 1.3879213
1.6493000000000002 1.4441939000000001
1.6593 1.5055798000000002
1.6692999999999998 1.5709294999999999
1.6792999999999996 1.6373869999999997
1.6892999999999994 1.7057143999999997
1.699300000000001 1.7768313000000004
1.7093000000000007 1.8467864000000003
1.7193000000000005 1.9142077999999996
1.7293000000000003 1.9824673999999995
1.7393 2.0494449
1.7492999999999999 2.1139794000000003
1.7592999999999996 2.1783418
1.7692999999999994 2.2413613
1.779300000000001 2.3000058
1.7893000000000008 2.3596011000000003
1.7993000000000006 2.4176524000000006
1.8093000000000004 2.4717708000000003
1.8193000000000001 2.5246579999999996
1.8293 2.5752922
1.8392999999999997 2.6216953000000003
1.8492999999999995 2.6659742
1.859300000000001 2.7009230000000004
1.8693000000000008 2.7386296000000003
1.8793000000000006 2.7719020000000003
1.8893000000000004 2.7931632
1.8993000000000002 2.8208712
1.9093 2.8253668000000007
1.9192999999999998 2.8367502
1.9292999999999996 2.8323905000000003
1.9392999999999994 2.8251192999999994
1.949300000000001 2.8134480000000006
1.9593000000000007 2.7864535000000004
1.9693000000000005 2.7561368000000006
1.9793000000000003 2.7116407999999996
1.9893 2.6630327000000005
1.9992999999999999 2.6102119999999998
2.0092999999999996 2.5474150000000004
2.0192999999999994 2.4784159
2.029300000000001 2.4046388999999997
2.039300000000001 2.3233578999999995
2.0493000000000006 2.2412598999999997
2.0593000000000004 2.1544730000000003
2.0693 2.0664860999999997
2.0793 1.9774073
2.0892999999999997 1.8884894
2.0992999999999995 1.8005505999999998
2.109300000000001 1.7165787999999997
2.119300000000001 1.6325979999999998
2.1293000000000006 1.5514351
2.1393000000000004 1.4751702
2.1493 1.4028422
2.1593 1.3332832000000003
2.1693 1.2697811999999997
2.1792999999999996 1.208849
2.1892999999999994 1.1526518000000001
2.199300000000001 1.1005355
2.2093000000000007 1.0533952
2.2193000000000005 1.0078248
2.2293000000000003 0.9673823999999998
2.2393 0.9296171
2.2493 0.8940638000000001
2.2592999999999996 0.8607315
2.2692999999999994 0.8313393000000002
2.279300000000001 0.8041773
2.289300000000001 0.7801373
2.2993000000000006 0.7584694999999999
2.3093000000000004 0.7370209
2.3193 0.7168364000000002
2.3293 0.6997821000000001
2.3392999999999997 0.6841789
2.3492999999999995 0.6698599000000001
2.359300000000001 0.6566898999999999
2.369300000000001 0.642708
2.3793000000000006 0.6308381000000001
2.3893000000000004 0.6199262000000001
2.3993 0.6078922000000001
2.4093000000000018 0.5969241000000001
2.4193 0.5835648000000001
2.4293000000000013 0.5716389999999999
2.4392999999999994 0.5597119999999999
2.449300000000001 0.546098
2.459299999999999 0.5322889999999999
2.4693000000000005 0.5164854
2.4792999999999985 0.5014651999999999
2.4893 0.48546149999999993
2.4993000000000016 0.46929190000000004
2.5092999999999996 0.45263880000000006
2.519300000000001 0.43573229999999996
2.529299999999999 0.4191155
2.539300000000001 0.40274740000000003
2.549299999999999 0.38682940000000005
2.5593000000000004 0.3721336
2.569300000000002 0.3584594
2.5793 0.34576780000000007
2.5893000000000015 0.3346617
2.5992999999999995 0.3247286
2.609300000000001 0.31663199999999997
2.619299999999999 0.3098418
2.6293000000000006 0.30467590000000006
2.6392999999999986 0.3010962
2.6493 0.29903159999999995
2.6593000000000018 0.29777230000000005
2.6693 0.2977178
2.6793000000000013 0.2987176
2.6892999999999994 0.30070080000000005
2.699300000000001 0.30272750000000004
2.709299999999999 0.3054963
2.7193000000000005 0.30807700000000005
2.7292999999999985 0.31106900000000004
2.7393 0.313732
2.7493000000000016 0.31650560000000005
2.7592999999999996 0.318959
2.769300000000001 0.3209924
2.779299999999999 0.3229656000000001
2.789300000000001 0.3246586
2.799299999999999 0.326021
2.8093000000000004 0.3272531
2.819300000000002 0.3284952
2.8293 0.3296776
2.8393000000000015 0.33097990000000005
2.8492999999999995 0.3324028
2.859300000000001 0.3344267
2.869299999999999 0.3367115
2.8793000000000006 0.3391677
2.8892999999999986 0.34242510000000004
2.8993 0.34598460000000003
2.9093000000000018 0.35046440000000006
2.9193 0.355327
2.9293000000000013 0.36041130000000005
2.9392999999999994 0.3660655
2.949300000000001 0.37166189999999993
2.959299999999999 0.3775287
2.9693000000000005 0.38328390000000007
2.9792999999999985 0.3886494
2.9893 0.3936437
2.9993000000000016 0.3976775
3.0092999999999996 0.40061870000000005
3.019300000000001 0.40291569999999993
3.029299999999999 0.40378060000000005
3.039300000000001 0.4034617
3.049299999999999 0.4021978
3.0593000000000004 0.3991219999999999
3.069300000000002 0.3949713000000001
3.0793 0.3897062
3.0893000000000015 0.38329889999999994
3.0992999999999995 0.37612760000000006
3.109300000000001 0.368214
3.119299999999999 0.3593584
3.1293000000000006 0.3506102999999999
3.1392999999999986 0.3413915
3.1493 0.33222189999999996
3.1593000000000018 0.32310240000000007
3.1693 0.31440330000000005
3.1793000000000013 0.3060949
3.1892999999999994 0.29814820000000003
3.199300000000001 0.2909028
3.209299999999999 0.2845592
3.2193000000000005 0.27906790000000004
3.2292999999999985 0.2742687
3.2393 0.2703619
3.2493000000000016 0.26715729999999993
3.2592999999999996 0.26502529999999996
3.269300000000001 0.2638955
3.279299999999999 0.26346810000000004
3.289300000000001 0.2638529
3.299299999999999 0.26510020000000006
3.3093000000000004 0.26714960000000004
3.319300000000002 0.2699713
3.3293 0.2734854
3.3393000000000015 0.2776314
3.3492999999999995 0.2822693
3.359300000000001 0.28744910000000007
3.369299999999999 0.2928805
3.3793000000000006 0.29873350000000004
3.3892999999999986 0.3047075
3.3993 0.3105724
3.4093000000000018 0.3166577
3.4193 0.3224236
3.4293000000000013 0.3281391000000001
3.4392999999999994 0.33314399999999994
3.449300000000001 0.33797830000000006
3.459299999999999 0.34218090000000007
3.4693000000000005 0.34569230000000006
3.4792999999999985 0.3486415
3.4893 0.35079859999999996
3.4993000000000016 0.3520836
3.5092999999999996 0.35290649999999996
3.519300000000001 0.3527167
3.529299999999999 0.3517749
3.539300000000001 0.35028109999999996
3.549299999999999 0.34817489999999995
3.5593000000000004 0.3454473
3.569300000000002 0.3421685
3.5793 0.3387784
3.5893000000000015 0.3349481
3.5992999999999995 0.331107
3.609300000000001 0.32719620000000005
3.619299999999999 0.32358590000000004
3.6293000000000006 0.31982589999999994
3.6392999999999986 0.3164873
3.6493 0.31347909999999996
3.6593000000000018 0.3105321
3.6693 0.3080463
3.6793000000000013 0.30558129999999994
3.6892999999999994 0.3034673
3.699300000000001 0.3015141
3.709299999999999 0.2994916
3.7193000000000005 0.29758929999999995
3.7292999999999985 0.29532720000000007
3.7393 0.29304510000000006
3.7493000000000016 0.29030239999999996
3.7592999999999996 0.2872596
3.769300000000001 0.2838856999999999
3.779299999999999 0.2796117
3.789300000000001 0.2750165
3.799299999999999 0.2698909
3.8093000000000004 0.2643144
3.819300000000002 0.2578969
3.8293 0.2514788
3.8393000000000015 0.24439000000000002
3.8492999999999995 0.2368907
3.859300000000001 0.22926069999999998
3.869299999999999 0.2211803
3.8793000000000006 0.21315970000000004
3.8892999999999986 0.20505829999999997
3.8993 0.1967067
3.9093000000000018 0.1885448
3.9193 0.18037270000000002
3.9293000000000013 0.1721798
3.9392999999999994 0.16397649999999997
3.949300000000001 0.1560731
3.959299999999999 0.1482694
3.9693000000000005 0.1405708
3.9792999999999985 0.13306969999999999
3.9893 0.1255538
3.9993000000000016 0.1183848
4.0093 0.1114588
4.019300000000001 0.1045782
4.029299999999999 0.0978252
4.039300000000001 0.0913676
4.049299999999999 0.0851547
4.0593 0.0791495
4.069300000000002 0.073348
4.0793 0.06779729999999999
4.0893000000000015 0.06252179999999999
4.0992999999999995 0.0574762
4.109300000000001 0.0526993
4.119299999999999 0.048182800000000005
4.129300000000001 0.0439194
4.139299999999999 0.039927089999999985
4.1493 0.03618963000000001
4.159300000000002 0.03269684
4.1693 0.029460060000000003
4.179300000000001 0.026456220000000006
4.189299999999999 0.023698399999999998
4.199300000000001 0.02114458
4.209299999999999 0.01879377
4.2193000000000005 0.01668989
4.2292999999999985 0.0147333
4.2393 0.01295784
4.249300000000002 0.01137161
4.2593 0.009944360000000001
4.269300000000001 0.00865203
4.279299999999999 0.00748685
4.289300000000001 0.006459586999999999
4.299299999999999 0.005538453999999999
4.3093 0.004725200000000001
4.319300000000002 0.0040094860000000005
4.3293 0.0033814809999999995
4.3393000000000015 0.0028355840000000004
4.3492999999999995 0.0023572420000000003
4.359300000000001 0.001950638
4.369299999999999 0.0016007938999999998
4.379300000000001 0.0013033040000000001
4.389299999999999 0.0010529340000000002
4.3993 0.0008443867999999999
4.409300000000002 0.0006705897
4.4193 0.0005286526
4.429300000000001 0.00041288437000000007
4.439299999999999 0.00031963136
4.449300000000001 0.0002452183599999999
4.459299999999999 0.00018623667999999996
4.4693000000000005 0.00014021521
4.4792999999999985 0.00010438133
4.4893 7.711737100000001e-05
4.499300000000002 5.6322318e-05
4.5093 4.073943600000001e-05
4.519300000000001 2.9176185e-05
4.529299999999999 2.0690142999999995e-05
4.539300000000001 1.4508340699999999e-05
4.549299999999999 1.0080604799999998e-05
4.5593 6.930810899999999e-06
4.569300000000002 4.7143606999999994e-06
4.5793 3.1737508999999998e-06
4.5893000000000015 2.1125692199999996e-06
4.5992999999999995 1.3937514600000002e-06
4.609300000000001 9.082178299999998e-07
4.619299999999999 5.8643516e-07
4.629300000000001 3.7440006e-07
