-23.6007 9.635e-07
-23.5907 6.283e-07
-23.5807 4.0630000000000003e-07
-23.570700000000002 2.6040000000000003e-07
-23.5607 1.65e-07
-23.5507 1.0354e-07
-23.5407 6.424e-08
-23.5307 3.9530000000000004e-08
-23.520699999999998 2.4029999999999997e-08
-23.5107 1.4479999999999998e-08
-23.500700000000002 8.633e-09
-23.4907 5.098e-09
-23.4807 2.975e-09
-23.4707 1.7179999999999999e-09
-23.4607 9.84e-10
-23.450699999999998 5.58e-10
-23.4407 3.1230000000000005e-10
-23.4307 1.733e-10
-23.4207 9.518e-11
-23.4107 5.1760000000000004e-11
-23.4007 2.782e-11
-23.3907 1.481e-11
-23.380699999999997 7.791e-12
-23.3707 4.066e-12
-23.3607 2.096e-12
-23.3507 1.0705e-12
-23.3407 5.386999999999999e-13
-23.3307 2.6849999999999997e-13
-23.320700000000002 1.305e-13
-23.3107 6.143e-14
-23.3007 2.7450000000000002e-14
-23.2907 1.103e-14
-23.2807 4.651e-15
-23.270699999999998 1.58e-15
-23.2607 1.3660000000000002e-16
-23.250700000000002 0.0
-23.2407 0.0
-23.2307 0.0
-23.2207 0.0
-23.2107 0.0
-23.200699999999998 0.0
-23.1907 0.0
-23.1807 0.0
-23.1707 0.0
-23.1607 0.0
-23.1507 0.0
-23.1407 0.0
-23.130699999999997 0.0
-23.1207 0.0
-23.1107 0.0
-23.1007 0.0
-23.0907 0.0
-23.0807 0.0
-23.070700000000002 0.0
-23.0607 0.0
-23.0507 0.0
-23.0407 0.0
-23.0307 0.0
-23.020699999999998 0.0
-23.0107 0.0
-23.000700000000002 0.0
-22.9907 0.0
-22.9807 0.0
-22.9707 0.0
-22.9607 0.0
-22.950699999999998 0.0
-22.9407 0.0
-22.9307 0.0
-22.9207 0.0
-22.9107 0.0
-22.9007 0.0
-22.8907 0.0
-22.880699999999997 0.0
-22.8707 0.0
-22.8607 0.0
-22.8507 0.0
-22.8407 0.0
-22.8307 0.0
-22.820700000000002 0.0
-22.8107 0.0
-22.8007 0.0
-22.7907 0.0
-22.7807 0.0
-22.770699999999998 0.0
-22.7607 0.0
-22.750700000000002 0.0
-22.7407 0.0
-22.7307 0.0
-22.7207 0.0
-22.7107 0.0
-22.700699999999998 0.0
-22.6907 0.0
-22.6807 0.0
-22.6707 0.0
-22.6607 0.0
-22.6507 0.0
-22.6407 0.0
-22.630699999999997 0.0
-22.6207 0.0
-22.6107 0.0
-22.6007 0.0
-22.5907 0.0
-22.5807 0.0
-22.570700000000002 0.0
-22.5607 0.0
-22.5507 0.0
-22.5407 0.0
-22.5307 0.0
-22.520699999999998 0.0
-22.5107 0.0
-22.500700000000002 0.0
-22.4907 0.0
-22.4807 0.0
-22.4707 0.0
-22.4607 0.0
-22.450699999999998 0.0
-22.4407 0.0
-22.4307 0.0
-22.4207 0.0
-22.4107 0.0
-22.4007 0.0
-22.3907 0.0
-22.380699999999997 0.0
-22.3707 0.0
-22.3607 0.0
-22.3507 0.0
-22.3407 0.0
-22.3307 0.0
-22.320700000000002 0.0
-22.3107 0.0
-22.3007 0.0
-22.2907 0.0
-22.2807 0.0
-22.270699999999998 0.0
-22.2607 0.0
-22.250700000000002 0.0
-22.2407 0.0
-22.2307 0.0
-22.2207 0.0
-22.2107 0.0
-22.200699999999998 0.0
-22.1907 0.0
-22.1807 0.0
-22.1707 0.0
-22.1607 0.0
-22.1507 0.0
-22.1407 0.0
-22.130699999999997 0.0
-22.1207 0.0
-22.1107 0.0
-22.1007 0.0
-22.0907 0.0
-22.0807 0.0
-22.070700000000002 0.0
-22.0607 0.0
-22.0507 0.0
-22.0407 0.0
-22.0307 0.0
-22.020699999999998 0.0
-22.0107 0.0
-22.000700000000002 0.0
-21.9907 0.0
-21.9807 0.0
-21.9707 0.0
-21.9607 0.0
-21.950699999999998 0.0
-21.9407 0.0
-21.9307 0.0
-21.9207 0.0
-21.9107 0.0
-21.9007 0.0
-21.8907 0.0
-21.880699999999997 0.0
-21.8707 0.0
-21.8607 0.0
-21.8507 0.0
-21.8407 0.0
-21.8307 0.0
-21.820700000000002 0.0
-21.8107 0.0
-21.8007 0.0
-21.7907 0.0
-21.7807 0.0
-21.770699999999998 0.0
-21.7607 0.0
-21.750700000000002 0.0
-21.7407 0.0
-21.7307 0.0
-21.7207 0.0
-21.7107 0.0
-21.700699999999998 0.0
-21.6907 0.0
-21.6807 0.0
-21.6707 0.0
-21.6607 0.0
-21.6507 0.0
-21.6407 0.0
-21.630699999999997 0.0
-21.6207 0.0
-21.6107 0.0
-21.6007 0.0
-21.5907 0.0
-21.5807 0.0
-21.5707 0.0
-21.5607 3.8379e-17
-21.5507 8.0365e-17
-21.5407 2.6905e-16
-21.5307 5.5506e-16
-21.520699999999998 1.1325e-15
-21.5107 2.3626e-15
-21.500700000000002 4.7194e-15
-21.4907 9.353999999999999e-15
-21.4807 1.8318999999999998e-14
-21.4707 3.6183999999999996e-14
-21.4607 6.94e-14
-21.450699999999998 1.3356000000000001e-13
-21.4407 2.5169e-13
-21.4307 4.6899e-13
-21.4207 8.676000000000001e-13
-21.4107 1.5837e-12
-21.4007 2.8674000000000005e-12
-21.3907 5.1308999999999995e-12
-21.3807 9.102e-12
-21.3707 1.596e-11
-21.3607 2.7729e-11
-21.3507 4.7703e-11
-21.3407 8.123000000000001e-11
-21.3307 1.3725e-10
-21.3207 2.2921000000000003e-10
-21.3107 3.7884e-10
-21.3007 6.211000000000001e-10
-21.2907 1.0106999999999998e-09
-21.2807 1.6261e-09
-21.270699999999998 2.5918e-09
-21.2607 4.1011e-09
-21.250700000000002 6.417e-09
-21.2407 9.952e-09
-21.2307 1.5307e-08
-21.2207 2.3353e-08
-21.2107 3.5301999999999994e-08
-21.200699999999998 5.2916e-08
-21.1907 7.858e-08
-21.1807 1.1575000000000001e-07
-21.1707 1.6923999999999997e-07
-21.1607 2.4515e-07
-21.1507 3.5256999999999993e-07
-21.1407 5.0281e-07
-21.1307 7.099e-07
-21.1207 9.958e-07
-21.1107 1.3854000000000003e-06
-21.1007 1.9121e-06
-21.0907 2.6169e-06
-21.0807 3.5551000000000005e-06
-21.0707 4.7893e-06
-21.0607 6.3909999999999995e-06
-21.0507 8.451000000000001e-06
-21.0407 1.1111e-05
-21.0307 1.4472e-05
-21.020699999999998 1.8703e-05
-21.0107 2.3939e-05
-21.000700000000002 3.0379999999999997e-05
-20.9907 3.8255999999999994e-05
-20.9807 4.7736e-05
-20.9707 5.915e-05
-20.9607 7.257e-05
-20.950699999999998 8.828e-05
-20.9407 0.00010639999999999998
-20.9307 0.00012723999999999998
-20.9207 0.00015092
-20.9107 0.00017731999999999996
-20.9007 0.00020676
-20.8907 0.00023914
-20.8807 0.00027435
-20.8707 0.0003129
-20.8607 0.00035289
-20.8507 0.00039713000000000004
-20.8407 0.00044320000000000004
-20.8307 0.00049242
-20.8207 0.0005428
-20.8107 0.000596
-20.8007 0.0006538999999999999
-20.7907 0.0007143000000000001
-20.7807 0.0007800999999999999
-20.770699999999998 0.0008503
-20.7607 0.0009268999999999999
-20.750700000000002 0.0010089
-20.7407 0.0010992
-20.7307 0.0012010000000000002
-20.7207 0.0013114000000000001
-20.7107 0.0014342
-20.700699999999998 0.0015698
-20.6907 0.0017170000000000002
-20.6807 0.0018779000000000003
-20.6707 0.0020515000000000004
-20.6607 0.0022378
-20.6507 0.0024337
-20.6407 0.0026412
-20.6307 0.0028574000000000004
-20.6207 0.0030680000000000004
-20.6107 0.0032928999999999996
-20.6007 0.0035181999999999995
-20.5907 0.0037423000000000005
-20.5807 0.0039537
-20.5707 0.004163999999999999
-20.5607 0.004376399999999999
-20.5507 0.004559
-20.5407 0.004751
-20.5307 0.004943000000000001
-20.520699999999998 0.005124999999999999
-20.5107 0.005316
-20.500700000000002 0.00551
-20.4907 0.005714
-20.4807 0.005942
-20.4707 0.006193
-20.4607 0.006477
-20.450699999999998 0.006796
-20.4407 0.007180000000000001
-20.4307 0.007607999999999999
-20.4207 0.008082
-20.4107 0.008613
-20.4007 0.009218
-20.3907 0.009859
-20.3807 0.010575999999999999
-20.3707 0.011327
-20.3607 0.012117
-20.3507 0.012959
-20.3407 0.013819999999999999
-20.3307 0.014691999999999998
-20.3207 0.015574000000000001
-20.3107 0.016468
-20.3007 0.017331
-20.2907 0.018194
-20.2807 0.019018
-20.270699999999998 0.019834
-20.2607 0.020629999999999996
-20.250700000000002 0.021387
-20.2407 0.022126
-20.2307 0.022848
-20.2207 0.023562000000000003
-20.2107 0.024249
-20.200699999999998 0.024949000000000002
-20.1907 0.025654
-20.1807 0.026361000000000002
-20.1707 0.027093
-20.1607 0.027847999999999998
-20.1507 0.028618
-20.1407 0.02944
-20.1307 0.030306
-20.1207 0.03111
-20.1107 0.032029999999999996
-20.1007 0.033
-20.0907 0.03387
-20.0807 0.034890000000000004
-20.0707 0.03582
-20.0607 0.036890000000000006
-20.0507 0.037880000000000004
-20.0407 0.03882000000000001
-20.0307 0.03976999999999999
-20.020699999999998 0.040819999999999995
-20.0107 0.041659999999999996
-20.000700000000002 0.04259
-19.9907 0.043289999999999995
-19.9807 0.04407
-19.9707 0.04465
-19.9607 0.04533
-19.950699999999998 0.0459
-19.9407 0.046169999999999996
-19.9307 0.04663
-19.9207 0.04687
-19.9107 0.047020000000000006
-19.9007 0.04716
-19.8907 0.04707
-19.8807 0.04709
-19.8707 0.0471
-19.8607 0.04701
-19.8507 0.047
-19.8407 0.0469
-19.8307 0.04689000000000001
-19.8207 0.04699
-19.8107 0.04709000000000001
-19.8007 0.047099999999999996
-19.7907 0.047189999999999996
-19.7807 0.04741000000000001
-19.770699999999998 0.04763
-19.7607 0.047939999999999997
-19.750700000000002 0.04816
-19.7407 0.04847
-19.7307 0.04888
-19.7207 0.049089999999999995
-19.7107 0.04939
-19.700699999999998 0.04966
-19.6907 0.049819999999999996
-19.6807 0.049960000000000004
-19.6707 0.0501
-19.6607 0.05021
-19.6507 0.050219999999999994
-19.6407 0.050300000000000004
-19.6307 0.05018
-19.6207 0.05017
-19.6107 0.050140000000000004
-19.6007 0.05023
-19.5907 0.050230000000000004
-19.5807 0.050339999999999996
-19.5707 0.05045
-19.5607 0.050699999999999995
-19.5507 0.050949999999999995
-19.5407 0.05132
-19.5307 0.05182
-19.520699999999998 0.05233
-19.5107 0.05295
-19.500700000000002 0.053680000000000005
-19.4907 0.054540000000000005
-19.4807 0.05562
-19.4707 0.056900000000000006
-19.4607 0.058320000000000004
-19.450699999999998 0.06025999999999999
-19.4407 0.062240000000000004
-19.4307 0.06496000000000002
-19.4207 0.06782
-19.4107 0.07124
-19.4007 0.07540999999999998
-19.3907 0.08005000000000001
-19.3807 0.08526
-19.3707 0.09144
-19.3607 0.09822
-19.3507 0.10575999999999999
-19.3407 0.11398
-19.3307 0.12319
-19.3207 0.13305999999999998
-19.3107 0.14379999999999998
-19.3007 0.15511000000000003
-19.2907 0.16715999999999998
-19.2807 0.17965
-19.270699999999998 0.19298
-19.2607 0.20656
-19.250700000000002 0.22068
-19.2407 0.23511
-19.2307 0.24999
-19.2207 0.26498
-19.2107 0.27997
-19.200699999999998 0.29557
-19.1907 0.31008
-19.1807 0.32538999999999996
-19.1707 0.34091
-19.1607 0.35544
-19.1507 0.37027
-19.1407 0.38421000000000005
-19.1307 0.39826000000000006
-19.1207 0.41230999999999995
-19.1107 0.42377
-19.1007 0.43723999999999996
-19.0907 0.44770000000000004
-19.0807 0.45907
-19.0707 0.46924000000000005
-19.0607 0.4784
-19.0507 0.48437
-19.0407 0.49022000000000004
-19.0307 0.49587000000000003
-19.020699999999998 0.49851000000000006
-19.0107 0.49884000000000006
-19.000700000000002 0.49916000000000005
-18.9907 0.49715999999999994
-18.9807 0.49105000000000004
-18.9707 0.48582000000000003
-18.9607 0.47747
-18.950699999999998 0.46791000000000005
-18.9407 0.45533
-18.9307 0.44294
-18.9207 0.42754
-18.9107 0.41074
-18.9007 0.39414
-18.8907 0.37555000000000005
-18.8807 0.35658
-18.8707 0.33793
-18.8607 0.31872
-18.8507 0.29985
-18.8407 0.28073000000000004
-18.8307 0.26299
-18.8207 0.24602
-18.8107 0.23003
-18.8007 0.2154
-18.7907 0.20189999999999997
-18.7807 0.19
-18.770699999999998 0.1794
-18.7607 0.17029999999999998
-18.750700000000002 0.1626
-18.7407 0.1564
-18.7307 0.1515
-18.7207 0.1476
-18.7107 0.14489999999999997
-18.700699999999998 0.1432
-18.6907 0.1422
-18.6807 0.14196
-18.6707 0.14234000000000002
-18.6607 0.1433
-18.6507 0.14473000000000003
-18.6407 0.14648
-18.6307 0.14851
-18.6207 0.15108
-18.6107 0.15386
-18.6007 0.15665
-18.5907 0.15963
-18.5807 0.16287000000000001
-18.5707 0.16606
-18.5607 0.16899
-18.5507 0.17185000000000003
-18.5407 0.17437
-18.5307 0.17663999999999996
-18.520699999999998 0.17831999999999998
-18.5107 0.17913
-18.500700000000002 0.17923999999999998
-18.4907 0.17837
-18.4807 0.17659000000000002
-18.4707 0.1737
-18.4607 0.16971000000000003
-18.450699999999998 0.16459999999999997
-18.4407 0.15849
-18.4307 0.15136000000000002
-18.4207 0.143454
-18.4107 0.134735
-18.4007 0.12542999999999999
-18.3907 0.115728
-18.3807 0.105861
-18.3707 0.095919
-18.3607 0.08600300000000001
-18.3507 0.07643099999999999
-18.3407 0.06736600000000001
-18.3307 0.058646
-18.3207 0.050675
-18.3107 0.043343
-18.3007 0.036675
-18.2907 0.030736999999999997
-18.2807 0.025508999999999997
-18.270699999999998 0.020906100000000004
-18.2607 0.0170337
-18.250700000000002 0.0136895
-18.2407 0.010908900000000001
-18.2307 0.0086065
-18.2207 0.0067141
-18.2107 0.0051794
-18.200699999999998 0.0039608
-18.1907 0.0029989
-18.1807 0.0022445399999999997
-18.1707 0.00166181
-18.1607 0.0012188
-18.1507 0.00088378
-18.1407 0.00063426
-18.1307 0.00045113
-18.1207 0.00031679
-18.1107 0.000221051
-18.1007 0.000152051
-18.0907 0.000103526
-18.0807 6.9847e-05
-18.0707 4.6647e-05
-18.0607 3.07434e-05
-18.0507 2.0077400000000002e-05
-18.0407 1.2995700000000002e-05
-18.0307 8.3159e-06
-18.020699999999998 5.2583e-06
-18.0107 3.29518e-06
-18.000700000000002 2.0445e-06
-17.9907 1.2520500000000002e-06
-17.9807 7.5919e-07
-17.9707 4.5622000000000004e-07
-17.9607 2.71089e-07
-17.950699999999998 1.59084e-07
-17.9407 9.2511e-08
-17.9307 5.3234e-08
-17.9207 3.02989e-08
-17.9107 1.70656e-08
-17.9007 9.5088e-09
-17.8907 5.2447e-09
-17.8807 2.86025e-09
-17.8707 1.54385e-09
-17.8607 8.244299999999999e-10
-17.8507 4.35458e-10
-17.8407 2.27616e-10
-17.8307 1.17775e-10
-17.8207 6.0231e-11
-17.8107 3.04429e-11
-17.8007 1.5223499999999998e-11
-17.7907 7.5465e-12
-17.7807 3.63309e-12
-17.770699999999998 1.76407e-12
-17.7607 7.5891e-13
-17.750700000000002 2.46907e-13
-17.7407 6.34317e-14
-17.7307 0.0
-17.7207 0.0
-17.7107 0.0
-17.700699999999998 0.0
-17.6907 0.0
-17.6807 0.0
-17.6707 0.0
-17.6607 0.0
-17.6507 0.0
-17.6407 0.0
-17.6307 0.0
-17.6207 0.0
-17.6107 0.0
-17.6007 0.0
-17.5907 0.0
-17.5807 0.0
-17.5707 0.0
-17.5607 0.0
-17.5507 0.0
-17.5407 0.0
-17.5307 0.0
-17.520699999999998 0.0
-17.5107 0.0
-17.5007 0.0
-17.4907 0.0
-17.4807 0.0
-17.4707 0.0
-17.4607 0.0
-17.4507 0.0
-17.4407 0.0
-17.4307 0.0
-17.4207 0.0
-17.4107 0.0
-17.4007 0.0
-17.3907 0.0
-17.3807 0.0
-17.3707 0.0
-17.3607 0.0
-17.3507 0.0
-17.3407 0.0
-17.3307 0.0
-17.3207 0.0
-17.3107 0.0
-17.3007 0.0
-17.2907 0.0
-17.2807 0.0
-17.270699999999998 0.0
-17.2607 0.0
-17.2507 0.0
-17.2407 0.0
-17.2307 0.0
-17.2207 0.0
-17.2107 0.0
-17.2007 0.0
-17.1907 0.0
-17.1807 0.0
-17.1707 0.0
-17.1607 0.0
-17.1507 0.0
-17.1407 0.0
-17.1307 0.0
-17.1207 0.0
-17.1107 0.0
-17.1007 0.0
-17.0907 0.0
-17.0807 0.0
-17.0707 0.0
-17.0607 0.0
-17.0507 0.0
-17.0407 0.0
-17.0307 0.0
-17.020699999999998 0.0
-17.0107 0.0
-17.0007 0.0
-16.9907 0.0
-16.9807 0.0
-16.9707 0.0
-16.9607 0.0
-16.9507 0.0
-16.9407 0.0
-16.9307 0.0
-16.9207 0.0
-16.9107 0.0
-16.9007 0.0
-16.8907 0.0
-16.8807 0.0
-16.8707 0.0
-16.8607 0.0
-16.8507 0.0
-16.8407 0.0
-16.8307 0.0
-16.8207 0.0
-16.8107 0.0
-16.8007 0.0
-16.7907 0.0
-16.7807 0.0
-16.770699999999998 0.0
-16.7607 0.0
-16.7507 0.0
-16.7407 0.0
-16.7307 0.0
-16.7207 0.0
-16.7107 0.0
-16.7007 0.0
-16.6907 0.0
-16.6807 0.0
-16.6707 0.0
-16.6607 0.0
-16.6507 0.0
-16.6407 0.0
-16.6307 0.0
-16.6207 0.0
-16.6107 0.0
-16.6007 0.0
-16.5907 0.0
-16.5807 0.0
-16.5707 0.0
-16.5607 0.0
-16.5507 0.0
-16.5407 0.0
-16.5307 0.0
-16.520699999999998 0.0
-16.5107 0.0
-16.5007 0.0
-16.4907 0.0
-16.4807 0.0
-16.4707 0.0
-16.4607 0.0
-16.4507 0.0
-16.4407 0.0
-16.4307 0.0
-16.4207 0.0
-16.4107 0.0
-16.4007 0.0
-16.3907 0.0
-16.3807 0.0
-16.3707 0.0
-16.3607 0.0
-16.3507 0.0
-16.3407 0.0
-16.3307 0.0
-16.3207 0.0
-16.3107 0.0
-16.3007 0.0
-16.2907 0.0
-16.2807 0.0
-16.270699999999998 0.0
-16.2607 0.0
-16.2507 0.0
-16.2407 0.0
-16.2307 0.0
-16.2207 0.0
-16.2107 0.0
-16.2007 0.0
-16.1907 0.0
-16.1807 0.0
-16.1707 0.0
-16.1607 0.0
-16.1507 0.0
-16.1407 0.0
-16.1307 0.0
-16.1207 0.0
-16.1107 0.0
-16.1007 0.0
-16.0907 0.0
-16.0807 0.0
-16.0707 0.0
-16.0607 0.0
-16.0507 0.0
-16.0407 0.0
-16.0307 0.0
-16.020699999999998 0.0
-16.0107 0.0
-16.0007 0.0
-15.9907 0.0
-15.980699999999999 0.0
-15.9707 0.0
-15.9607 0.0
-15.9507 0.0
-15.9407 0.0
-15.9307 0.0
-15.9207 0.0
-15.9107 0.0
-15.9007 0.0
-15.890699999999999 0.0
-15.8807 0.0
-15.8707 0.0
-15.8607 0.0
-15.8507 0.0
-15.8407 0.0
-15.8307 0.0
-15.8207 0.0
-15.8107 0.0
-15.800699999999999 0.0
-15.7907 0.0
-15.7807 0.0
-15.7707 0.0
-15.7607 0.0
-15.7507 0.0
-15.7407 0.0
-15.730699999999999 0.0
-15.7207 0.0
-15.7107 0.0
-15.7007 0.0
-15.6907 0.0
-15.6807 0.0
-15.6707 0.0
-15.6607 0.0
-15.6507 0.0
-15.640699999999999 0.0
-15.6307 0.0
-15.6207 0.0
-15.6107 0.0
-15.6007 0.0
-15.5907 0.0
-15.5807 0.0
-15.5707 0.0
-15.5607 0.0
-15.550699999999999 0.0
-15.5407 0.0
-15.5307 0.0
-15.5207 0.0
-15.5107 0.0
-15.5007 0.0
-15.4907 0.0
-15.480699999999999 0.0
-15.4707 0.0
-15.4607 0.0
-15.4507 0.0
-15.4407 0.0
-15.4307 0.0
-15.4207 0.0
-15.4107 0.0
-15.4007 0.0
-15.390699999999999 0.0
-15.3807 0.0
-15.3707 0.0
-15.3607 0.0
-15.3507 0.0
-15.3407 0.0
-15.3307 0.0
-15.3207 0.0
-15.3107 0.0
-15.300699999999999 0.0
-15.2907 0.0
-15.2807 0.0
-15.2707 0.0
-15.2607 0.0
-15.2507 0.0
-15.2407 0.0
-15.230699999999999 0.0
-15.2207 0.0
-15.2107 0.0
-15.2007 0.0
-15.1907 0.0
-15.1807 0.0
-15.1707 0.0
-15.1607 0.0
-15.1507 0.0
-15.140699999999999 0.0
-15.1307 0.0
-15.1207 0.0
-15.1107 0.0
-15.1007 0.0
-15.0907 0.0
-15.0807 0.0
-15.0707 0.0
-15.0607 0.0
-15.050699999999999 0.0
-15.0407 0.0
-15.0307 0.0
-15.0207 0.0
-15.0107 0.0
-15.0007 0.0
-14.9907 0.0
-14.980699999999999 0.0
-14.9707 0.0
-14.9607 0.0
-14.9507 0.0
-14.9407 0.0
-14.9307 0.0
-14.9207 0.0
-14.9107 0.0
-14.9007 0.0
-14.890699999999999 0.0
-14.8807 0.0
-14.8707 0.0
-14.8607 0.0
-14.8507 0.0
-14.8407 0.0
-14.8307 0.0
-14.8207 0.0
-14.8107 0.0
-14.800699999999999 0.0
-14.7907 0.0
-14.7807 0.0
-14.7707 0.0
-14.7607 0.0
-14.7507 0.0
-14.7407 0.0
-14.730699999999999 0.0
-14.7207 0.0
-14.7107 0.0
-14.7007 0.0
-14.6907 0.0
-14.6807 0.0
-14.6707 0.0
-14.6607 0.0
-14.6507 0.0
-14.640699999999999 0.0
-14.6307 0.0
-14.6207 0.0
-14.6107 0.0
-14.6007 0.0
-14.5907 0.0
-14.5807 0.0
-14.5707 0.0
-14.5607 0.0
-14.550699999999999 0.0
-14.5407 0.0
-14.5307 0.0
-14.5207 0.0
-14.5107 0.0
-14.5007 0.0
-14.4907 0.0
-14.4807 0.0
-14.470699999999999 0.0
-14.4607 0.0
-14.4507 0.0
-14.4407 0.0
-14.4307 0.0
-14.4207 0.0
-14.4107 0.0
-14.4007 0.0
-14.390699999999999 0.0
-14.3807 0.0
-14.3707 0.0
-14.3607 0.0
-14.3507 0.0
-14.3407 0.0
-14.3307 0.0
-14.3207 0.0
-14.3107 0.0
-14.300699999999999 0.0
-14.2907 0.0
-14.2807 0.0
-14.2707 0.0
-14.2607 0.0
-14.2507 0.0
-14.2407 0.0
-14.2307 0.0
-14.220699999999999 0.0
-14.2107 0.0
-14.2007 0.0
-14.1907 0.0
-14.1807 0.0
-14.1707 0.0
-14.1607 0.0
-14.1507 0.0
-14.140699999999999 0.0
-14.1307 0.0
-14.1207 0.0
-14.1107 0.0
-14.1007 0.0
-14.0907 0.0
-14.0807 0.0
-14.0707 0.0
-14.0607 0.0
-14.050699999999999 0.0
-14.0407 0.0
-14.0307 0.0
-14.0207 0.0
-14.0107 0.0
-14.0007 0.0
-13.9907 0.0
-13.9807 0.0
-13.970699999999999 0.0
-13.9607 0.0
-13.9507 0.0
-13.9407 0.0
-13.9307 0.0
-13.9207 0.0
-13.9107 0.0
-13.9007 0.0
-13.890699999999999 0.0
-13.8807 0.0
-13.8707 0.0
-13.8607 0.0
-13.8507 0.0
-13.8407 0.0
-13.8307 0.0
-13.8207 0.0
-13.8107 0.0
-13.800699999999999 0.0
-13.7907 0.0
-13.7807 0.0
-13.7707 0.0
-13.7607 0.0
-13.7507 0.0
-13.7407 0.0
-13.7307 0.0
-13.720699999999999 0.0
-13.7107 0.0
-13.7007 0.0
-13.6907 0.0
-13.6807 0.0
-13.6707 0.0
-13.6607 0.0
-13.6507 0.0
-13.640699999999999 0.0
-13.6307 0.0
-13.6207 0.0
-13.6107 0.0
-13.6007 0.0
-13.5907 0.0
-13.5807 0.0
-13.5707 0.0
-13.5607 0.0
-13.550699999999999 0.0
-13.5407 0.0
-13.5307 0.0
-13.5207 0.0
-13.5107 0.0
-13.5007 0.0
-13.4907 0.0
-13.4807 0.0
-13.470699999999999 0.0
-13.4607 0.0
-13.4507 0.0
-13.4407 0.0
-13.4307 0.0
-13.4207 0.0
-13.4107 0.0
-13.4007 0.0
-13.390699999999999 0.0
-13.3807 0.0
-13.3707 0.0
-13.3607 0.0
-13.3507 0.0
-13.3407 0.0
-13.3307 0.0
-13.3207 0.0
-13.3107 0.0
-13.300699999999999 0.0
-13.2907 0.0
-13.2807 0.0
-13.2707 0.0
-13.2607 0.0
-13.2507 0.0
-13.2407 0.0
-13.2307 0.0
-13.220699999999999 0.0
-13.2107 0.0
-13.2007 0.0
-13.1907 0.0
-13.1807 0.0
-13.1707 0.0
-13.1607 0.0
-13.1507 0.0
-13.140699999999999 0.0
-13.1307 0.0
-13.1207 0.0
-13.1107 0.0
-13.1007 0.0
-13.0907 0.0
-13.0807 0.0
-13.0707 0.0
-13.0607 0.0
-13.050699999999999 0.0
-13.0407 0.0
-13.0307 0.0
-13.0207 0.0
-13.0107 0.0
-13.0007 0.0
-12.9907 0.0
-12.9807 0.0
-12.970699999999999 0.0
-12.9607 0.0
-12.9507 0.0
-12.9407 0.0
-12.9307 0.0
-12.9207 0.0
-12.9107 0.0
-12.9007 0.0
-12.890699999999999 0.0
-12.8807 0.0
-12.8707 0.0
-12.8607 0.0
-12.8507 0.0
-12.8407 0.0
-12.8307 0.0
-12.8207 0.0
-12.8107 0.0
-12.800699999999999 0.0
-12.7907 0.0
-12.7807 0.0
-12.7707 0.0
-12.7607 4.4847000000000003e-14
-12.7507 1.5959e-13
-12.7407 3.3203999999999997e-13
-12.7307 8.5076e-13
-12.720699999999999 1.8054e-12
-12.7107 3.7218e-12
-12.7007 7.4841e-12
-12.6907 1.4945000000000003e-11
-12.6807 2.976e-11
-12.6707 5.8328e-11
-12.6607 1.1280799999999999e-10
-12.6507 2.1534e-10
-12.640699999999999 4.070099999999999e-10
-12.6307 7.611299999999999e-10
-12.6207 1.4082e-09
-12.6107 2.581e-09
-12.6007 4.6789e-09
-12.5907 8.3939e-09
-12.5807 1.4902e-08
-12.5707 2.6211e-08
-12.5607 4.5626999999999996e-08
-12.550699999999999 7.8518e-08
-12.5407 1.33847e-07
-12.5307 2.2598e-07
-12.5207 3.7745e-07
-12.5107 6.234899999999999e-07
-12.5007 1.02141e-06
-12.4907 1.656e-06
-12.480699999999999 2.654e-06
-12.4707 4.2261999999999994e-06
-12.4607 6.6333e-06
-12.4507 1.03209e-05
-12.4407 1.5927100000000002e-05
-12.4307 2.4301e-05
-12.4207 3.6699e-05
-12.4107 5.5025e-05
-12.4007 8.1439e-05
-12.390699999999999 0.00011941799999999999
-12.3807 0.00017366999999999998
-12.3707 0.00024929
-12.3607 0.0003556
-12.3507 0.00050232
-12.3407 0.0007022899999999999
-12.3307 0.00097231
-12.3207 0.0013320399999999998
-12.3107 0.0018080599999999998
-12.300699999999999 0.0024292999999999993
-12.2907 0.003237
-12.2807 0.0042761000000000006
-12.2707 0.0055941
-12.2607 0.007231800000000001
-12.2507 0.009290900000000001
-12.2407 0.0117925
-12.230699999999999 0.0148607
-12.2207 0.0185259
-12.2107 0.022901
-12.2007 0.028018
-12.1907 0.03399099999999999
-12.1807 0.04088
-12.1707 0.04870800000000001
-12.1607 0.057367
-12.1507 0.06725699999999998
-12.140699999999999 0.07787699999999999
-12.1307 0.08953799999999999
-12.1207 0.10193500000000001
-12.1107 0.115068
-12.1007 0.12872099999999997
-12.0907 0.142914
-12.0807 0.15714799999999998
-12.0707 0.1715
-12.0607 0.18559
-12.050699999999999 0.19921999999999998
-12.0407 0.21226000000000003
-12.0307 0.22463000000000002
-12.0207 0.23574
-12.0107 0.24586000000000002
-12.0007 0.2552
-11.9907 0.26297
-11.980699999999999 0.26894999999999997
-11.9707 0.27344
-11.9607 0.27745
-11.9507 0.28076
-11.9407 0.28268
-11.9307 0.283
-11.9207 0.28291
-11.9107 0.28241
-11.9007 0.28179
-11.890699999999999 0.28045
-11.8807 0.27887
-11.8707 0.27705
-11.8607 0.275
-11.8507 0.27289
-11.8407 0.27074000000000004
-11.8307 0.26843
-11.8207 0.26607000000000003
-11.8107 0.26344
-11.800699999999999 0.26086
-11.7907 0.25792
-11.7807 0.25482999999999995
-11.7707 0.25189
-11.7607 0.24849000000000002
-11.7507 0.24484
-11.7407 0.24115
-11.730699999999999 0.23732
-11.7207 0.23345000000000002
-11.7107 0.22935
-11.7007 0.2252
-11.6907 0.22113
-11.6807 0.21703999999999996
-11.6707 0.2129
-11.6607 0.20895
-11.6507 0.20507
-11.640699999999999 0.20128
-11.6307 0.19765000000000002
-11.6207 0.19421999999999998
-11.6107 0.19098
-11.6007 0.18781
-11.5907 0.18493
-11.5807 0.18225
-11.5707 0.17977
-11.5607 0.17757
-11.550699999999999 0.17557999999999999
-11.5407 0.17378999999999997
-11.5307 0.17220000000000002
-11.5207 0.17062
-11.5107 0.16944
-11.5007 0.16806000000000001
-11.4907 0.1671
-11.480699999999999 0.16595000000000001
-11.4707 0.16481
-11.4607 0.16358
-11.4507 0.16226
-11.4407 0.16087
-11.4307 0.15919
-11.4207 0.15733
-11.4107 0.1554
-11.4007 0.15308
-11.390699999999999 0.15049
-11.3807 0.14773
-11.3707 0.14478
-11.3607 0.14165999999999998
-11.3507 0.13847
-11.3407 0.13508
-11.3307 0.13161
-11.3207 0.12815000000000001
-11.3107 0.12468
-11.300699999999999 0.12140000000000001
-11.2907 0.11791
-11.2807 0.1146
-11.2707 0.11124999999999999
-11.2607 0.10805999999999999
-11.2507 0.10493000000000001
-11.2407 0.10186
-11.230699999999999 0.09874000000000001
-11.2207 0.09576
-11.2107 0.09273999999999999
-11.2007 0.08969
-11.1907 0.08671
-11.1807 0.08379
-11.1707 0.08096999999999999
-11.1607 0.07815000000000001
-11.1507 0.07552999999999999
-11.140699999999999 0.07292
-11.1307 0.07044
-11.1207 0.06818
-11.1107 0.06597
-11.1007 0.06399
-11.0907 0.06226000000000001
-11.0807 0.06047
-11.0707 0.05902999999999999
-11.0607 0.057629999999999994
-11.050699999999999 0.05648000000000001
-11.0407 0.055459999999999995
-11.0307 0.05465999999999999
-11.0207 0.053680000000000005
-11.0107 0.05294
-11.0007 0.05229999999999999
-10.9907 0.05166
-10.980699999999999 0.050940000000000006
-10.9707 0.05031000000000001
-10.9607 0.049460000000000004
-10.9507 0.04862
-10.9407 0.04776
-10.9307 0.046779999999999995
-10.9207 0.045689999999999995
-10.9107 0.04438
-10.9007 0.04304
-10.890699999999999 0.04151
-10.8807 0.03996
-10.8707 0.038187000000000006
-10.8607 0.03640399999999999
-10.8507 0.03451099999999999
-10.8407 0.032603
-10.8307 0.030634999999999996
-10.8207 0.028658000000000003
-10.8107 0.026720999999999998
-10.800699999999999 0.024801
-10.7907 0.022947000000000002
-10.7807 0.021182000000000003
-10.7707 0.01952
-10.7607 0.01797
-10.7507 0.016543
-10.7407 0.015250999999999999
-10.730699999999999 0.014114
-10.7207 0.013112000000000002
-10.7107 0.012254
-10.7007 0.011538
-10.6907 0.010956
-10.6807 0.010494
-10.6707 0.010175
-10.6607 0.009953000000000002
-10.6507 0.009841
-10.640699999999999 0.009803999999999998
-10.6307 0.009862999999999999
-10.6207 0.009987
-10.6107 0.010163000000000002
-10.6007 0.010383
-10.5907 0.010641
-10.5807 0.010901
-10.5707 0.01116
-10.5607 0.011408000000000001
-10.550699999999999 0.011614000000000001
-10.5407 0.011796000000000001
-10.5307 0.011906
-10.5207 0.011950999999999998
-10.5107 0.011912
-10.5007 0.011800999999999999
-10.4907 0.011615
-10.480699999999999 0.011334
-10.4707 0.01097
-10.4607 0.010542999999999999
-10.4507 0.010033
-10.4407 0.009481
-10.4307 0.008866999999999998
-10.4207 0.008222
-10.4107 0.007555999999999999
-10.4007 0.0068998
-10.390699999999999 0.006226000000000001
-10.3807 0.0055919
-10.3707 0.0049602000000000005
-10.3607 0.0043802
-10.3507 0.0038326
-10.3407 0.0033334000000000003
-10.3307 0.0028777
-10.3207 0.0024765
-10.3107 0.0021227999999999998
-10.300699999999999 0.0018144
-10.2907 0.0015503000000000001
-10.2807 0.0013262
-10.2707 0.0011378
-10.2607 0.0009822
-10.2507 0.00085378
-10.2407 0.00074868
-10.230699999999999 0.0006625
-10.2207 0.0005911200000000001
-10.2107 0.0005323799999999999
-10.2007 0.00048415000000000003
-10.1907 0.00044231999999999995
-10.1807 0.00040549
-10.1707 0.00037339
-10.1607 0.00034246000000000005
-10.1507 0.00031446
-10.140699999999999 0.00028815000000000004
-10.1307 0.00026283000000000003
-10.1207 0.00023825000000000002
-10.1107 0.00021422
-10.1007 0.00019165
-10.0907 0.00017012
-10.0807 0.00014982199999999998
-10.0707 0.000130877
-10.0607 0.000113373
-10.050699999999999 9.720999999999999e-05
-10.0407 8.2605e-05
-10.0307 6.9538e-05
-10.0207 5.8014e-05
-10.0107 4.8092000000000006e-05
-10.0007 3.9279e-05
-9.9907 3.1962e-05
-9.980699999999999 2.5677000000000005e-05
-9.9707 2.04819e-05
-9.9607 1.6272e-05
-9.9507 1.2954500000000001e-05
-9.9407 1.04665e-05
-9.9307 8.805099999999998e-06
-9.9207 8.0673e-06
-9.9107 8.461699999999999e-06
-9.9007 1.0416900000000002e-05
-9.890699999999999 1.46326e-05
-9.8807 2.2319000000000004e-05
-9.8707 3.53184e-05
-9.8607 5.6414270000000004e-05
-9.8507 9.066352999999999e-05
-9.8407 0.00014454650000000002
-9.8307 0.0002284795
-9.8207 0.0003570873
-9.8107 0.0005539042
-9.800699999999999 0.0008503820000000001
-9.7907 0.0012890925
-9.7807 0.0019331320000000002
-9.7707 0.002877648
-9.7607 0.004229839
-9.7507 0.006149926000000001
-9.7407 0.008874271
-9.730699999999999 0.012650313000000002
-9.7207 0.01784859
-9.7107 0.024879830000000002
-9.7007 0.03443503
-9.6907 0.047034940000000004
-9.6807 0.06360121
-9.6707 0.08513532000000001
-9.6607 0.11287916
-9.6507 0.14793441999999998
-9.640699999999999 0.1920036
-9.6307 0.2462894
-9.6207 0.313794
-9.6107 0.3954208
-9.6007 0.4917717999999999
-9.5907 0.6069491
-9.5807 0.7411561000000001
-9.570699999999999 0.8953947999999999
-9.5607 1.0716653
-9.550699999999999 1.2689738000000002
-9.540700000000001 1.489304
-9.5307 1.73067
-9.5207 1.9940719999999998
-9.5107 2.2714960000000004
-9.5007 2.5549319999999995
-9.4907 2.86138
-9.480699999999999 3.171849
-9.4707 3.48232
-9.4607 3.7817820000000006
-9.4507 4.077233999999999
-9.4407 4.356667
-9.4307 4.61907
-9.4207 4.857451999999999
-9.410699999999999 5.077794
-9.4007 5.258114
-9.390699999999999 5.408414
-9.380700000000001 5.528662000000001
-9.3707 5.6089
-9.3607 5.669115999999999
-9.3507 5.70933
-9.3407 5.699535
-9.3307 5.6997480000000005
-9.320699999999999 5.669981999999999
-9.3107 5.640246
-9.300699999999999 5.6005400000000005
-9.290700000000001 5.5508750000000004
-9.2807 5.521262
-9.2707 5.4816899999999995
-9.2607 5.462179
-9.2507 5.45271
-9.2407 5.443272
-9.230699999999999 5.4538850000000005
-9.2207 5.47452
-9.2107 5.50516
-9.2007 5.53581
-9.1907 5.57646
-9.1807 5.607060000000001
-9.1707 5.63765
-9.160699999999999 5.668169999999999
-9.1507 5.69866
-9.140699999999999 5.69907
-9.130700000000001 5.70941
-9.1207 5.709689999999999
-9.1107 5.689889999999999
-9.1007 5.660049999999999
-9.0907 5.640129999999999
-9.0807 5.59017
-9.070699999999999 5.56016
-9.0607 5.520129999999999
-9.050699999999999 5.4701
-9.040700000000001 5.450069999999999
-9.0307 5.4200099999999996
-9.0207 5.38999
-9.0107 5.38997
-9.0007 5.39998
-8.9907 5.42002
-8.980699999999999 5.46009
-8.9707 5.5202
-8.9607 5.58032
-8.9507 5.660570000000001
-8.9407 5.76075
-8.9307 5.87098
-8.9207 5.99134
-8.910699999999999 6.14175
-8.9007 6.29214
-8.890699999999999 6.4726099999999995
-8.880700000000001 6.653090000000001
-8.8707 6.853670000000001
-8.8607 7.064360000000001
-8.8507 7.28515
-8.8407 7.53585
-8.8307 7.76665
-8.820699999999999 8.02755
-8.8107 8.29846
-8.800699999999999 8.55946
-8.790700000000001 8.820370000000002
-8.7807 9.08138
-8.7707 9.342290000000002
-8.7607 9.5932
-8.7507 9.834100000000001
-8.7407 10.0449
-8.730699999999999 10.2557
-8.7207 10.446489999999999
-8.7107 10.62698
-8.7007 10.77755
-8.6907 10.91802
-8.6807 11.03839
-8.6707 11.13874
-8.660699999999999 11.21889
-8.6507 11.289119999999999
-8.640699999999999 11.34915
-8.630700000000001 11.37926
-8.6207 11.40927
-8.6107 11.429269999999999
-8.6007 11.43927
-8.5907 11.43925
-8.5807 11.43923
-8.570699999999999 11.42921
-8.5607 11.419170000000001
-8.550699999999999 11.399040000000001
-8.540700000000001 11.379
-8.5307 11.35896
-8.5207 11.318810000000001
-8.5107 11.278770000000002
-8.5007 11.22862
-8.4907 11.188569999999999
-8.480699999999999 11.12852
-8.4707 11.05838
-8.4607 10.98823
-8.4507 10.89798
-8.4407 10.79782
-8.4307 10.68767
-8.4207 10.567319999999999
-8.410699999999999 10.43707
-8.4007 10.286710000000001
-8.390699999999999 10.11645
-8.380700000000001 9.946090000000002
-8.3707 9.74573
-8.3607 9.52527
-8.3507 9.315000000000001
-8.3407 9.08463
-8.3307 8.84416
-8.320699999999999 8.60388
-8.3107 8.34361
-8.300699999999999 8.10343
-8.290700000000001 7.85326
-8.2807 7.59318
-8.2707 7.363309999999999
-8.2607 7.113440000000001
-8.2507 6.883770000000001
-8.2407 6.6742099999999995
-8.230699999999999 6.46475
-8.2207 6.2654000000000005
-8.2107 6.08615
-8.2007 5.91701
-8.1907 5.757880000000001
-8.1807 5.59885
-8.1707 5.46972
-8.160699999999999 5.3206999999999995
-8.1507 5.191479999999999
-8.140699999999999 5.0621599999999995
-8.130700000000001 4.9327499999999995
-8.1207 4.80303
-8.1107 4.663220000000001
-8.1007 4.5132
-8.0907 4.362979999999999
-8.0807 4.20236
-8.070699999999999 4.04164
-8.0607 3.85062
-8.050699999999999 3.6693899999999995
-8.040700000000001 3.4729599999999996
-8.0307 3.26933
-8.0207 3.0666
-8.0107 2.85377
-8.0007 2.6507300000000003
-7.9906999999999995 2.4407
-7.9807 2.2357599999999995
-7.9707 2.03662
-7.9607 1.84459
-7.950699999999999 1.6617000000000002
-7.9407 1.4858
-7.9307 1.3220299999999998
-7.9207 1.1683890000000001
-7.910699999999999 1.0268760000000001
-7.9007 0.89751
-7.8907 0.781315
-7.8807 0.67627
-7.870699999999999 0.5823999999999999
-7.8607 0.50169
-7.8507 0.43113999999999997
-7.8407 0.36777
-7.8307 0.31724
-7.8206999999999995 0.27395
-7.8107 0.23882
-7.8007 0.2102
-7.7907 0.18768000000000004
-7.7806999999999995 0.17035999999999998
-7.7707 0.15752
-7.7607 0.14824
-7.7507 0.14199
-7.7406999999999995 0.13796
-7.7307 0.13584
-7.7207 0.13478999999999997
-7.7107 0.13471
-7.700699999999999 0.13507
-7.6907 0.13566999999999999
-7.6807 0.1361
-7.6707 0.13625
-7.660699999999999 0.13613
-7.6507 0.13551000000000002
-7.6407 0.13452999999999998
-7.6307 0.1331
-7.620699999999999 0.13141
-7.6107 0.12939
-7.6007 0.12719
-7.5907 0.12513
-7.5807 0.12311
-7.5706999999999995 0.12152
-7.5607 0.12036
-7.5507 0.11988000000000001
-7.5407 0.12011000000000002
-7.5306999999999995 0.12118000000000001
-7.5207 0.12343
-7.5107 0.1267
-7.5007 0.13128
-7.4906999999999995 0.13698000000000002
-7.4807 0.14389000000000002
-7.4707 0.15213000000000002
-7.4607 0.16157
-7.450699999999999 0.17192000000000002
-7.4407 0.18317
-7.4307 0.19530999999999998
-7.4207 0.20790999999999998
-7.410699999999999 0.22094
-7.4007 0.23407
-7.3907 0.24712
-7.3807 0.25997000000000003
-7.370699999999999 0.27201
-7.3607 0.2834
-7.3507 0.2939
-7.3407 0.303
-7.3307 0.3115
-7.3206999999999995 0.3182
-7.3107 0.3244
-7.3007 0.3302
-7.2907 0.3342
-7.2806999999999995 0.3372
-7.2707 0.34119999999999995
-7.2607 0.344
-7.2507 0.34609999999999996
-7.2406999999999995 0.34990000000000004
-7.2307 0.35430000000000006
-7.2207 0.3593
-7.2107 0.3654
-7.200699999999999 0.3729
-7.1907 0.382
-7.1807 0.3926
-7.1707 0.40459999999999996
-7.160699999999999 0.4183
-7.1507 0.4345
-7.1407 0.451
-7.1307 0.4694
-7.120699999999999 0.49
-7.1107 0.5099
-7.1007 0.5314
-7.0907 0.5540999999999999
-7.0807 0.5759000000000001
-7.0706999999999995 0.5998
-7.0607 0.6227999999999999
-7.0507 0.6447
-7.0407 0.6684
-7.0306999999999995 0.6908
-7.0207 0.7143000000000002
-7.0107 0.7340000000000001
-7.0007 0.7533
-6.9906999999999995 0.7732999999999999
-6.9807 0.7887
-6.9707 0.8038000000000001
-6.9607 0.8176
-6.950699999999999 0.8299
-6.9407 0.8392000000000001
-6.9307 0.8463999999999999
-6.9207 0.8525999999999999
-6.910699999999999 0.8557999999999999
-6.9007 0.8569
-6.8907 0.8571000000000001
-6.8807 0.8533000000000001
-6.870699999999999 0.8506
-6.8607 0.8455
-6.8507 0.8408000000000001
-6.8407 0.8351000000000001
-6.8307 0.8284
-6.8206999999999995 0.8228000000000001
-6.8107 0.8162
-6.8007 0.8118000000000001
-6.7907 0.8073
-6.7806999999999995 0.8019000000000001
-6.7707 0.7986
-6.7607 0.7963
-6.7507 0.7940999999999999
-6.7406999999999995 0.793
-6.7307 0.7933
-6.7207 0.7939999999999999
-6.7107 0.7951
-6.700699999999999 0.7966
-6.6907 0.7985
-6.6807 0.8006
-6.6707 0.8033999999999999
-6.660699999999999 0.8065
-6.6507 0.8109
-6.6407 0.815
-6.6307 0.8214
-6.620699999999999 0.8275
-6.6107 0.8351000000000001
-6.6007 0.8442999999999999
-6.5907 0.8530000000000001
-6.5807 0.8644000000000001
-6.5706999999999995 0.8775999999999999
-6.5607 0.8919
-6.5507 0.9065
-6.5407 0.9236
-6.5306999999999995 0.9408
-6.5207 0.9601
-6.5107 0.9794
-6.5007 0.9988
-6.4906999999999995 1.0182
-6.4807 1.0386
-6.4707 1.0589
-6.4607 1.0771
-6.450699999999999 1.0973
-6.4407 1.1155
-6.4307 1.1310000000000002
-6.4207 1.1480000000000001
-6.410699999999999 1.1640000000000001
-6.4007 1.179
-6.3907 1.1940000000000002
-6.3807 1.206
-6.370699999999999 1.22
-6.3607 1.2289999999999999
-6.3507 1.242
-6.3407 1.2510000000000001
-6.3307 1.259
-6.3206999999999995 1.269
-6.3107 1.2759999999999998
-6.3007 1.282
-6.2907 1.288
-6.2806999999999995 1.292
-6.2707 1.2970000000000002
-6.2607 1.299
-6.2507 1.303
-6.2406999999999995 1.3039999999999998
-6.2307 1.3050000000000002
-6.2207 1.307
-6.2107 1.306
-6.200699999999999 1.307
-6.1907 1.3079999999999998
-6.1807 1.3079999999999998
-6.1707 1.3079999999999998
-6.160699999999999 1.3089999999999997
-6.1507 1.3079999999999998
-6.1407 1.3079999999999998
-6.1307 1.307
-6.120699999999999 1.309
-6.1107 1.3079999999999998
-6.1007 1.308
-6.0907 1.309
-6.0807 1.3079999999999998
-6.0706999999999995 1.3079999999999998
-6.0607 1.3079999999999998
-6.0507 1.308
-6.0407 1.3070000000000002
-6.0306999999999995 1.3079999999999998
-6.0207 1.3079999999999998
-6.0107 1.307
-6.0007 1.307
-5.9906999999999995 1.3059999999999996
-5.9807 1.3059999999999998
-5.9707 1.303
-5.9607 1.3039999999999998
-5.950699999999999 1.303
-5.9407 1.304
-5.9307 1.303
-5.9207 1.306
-5.910699999999999 1.306
-5.9007 1.3089999999999997
-5.8907 1.3119999999999998
-5.8807 1.314
-5.870699999999999 1.319
-5.8607 1.321
-5.8507 1.325
-5.8407 1.3269999999999997
-5.8307 1.328
-5.8206999999999995 1.3299999999999998
-5.8107 1.331
-5.8007 1.3310000000000002
-5.7907 1.329
-5.7806999999999995 1.3279999999999998
-5.7707 1.325
-5.7607 1.3219999999999998
-5.7507 1.3179999999999998
-5.7406999999999995 1.313
-5.7307 1.31
-5.7207 1.308
-5.7107 1.3059999999999998
-5.700699999999999 1.305
-5.6907 1.305
-5.6807 1.307
-5.6707 1.3110000000000002
-5.660699999999999 1.316
-5.6507 1.3219999999999998
-5.6407 1.3279999999999998
-5.6307 1.3370000000000002
-5.620699999999999 1.345
-5.6107 1.352
-5.6007 1.3599999999999999
-5.5907 1.3670000000000002
-5.5807 1.37
-5.5707 1.3739999999999999
-5.560700000000001 1.3739999999999999
-5.550699999999999 1.374
-5.540699999999999 1.368
-5.5306999999999995 1.363
-5.5207 1.3539999999999999
-5.5107 1.341
-5.5007 1.328
-5.4907 1.314
-5.480700000000001 1.3
-5.470699999999999 1.284
-5.460699999999999 1.268
-5.450699999999999 1.253
-5.4407 1.241
-5.4307 1.228
-5.4207 1.22
-5.4107 1.214
-5.4007000000000005 1.2099999999999997
-5.390699999999999 1.2089999999999999
-5.380699999999999 1.2109999999999999
-5.370699999999999 1.2149999999999999
-5.3607 1.223
-5.3507 1.234
-5.3407 1.244
-5.3307 1.2590000000000001
-5.3207 1.274
-5.310700000000001 1.287
-5.300699999999999 1.303
-5.290699999999999 1.3179999999999998
-5.2806999999999995 1.3339999999999999
-5.2707 1.347
-5.2607 1.3599999999999999
-5.2507 1.3719999999999999
-5.2407 1.383
-5.230700000000001 1.3900000000000001
-5.220699999999999 1.3969999999999998
-5.210699999999999 1.401
-5.200699999999999 1.405
-5.1907 1.404
-5.1807 1.404
-5.1707 1.4
-5.1607 1.395
-5.1507000000000005 1.387
-5.140699999999999 1.3780000000000001
-5.130699999999999 1.366
-5.120699999999999 1.355
-5.1107 1.3419999999999999
-5.1007 1.326
-5.0907 1.31
-5.0807 1.294
-5.0707 1.278
-5.060700000000001 1.264
-5.050699999999999 1.248
-5.040699999999999 1.233
-5.0306999999999995 1.22
-5.0207 1.208
-5.0107 1.1960000000000002
-5.0007 1.186
-4.9907 1.178
-4.980700000000001 1.17
-4.970699999999999 1.163
-4.960699999999999 1.158
-4.950699999999999 1.153
-4.9407 1.15
-4.9307 1.1460000000000001
-4.9207 1.1429999999999998
-4.9107 1.139
-4.9007000000000005 1.1360000000000001
-4.890699999999999 1.132
-4.880699999999999 1.1280000000000001
-4.870699999999999 1.1219999999999999
-4.8607 1.118
-4.8507 1.111
-4.8407 1.105
-4.8307 1.096
-4.8207 1.088
-4.810700000000001 1.08
-4.800699999999999 1.069
-4.790699999999999 1.0590000000000002
-4.7806999999999995 1.046
-4.7707 1.0370000000000001
-4.7607 1.0250000000000001
-4.7507 1.0130000000000001
-4.7407 1.002
-4.730700000000001 0.988
-4.720699999999999 0.978
-4.710699999999999 0.9649999999999999
-4.700699999999999 0.9530000000000001
-4.6907 0.9429999999999998
-4.6807 0.9299999999999999
-4.6707 0.919
-4.6607 0.908
-4.6507000000000005 0.898
-4.640699999999999 0.888
-4.630699999999999 0.88
-4.620699999999999 0.872
-4.6107 0.866
-4.6007 0.859
-4.5907 0.854
-4.5807 0.852
-4.5707 0.848
-4.560700000000001 0.848
-4.550699999999999 0.8487
-4.540699999999999 0.8496
-4.5306999999999995 0.8509
-4.5207 0.855
-4.5107 0.86
-4.5007 0.864
-4.4907 0.869
-4.480700000000001 0.873
-4.470699999999999 0.879
-4.460699999999999 0.8819999999999999
-4.450699999999999 0.8859999999999999
-4.4407 0.8899999999999999
-4.4307 0.891
-4.4207 0.893
-4.4107 0.893
-4.4007000000000005 0.891
-4.390699999999999 0.8899999999999999
-4.380699999999999 0.887
-4.370699999999999 0.8839999999999999
-4.3607 0.879
-4.3507 0.8739999999999999
-4.3407 0.8680000000000001
-4.3307 0.861
-4.3207 0.857
-4.310700000000001 0.851
-4.300699999999999 0.845
-4.290699999999999 0.8420000000000001
-4.2806999999999995 0.8365000000000001
-4.2707 0.8345000000000001
-4.2607 0.8316000000000001
-4.2507 0.8279000000000001
-4.2407 0.8283000000000001
-4.230700000000001 0.8248000000000001
-4.220699999999999 0.8264000000000001
-4.210699999999999 0.8241
-4.200699999999999 0.8258000000000001
-4.1907 0.8256
-4.1807 0.8265
-4.1707 0.8263
-4.1607 0.8262
-4.1507000000000005 0.8271000000000001
-4.140699999999999 0.8290000000000001
-4.130699999999999 0.8269000000000001
-4.120699999999999 0.8278000000000001
-4.1107 0.8277000000000001
-4.1007 0.8276000000000001
-4.0907 0.8275000000000001
-4.0807 0.8274000000000001
-4.0707 0.8274000000000001
-4.060700000000001 0.8284000000000001
-4.050699999999999 0.8294000000000001
-4.040699999999999 0.8305000000000001
-4.0306999999999995 0.8337000000000001
-4.0207 0.8339000000000001
-4.0107 0.8372
-4.0007 0.8416000000000001
-3.9907000000000004 0.8442000000000002
-3.9807000000000006 0.8468000000000001
-3.970699999999999 0.8515000000000001
-3.960699999999999 0.8564
-3.9506999999999994 0.8603000000000001
-3.9406999999999996 0.8643000000000001
-3.9307 0.869
-3.9207 0.875
-3.9107000000000003 0.881
-3.9007000000000005 0.8859999999999999
-3.890699999999999 0.891
-3.880699999999999 0.8979999999999999
-3.8706999999999994 0.903
-3.8606999999999996 0.9080000000000001
-3.8507 0.915
-3.8407 0.9189999999999999
-3.8307 0.924
-3.8207000000000004 0.9279999999999999
-3.8107000000000006 0.932
-3.800699999999999 0.9369999999999999
-3.7906999999999993 0.9410000000000001
-3.7806999999999995 0.941
-3.7706999999999997 0.9460000000000001
-3.7607 0.9470000000000001
-3.7507 0.9470000000000001
-3.7407000000000004 0.9470000000000001
-3.7307000000000006 0.9450000000000001
-3.720699999999999 0.9440000000000001
-3.710699999999999 0.9420000000000001
-3.7006999999999994 0.938
-3.6906999999999996 0.932
-3.6807 0.9269999999999999
-3.6707 0.918
-3.6607000000000003 0.911
-3.6507000000000005 0.903
-3.640699999999999 0.892
-3.630699999999999 0.883
-3.6206999999999994 0.871
-3.6106999999999996 0.859
-3.6007 0.8460000000000001
-3.5907 0.8330000000000001
-3.5807 0.8210000000000001
-3.5707000000000004 0.808
-3.5607000000000006 0.794
-3.550699999999999 0.781
-3.5406999999999993 0.77
-3.5306999999999995 0.756
-3.5206999999999997 0.744
-3.5107 0.732
-3.5007 0.722
-3.4907000000000004 0.7114
-3.4807000000000006 0.7014
-3.470699999999999 0.6931
-3.460699999999999 0.6857
-3.4506999999999994 0.6794
-3.4406999999999996 0.6741
-3.4307 0.6680999999999999
-3.4207 0.664
-3.4107000000000003 0.6612
-3.4007000000000005 0.6596000000000001
-3.390699999999999 0.658
-3.380699999999999 0.6566
-3.3706999999999994 0.6554
-3.3606999999999996 0.6555999999999998
-3.3507 0.657
-3.3407 0.6576
-3.3307 0.6583
-3.3207000000000004 0.6611000000000001
-3.3107000000000006 0.6632
-3.300699999999999 0.6665000000000001
-3.2906999999999993 0.6698999999999999
-3.2806999999999995 0.6715000000000001
-3.2706999999999997 0.6772
-3.2607 0.6812
-3.2507 0.6866
-3.2407000000000004 0.693
-3.2307000000000006 0.7008
-3.220699999999999 0.7089
-3.210699999999999 0.7172
-3.2006999999999994 0.7269
-3.1906999999999996 0.737
-3.1807 0.7472
-3.1707 0.7579999999999999
-3.1607000000000003 0.768
-3.1507000000000005 0.7775000000000001
-3.140699999999999 0.7889999999999999
-3.130699999999999 0.7980999999999999
-3.1206999999999994 0.8053999999999999
-3.1106999999999996 0.8141999999999999
-3.1007 0.8201999999999999
-3.0907 0.8268
-3.0807 0.8315999999999999
-3.0707000000000004 0.8359000000000001
-3.0607000000000006 0.8387000000000001
-3.050699999999999 0.8419
-3.0406999999999993 0.8435
-3.0306999999999995 0.8456999999999999
-3.0206999999999997 0.8472
-3.0107 0.8481000000000001
-3.0007 0.8483
-2.9907000000000004 0.849
-2.9807000000000006 0.8477
-2.970699999999999 0.8472000000000001
-2.960699999999999 0.8453
-2.9506999999999994 0.8426
-2.9406999999999996 0.8391000000000001
-2.9307 0.8356000000000001
-2.9207 0.8302
-2.9107000000000003 0.8247
-2.9007000000000005 0.8194
-2.890699999999999 0.8120999999999999
-2.880699999999999 0.8046
-2.8706999999999994 0.7970999999999999
-2.8606999999999996 0.7911999999999999
-2.8507 0.7848999999999999
-2.8407 0.7790999999999999
-2.8307 0.7757000000000001
-2.8207000000000004 0.7719
-2.8107000000000006 0.7716
-2.800699999999999 0.7719
-2.7906999999999993 0.7738
-2.7806999999999995 0.7762
-2.7706999999999997 0.7823
-2.7607 0.7899
-2.7507 0.799
-2.7407000000000004 0.8075
-2.7307000000000006 0.8194
-2.720699999999999 0.8307
-2.710699999999999 0.8452000000000001
-2.7006999999999994 0.8568
-2.6906999999999996 0.8716
-2.6807 0.8854000000000001
-2.6707 0.897
-2.6607000000000003 0.9109999999999999
-2.6507000000000005 0.9219999999999999
-2.640699999999999 0.9339999999999999
-2.630699999999999 0.945
-2.6206999999999994 0.953
-2.6106999999999996 0.96
-2.6007 0.967
-2.5907 0.972
-2.5807 0.977
-2.5707000000000004 0.98
-2.5607000000000006 0.984
-2.550699999999999 0.986
-2.5406999999999993 0.988
-2.5306999999999995 0.991
-2.5206999999999997 0.992
-2.5107 0.993
-2.5007 0.996
-2.4907000000000004 0.996
-2.4807000000000006 0.9975
-2.470699999999999 0.9987
-2.460699999999999 0.9971
-2.4506999999999994 0.9976
-2.4406999999999996 0.9974000000000001
-2.4307 0.9973
-2.4207 0.9953000000000001
-2.4107000000000003 0.9934000000000001
-2.4007000000000005 0.9926
-2.390699999999999 0.9898
-2.380699999999999 0.9881
-2.3706999999999994 0.9863
-2.3606999999999996 0.9845
-2.3507 0.9815
-2.3407 0.9784000000000002
-2.3307 0.9762
-2.3207000000000004 0.9728000000000001
-2.3107000000000006 0.9723000000000002
-2.300699999999999 0.9685000000000001
-2.2906999999999993 0.9634000000000001
-2.2806999999999995 0.9602000000000002
-2.2706999999999997 0.9578000000000001
-2.2607 0.9521000000000001
-2.2507 0.9482000000000002
-2.2407000000000004 0.9430999999999999
-2.2307000000000006 0.9379
-2.220699999999999 0.9305000000000001
-2.210699999999999 0.9239
-2.2006999999999994 0.918
-2.1906999999999996 0.9107999999999999
-2.1807 0.9033
-2.1707 0.8959
-2.1607000000000003 0.8883000000000001
-2.1507000000000005 0.8818
-2.140699999999999 0.8745
-2.130699999999999 0.8681
-2.1206999999999994 0.8616
-2.1106999999999996 0.8540000000000001
-2.1007 0.8476
-2.0907 0.8403000000000002
-2.0807 0.8310999999999998
-2.0707000000000004 0.8239999999999998
-2.0607000000000006 0.8138999999999998
-2.050699999999999 0.8028000000000001
-2.0406999999999993 0.7909000000000002
-2.0306999999999995 0.778
-2.0206999999999997 0.7643
-2.0107 0.7494
-2.0007 0.7338
-1.9907000000000004 0.7182
-1.9807000000000006 0.702
-1.970699999999999 0.6858
-1.9606999999999992 0.6699999999999999
-1.9506999999999994 0.6554
-1.9406999999999996 0.6434
-1.9306999999999999 0.6328999999999999
-1.9207 0.6249
-1.9107000000000003 0.6204
-1.9007000000000005 0.6176
-1.890699999999999 0.6215999999999999
-1.8806999999999992 0.6283
-1.8706999999999994 0.6396999999999999
-1.8606999999999996 0.6548999999999999
-1.8506999999999998 0.6747000000000001
-1.8407 0.6970999999999999
-1.8307000000000002 0.7242999999999999
-1.8207000000000004 0.7548999999999999
-1.8107000000000006 0.7859000000000002
-1.800699999999999 0.8202999999999999
-1.7906999999999993 0.8548
-1.7806999999999995 0.8884
-1.7706999999999997 0.922
-1.7607 0.9521999999999999
-1.7507000000000001 0.9792000000000001
-1.7407000000000004 1.0017
-1.7307000000000006 1.0186
-1.720699999999999 1.0298
-1.7106999999999992 1.0332
-1.7006999999999994 1.0307
-1.6906999999999996 1.01929
-1.6806999999999999 0.9999699999999999
-1.6707 0.97581
-1.6607000000000003 0.9427
-1.6507000000000005 0.9019600000000001
-1.640699999999999 0.85748
-1.6306999999999992 0.8073699999999999
-1.6206999999999994 0.7548300000000001
-1.6106999999999996 0.69879
-1.6006999999999998 0.64074
-1.5907 0.5816
-1.5807000000000002 0.5238700000000001
-1.5707000000000004 0.46665
-1.5607000000000006 0.41307
-1.550699999999999 0.36111
-1.5406999999999993 0.31328000000000006
-1.5306999999999995 0.2686
-1.5206999999999997 0.22819
-1.5107 0.19247
-1.5007000000000001 0.16056
-1.4907000000000004 0.13237
-1.4807000000000006 0.10818
-1.470699999999999 0.08755399999999999
-1.4606999999999992 0.07009699999999999
-1.4506999999999994 0.055514
-1.4406999999999996 0.043614
-1.4306999999999999 0.033842
-1.4207 0.026086
-1.4107000000000003 0.019813
-1.4007000000000005 0.014929
-1.390699999999999 0.011132000000000001
-1.3806999999999992 0.0082048
-1.3706999999999994 0.0059924
-1.3606999999999996 0.0043307
-1.3506999999999998 0.0030934999999999995
-1.3407 0.0021906999999999994
-1.3307000000000002 0.0015341
-1.3207000000000004 0.00106372
-1.3107000000000006 0.00072987
-1.300699999999999 0.00049565
-1.2906999999999993 0.00033182
-1.2806999999999995 0.00022085999999999997
-1.2706999999999997 0.00014511
-1.2607 9.447999999999999e-05
-1.2507000000000001 6.0785e-05
-1.2407000000000004 3.8744999999999996e-05
-1.2307000000000006 2.4369e-05
-1.220699999999999 1.5224999999999999e-05
-1.2106999999999992 9.397299999999999e-06
-1.2006999999999994 5.7335e-06
-1.1906999999999996 3.4651e-06
-1.1806999999999999 2.069e-06
-1.1707 1.2238199999999997e-06
-1.1607000000000003 7.163999999999999e-07
-1.1507000000000005 4.1485e-07
-1.140699999999999 2.3696e-07
-1.1306999999999992 1.3450999999999998e-07
-1.1206999999999994 7.5379e-08
-1.1106999999999996 4.1878e-08
-1.1006999999999998 2.2958000000000006e-08
-1.0907 1.2458e-08
-1.0807000000000002 6.684e-09
-1.0707000000000004 3.5557e-09
-1.0607000000000006 1.8693e-09
-1.050699999999999 9.7253e-10
-1.0406999999999993 5.0043e-10
-1.0306999999999995 2.5445e-10
-1.0206999999999997 1.2803999999999998e-10
-1.0107 6.3732e-11
-1.0007000000000001 3.1483000000000004e-11
-0.9907000000000004 1.5118e-11
-0.9807000000000006 7.1185e-12
-0.970699999999999 2.7622999999999996e-12
-0.9606999999999992 5.4364e-13
-0.9506999999999994 0.0
-0.9406999999999996 0.0
-0.9306999999999999 0.0
-0.9207000000000001 0.0
-0.9107000000000003 0.0
-0.9007000000000005 0.0
-0.8906999999999989 0.0
-0.8806999999999992 0.0
-0.8706999999999994 0.0
-0.8606999999999996 0.0
-0.8506999999999998 0.0
-0.8407 0.0
-0.8307000000000002 0.0
-0.8207000000000004 0.0
-0.8107000000000006 0.0
-0.8006999999999991 0.0
-0.7906999999999993 0.0
-0.7806999999999995 0.0
-0.7706999999999997 0.0
-0.7606999999999999 0.0
-0.7507000000000001 0.0
-0.7407000000000004 0.0
-0.7307000000000006 0.0
-0.720699999999999 0.0
-0.7106999999999992 0.0
-0.7006999999999994 0.0
-0.6906999999999996 0.0
-0.6806999999999999 0.0
-0.6707000000000001 0.0
-0.6607000000000003 0.0
-0.6507000000000005 0.0
-0.6406999999999989 0.0
-0.6306999999999992 0.0
-0.6206999999999994 7.355539e-13
-0.6106999999999996 7.625158e-12
-0.6006999999999998 2.282765e-11
-0.5907 5.754239e-11
-0.5807000000000002 1.19332e-10
-0.5707000000000004 2.440738e-10
-0.5607000000000006 4.924551e-10
-0.5506999999999991 9.83907e-10
-0.5406999999999993 1.944776e-09
-0.5306999999999995 3.812383e-09
-0.5206999999999997 7.3642609999999995e-09
-0.5106999999999999 1.4107200000000001e-08
-0.5007000000000001 2.6741630000000003e-08
-0.49070000000000036 5.006661e-08
-0.48070000000000057 9.277905e-08
-0.470699999999999 1.701281e-07
-0.4606999999999992 3.0829380000000004e-07
-0.45069999999999943 5.543659e-07
-0.44069999999999965 9.83893e-07
-0.43069999999999986 1.730324e-06
-0.4207000000000001 3.00776e-06
-0.4107000000000003 5.1719110000000005e-06
-0.4007000000000005 8.816837e-06
-0.39069999999999894 1.483828e-05
-0.38069999999999915 2.474713e-05
-0.37069999999999936 4.072764e-05
-0.3606999999999996 6.652648e-05
-0.3506999999999998 0.0001074042
-0.3407 0.0001715253
-0.3307000000000002 0.0002709128
-0.32070000000000043 0.00042380109999999994
-0.31070000000000064 0.0006562378
-0.3006999999999991 0.001003898
-0.2906999999999993 0.001519862
-0.2806999999999995 0.0022772929999999997
-0.2706999999999997 0.0033793499999999997
-0.26069999999999993 0.004956308
-0.25070000000000014 0.0072134980000000005
-0.24070000000000036 0.01036935
-0.23070000000000057 0.014737469999999999
-0.220699999999999 0.02074861
-0.21069999999999922 0.02889368
-0.20069999999999943 0.03990395
-0.19069999999999965 0.054390799999999996
-0.18069999999999986 0.07353583
-0.17070000000000007 0.0981815
-0.1607000000000003 0.1300398
-0.1507000000000005 0.17041320000000001
-0.14069999999999894 0.2213056
-0.13069999999999915 0.2834193
-0.12069999999999936 0.3608596
-0.11069999999999958 0.4545275999999999
-0.10069999999999979 0.5665296
-0.0907 0.699268
-0.08070000000000022 0.8545458
-0.07070000000000043 1.035863
-0.06070000000000064 1.2442380000000002
-0.05069999999999908 1.4796490000000002
-0.04069999999999929 1.744118
-0.030699999999999505 2.04063
-0.02069999999999972 2.359185
-0.010699999999999932 2.709783
-0.000700000000000145 3.081425
0.009299999999999642 3.467089
0.01929999999999943 3.885795
0.029300000000000992 4.319513
0.03930000000000078 4.767253
0.049300000000000566 5.216994
0.05930000000000035 5.679715
0.06930000000000014 6.120436
0.07929999999999993 6.571127
0.08929999999999971 7.011776
0.0992999999999995 7.432383
0.10930000000000106 7.822947999999999
0.11930000000000085 8.20346
0.12930000000000064 8.553918000000001
0.13930000000000042 8.864303
0.1493000000000002 9.154630000000001
0.1593 9.42488
0.16929999999999978 9.65509
0.17929999999999957 9.85523
0.18929999999999936 10.03532
0.19930000000000092 10.18536
0.2093000000000007 10.31537
0.2193000000000005 10.42535
0.22930000000000028 10.5153
0.23930000000000007 10.60524
0.24929999999999986 10.69519
0.25929999999999964 10.75515
0.26929999999999943 10.835139999999999
0.279300000000001 10.93516
0.2893000000000008 11.01523
0.29930000000000057 11.125350000000001
0.30930000000000035 11.25554
0.31930000000000014 11.405779999999998
0.3292999999999999 11.576110000000002
0.3392999999999997 11.756499999999999
0.3492999999999995 11.94696
0.35930000000000106 12.177499999999998
0.36930000000000085 12.4081
0.37930000000000064 12.668759999999999
0.3893000000000004 12.909500000000001
0.3993000000000002 13.180209999999999
0.4093 13.43103
0.4192999999999998 13.681750000000001
0.42929999999999957 13.892570000000001
0.43929999999999936 14.11337
0.4493000000000009 14.284130000000001
0.4593000000000007 14.444890000000001
0.4693000000000005 14.54559
0.4793000000000003 14.626159999999999
0.48930000000000007 14.64676
0.49929999999999986 14.60727
0.5092999999999996 14.53768
0.5192999999999994 14.407969999999999
0.529300000000001 14.20822
0.5393000000000008 13.97837
0.5493000000000006 13.68837
0.5593000000000004 13.358229999999999
0.5693000000000001 12.98806
0.5792999999999999 12.57785
0.5892999999999997 12.15742
0.5992999999999995 11.71698
0.6093000000000011 11.24645
0.6193000000000008 10.785919999999999
0.6293000000000006 10.315199999999999
0.6393000000000004 9.86462
0.6493000000000002 9.42386
0.6593 9.00314
0.6692999999999998 8.61246
0.6792999999999996 8.26172
0.6892999999999994 7.92102
0.6993000000000009 7.63036
0.7093000000000007 7.36963
0.7193000000000005 7.149050000000001
0.7293000000000003 6.9585
0.7393000000000001 6.80794
0.7492999999999999 6.6674500000000005
0.7592999999999996 6.557
0.7692999999999994 6.4765999999999995
0.779300000000001 6.39625
0.7893000000000008 6.33591
0.7993000000000006 6.29562
0.8093000000000004 6.23537
0.8193000000000001 6.18514
0.8292999999999999 6.13494
0.8392999999999997 6.07475
0.8492999999999995 6.00457
0.8593000000000011 5.914439999999999
0.8693000000000008 5.81429
0.8793000000000006 5.7041699999999995
0.8893000000000004 5.58406
0.8993000000000002 5.45397
0.9093 5.31389
0.9192999999999998 5.15382
0.9292999999999996 4.99377
0.9392999999999994 4.83372
0.9493000000000009 4.66369
0.9593000000000007 4.50367
0.9693000000000005 4.33367
0.9793000000000003 4.17366
0.9893000000000001 4.01369
0.9992999999999999 3.86371
1.0092999999999996 3.7237199999999997
1.0192999999999994 3.59377
1.029300000000001 3.4668099999999997
1.0393000000000008 3.35285
1.0493000000000006 3.2419200000000004
1.0593000000000004 3.15401
1.0693000000000001 3.07909
1.0793 2.99721
1.0892999999999997 2.94835
1.0992999999999995 2.90251
1.109300000000001 2.8697
1.1193000000000008 2.8599300000000003
1.1293000000000006 2.84319
1.1393000000000004 2.8395
1.1493000000000002 2.8588299999999998
1.1593 2.88119
1.1692999999999998 2.9065999999999996
1.1792999999999996 2.94402
1.1892999999999994 2.9744800000000002
1.199300000000001 3.01593
1.2093000000000007 3.0604000000000005
1.2193000000000005 3.09687
1.2293000000000003 3.1343300000000003
1.2393 3.17378
1.2492999999999999 3.19318
1.2592999999999996 3.2146
1.2692999999999994 3.22691
1.279300000000001 3.24019
1.2893000000000008 3.2444699999999997
1.2993000000000006 3.23862
1.3093000000000004 3.22374
1.3193000000000001 3.1997299999999997
1.3293 3.1646900000000002
1.3392999999999997 3.1305199999999997
1.3492999999999995 3.08532
1.359300000000001 3.03009
1.3693000000000008 2.96473
1.3793000000000006 2.89733
1.3893000000000004 2.8197799999999997
1.3993000000000002 2.7301900000000003
1.4093 2.64355
1.4192999999999998 2.54885
1.4292999999999996 2.44212
1.4392999999999994 2.33034
1.449300000000001 2.21953
1.4593000000000007 2.1057300000000003
1.4693000000000005 1.9909199999999998
1.4793000000000003 1.87812
1.4893 1.76638
1.4992999999999999 1.6586800000000002
1.5092999999999996 1.55904
1.5192999999999994 1.46749
1.529300000000001 1.38401
1.5393000000000008 1.31365
1.5493000000000006 1.25237
1.5593000000000004 1.20522
1.5693000000000001 1.1721599999999999
1.5793 1.1512
1.5892999999999997 1.1433499999999999
1.5992999999999995 1.14759
1.609300000000001 1.1629200000000002
1.6193000000000008 1.1892999999999998
1.6293000000000006 1.22475
1.6393000000000004 1.26624
1.6493000000000002 1.31577
1.6593 1.37031
1.6692999999999998 1.42886
1.6792999999999996 1.4884
1.6892999999999994 1.54992
1.699300000000001 1.6144500000000002
1.7093000000000007 1.6779300000000004
1.7193000000000005 1.7394
1.7293000000000003 1.8018199999999998
1.7393 1.86321
1.7492999999999999 1.92257
1.7592999999999996 1.9818900000000002
1.7692999999999994 2.0402
1.779300000000001 2.09445
1.7893000000000008 2.14968
1.7993000000000006 2.20388
1.8093000000000004 2.2540500000000003
1.8193000000000001 2.3032
1.8293 2.3503
1.8392999999999997 2.39339
1.8492999999999995 2.4344599999999996
1.859300000000001 2.4664900000000003
1.8693000000000008 2.50148
1.8793000000000006 2.53245
1.8893000000000004 2.5514
1.8993000000000002 2.5773
1.9093 2.5802
1.9192999999999998 2.5900600000000003
1.9292999999999996 2.5848900000000006
1.9392999999999994 2.5767
1.949300000000001 2.56449
1.9593000000000007 2.5372600000000003
1.9693000000000005 2.50701
1.9793000000000003 2.4627499999999998
1.9893 2.41445
1.9992999999999999 2.36217
2.0092999999999996 2.29986
2.0192999999999994 2.23156
2.029300000000001 2.15824
2.039300000000001 2.0779300000000003
2.0493000000000006 1.99661
2.0593000000000004 1.9102899999999998
2.0693 1.8229899999999999
2.0793 1.73469
2.0892999999999997 1.64641
2.0992999999999995 1.55911
2.109300000000001 1.4758399999999998
2.119300000000001 1.39258
2.1293000000000006 1.31231
2.1393000000000004 1.2370700000000001
2.1493 1.1658300000000001
2.1593 1.0976000000000001
2.1693 1.03537
2.1792999999999996 0.9761599999999999
2.1892999999999994 0.9219400000000001
2.199300000000001 0.87173
2.2093000000000007 0.82652
2.2193000000000005 0.78333
2.2293000000000003 0.7451399999999999
2.2393 0.70995
2.2493 0.67677
2.2592999999999996 0.64559
2.2692999999999994 0.61842
2.279300000000001 0.59327
2.289300000000001 0.57111
2.2993000000000006 0.55097
2.3093000000000004 0.5308299999999999
2.3193 0.5117100000000001
2.3293 0.49559
2.3392999999999997 0.48049
2.3492999999999995 0.46637000000000006
2.359300000000001 0.45328
2.369300000000001 0.43918
2.3793000000000006 0.42710000000000004
2.3893000000000004 0.41600000000000004
2.3993 0.40391
2.4093000000000018 0.39282
2.4193 0.37972
2.4293000000000013 0.36862
2.4392999999999994 0.3575
2.449300000000001 0.34537999999999996
2.459299999999999 0.33325
2.4693000000000005 0.31971000000000005
2.4792999999999985 0.30746
2.4893 0.2948
2.4993000000000016 0.28223
2.5092999999999996 0.26947
2.519300000000001 0.25679
2.529299999999999 0.24473
2.539300000000001 0.23275
2.549299999999999 0.22139999999999999
2.5593000000000004 0.21094999999999997
2.569300000000002 0.2011
2.5793 0.19228
2.5893000000000015 0.18427000000000002
2.5992999999999995 0.17716
2.609300000000001 0.17119
2.619299999999999 0.16613
2.6293000000000006 0.16209
2.6392999999999986 0.15886
2.6493 0.15664
2.6593000000000018 0.15503
2.6693 0.15415
2.6793000000000013 0.15377
2.6892999999999994 0.15389
2.699300000000001 0.15422999999999998
2.709299999999999 0.15475999999999998
2.7193000000000005 0.15541
2.7292999999999985 0.15614
2.7393 0.15687
2.7493000000000016 0.1575
2.7592999999999996 0.15803
2.769300000000001 0.15837
2.779299999999999 0.15858
2.789300000000001 0.15871000000000002
2.799299999999999 0.15875
2.8093000000000004 0.15856
2.819300000000002 0.15849
2.8293 0.15832999999999997
2.8393000000000015 0.15827999999999998
2.8492999999999995 0.15833
2.859300000000001 0.1586
2.869299999999999 0.15897
2.8793000000000006 0.15955
2.8892999999999986 0.16035
2.8993 0.16136
2.9093000000000018 0.16268
2.9193 0.1642
2.9293000000000013 0.16573
2.9392999999999994 0.16758
2.949300000000001 0.1694
2.959299999999999 0.17124
2.9693000000000005 0.17296
2.9792999999999985 0.17448000000000002
2.9893 0.17577
2.9993000000000016 0.17655
3.0092999999999996 0.17702
3.019300000000001 0.17704999999999999
3.029299999999999 0.17646
3.039300000000001 0.17543999999999998
3.049299999999999 0.17391
3.0593000000000004 0.17165
3.069300000000002 0.16898
3.0793 0.16577
3.0893000000000015 0.16226000000000002
3.0992999999999995 0.15833999999999998
3.109300000000001 0.15431
3.119299999999999 0.14997
3.1293000000000006 0.14553
3.1392999999999986 0.1411
3.1493 0.13687
3.1593000000000018 0.13254
3.1693 0.12854
3.1793000000000013 0.12483
3.1892999999999994 0.12125999999999999
3.199300000000001 0.11807999999999999
3.209299999999999 0.11534
3.2193000000000005 0.11288999999999999
3.2292999999999985 0.11087
3.2393 0.10926000000000001
3.2493000000000016 0.10797999999999999
3.2592999999999996 0.1071
3.269300000000001 0.10674
3.279299999999999 0.10658999999999999
3.289300000000001 0.10677
3.299299999999999 0.10733999999999999
3.3093000000000004 0.10822999999999999
3.319300000000002 0.10943
3.3293 0.11085999999999999
3.3393000000000015 0.11246
3.3492999999999995 0.1144
3.359300000000001 0.11633
3.369299999999999 0.11846
3.3793000000000006 0.12060000000000001
3.3892999999999986 0.12293000000000001
3.3993 0.12516
3.4093000000000018 0.12739
3.4193 0.12932
3.4293000000000013 0.13143
3.4392999999999994 0.13313999999999998
3.449300000000001 0.13494
3.459299999999999 0.13633
3.4693000000000005 0.1376
3.4792999999999985 0.13846
3.4893 0.13929
3.4993000000000016 0.13962
3.5092999999999996 0.13993
3.519300000000001 0.13972
3.529299999999999 0.13929999999999998
3.539300000000001 0.13877
3.549299999999999 0.13791
3.5593000000000004 0.13685
3.569300000000002 0.13568
3.5793 0.13432
3.5893000000000015 0.13283
3.5992999999999995 0.13144999999999998
3.609300000000001 0.12988
3.619299999999999 0.1286
3.6293000000000006 0.12704
3.6392999999999986 0.12568000000000001
3.6493 0.12442
3.6593000000000018 0.12317
3.6693 0.12214
3.6793000000000013 0.1209
3.6892999999999994 0.11986
3.699300000000001 0.11884
3.709299999999999 0.11771
3.7193000000000005 0.11657
3.7292999999999985 0.11534
3.7393 0.11398
3.7493000000000016 0.11243
3.7592999999999996 0.11077000000000001
3.769300000000001 0.10899
3.779299999999999 0.1068
3.789300000000001 0.10450000000000001
3.799299999999999 0.10197999999999999
3.8093000000000004 0.09924
3.819300000000002 0.09628999999999999
3.8293 0.09334
3.8393000000000015 0.09017
3.8492999999999995 0.08678
3.859300000000001 0.0834
3.869299999999999 0.07981
3.8793000000000006 0.0764
3.8892999999999986 0.07291
3.8993 0.0694
3.9093000000000018 0.066
3.9193 0.0626
3.9293000000000013 0.0592
3.9392999999999994 0.0559
3.949300000000001 0.05281
3.959299999999999 0.049710000000000004
3.9693000000000005 0.046736
3.9792999999999985 0.043851
3.9893 0.040972999999999996
3.9993000000000016 0.038402
4.0093 0.035937
4.019300000000001 0.033375999999999996
4.029299999999999 0.030981
4.039300000000001 0.028713000000000002
4.049299999999999 0.026551000000000005
4.0593 0.024504999999999996
4.069300000000002 0.022546
4.0793 0.020685
4.0893000000000015 0.018949
4.0992999999999995 0.017321
4.109300000000001 0.01578
4.119299999999999 0.014334999999999997
4.129300000000001 0.013009
4.139299999999999 0.011768
4.1493 0.010624
4.159300000000002 0.009555
4.1693 0.008573
4.179300000000001 0.007686
4.189299999999999 0.006862
4.199300000000001 0.006115000000000001
4.209299999999999 0.005422
4.2193000000000005 0.0048133
4.2292999999999985 0.0042474999999999995
4.2393 0.0037355999999999995
4.249300000000002 0.0032848000000000005
4.2593 0.0028726000000000003
4.269300000000001 0.0025021
4.279299999999999 0.0021707999999999996
4.289300000000001 0.0018758
4.299299999999999 0.0016106
4.3093 0.0013784000000000001
4.319300000000002 0.0011717000000000001
4.3293 0.0009907
4.3393000000000015 0.0008328999999999999
4.3492999999999995 0.0006936
4.359300000000001 0.0005755
4.369299999999999 0.00047343
4.379300000000001 0.0003864
4.389299999999999 0.00031264
4.3993 0.00025102999999999996
4.409300000000002 0.00019982000000000002
4.4193 0.00015763
4.429300000000001 0.00012319
4.439299999999999 9.549999999999999e-05
4.449300000000001 7.330999999999999e-05
4.459299999999999 5.573e-05
4.4693000000000005 4.2049e-05
4.4792999999999985 3.1293e-05
4.4893 2.3111999999999998e-05
4.499300000000002 1.6901e-05
4.5093 1.2220999999999999e-05
4.519300000000001 8.759999999999999e-06
4.529299999999999 6.213e-06
4.539300000000001 4.348e-06
4.549299999999999 3.0282e-06
4.5593 2.081e-06
4.569300000000002 1.4155e-06
4.5793 9.526000000000001e-07
4.5893000000000015 6.333999999999999e-07
4.5992999999999995 4.1862e-07
4.609300000000001 2.7264e-07
4.619299999999999 1.7587e-07
4.629300000000001 1.1231999999999999e-07
