-23.6007 -1.6341890000000003e-05
-23.5907 -1.0672500000000002e-05
-23.5807 -6.905805e-06
-23.570700000000002 -4.41948e-06
-23.5607 -2.8007850000000006e-06
-23.5507 -1.7574770000000005e-06
-23.5407 -1.092404e-06
-23.5307 -6.718081e-07
-23.520699999999998 -4.0885609999999996e-07
-23.5107 -2.462526e-07
-23.500700000000002 -1.4697729999999998e-07
-23.4907 -8.675447999999998e-08
-23.4807 -5.07386e-08
-23.4707 -2.9342999999999997e-08
-23.4607 -1.6815460000000003e-08
-23.450699999999998 -9.524458000000002e-09
-23.4407 -5.343395e-09
-23.4307 -2.966194e-09
-23.4207 -1.6303510000000002e-09
-23.4107 -8.866576000000001e-10
-23.4007 -4.774057e-10
-23.3907 -2.5430229999999995e-10
-23.380699999999997 -1.3399109999999998e-10
-23.3707 -6.992853e-11
-23.3607 -3.6103e-11
-23.3507 -1.8453340000000004e-11
-23.3407 -9.293239999999999e-12
-23.3307 -4.613434000000001e-12
-23.320700000000002 -2.24854e-12
-23.3107 -1.0597985999999998e-12
-23.3007 -4.790210000000001e-13
-23.2907 -2.0223624999999999e-13
-23.2807 -7.932178e-14
-23.270699999999998 -2.63206e-14
-23.2607 -3.8749085e-15
-23.250700000000002 -0.0
-23.2407 -0.0
-23.2307 -0.0
-23.2207 -0.0
-23.2107 -0.0
-23.200699999999998 -0.0
-23.1907 -0.0
-23.1807 -0.0
-23.1707 -0.0
-23.1607 -0.0
-23.1507 -0.0
-23.1407 -0.0
-23.130699999999997 -0.0
-23.1207 -0.0
-23.1107 -0.0
-23.1007 -0.0
-23.0907 -0.0
-23.0807 -0.0
-23.070700000000002 -0.0
-23.0607 -0.0
-23.0507 -0.0
-23.0407 -0.0
-23.0307 -0.0
-23.020699999999998 -0.0
-23.0107 -0.0
-23.000700000000002 -0.0
-22.9907 -0.0
-22.9807 -0.0
-22.9707 -0.0
-22.9607 -0.0
-22.950699999999998 -0.0
-22.9407 -0.0
-22.9307 -0.0
-22.9207 -0.0
-22.9107 -0.0
-22.9007 -0.0
-22.8907 -0.0
-22.880699999999997 -0.0
-22.8707 -0.0
-22.8607 -0.0
-22.8507 -0.0
-22.8407 -0.0
-22.8307 -0.0
-22.820700000000002 -0.0
-22.8107 -0.0
-22.8007 -0.0
-22.7907 -0.0
-22.7807 -0.0
-22.770699999999998 -0.0
-22.7607 -0.0
-22.750700000000002 -0.0
-22.7407 -0.0
-22.7307 -0.0
-22.7207 -0.0
-22.7107 -0.0
-22.700699999999998 -0.0
-22.6907 -0.0
-22.6807 -0.0
-22.6707 -0.0
-22.6607 -0.0
-22.6507 -0.0
-22.6407 -0.0
-22.630699999999997 -0.0
-22.6207 -0.0
-22.6107 -0.0
-22.6007 -0.0
-22.5907 -0.0
-22.5807 -0.0
-22.570700000000002 -0.0
-22.5607 -0.0
-22.5507 -0.0
-22.5407 -0.0
-22.5307 -0.0
-22.520699999999998 -0.0
-22.5107 -0.0
-22.500700000000002 -0.0
-22.4907 -0.0
-22.4807 -0.0
-22.4707 -0.0
-22.4607 -0.0
-22.450699999999998 -0.0
-22.4407 -0.0
-22.4307 -0.0
-22.4207 -0.0
-22.4107 -0.0
-22.4007 -0.0
-22.3907 -0.0
-22.380699999999997 -0.0
-22.3707 -0.0
-22.3607 -0.0
-22.3507 -0.0
-22.3407 -0.0
-22.3307 -0.0
-22.320700000000002 -0.0
-22.3107 -0.0
-22.3007 -0.0
-22.2907 -0.0
-22.2807 -0.0
-22.270699999999998 -0.0
-22.2607 -0.0
-22.250700000000002 -0.0
-22.2407 -0.0
-22.2307 -0.0
-22.2207 -0.0
-22.2107 -0.0
-22.200699999999998 -0.0
-22.1907 -0.0
-22.1807 -0.0
-22.1707 -0.0
-22.1607 -0.0
-22.1507 -0.0
-22.1407 -0.0
-22.130699999999997 -0.0
-22.1207 -0.0
-22.1107 -0.0
-22.1007 -0.0
-22.0907 -0.0
-22.0807 -0.0
-22.070700000000002 -0.0
-22.0607 -0.0
-22.0507 -0.0
-22.0407 -0.0
-22.0307 -0.0
-22.020699999999998 -0.0
-22.0107 -0.0
-22.000700000000002 -0.0
-21.9907 -0.0
-21.9807 -0.0
-21.9707 -0.0
-21.9607 -0.0
-21.950699999999998 -0.0
-21.9407 -0.0
-21.9307 -0.0
-21.9207 -0.0
-21.9107 -0.0
-21.9007 -0.0
-21.8907 -0.0
-21.880699999999997 -0.0
-21.8707 -0.0
-21.8607 -0.0
-21.8507 -0.0
-21.8407 -0.0
-21.8307 -0.0
-21.820700000000002 -0.0
-21.8107 -0.0
-21.8007 -0.0
-21.7907 -0.0
-21.7807 -0.0
-21.770699999999998 -0.0
-21.7607 -0.0
-21.750700000000002 -0.0
-21.7407 -0.0
-21.7307 -0.0
-21.7207 -0.0
-21.7107 -0.0
-21.700699999999998 -0.0
-21.6907 -0.0
-21.6807 -0.0
-21.6707 -0.0
-21.6607 -0.0
-21.6507 -0.0
-21.6407 -0.0
-21.630699999999997 -0.0
-21.6207 -0.0
-21.6107 -0.0
-21.6007 -0.0
-21.5907 -0.0
-21.5807 -0.0
-21.5707 -0.0
-21.5607 -5.300860300000001e-14
-21.5507 -1.1066630669999998e-13
-21.5407 -3.396038749999999e-13
-21.5307 -6.995049949999999e-13
-21.520699999999998 -1.42255352e-12
-21.5107 -2.92959562e-12
-21.500700000000002 -5.83676165e-12
-21.4907 -1.1535183900000005e-11
-21.4807 -2.2514076199999996e-11
-21.4707 -4.37468142e-11
-21.4607 -8.362749999999998e-11
-21.450699999999998 -1.5887887200000002e-10
-21.4407 -2.9779759200000005e-10
-21.4307 -5.518029099999999e-10
-21.4207 -1.0119050000000001e-09
-21.4107 -1.83898142e-09
-21.4007 -3.303056550000001e-09
-21.3907 -5.876790500000001e-09
-21.3807 -1.03388332e-08
-21.3707 -1.79979663e-08
-21.3607 -3.0973684e-08
-21.3507 -5.278198300000001e-08
-21.3407 -8.913491300000001e-08
-21.3307 -1.48830225e-07
-21.3207 -2.4605631e-07
-21.3107 -4.0210137000000003e-07
-21.3007 -6.510906699999999e-07
-21.2907 -1.0443820599999998e-06
-21.2807 -1.65728115e-06
-21.270699999999998 -2.6037795e-06
-21.2607 -4.0486859e-06
-21.250700000000002 -6.242822e-06
-21.2407 -9.4987713e-06
-21.2307 -1.434695e-05
-21.2207 -2.1442279999999998e-05
-21.2107 -3.1734534e-05
-21.200699999999998 -4.6499751e-05
-21.1907 -6.7512029e-05
-21.1807 -9.72833e-05
-21.1707 -0.00013830762000000002
-21.1607 -0.00019524892000000004
-21.1507 -0.00027307113
-21.1407 -0.00037840772999999994
-21.1307 -0.0005188945800000001
-21.1207 -0.0007064662999999999
-21.1107 -0.0009529008
-21.1007 -0.0012730213999999998
-21.0907 -0.0016891748
-21.0807 -0.0022194391
-21.0707 -0.0028912419
-21.0607 -0.0037346975999999993
-21.0507 -0.004783003999999999
-21.0407 -0.006081442999999999
-21.0307 -0.0076573330000000005
-21.020699999999998 -0.009578940999999999
-21.0107 -0.011877569999999997
-21.000700000000002 -0.014588503
-20.9907 -0.017816738
-20.9807 -0.021553664000000004
-20.9707 -0.025888136999999995
-20.9607 -0.03084013799999999
-20.950699999999998 -0.03645594
-20.9407 -0.04270711
-20.9307 -0.04976908
-20.9207 -0.057415629999999995
-20.9107 -0.06557813
-20.9007 -0.07460737999999999
-20.8907 -0.08407220999999998
-20.8807 -0.09400608999999999
-20.8707 -0.10430360000000002
-20.8607 -0.11479823
-20.8507 -0.12541708000000001
-20.8407 -0.13610732
-20.8307 -0.14673107999999996
-20.8207 -0.15713633999999999
-20.8107 -0.16717270999999995
-20.8007 -0.1766802
-20.7907 -0.18582641000000003
-20.7807 -0.19467595999999995
-20.770699999999998 -0.20302994
-20.7607 -0.21099640000000003
-20.750700000000002 -0.21884099999999995
-20.7407 -0.22657560000000002
-20.7307 -0.2344404
-20.7207 -0.24265869999999998
-20.7107 -0.2511156
-20.700699999999998 -0.2602598
-20.6907 -0.2700951
-20.6807 -0.2808229
-20.6707 -0.29245779999999993
-20.6607 -0.3047749
-20.6507 -0.3182103
-20.6407 -0.3321903
-20.6307 -0.34631470000000003
-20.6207 -0.3608762
-20.6107 -0.37566
-20.6007 -0.39012349999999996
-20.5907 -0.40388060000000003
-20.5807 -0.41671660000000005
-20.5707 -0.428542
-20.5607 -0.439152
-20.5507 -0.44833530000000005
-20.5407 -0.4561085999999999
-20.5307 -0.46236029999999995
-20.520699999999998 -0.467298
-20.5107 -0.4711387
-20.500700000000002 -0.4736815000000001
-20.4907 -0.4761135
-20.4807 -0.47798250000000003
-20.4707 -0.4799686000000001
-20.4607 -0.4825040000000001
-20.450699999999998 -0.48577350000000014
-20.4407 -0.4907250999999999
-20.4307 -0.49671999999999994
-20.4207 -0.5049070000000001
-20.4107 -0.5148452
-20.4007 -0.5264775
-20.3907 -0.540285
-20.3807 -0.555762
-20.3707 -0.572995
-20.3607 -0.590979
-20.3507 -0.6103089999999999
-20.3407 -0.6300669999999999
-20.3307 -0.6497459999999998
-20.3207 -0.669429
-20.3107 -0.6881889999999998
-20.3007 -0.705732
-20.2907 -0.7219559999999999
-20.2807 -0.7368309999999999
-20.270699999999998 -0.7501800000000002
-20.2607 -0.761378
-20.250700000000002 -0.77124
-20.2407 -0.779352
-20.2307 -0.7862319999999999
-20.2207 -0.7918009999999999
-20.2107 -0.7968680000000001
-20.200699999999998 -0.8009059999999998
-20.1907 -0.8046490000000002
-20.1807 -0.808203
-20.1707 -0.8119959999999999
-20.1607 -0.8157059999999999
-20.1507 -0.8198450000000002
-20.1407 -0.8245189999999999
-20.1307 -0.8298619999999999
-20.1207 -0.8358289999999998
-20.1107 -0.8418130000000001
-20.1007 -0.8495580000000001
-20.0907 -0.8565289999999998
-20.0807 -0.8649209999999999
-20.0707 -0.872755
-20.0607 -0.881804
-20.0507 -0.890996
-20.0407 -0.900384
-20.0307 -0.9088109999999997
-20.020699999999998 -0.918039
-20.0107 -0.926277
-20.000700000000002 -0.9352729999999999
-19.9907 -0.9430160000000001
-19.9807 -0.94928
-19.9707 -0.9558209999999999
-19.9607 -0.9607439999999999
-19.950699999999998 -0.9634499999999998
-19.9407 -0.966028
-19.9307 -0.9666989999999999
-19.9207 -0.9661519999999999
-19.9107 -0.964076
-19.9007 -0.962472
-19.8907 -0.957463
-19.8807 -0.9530390000000001
-19.8707 -0.947683
-19.8607 -0.9424330000000001
-19.8507 -0.9372829999999999
-19.8407 -0.932317
-19.8307 -0.9266730000000001
-19.8207 -0.9223239999999999
-19.8107 -0.9191929999999998
-19.8007 -0.9164569999999999
-19.7907 -0.913843
-19.7807 -0.913144
-19.770699999999998 -0.912352
-19.7607 -0.9121670000000001
-19.750700000000002 -0.911193
-19.7407 -0.9112149999999999
-19.7307 -0.9109280000000001
-19.7207 -0.9103079999999999
-19.7107 -0.908398
-19.700699999999998 -0.9053510000000001
-19.6907 -0.9018840000000001
-19.6807 -0.8967700000000001
-19.6707 -0.8908329999999999
-19.6607 -0.8819909999999999
-19.6507 -0.8747079999999999
-19.6407 -0.864791
-19.6307 -0.8557849999999999
-19.6207 -0.845552
-19.6107 -0.835522
-19.6007 -0.827109
-19.5907 -0.817113
-19.5807 -0.8100149999999999
-19.5707 -0.802368
-19.5607 -0.7973349999999999
-19.5507 -0.792944
-19.5407 -0.789775
-19.5307 -0.787929
-19.520699999999998 -0.7881339999999998
-19.5107 -0.788542
-19.500700000000002 -0.7923009999999999
-19.4907 -0.797483
-19.4807 -0.8029930000000002
-19.4707 -0.8110649999999998
-19.4607 -0.8221290000000001
-19.450699999999998 -0.83602
-19.4407 -0.853857
-19.4307 -0.872011
-19.4207 -0.8965489999999999
-19.4107 -0.9254150000000001
-19.4007 -0.9586969999999999
-19.3907 -0.9964419999999999
-19.3807 -1.038271
-19.3707 -1.085922
-19.3607 -1.140103
-19.3507 -1.1962810000000004
-19.3407 -1.2569970000000001
-19.3307 -1.3219940000000001
-19.3207 -1.392914
-19.3107 -1.463295
-19.3007 -1.5348570000000001
-19.2907 -1.6096879999999998
-19.2807 -1.6821359999999999
-19.270699999999998 -1.7539100000000005
-19.2607 -1.8239180000000002
-19.250700000000002 -1.8920609999999998
-19.2407 -1.9572480000000003
-19.2307 -2.0152699999999997
-19.2207 -2.074052000000001
-19.2107 -2.1256160000000004
-19.200699999999998 -2.1737240000000004
-19.1907 -2.2152259999999995
-19.1807 -2.254771
-19.1707 -2.287482
-19.1607 -2.316145000000001
-19.1507 -2.342007
-19.1407 -2.3634140000000006
-19.1307 -2.3819899999999996
-19.1207 -2.396164
-19.1107 -2.408306
-19.1007 -2.4164369999999997
-19.0907 -2.4233380000000007
-19.0807 -2.425217999999999
-19.0707 -2.425987999999999
-19.0607 -2.424617
-19.0507 -2.419237
-19.0407 -2.410206
-19.0307 -2.400173
-19.020699999999998 -2.3822890000000005
-19.0107 -2.363264
-19.000700000000002 -2.3406370000000005
-18.9907 -2.312548
-18.9807 -2.278827
-18.9707 -2.2404729999999993
-18.9607 -2.2006780000000004
-18.950699999999998 -2.1520300000000003
-18.9407 -2.1030579999999994
-18.9307 -2.0465670000000005
-18.9207 -1.9887329999999999
-18.9107 -1.9243799999999998
-18.9007 -1.8586250000000004
-18.8907 -1.7931720000000004
-18.8807 -1.7236399999999998
-18.8707 -1.6548380000000003
-18.8607 -1.586487
-18.8507 -1.5186030000000001
-18.8407 -1.45537
-18.8307 -1.3928369999999999
-18.8207 -1.334339
-18.8107 -1.2815040000000002
-18.8007 -1.231754
-18.7907 -1.1889975
-18.7807 -1.1510338000000004
-18.770699999999998 -1.1181109999999999
-18.7607 -1.0909944
-18.750700000000002 -1.0708849999999999
-18.7407 -1.0547039999999999
-18.7307 -1.0417177
-18.7207 -1.0324772999999998
-18.7107 -1.0254596000000002
-18.700699999999998 -1.0213027
-18.6907 -1.0181061999999999
-18.6807 -1.0164046
-18.6707 -1.0150498000000001
-18.6607 -1.0136165
-18.6507 -1.0108323000000001
-18.6407 -1.0077751
-18.6307 -1.0025948
-18.6207 -0.99750916
-18.6107 -0.9899594700000001
-18.6007 -0.9833542
-18.5907 -0.97472096
-18.5807 -0.96546584
-18.5707 -0.9552454899999997
-18.5607 -0.94386187
-18.5507 -0.9334317700000001
-18.5407 -0.9201932499999999
-18.5307 -0.9062202
-18.520699999999998 -0.89148549
-18.5107 -0.8744531200000001
-18.500700000000002 -0.85610086
-18.4907 -0.8352380200000002
-18.4807 -0.8117142700000002
-18.4707 -0.7852596300000001
-18.4607 -0.7560624699999999
-18.450699999999998 -0.7242339000000003
-18.4407 -0.6895757100000002
-18.4307 -0.6512358100000001
-18.4207 -0.6129390000000002
-18.4107 -0.5713102900000001
-18.4007 -0.52768256
-18.3907 -0.4847394099999999
-18.3807 -0.44154602000000004
-18.3707 -0.39810034999999994
-18.3607 -0.35652160000000005
-18.3507 -0.31622153
-18.3407 -0.27755131
-18.3307 -0.24162686
-18.3207 -0.208503045
-18.3107 -0.177880425
-18.3007 -0.15059892000000002
-18.2907 -0.12608432099999997
-18.2807 -0.10459677299999999
-18.270699999999998 -0.085933485
-18.2607 -0.069926875
-18.250700000000002 -0.056207406
-18.2407 -0.04486172500000001
-18.2307 -0.03537114
-18.2207 -0.0276282
-18.2107 -0.0213518863
-18.200699999999998 -0.0163372711
-18.1907 -0.012384215200000001
-18.1807 -0.009286747599999997
-18.1707 -0.0068867588
-18.1607 -0.0050557724
-18.1507 -0.0036760563000000006
-18.1407 -0.0026438643
-18.1307 -0.00188289931
-18.1207 -0.0013260002900000003
-18.1107 -0.0009244952700000001
-18.1007 -0.0006381603400000001
-18.0907 -0.00043621903999999995
-18.0807 -0.00029448781999999994
-18.0707 -0.000196908847
-18.0607 -0.000130156421
-18.0507 -8.518350700000001e-05
-18.0407 -5.519506e-05
-18.0307 -3.5390934999999996e-05
-18.020699999999998 -2.2457140400000005e-05
-18.0107 -1.41168581e-05
-18.000700000000002 -8.7672007e-06
-17.9907 -5.3854426000000005e-06
-17.9807 -3.2719602999999997e-06
-17.9707 -1.96949109e-06
-17.9607 -1.17362696e-06
-17.950699999999998 -6.9094944e-07
-17.9407 -4.0251813999999996e-07
-17.9307 -2.3230195800000002e-07
-17.9207 -1.3257612e-07
-17.9107 -7.490546300000001e-08
-17.9007 -4.182049500000001e-08
-17.8907 -2.3110969800000008e-08
-17.8807 -1.26449477e-08
-17.8707 -6.843709199999999e-09
-17.8607 -3.6665453e-09
-17.8507 -1.94047272e-09
-17.8407 -1.01809378e-09
-17.8307 -5.281114999999999e-10
-17.8207 -2.70605906e-10
-17.8107 -1.37196251e-10
-17.8007 -6.871410100000001e-11
-17.7907 -3.412229500000001e-11
-17.7807 -1.6735891000000005e-11
-17.770699999999998 -8.0143371e-12
-17.7607 -3.5347874000000002e-12
-17.750700000000002 -1.4469178e-12
-17.7407 -3.70919873e-13
-17.7307 -0.0
-17.7207 -0.0
-17.7107 -0.0
-17.700699999999998 -0.0
-17.6907 -0.0
-17.6807 -0.0
-17.6707 -0.0
-17.6607 -0.0
-17.6507 -0.0
-17.6407 -0.0
-17.6307 -0.0
-17.6207 -0.0
-17.6107 -0.0
-17.6007 -0.0
-17.5907 -0.0
-17.5807 -0.0
-17.5707 -0.0
-17.5607 -0.0
-17.5507 -0.0
-17.5407 -0.0
-17.5307 -0.0
-17.520699999999998 -0.0
-17.5107 -0.0
-17.5007 -0.0
-17.4907 -0.0
-17.4807 -0.0
-17.4707 -0.0
-17.4607 -0.0
-17.4507 -0.0
-17.4407 -0.0
-17.4307 -0.0
-17.4207 -0.0
-17.4107 -0.0
-17.4007 -0.0
-17.3907 -0.0
-17.3807 -0.0
-17.3707 -0.0
-17.3607 -0.0
-17.3507 -0.0
-17.3407 -0.0
-17.3307 -0.0
-17.3207 -0.0
-17.3107 -0.0
-17.3007 -0.0
-17.2907 -0.0
-17.2807 -0.0
-17.270699999999998 -0.0
-17.2607 -0.0
-17.2507 -0.0
-17.2407 -0.0
-17.2307 -0.0
-17.2207 -0.0
-17.2107 -0.0
-17.2007 -0.0
-17.1907 -0.0
-17.1807 -0.0
-17.1707 -0.0
-17.1607 -0.0
-17.1507 -0.0
-17.1407 -0.0
-17.1307 -0.0
-17.1207 -0.0
-17.1107 -0.0
-17.1007 -0.0
-17.0907 -0.0
-17.0807 -0.0
-17.0707 -0.0
-17.0607 -0.0
-17.0507 -0.0
-17.0407 -0.0
-17.0307 -0.0
-17.020699999999998 -0.0
-17.0107 -0.0
-17.0007 -0.0
-16.9907 -0.0
-16.9807 -0.0
-16.9707 -0.0
-16.9607 -0.0
-16.9507 -0.0
-16.9407 -0.0
-16.9307 -0.0
-16.9207 -0.0
-16.9107 -0.0
-16.9007 -0.0
-16.8907 -0.0
-16.8807 -0.0
-16.8707 -0.0
-16.8607 -0.0
-16.8507 -0.0
-16.8407 -0.0
-16.8307 -0.0
-16.8207 -0.0
-16.8107 -0.0
-16.8007 -0.0
-16.7907 -0.0
-16.7807 -0.0
-16.770699999999998 -0.0
-16.7607 -0.0
-16.7507 -0.0
-16.7407 -0.0
-16.7307 -0.0
-16.7207 -0.0
-16.7107 -0.0
-16.7007 -0.0
-16.6907 -0.0
-16.6807 -0.0
-16.6707 -0.0
-16.6607 -0.0
-16.6507 -0.0
-16.6407 -0.0
-16.6307 -0.0
-16.6207 -0.0
-16.6107 -0.0
-16.6007 -0.0
-16.5907 -0.0
-16.5807 -0.0
-16.5707 -0.0
-16.5607 -0.0
-16.5507 -0.0
-16.5407 -0.0
-16.5307 -0.0
-16.520699999999998 -0.0
-16.5107 -0.0
-16.5007 -0.0
-16.4907 -0.0
-16.4807 -0.0
-16.4707 -0.0
-16.4607 -0.0
-16.4507 -0.0
-16.4407 -0.0
-16.4307 -0.0
-16.4207 -0.0
-16.4107 -0.0
-16.4007 -0.0
-16.3907 -0.0
-16.3807 -0.0
-16.3707 -0.0
-16.3607 -0.0
-16.3507 -0.0
-16.3407 -0.0
-16.3307 -0.0
-16.3207 -0.0
-16.3107 -0.0
-16.3007 -0.0
-16.2907 -0.0
-16.2807 -0.0
-16.270699999999998 -0.0
-16.2607 -0.0
-16.2507 -0.0
-16.2407 -0.0
-16.2307 -0.0
-16.2207 -0.0
-16.2107 -0.0
-16.2007 -0.0
-16.1907 -0.0
-16.1807 -0.0
-16.1707 -0.0
-16.1607 -0.0
-16.1507 -0.0
-16.1407 -0.0
-16.1307 -0.0
-16.1207 -0.0
-16.1107 -0.0
-16.1007 -0.0
-16.0907 -0.0
-16.0807 -0.0
-16.0707 -0.0
-16.0607 -0.0
-16.0507 -0.0
-16.0407 -0.0
-16.0307 -0.0
-16.020699999999998 -0.0
-16.0107 -0.0
-16.0007 -0.0
-15.9907 -0.0
-15.980699999999999 -0.0
-15.9707 -0.0
-15.9607 -0.0
-15.9507 -0.0
-15.9407 -0.0
-15.9307 -0.0
-15.9207 -0.0
-15.9107 -0.0
-15.9007 -0.0
-15.890699999999999 -0.0
-15.8807 -0.0
-15.8707 -0.0
-15.8607 -0.0
-15.8507 -0.0
-15.8407 -0.0
-15.8307 -0.0
-15.8207 -0.0
-15.8107 -0.0
-15.800699999999999 -0.0
-15.7907 -0.0
-15.7807 -0.0
-15.7707 -0.0
-15.7607 -0.0
-15.7507 -0.0
-15.7407 -0.0
-15.730699999999999 -0.0
-15.7207 -0.0
-15.7107 -0.0
-15.7007 -0.0
-15.6907 -0.0
-15.6807 -0.0
-15.6707 -0.0
-15.6607 -0.0
-15.6507 -0.0
-15.640699999999999 -0.0
-15.6307 -0.0
-15.6207 -0.0
-15.6107 -0.0
-15.6007 -0.0
-15.5907 -0.0
-15.5807 -0.0
-15.5707 -0.0
-15.5607 -0.0
-15.550699999999999 -0.0
-15.5407 -0.0
-15.5307 -0.0
-15.5207 -0.0
-15.5107 -0.0
-15.5007 -0.0
-15.4907 -0.0
-15.480699999999999 -0.0
-15.4707 -0.0
-15.4607 -0.0
-15.4507 -0.0
-15.4407 -0.0
-15.4307 -0.0
-15.4207 -0.0
-15.4107 -0.0
-15.4007 -0.0
-15.390699999999999 -0.0
-15.3807 -0.0
-15.3707 -0.0
-15.3607 -0.0
-15.3507 -0.0
-15.3407 -0.0
-15.3307 -0.0
-15.3207 -0.0
-15.3107 -0.0
-15.300699999999999 -0.0
-15.2907 -0.0
-15.2807 -0.0
-15.2707 -0.0
-15.2607 -0.0
-15.2507 -0.0
-15.2407 -0.0
-15.230699999999999 -0.0
-15.2207 -0.0
-15.2107 -0.0
-15.2007 -0.0
-15.1907 -0.0
-15.1807 -0.0
-15.1707 -0.0
-15.1607 -0.0
-15.1507 -0.0
-15.140699999999999 -0.0
-15.1307 -0.0
-15.1207 -0.0
-15.1107 -0.0
-15.1007 -0.0
-15.0907 -0.0
-15.0807 -0.0
-15.0707 -0.0
-15.0607 -0.0
-15.050699999999999 -0.0
-15.0407 -0.0
-15.0307 -0.0
-15.0207 -0.0
-15.0107 -0.0
-15.0007 -0.0
-14.9907 -0.0
-14.980699999999999 -0.0
-14.9707 -0.0
-14.9607 -0.0
-14.9507 -0.0
-14.9407 -0.0
-14.9307 -0.0
-14.9207 -0.0
-14.9107 -0.0
-14.9007 -0.0
-14.890699999999999 -0.0
-14.8807 -0.0
-14.8707 -0.0
-14.8607 -0.0
-14.8507 -0.0
-14.8407 -0.0
-14.8307 -0.0
-14.8207 -0.0
-14.8107 -0.0
-14.800699999999999 -0.0
-14.7907 -0.0
-14.7807 -0.0
-14.7707 -0.0
-14.7607 -0.0
-14.7507 -0.0
-14.7407 -0.0
-14.730699999999999 -0.0
-14.7207 -0.0
-14.7107 -0.0
-14.7007 -0.0
-14.6907 -0.0
-14.6807 -0.0
-14.6707 -0.0
-14.6607 -0.0
-14.6507 -0.0
-14.640699999999999 -0.0
-14.6307 -0.0
-14.6207 -0.0
-14.6107 -0.0
-14.6007 -0.0
-14.5907 -0.0
-14.5807 -0.0
-14.5707 -0.0
-14.5607 -0.0
-14.550699999999999 -0.0
-14.5407 -0.0
-14.5307 -0.0
-14.5207 -0.0
-14.5107 -0.0
-14.5007 -0.0
-14.4907 -0.0
-14.4807 -0.0
-14.470699999999999 -0.0
-14.4607 -0.0
-14.4507 -0.0
-14.4407 -0.0
-14.4307 -0.0
-14.4207 -0.0
-14.4107 -0.0
-14.4007 -0.0
-14.390699999999999 -0.0
-14.3807 -0.0
-14.3707 -0.0
-14.3607 -0.0
-14.3507 -0.0
-14.3407 -0.0
-14.3307 -0.0
-14.3207 -0.0
-14.3107 -0.0
-14.300699999999999 -0.0
-14.2907 -0.0
-14.2807 -0.0
-14.2707 -0.0
-14.2607 -0.0
-14.2507 -0.0
-14.2407 -0.0
-14.2307 -0.0
-14.220699999999999 -0.0
-14.2107 -0.0
-14.2007 -0.0
-14.1907 -0.0
-14.1807 -0.0
-14.1707 -0.0
-14.1607 -0.0
-14.1507 -0.0
-14.140699999999999 -0.0
-14.1307 -0.0
-14.1207 -0.0
-14.1107 -0.0
-14.1007 -0.0
-14.0907 -0.0
-14.0807 -0.0
-14.0707 -0.0
-14.0607 -0.0
-14.050699999999999 -0.0
-14.0407 -0.0
-14.0307 -0.0
-14.0207 -0.0
-14.0107 -0.0
-14.0007 -0.0
-13.9907 -0.0
-13.9807 -0.0
-13.970699999999999 -0.0
-13.9607 -0.0
-13.9507 -0.0
-13.9407 -0.0
-13.9307 -0.0
-13.9207 -0.0
-13.9107 -0.0
-13.9007 -0.0
-13.890699999999999 -0.0
-13.8807 -0.0
-13.8707 -0.0
-13.8607 -0.0
-13.8507 -0.0
-13.8407 -0.0
-13.8307 -0.0
-13.8207 -0.0
-13.8107 -0.0
-13.800699999999999 -0.0
-13.7907 -0.0
-13.7807 -0.0
-13.7707 -0.0
-13.7607 -0.0
-13.7507 -0.0
-13.7407 -0.0
-13.7307 -0.0
-13.720699999999999 -0.0
-13.7107 -0.0
-13.7007 -0.0
-13.6907 -0.0
-13.6807 -0.0
-13.6707 -0.0
-13.6607 -0.0
-13.6507 -0.0
-13.640699999999999 -0.0
-13.6307 -0.0
-13.6207 -0.0
-13.6107 -0.0
-13.6007 -0.0
-13.5907 -0.0
-13.5807 -0.0
-13.5707 -0.0
-13.5607 -0.0
-13.550699999999999 -0.0
-13.5407 -0.0
-13.5307 -0.0
-13.5207 -0.0
-13.5107 -0.0
-13.5007 -0.0
-13.4907 -0.0
-13.4807 -0.0
-13.470699999999999 -0.0
-13.4607 -0.0
-13.4507 -0.0
-13.4407 -0.0
-13.4307 -0.0
-13.4207 -0.0
-13.4107 -0.0
-13.4007 -0.0
-13.390699999999999 -0.0
-13.3807 -0.0
-13.3707 -0.0
-13.3607 -0.0
-13.3507 -0.0
-13.3407 -0.0
-13.3307 -0.0
-13.3207 -0.0
-13.3107 -0.0
-13.300699999999999 -0.0
-13.2907 -0.0
-13.2807 -0.0
-13.2707 -0.0
-13.2607 -0.0
-13.2507 -0.0
-13.2407 -0.0
-13.2307 -0.0
-13.220699999999999 -0.0
-13.2107 -0.0
-13.2007 -0.0
-13.1907 -0.0
-13.1807 -0.0
-13.1707 -0.0
-13.1607 -0.0
-13.1507 -0.0
-13.140699999999999 -0.0
-13.1307 -0.0
-13.1207 -0.0
-13.1107 -0.0
-13.1007 -0.0
-13.0907 -0.0
-13.0807 -0.0
-13.0707 -0.0
-13.0607 -0.0
-13.050699999999999 -0.0
-13.0407 -0.0
-13.0307 -0.0
-13.0207 -0.0
-13.0107 -0.0
-13.0007 -0.0
-12.9907 -0.0
-12.9807 -0.0
-12.970699999999999 -0.0
-12.9607 -0.0
-12.9507 -0.0
-12.9407 -0.0
-12.9307 -0.0
-12.9207 -0.0
-12.9107 -0.0
-12.9007 -0.0
-12.890699999999999 -0.0
-12.8807 -0.0
-12.8707 -0.0
-12.8607 -0.0
-12.8507 -0.0
-12.8407 -0.0
-12.8307 -0.0
-12.8207 -0.0
-12.8107 -0.0
-12.800699999999999 -0.0
-12.7907 -0.0
-12.7807 -0.0
-12.7707 -0.0
-12.7607 -5.3263407593e-14
-12.7507 -1.9160619600000003e-13
-12.7407 -3.9811065100000005e-13
-12.7307 -1.02130717e-12
-12.720699999999999 -2.1674319199999994e-12
-12.7107 -4.4801025000000005e-12
-12.7007 -8.983475599999999e-12
-12.6907 -1.79876606e-11
-12.6807 -3.5669848999999995e-11
-12.6707 -6.973853199999999e-11
-12.6607 -1.34811903e-10
-12.6507 -2.5710134300000003e-10
-12.640699999999999 -4.8506199e-10
-12.6307 -9.062786900000001e-10
-12.6207 -1.67737308e-09
-12.6107 -3.0703951e-09
-12.6007 -5.5559288000000015e-09
-12.5907 -9.973745e-09
-12.5807 -1.76883559e-08
-12.5707 -3.1110575000000007e-08
-12.5607 -5.393591e-08
-12.550699999999999 -9.3000639e-08
-12.5407 -1.58283946e-07
-12.5307 -2.66616353e-07
-12.5207 -4.453480500000001e-07
-12.5107 -7.3624231e-07
-12.5007 -1.20347007e-06
-12.4907 -1.94880791e-06
-12.480699999999999 -3.1259050000000004e-06
-12.4707 -4.959929e-06
-12.4607 -7.7987931e-06
-12.4507 -1.2122864299999998e-05
-12.4407 -1.86799697e-05
-12.4307 -2.8489962e-05
-12.4207 -4.299155899999999e-05
-12.4107 -6.430179200000001e-05
-12.4007 -9.512065200000001e-05
-12.390699999999999 -0.00013959664099999996
-12.3807 -0.00020251159300000002
-12.3707 -0.00029141162
-12.3607 -0.0004142774099999999
-12.3507 -0.0005839079499999999
-12.3407 -0.00081542541
-12.3307 -0.00112920225
-12.3207 -0.0015463657199999998
-12.3107 -0.0020996020499999997
-12.300699999999999 -0.002821373200000001
-12.2907 -0.0037542256
-12.2807 -0.0049471058000000005
-12.2707 -0.006465246599999999
-12.2607 -0.0083656466
-12.2507 -0.010720396399999998
-12.2407 -0.0136274234
-12.230699999999999 -0.017143116500000003
-12.2207 -0.021366874999999997
-12.2107 -0.026365844000000006
-12.2007 -0.032276459
-12.1907 -0.039178977999999996
-12.1807 -0.047028169999999994
-12.1707 -0.05599807799999999
-12.1607 -0.06603620499999999
-12.1507 -0.077250176
-12.140699999999999 -0.089430883
-12.1307 -0.10270092700000001
-12.1207 -0.11703808200000002
-12.1107 -0.13213159
-12.1007 -0.14787718
-12.0907 -0.16410150999999998
-12.0807 -0.1804964
-12.0707 -0.19712574
-12.0607 -0.21345436
-12.050699999999999 -0.2295666500000001
-12.0407 -0.24480411000000005
-12.0307 -0.2594060500000001
-12.0207 -0.27294145
-12.0107 -0.2857834200000001
-12.0007 -0.29647011
-11.9907 -0.30655596
-11.980699999999999 -0.31494362
-11.9707 -0.32276453999999993
-11.9607 -0.32910520000000004
-11.9507 -0.33389929
-11.9407 -0.3382264199999999
-11.9307 -0.341096
-11.9207 -0.3436193
-11.9107 -0.34574669999999996
-11.9007 -0.3478056
-11.890699999999999 -0.3490972999999999
-11.8807 -0.350352
-11.8707 -0.3513668999999999
-11.8607 -0.35230399999999995
-11.8507 -0.3529711
-11.8407 -0.3535951
-11.8307 -0.3540354
-11.8207 -0.3542948
-11.8107 -0.35451370000000004
-11.800699999999999 -0.3542715
-11.7907 -0.35401879999999997
-11.7807 -0.3532854
-11.7707 -0.352671
-11.7607 -0.35130609999999995
-11.7507 -0.34999070000000004
-11.7407 -0.34832460000000004
-11.730699999999999 -0.34638789999999997
-11.7207 -0.34422079999999994
-11.7107 -0.34180320000000003
-11.7007 -0.3395453999999999
-11.6907 -0.3369475
-11.6807 -0.3344292
-11.6707 -0.3319406
-11.6607 -0.329552
-11.6507 -0.3268333
-11.640699999999999 -0.3245649
-11.6307 -0.32237589999999994
-11.6207 -0.3201868
-11.6107 -0.318258
-11.6007 -0.3163195
-11.5907 -0.3146505999999999
-11.5807 -0.3130517
-11.5707 -0.3116733
-11.5607 -0.3106849
-11.550699999999999 -0.30985630000000003
-11.5407 -0.3089284
-11.5307 -0.3082
-11.5207 -0.30787210000000004
-11.5107 -0.30744399999999994
-11.5007 -0.307016
-11.4907 -0.306908
-11.480699999999999 -0.30645960000000005
-11.4707 -0.3060413
-11.4607 -0.305253
-11.4507 -0.30443390000000004
-11.4407 -0.3034446999999999
-11.4307 -0.3019251
-11.4207 -0.30036520000000005
-11.4107 -0.2981947
-11.4007 -0.2958339
-11.390699999999999 -0.2931030999999999
-11.3807 -0.29029180000000004
-11.3707 -0.28700040000000004
-11.3607 -0.2836288
-11.3507 -0.280057
-11.3407 -0.2764252
-11.3307 -0.2726134
-11.3207 -0.2687615
-11.3107 -0.2648395
-11.300699999999999 -0.26088730000000004
-11.2907 -0.25693499999999997
-11.2807 -0.25283239999999996
-11.2707 -0.24868919999999997
-11.2607 -0.24430549999999998
-11.2507 -0.23989119999999997
-11.2407 -0.23518640000000002
-11.230699999999999 -0.2303207
-11.2207 -0.2251143
-11.2107 -0.21984699999999996
-11.2007 -0.21431899999999995
-11.1907 -0.20827060000000003
-11.1807 -0.20267170000000004
-11.1707 -0.1966522
-11.1607 -0.1907326
-11.1507 -0.18489309999999998
-11.140699999999999 -0.17878360000000004
-11.1307 -0.1732947
-11.1207 -0.16780609999999999
-11.1107 -0.16271819999999995
-11.1007 -0.15775089999999997
-11.0907 -0.1535549
-11.0807 -0.1494996
-11.0707 -0.14588569999999998
-11.0607 -0.1425624
-11.050699999999999 -0.1399599
-11.0407 -0.13731890000000002
-11.0307 -0.13502830000000002
-11.0207 -0.1332582
-11.0107 -0.1315858
-11.0007 -0.13005529999999998
-10.9907 -0.1287881
-10.980699999999999 -0.1274234
-10.9707 -0.1259406
-10.9607 -0.1241499
-10.9507 -0.12257009999999999
-10.9407 -0.1204402
-10.9307 -0.1184512
-10.9207 -0.11598130000000001
-10.9107 -0.11317019999999998
-10.9007 -0.11003809999999999
-10.890699999999999 -0.1066237
-10.8807 -0.10274340000000001
-10.8707 -0.0987696
-10.8607 -0.0945385
-10.8507 -0.0900354
-10.8407 -0.08548130000000001
-10.8307 -0.08080479999999998
-10.8207 -0.0760843
-10.8107 -0.07142730000000001
-10.800699999999999 -0.06686280000000001
-10.7907 -0.06246399999999999
-10.7807 -0.05826099999999999
-10.7707 -0.0543
-10.7607 -0.05065360000000001
-10.7507 -0.047309300000000006
-10.7407 -0.0442834
-10.730699999999999 -0.04159710000000001
-10.7207 -0.039259100000000005
-10.7107 -0.037246999999999995
-10.7007 -0.03553800000000001
-10.6907 -0.034137600000000004
-10.6807 -0.03302099999999999
-10.6707 -0.0321351
-10.6607 -0.03150290000000001
-10.6507 -0.031082000000000002
-10.640699999999999 -0.0308379
-10.6307 -0.0307534
-10.6207 -0.0307964
-10.6107 -0.030940099999999998
-10.6007 -0.0311599
-10.5907 -0.0314317
-10.5807 -0.0316874
-10.5707 -0.0319477
-10.5607 -0.032165
-10.550699999999999 -0.0323023
-10.5407 -0.0323439
-10.5307 -0.0322591
-10.5207 -0.0320217
-10.5107 -0.031607399999999994
-10.5007 -0.0310303
-10.4907 -0.030282499999999997
-10.480699999999999 -0.029349700000000003
-10.4707 -0.028262590000000004
-10.4607 -0.026998289999999998
-10.4507 -0.02559614
-10.4407 -0.02409175
-10.4307 -0.02247204
-10.4207 -0.02084602
-10.4107 -0.01915956
-10.4007 -0.017463929999999996
-10.390699999999999 -0.015814190000000002
-10.3807 -0.014209520000000002
-10.3707 -0.012683950000000001
-10.3607 -0.011263180000000001
-10.3507 -0.00993248
-10.3407 -0.008719409999999999
-10.3307 -0.00762392
-10.3207 -0.00665039
-10.3107 -0.00579517
-10.300699999999999 -0.00505186
-10.2907 -0.00441263
-10.2807 -0.00386908
-10.2707 -0.0034065599999999994
-10.2607 -0.0030187300000000003
-10.2507 -0.0026953800000000003
-10.2407 -0.002420420000000001
-10.230699999999999 -0.0021890499999999997
-10.2207 -0.00198858
-10.2107 -0.00181669
-10.2007 -0.00166531
-10.1907 -0.00152659
-10.1807 -0.00140141
-10.1707 -0.0012829399999999998
-10.1607 -0.00117147
-10.1507 -0.0010675799999999998
-10.140699999999999 -0.0009649100000000001
-10.1307 -0.00086888
-10.1207 -0.0007767299999999999
-10.1107 -0.000689679
-10.1007 -0.000607723
-10.0907 -0.0005310940000000001
-10.0807 -0.00046066500000000013
-10.0707 -0.00039602600000000006
-10.0607 -0.00033763000000000006
-10.050699999999999 -0.000285306
-10.0407 -0.00023913399999999998
-10.0307 -0.00019867299999999996
-10.0207 -0.00016337499999999995
-10.0107 -0.00013336099999999997
-10.0007 -0.00010768100000000003
-9.9907 -8.636599999999998e-05
-9.980699999999999 -6.850099999999999e-05
-9.9707 -5.3981600000000005e-05
-9.9607 -4.2203500000000003e-05
-9.9507 -3.286e-05
-9.9407 -2.5659900000000005e-05
-9.9307 -2.0369200000000005e-05
-9.9207 -1.69181e-05
-9.9107 -1.53922e-05
-9.9007 -1.6123600000000003e-05
-9.890699999999999 -1.9830079999999997e-05
-9.8807 -2.779621e-05
-9.8707 -4.195101999999999e-05
-9.8607 -6.572734000000001e-05
-9.8507 -0.00010420241
-9.8407 -0.00016504955
-9.8307 -0.00025924098000000003
-9.8207 -0.00040503321
-9.8107 -0.0006255377900000002
-9.800699999999999 -0.00095806458
-9.7907 -0.0014503685899999999
-9.7807 -0.00217262181
-9.7707 -0.0032205196699999997
-9.7607 -0.00472846719
-9.7507 -0.006867435620000001
-9.7407 -0.0098497332
-9.730699999999999 -0.014002655099999999
-9.7207 -0.019713427300000003
-9.7107 -0.027391336199999998
-9.7007 -0.037816512399999995
-9.6907 -0.0515148735
-9.6807 -0.06954165960000001
-9.6707 -0.092969815
-9.6607 -0.12272170099999999
-9.6507 -0.16072590100000003
-9.640699999999999 -0.20771409100000005
-9.6307 -0.2662301960000001
-9.6207 -0.338283123
-9.6107 -0.42495652899999997
-9.6007 -0.5279567409999999
-9.5907 -0.6493504890000003
-9.5807 -0.7911603100000001
-9.570699999999999 -0.9544155500000002
-9.5607 -1.13916185
-9.550699999999999 -1.34640935
-9.540700000000001 -1.57618114
-9.5307 -1.8234715199999998
-9.5207 -2.1002356900000003
-9.5107 -2.38453392
-9.5007 -2.68412665
-9.4907 -2.999156329999999
-9.480699999999999 -3.30646825
-9.4707 -3.6229411299999996
-9.4607 -3.9385147199999997
-9.4507 -4.239000699999999
-9.4407 -4.52444828
-9.4307 -4.780816819999999
-9.4207 -5.0135660699999995
-9.410699999999999 -5.240233189999999
-9.4007 -5.40638627
-9.390699999999999 -5.56215932
-9.380700000000001 -5.677341230000001
-9.3707 -5.752114110000001
-9.3607 -5.80654396
-9.3507 -5.840499799999999
-9.3407 -5.8443206000000005
-9.3307 -5.8379105
-9.320699999999999 -5.8114994
-9.3107 -5.775046300000001
-9.300699999999999 -5.7386203
-9.290700000000001 -5.7024285
-9.2807 -5.6665757
-9.2707 -5.6409870999999985
-9.2607 -5.615976700000001
-9.2507 -5.6208542999999995
-9.2407 -5.6162961000000005
-9.230699999999999 -5.6319089
-9.2207 -5.667381799999999
-9.2107 -5.7028887
-9.2007 -5.728246599999999
-9.1907 -5.773295400000001
-9.1807 -5.827698200000001
-9.1707 -5.8616577
-9.160699999999999 -5.884658
-9.1507 -5.916655199999998
-9.140699999999999 -5.9280081000000004
-9.130700000000001 -5.928225700000001
-9.1207 -5.927694999999999
-9.1107 -5.896269099999999
-9.1007 -5.884148999999998
-9.0907 -5.841075699999998
-9.0807 -5.7975223
-9.070699999999999 -5.7438896999999995
-9.0607 -5.709993999999999
-9.050699999999999 -5.6658863
-9.040700000000001 -5.632134699999999
-9.0307 -5.6084792
-9.0207 -5.585239699999999
-9.0107 -5.5821633
-9.0007 -5.599937199999999
-8.9907 -5.618121199999998
-8.980699999999999 -5.6467404
-8.9707 -5.6960999
-8.9607 -5.7660136
-8.9507 -5.8563265
-8.9407 -5.9469817
-8.9307 -6.077953000000001
-8.9207 -6.209240600000002
-8.910699999999999 -6.350957300000001
-8.9007 -6.502994199999999
-8.890699999999999 -6.665051200000001
-8.880700000000001 -6.8674414
-8.8707 -7.080080699999999
-8.8607 -7.2925550999999995
-8.8507 -7.525442599999999
-8.8407 -7.758374999999999
-8.8307 -8.011427600000001
-8.820699999999999 -8.2745151
-8.8107 -8.5273986
-8.800699999999999 -8.800518
-8.790700000000001 -9.0636455
-8.7807 -9.336183699999998
-8.7707 -9.5891189
-8.7607 -9.8417491
-8.7507 -10.083790100000002
-8.7407 -10.306124100000002
-8.730699999999999 -10.507742899999998
-8.7207 -10.699448800000003
-8.7107 -10.8808376
-8.7007 -11.021993400000001
-8.6907 -11.162831999999998
-8.6807 -11.2835688
-8.6707 -11.383971600000002
-8.660699999999999 -11.4544994
-8.6507 -11.524694199999999
-8.640699999999999 -11.584786000000003
-8.630700000000001 -11.6147339
-8.6207 -11.644580800000004
-8.6107 -11.654312700000002
-8.6007 -11.6739024
-8.5907 -11.673388100000002
-8.5807 -11.662649700000001
-8.570699999999999 -11.651596100000003
-8.5607 -11.640518399999996
-8.550699999999999 -11.629015599999999
-8.540700000000001 -11.5975155
-8.5307 -11.555778199999999
-8.5207 -11.5335376
-8.5107 -11.481379799999997
-8.5007 -11.438824799999999
-8.4907 -11.386144499999999
-8.480699999999999 -11.322950999999998
-8.4707 -11.2497582
-8.4607 -11.176361199999999
-8.4507 -11.072942100000002
-8.4407 -10.968929699999999
-8.4307 -10.8450242
-8.4207 -10.711117599999998
-8.410699999999999 -10.5674297
-8.4007 -10.403360799999998
-8.390699999999999 -10.229294600000003
-8.380700000000001 -10.0456395
-8.3707 -9.8419862
-8.3607 -9.638340900000001
-8.3507 -9.4150286
-8.3407 -9.182006399999999
-8.3307 -8.939481099999998
-8.320699999999999 -8.6971321
-8.3107 -8.4354862
-8.300699999999999 -8.184423599999999
-8.290700000000001 -7.933839499999999
-8.2807 -7.684086700000001
-8.2707 -7.435223499999999
-8.2607 -7.217176799999999
-8.2507 -6.989850799999999
-8.2407 -6.773443499999999
-8.230699999999999 -6.5777049000000005
-8.2207 -6.393004100000001
-8.2107 -6.2190321
-8.2007 -6.055704800000001
-8.1907 -5.9028214
-8.1807 -5.760609699999999
-8.1707 -5.6284355
-8.160699999999999 -5.496597
-8.1507 -5.3746135
-8.140699999999999 -5.262418700000001
-8.130700000000001 -5.1298609
-8.1207 -4.9968482000000005
-8.1107 -4.873020399999999
-8.1007 -4.718918599999999
-8.0907 -4.5834887
-8.0807 -4.4171427
-8.070699999999999 -4.2498637
-8.0607 -4.0615075
-8.050699999999999 -3.8821062
-8.040700000000001 -3.6885258
-8.0307 -3.4847953000000005
-8.0207 -3.2781076
-8.0107 -3.0721309
-8.0007 -2.8562730000000003
-7.9906999999999995 -2.6452563
-7.9807 -2.4386746999999995
-7.9707 -2.2349054
-7.9607 -2.0366603999999997
-7.950699999999999 -1.8468337
-7.9407 -1.6676186
-7.9307 -1.4972560000000004
-7.9207 -1.3390549999999999
-7.910699999999999 -1.1910549000000001
-7.9007 -1.0577995999999998
-7.8907 -0.9381454
-7.8807 -0.8288483
-7.870699999999999 -0.7337039000000002
-7.8607 -0.6511071
-7.8507 -0.5810073
-7.8407 -0.5216679
-7.8307 -0.47286939999999994
-7.8206999999999995 -0.4349001999999999
-7.8107 -0.4058917999999999
-7.8007 -0.385033
-7.7907 -0.37154849999999995
-7.7806999999999995 -0.364363
-7.7707 -0.36200809999999994
-7.7607 -0.36418429999999996
-7.7507 -0.3692162
-7.7406999999999995 -0.37672860000000014
-7.7307 -0.38537289999999996
-7.7207 -0.3944879
-7.7107 -0.4035641000000001
-7.700699999999999 -0.41185859999999996
-7.6907 -0.418989
-7.6807 -0.42423350000000004
-7.6707 -0.42797139999999995
-7.660699999999999 -0.4294315999999999
-7.6507 -0.429094
-7.6407 -0.4270829999999999
-7.6307 -0.4230283999999999
-7.620699999999999 -0.4177394
-7.6107 -0.4110952
-7.6007 -0.4041464
-7.5907 -0.3967612
-7.5807 -0.38968040000000004
-7.5706999999999995 -0.3832843
-7.5607 -0.37808710000000006
-7.5507 -0.37460189999999993
-7.5407 -0.3732011
-7.5306999999999995 -0.3746009000000001
-7.5207 -0.37839950000000006
-7.5107 -0.385612
-7.5007 -0.39601889999999995
-7.4906999999999995 -0.4098280000000001
-7.4807 -0.427185
-7.4707 -0.4475949999999999
-7.4607 -0.4711109999999999
-7.450699999999999 -0.49740500000000004
-7.4407 -0.525899
-7.4307 -0.556386
-7.4207 -0.5881720000000001
-7.410699999999999 -0.6205959999999999
-7.4007 -0.652743
-7.3907 -0.6839369999999999
-7.3807 -0.713999
-7.370699999999999 -0.7428350000000001
-7.3607 -0.7673689999999999
-7.3507 -0.789928
-7.3407 -0.808947
-7.3307 -0.824821
-7.3206999999999995 -0.8364260000000001
-7.3107 -0.844867
-7.3007 -0.850572
-7.2907 -0.852616
-7.2806999999999995 -0.8523290000000001
-7.2707 -0.8511269999999999
-7.2607 -0.848587
-7.2507 -0.8468540000000001
-7.2406999999999995 -0.8456330000000001
-7.2307 -0.845519
-7.2207 -0.8476300000000001
-7.2107 -0.852277
-7.200699999999999 -0.8601630000000001
-7.1907 -0.8716090000000001
-7.1807 -0.8865980000000001
-7.1707 -0.9064369999999999
-7.160699999999999 -0.929749
-7.1507 -0.9566029999999998
-7.1407 -0.9880160000000001
-7.1307 -1.02238
-7.120699999999999 -1.0598750000000001
-7.1107 -1.1001220000000003
-7.1007 -1.145108
-7.0907 -1.189814
-7.0807 -1.2363410000000001
-7.0706999999999995 -1.2842959999999999
-7.0607 -1.3337579999999996
-7.0507 -1.3822110000000003
-7.0407 -1.4309679999999998
-7.0306999999999995 -1.4796150000000003
-7.0207 -1.5246629999999997
-7.0107 -1.5709819999999999
-7.0007 -1.6141410000000003
-6.9906999999999995 -1.6535729999999997
-6.9807 -1.6897639999999996
-6.9707 -1.723206
-6.9607 -1.7523070000000003
-6.950699999999999 -1.7783190000000002
-6.9407 -1.7997199999999998
-6.9307 -1.8145989999999996
-6.9207 -1.8269519999999997
-6.910699999999999 -1.834051
-6.9007 -1.8366500000000001
-6.8907 -1.8351189999999997
-6.8807 -1.830658
-6.870699999999999 -1.8232270000000002
-6.8607 -1.8108570000000002
-6.8507 -1.7992959999999998
-6.8407 -1.785396
-6.8307 -1.7708960000000005
-6.8206999999999995 -1.7562710000000004
-6.8107 -1.7419509999999996
-6.8007 -1.7287639999999997
-6.7907 -1.71787
-6.7806999999999995 -1.7062049999999995
-6.7707 -1.697265
-6.7607 -1.6895519999999995
-6.7507 -1.682945
-6.7406999999999995 -1.6779559999999998
-6.7307 -1.6734029999999998
-6.7207 -1.6720769999999996
-6.7107 -1.6707300000000003
-6.700699999999999 -1.668429
-6.6907 -1.669328
-6.6807 -1.6689550000000002
-6.6707 -1.6710699999999996
-6.660699999999999 -1.6730129999999996
-6.6507 -1.6759749999999998
-6.6407 -1.680635
-6.6307 -1.6855160000000007
-6.620699999999999 -1.6907240000000003
-6.6107 -1.70013
-6.6007 -1.7109829999999997
-6.5907 -1.7237419999999997
-6.5807 -1.738838
-6.5706999999999995 -1.7574539999999996
-6.5607 -1.780074
-6.5507 -1.8038459999999998
-6.5407 -1.8289359999999997
-6.5306999999999995 -1.8567450000000008
-6.5207 -1.8896609999999998
-6.5107 -1.9200210000000002
-6.5007 -1.9537670000000003
-6.4906999999999995 -1.9867199999999998
-6.4807 -2.019275
-6.4707 -2.0505240000000002
-6.4607 -2.0842349999999996
-6.450699999999999 -2.1147700000000005
-6.4407 -2.1427659999999995
-6.4307 -2.1716420000000003
-6.4207 -2.19429
-6.410699999999999 -2.219609
-6.4007 -2.2394959999999995
-6.3907 -2.259764
-6.3807 -2.2747
-6.370699999999999 -2.2890970000000004
-6.3607 -2.301072
-6.3507 -2.3117159999999997
-6.3407 -2.320849
-6.3307 -2.3265420000000003
-6.3206999999999995 -2.329984
-6.3107 -2.330035
-6.3007 -2.328947
-6.2907 -2.3274280000000003
-6.2806999999999995 -2.323629
-6.2707 -2.3168900000000003
-6.2607 -2.3087219999999995
-6.2507 -2.298865
-6.2406999999999995 -2.2868690000000003
-6.2307 -2.276385
-6.2207 -2.2620940000000003
-6.2107 -2.2469
-6.200699999999999 -2.2336009999999997
-6.1907 -2.217617
-6.1807 -2.2036360000000004
-6.1707 -2.1857380000000006
-6.160699999999999 -2.1713660000000004
-6.1507 -2.1555980000000003
-6.1407 -2.139236
-6.1307 -2.125386
-6.120699999999999 -2.109251
-6.1107 -2.09652
-6.1007 -2.082592
-6.0907 -2.068489
-6.0807 -2.0558979999999996
-6.0706999999999995 -2.0427000000000004
-6.0607 -2.0320349999999996
-6.0507 -2.0192810000000003
-6.0407 -2.0092190000000003
-6.0306999999999995 -2.00058
-6.0207 -1.9898690000000006
-6.0107 -1.9821489999999997
-6.0007 -1.9734280000000002
-5.9906999999999995 -1.964135
-5.9807 -1.958142
-5.9707 -1.9511359999999998
-5.9607 -1.945167
-5.950699999999999 -1.940486
-5.9407 -1.93652
-5.9307 -1.9335520000000002
-5.9207 -1.9322810000000001
-5.910699999999999 -1.930502
-5.9007 -1.929359
-5.8907 -1.9309010000000002
-5.8807 -1.931043
-5.870699999999999 -1.9324960000000004
-5.8607 -1.932939
-5.8507 -1.9361990000000004
-5.8407 -1.936349
-5.8307 -1.936398
-5.8206999999999995 -1.9380780000000002
-5.8107 -1.9346160000000001
-5.8007 -1.932935
-5.7907 -1.927612
-5.7806999999999995 -1.9228889999999998
-5.7707 -1.9149040000000002
-5.7607 -1.907529
-5.7507 -1.8990740000000004
-5.7406999999999995 -1.8912269999999998
-5.7307 -1.8825979999999995
-5.7207 -1.8748989999999999
-5.7107 -1.8704110000000003
-5.700699999999999 -1.865451
-5.6907 -1.862325
-5.6807 -1.8600149999999995
-5.6707 -1.860233
-5.660699999999999 -1.862885
-5.6507 -1.8669470000000001
-5.6407 -1.8717139999999997
-5.6307 -1.8798389999999998
-5.620699999999999 -1.8871590000000003
-5.6107 -1.8947820000000002
-5.6007 -1.9018309999999994
-5.5907 -1.9064699999999999
-5.5807 -1.9112989999999999
-5.5707 -1.914875
-5.560700000000001 -1.914328
-5.550699999999999 -1.9106089999999998
-5.540699999999999 -1.9061569999999994
-5.5306999999999995 -1.897802
-5.5207 -1.888155
-5.5107 -1.874192
-5.5007 -1.8592339999999996
-5.4907 -1.841963
-5.480700000000001 -1.8250049999999998
-5.470699999999999 -1.8072450000000002
-5.460699999999999 -1.7917189999999998
-5.450699999999999 -1.7759760000000002
-5.4407 -1.7603450000000005
-5.4307 -1.75053
-5.4207 -1.7404379999999997
-5.4107 -1.736953
-5.4007000000000005 -1.735273
-5.390699999999999 -1.7369179999999997
-5.380699999999999 -1.744678
-5.370699999999999 -1.7529440000000003
-5.3607 -1.765318
-5.3507 -1.7790040000000003
-5.3407 -1.7951949999999999
-5.3307 -1.8146949999999997
-5.3207 -1.8338860000000001
-5.310700000000001 -1.854181
-5.300699999999999 -1.875374
-5.290699999999999 -1.8953679999999997
-5.2806999999999995 -1.9141640000000002
-5.2707 -1.9337609999999996
-5.2607 -1.9519369999999998
-5.2507 -1.966723
-5.2407 -1.9801999999999997
-5.230700000000001 -1.992267
-5.220699999999999 -2.001834
-5.210699999999999 -2.009009
-5.200699999999999 -2.013654
-5.1907 -2.01429
-5.1807 -2.013722
-5.1707 -2.010453
-5.1607 -2.0020619999999996
-5.1507000000000005 -1.9945480000000002
-5.140699999999999 -1.9838299999999998
-5.130699999999999 -1.9685
-5.120699999999999 -1.9512550000000002
-5.1107 -1.9333870000000002
-5.1007 -1.9129159999999998
-5.0907 -1.892021
-5.0807 -1.8697429999999997
-5.0707 -1.8482429999999999
-5.060700000000001 -1.8251299999999997
-5.050699999999999 -1.8044360000000002
-5.040699999999999 -1.782422
-5.0306999999999995 -1.7609069999999998
-5.0207 -1.7423140000000001
-5.0107 -1.7249040000000004
-5.0007 -1.7082260000000002
-4.9907 -1.695632
-4.980700000000001 -1.6823629999999998
-4.970699999999999 -1.6708600000000002
-4.960699999999999 -1.659776
-4.950699999999999 -1.6514569999999997
-4.9407 -1.6430010000000002
-4.9307 -1.6359169999999996
-4.9207 -1.628852
-4.9107 -1.6205709999999995
-4.9007000000000005 -1.613518
-4.890699999999999 -1.6039450000000002
-4.880699999999999 -1.5955839999999997
-4.870699999999999 -1.5860819999999995
-4.8607 -1.577408
-4.8507 -1.5646869999999997
-4.8407 -1.5526730000000002
-4.8307 -1.5399899999999997
-4.8207 -1.527959
-4.810700000000001 -1.512487
-4.800699999999999 -1.5000280000000001
-4.790699999999999 -1.4848570000000003
-4.7806999999999995 -1.4698120000000003
-4.7707 -1.4560440000000001
-4.7607 -1.439599
-4.7507 -1.4245350000000003
-4.7407 -1.4108620000000003
-4.730700000000001 -1.3952079999999998
-4.720699999999999 -1.3829450000000005
-4.710699999999999 -1.3668620000000002
-4.700699999999999 -1.3550790000000001
-4.6907 -1.3413039999999998
-4.6807 -1.3267259999999996
-4.6707 -1.3141189999999998
-4.6607 -1.3018299999999996
-4.6507000000000005 -1.2901520000000004
-4.640699999999999 -1.2808719999999998
-4.630699999999999 -1.26811
-4.620699999999999 -1.258838
-4.6107 -1.251357
-4.6007 -1.244617
-4.5907 -1.2369550000000002
-4.5807 -1.2334379999999998
-4.5707 -1.227911
-4.560700000000001 -1.226315
-4.550699999999999 -1.2249029999999999
-4.540699999999999 -1.2254010000000002
-4.5306999999999995 -1.2252120000000002
-4.5207 -1.228917
-4.5107 -1.231433
-4.5007 -1.23304
-4.4907 -1.237409
-4.480700000000001 -1.239867
-4.470699999999999 -1.2439369999999998
-4.460699999999999 -1.2452769999999995
-4.450699999999999 -1.2470069999999995
-4.4407 -1.248454
-4.4307 -1.246461
-4.4207 -1.244567
-4.4107 -1.24196
-4.4007000000000005 -1.2361669999999998
-4.390699999999999 -1.2280609999999998
-4.380699999999999 -1.22266
-4.370699999999999 -1.2129479999999997
-4.3607 -1.205342
-4.3507 -1.1954560000000003
-4.3407 -1.1845590000000001
-4.3307 -1.1726899999999996
-4.3207 -1.1631130000000003
-4.310700000000001 -1.1544569999999996
-4.300699999999999 -1.1441009999999998
-4.290699999999999 -1.1350799999999999
-4.2806999999999995 -1.127613
-4.2707 -1.1223839999999996
-4.2607 -1.1164539999999996
-4.2507 -1.1100120000000002
-4.2407 -1.1072309999999996
-4.230700000000001 -1.1028369999999998
-4.220699999999999 -1.1006239999999998
-4.210699999999999 -1.098992
-4.200699999999999 -1.0997059999999999
-4.1907 -1.0987289999999998
-4.1807 -1.099027
-4.1707 -1.0984180000000001
-4.1607 -1.098308
-4.1507000000000005 -1.097892
-4.140699999999999 -1.0999780000000001
-4.130699999999999 -1.0991950000000004
-4.120699999999999 -1.1005770000000001
-4.1107 -1.0997899999999996
-4.1007 -1.101647
-4.0907 -1.1024580000000004
-4.0807 -1.1034400000000002
-4.0707 -1.103308
-4.060700000000001 -1.1064590000000003
-4.050699999999999 -1.1090840000000002
-4.040699999999999 -1.1126000000000003
-4.0306999999999995 -1.1161930000000002
-4.0207 -1.119045
-4.0107 -1.1218830000000002
-4.0007 -1.1267629999999997
-3.9907000000000004 -1.1329969999999998
-3.9807000000000006 -1.136972
-3.970699999999999 -1.1431900000000006
-3.960699999999999 -1.1494520000000001
-3.9506999999999994 -1.1535129999999998
-3.9406999999999996 -1.16091
-3.9307 -1.1655269999999995
-3.9207 -1.1724539999999997
-3.9107000000000003 -1.179502
-3.9007000000000005 -1.185283
-3.890699999999999 -1.1920820000000005
-3.880699999999999 -1.1997929999999999
-3.8706999999999994 -1.2045540000000006
-3.8606999999999996 -1.210517
-3.8507 -1.21821
-3.8407 -1.223082
-3.8307 -1.2290050000000001
-3.8207000000000004 -1.233907
-3.8107000000000006 -1.2388560000000004
-3.800699999999999 -1.2449049999999997
-3.7906999999999993 -1.24899
-3.7806999999999995 -1.251932
-3.7706999999999997 -1.256039
-3.7607 -1.2591890000000003
-3.7507 -1.2601849999999999
-3.7407000000000004 -1.2600289999999998
-3.7307000000000006 -1.259685
-3.720699999999999 -1.259228
-3.710699999999999 -1.2567779999999997
-3.7006999999999994 -1.2529210000000002
-3.6906999999999996 -1.249032
-3.6807 -1.2407960000000002
-3.6707 -1.2331079999999999
-3.6607000000000003 -1.2252049999999997
-3.6507000000000005 -1.2140960000000003
-3.640699999999999 -1.203664
-3.630699999999999 -1.1919199999999996
-3.6206999999999994 -1.1775310000000003
-3.6106999999999996 -1.163051
-3.6007 -1.148306
-3.5907 -1.133077
-3.5807 -1.115698
-3.5707000000000004 -1.0987319999999998
-3.5607000000000006 -1.0826339999999999
-3.550699999999999 -1.064438
-3.5406999999999993 -1.046885
-3.5306999999999995 -1.0310039999999998
-3.5206999999999997 -1.01309
-3.5107 -0.9960770000000001
-3.5007 -0.9797519999999998
-3.4907000000000004 -0.964735
-3.4807000000000006 -0.9494500000000002
-3.470699999999999 -0.9369870000000001
-3.460699999999999 -0.9234710000000002
-3.4506999999999994 -0.9116929999999999
-3.4406999999999996 -0.901174
-3.4307 -0.8900247000000001
-3.4207 -0.8809192000000001
-3.4107000000000003 -0.8742762999999999
-3.4007000000000005 -0.8670355999999998
-3.390699999999999 -0.8609483
-3.380699999999999 -0.8550312
-3.3706999999999994 -0.8504075999999998
-3.3606999999999996 -0.8452363
-3.3507 -0.8436666000000002
-3.3407 -0.8392570999999999
-3.3307 -0.836908
-3.3207000000000004 -0.8350152999999999
-3.3107000000000006 -0.8343978
-3.300699999999999 -0.8328143
-3.2906999999999993 -0.8329913999999999
-3.2806999999999995 -0.8323202999999999
-3.2706999999999997 -0.833672
-3.2607 -0.8357652999999999
-3.2507 -0.8380925
-3.2407000000000004 -0.8420603999999999
-3.2307000000000006 -0.8465538999999999
-3.220699999999999 -0.8532779999999999
-3.210699999999999 -0.8598478999999999
-3.2006999999999994 -0.8679224
-3.1906999999999996 -0.8763374999999999
-3.1807 -0.8842452
-3.1707 -0.8935635
-3.1607000000000003 -0.9035335
-3.1507000000000005 -0.9119008999999999
-3.140699999999999 -0.9216909
-3.130699999999999 -0.9296255999999999
-3.1206999999999994 -0.9371594999999998
-3.1106999999999996 -0.9439179999999997
-3.1007 -0.9489438999999998
-3.0907 -0.9544941999999998
-3.0807 -0.9581786999999998
-3.0707000000000004 -0.9602824999999999
-3.0607000000000006 -0.9627406
-3.050699999999999 -0.9647257999999999
-3.0406999999999993 -0.9650046000000001
-3.0306999999999995 -0.9647034999999999
-3.0206999999999997 -0.9639924
-3.0107 -0.9644891
-3.0007 -0.9631607999999999
-2.9907000000000004 -0.9614332000000001
-2.9807000000000006 -0.9594733999999999
-2.970699999999999 -0.9567223999999999
-2.960699999999999 -0.9534412000000001
-2.9506999999999994 -0.9501466000000001
-2.9406999999999996 -0.9440999999999999
-2.9307 -0.9378329999999999
-2.9207 -0.9325251
-2.9107000000000003 -0.9252037999999999
-2.9007000000000005 -0.9144427000000002
-2.890699999999999 -0.9082844
-2.880699999999999 -0.9011222999999998
-2.8706999999999994 -0.8906464000000001
-2.8606999999999996 -0.8824097
-2.8507 -0.8747292000000001
-2.8407 -0.8693965
-2.8307 -0.8627576000000001
-2.8207000000000004 -0.8590453000000001
-2.8107000000000006 -0.8579421000000002
-2.800699999999999 -0.8570276000000001
-2.7906999999999993 -0.8598823999999998
-2.7806999999999995 -0.8636172000000001
-2.7706999999999997 -0.8701530000000002
-2.7607 -0.8786640000000001
-2.7507 -0.888996
-2.7407000000000004 -0.9001058999999999
-2.7307000000000006 -0.9128815999999997
-2.720699999999999 -0.9261141999999999
-2.710699999999999 -0.9428014000000006
-2.7006999999999994 -0.9579928000000001
-2.6906999999999996 -0.9742961999999997
-2.6807 -0.9907605999999999
-2.6707 -1.0076450999999997
-2.6607000000000003 -1.0223706000000004
-2.6507000000000005 -1.0360018999999998
-2.640699999999999 -1.0494880999999998
-2.630699999999999 -1.0639138999999997
-2.6206999999999994 -1.0741866
-2.6106999999999996 -1.0833839
-2.6007 -1.0914159
-2.5907 -1.0992765
-2.5807 -1.1059804
-2.5707000000000004 -1.1116616
-2.5607000000000006 -1.1160803000000001
-2.550699999999999 -1.1205446999999997
-2.5406999999999993 -1.1236167
-2.5306999999999995 -1.1268454000000003
-2.5206999999999997 -1.1277331
-2.5107 -1.1316053999999998
-2.5007 -1.133457
-2.4907000000000004 -1.1359875000000001
-2.4807000000000006 -1.1360852
-2.470699999999999 -1.1375801000000005
-2.460699999999999 -1.1373334000000004
-2.4506999999999994 -1.1380449
-2.4406999999999996 -1.1375436
-2.4307 -1.1352198999999998
-2.4207 -1.1348554
-2.4107000000000003 -1.1324581999999999
-2.4007000000000005 -1.1311182999999998
-2.390699999999999 -1.1277600999999997
-2.380699999999999 -1.1230754999999997
-2.3706999999999994 -1.1214623
-2.3606999999999996 -1.1188372999999998
-2.3507 -1.1139043
-2.3407 -1.1109351
-2.3307 -1.1077700000000001
-2.3207000000000004 -1.1045239
-2.3107000000000006 -1.1007470000000001
-2.300699999999999 -1.0969791000000002
-2.2906999999999993 -1.0919002
-2.2806999999999995 -1.0885124
-2.2706999999999997 -1.0840106
-2.2607 -1.0782439
-2.2507 -1.0720521
-2.2407000000000004 -1.0645423999999999
-2.2307000000000006 -1.0570506000000002
-2.220699999999999 -1.0492287
-2.210699999999999 -1.0410170000000003
-2.2006999999999994 -1.0336070000000002
-2.1906999999999996 -1.024606
-2.1807 -1.0156968999999998
-2.1707 -1.0064877000000003
-2.1607000000000003 -0.9990095000000001
-2.1507000000000005 -0.9894822999999998
-2.140699999999999 -0.9792034
-2.130699999999999 -0.9708679000000001
-2.1206999999999994 -0.9623237000000001
-2.1106999999999996 -0.9526686999999999
-2.1007 -0.9432458999999996
-2.0907 -0.9337493000000001
-2.0807 -0.9232528999999999
-2.0707000000000004 -0.9117747999999999
-2.0607000000000006 -0.9004047
-2.050699999999999 -0.8869395999999999
-2.0406999999999993 -0.8725736999999999
-2.0306999999999995 -0.8570244000000001
-2.0206999999999997 -0.8406640000000001
-2.0107 -0.8229916999999999
-2.0007 -0.8047142000000002
-1.9907000000000004 -0.7872668
-1.9807000000000006 -0.7672676
-1.970699999999999 -0.7474085
-1.9606999999999992 -0.7299185
-1.9506999999999994 -0.7138110000000002
-1.9406999999999996 -0.69928167
-1.9306999999999999 -0.68640401
-1.9207 -0.6762380399999999
-1.9107000000000003 -0.67015395
-1.9007000000000005 -0.6667530400000001
-1.890699999999999 -0.6694366100000001
-1.8806999999999992 -0.6761308699999999
-1.8706999999999994 -0.6860351000000001
-1.8606999999999996 -0.7018398099999998
-1.8506999999999998 -0.7215396699999999
-1.8407 -0.7453398999999998
-1.8307000000000002 -0.77389467
-1.8207000000000004 -0.80431298
-1.8107000000000006 -0.8371613199999999
-1.800699999999999 -0.87250757
-1.7906999999999993 -0.9081174299999999
-1.7806999999999995 -0.9438436000000002
-1.7706999999999997 -0.9762878500000001
-1.7607 -1.0076010800000001
-1.7507000000000001 -1.03525569
-1.7407000000000004 -1.0572999699999999
-1.7307000000000006 -1.07356362
-1.720699999999999 -1.08376154
-1.7106999999999992 -1.08673342
-1.7006999999999994 -1.0825405599999998
-1.6906999999999996 -1.0690809799999998
-1.6806999999999999 -1.0493667700000002
-1.6707 -1.02053394
-1.6607000000000003 -0.98434983
-1.6507000000000005 -0.9412971800000001
-1.640699999999999 -0.89422262
-1.6306999999999992 -0.8414251499999997
-1.6206999999999994 -0.78406096
-1.6106999999999996 -0.7250834599999999
-1.6006999999999998 -0.66297472
-1.5907 -0.60200829
-1.5807000000000002 -0.5418915400000001
-1.5707000000000004 -0.4829445
-1.5607000000000006 -0.42580052999999995
-1.550699999999999 -0.37188150999999997
-1.5406999999999993 -0.32192945200000006
-1.5306999999999995 -0.276368682
-1.5206999999999997 -0.23440912099999997
-1.5107 -0.197085857
-1.5007000000000001 -0.16405317600000002
-1.4907000000000004 -0.135086588
-1.4807000000000006 -0.11031114300000001
-1.470699999999999 -0.089143992
-1.4606999999999992 -0.07123860800000001
-1.4506999999999994 -0.05633518599999999
-1.4406999999999996 -0.044209834999999996
-1.4306999999999999 -0.0343014607
-1.4207 -0.026297453700000004
-1.4107000000000003 -0.0200081806
-1.4007000000000005 -0.015041380200000003
-1.390699999999999 -0.0112026541
-1.3806999999999992 -0.008252286000000001
-1.3706999999999994 -0.006027962
-1.3606999999999996 -0.0043431519600000005
-1.3506999999999998 -0.0030998045200000012
-1.3407 -0.0021914018800000003
-1.3307000000000002 -0.0015328554999999998
-1.3207000000000004 -0.00106098898
-1.3107000000000006 -0.0007266901099999999
-1.300699999999999 -0.0004916095199999999
-1.2906999999999993 -0.00033043223899999994
-1.2806999999999995 -0.000218934513
-1.2706999999999997 -0.00014372354700000004
-1.2607 -9.341241399999999e-05
-1.2507000000000001 -6.0121403999999994e-05
-1.2407000000000004 -3.823251410000001e-05
-1.2307000000000006 -2.4061666999999993e-05
-1.220699999999999 -1.4967334200000001e-05
-1.2106999999999992 -9.2182741e-06
-1.2006999999999994 -5.6185563e-06
-1.1906999999999996 -3.38626073e-06
-1.1806999999999999 -2.02328154e-06
-1.1707 -1.19566305e-06
-1.1607000000000003 -6.974675499999998e-07
-1.1507000000000005 -4.0370320100000007e-07
-1.140699999999999 -2.3087709700000004e-07
-1.1306999999999992 -1.3061347e-07
-1.1206999999999994 -7.3061331e-08
-1.1106999999999996 -4.04543473e-08
-1.1006999999999998 -2.2174241000000005e-08
-1.0907 -1.20236558e-08
-1.0807000000000002 -6.456508999999999e-09
-1.0707000000000004 -3.42445522e-09
-1.0607000000000006 -1.7978358700000003e-09
-1.050699999999999 -9.328148199999998e-10
-1.0406999999999993 -4.79786577e-10
-1.0306999999999995 -2.4358738900000005e-10
-1.0206999999999997 -1.22411415e-10
-1.0107 -6.0868082e-11
-1.0007000000000001 -2.9998367000000014e-11
-0.9907000000000004 -1.44133859e-11
-0.9807000000000006 -6.7728405e-12
-0.970699999999999 -2.6237381299999995e-12
-0.9606999999999992 -3.9400086100000003e-13
-0.9506999999999994 -0.0
-0.9406999999999996 -0.0
-0.9306999999999999 -0.0
-0.9207000000000001 -0.0
-0.9107000000000003 -0.0
-0.9007000000000005 -0.0
-0.8906999999999989 -0.0
-0.8806999999999992 -0.0
-0.8706999999999994 -0.0
-0.8606999999999996 -0.0
-0.8506999999999998 -0.0
-0.8407 -0.0
-0.8307000000000002 -0.0
-0.8207000000000004 -0.0
-0.8107000000000006 -0.0
-0.8006999999999991 -0.0
-0.7906999999999993 -0.0
-0.7806999999999995 -0.0
-0.7706999999999997 -0.0
-0.7606999999999999 -0.0
-0.7507000000000001 -0.0
-0.7407000000000004 -0.0
-0.7307000000000006 -0.0
-0.720699999999999 -0.0
-0.7106999999999992 -0.0
-0.7006999999999994 -0.0
-0.6906999999999996 -0.0
-0.6806999999999999 -0.0
-0.6707000000000001 -0.0
-0.6607000000000003 -0.0
-0.6507000000000005 -0.0
-0.6406999999999989 -0.0
-0.6306999999999992 -0.0
-0.6206999999999994 -0.0
-0.6106999999999996 -5.59869049e-12
-0.6006999999999998 -1.8711042000000003e-11
-0.5907 -4.8747585700000005e-11
-0.5807000000000002 -1.0268052500000001e-10
-0.5707000000000004 -2.0991491600000002e-10
-0.5607000000000006 -4.2519228099999997e-10
-0.5506999999999991 -8.518105589999998e-10
-0.5406999999999993 -1.68843852e-09
-0.5306999999999995 -3.320142149999999e-09
-0.5206999999999997 -6.423998160000001e-09
-0.5106999999999999 -1.23321477e-08
-0.5007000000000001 -2.34697079e-08
-0.49070000000000036 -4.405691470000001e-08
-0.48070000000000057 -8.174153699999998e-08
-0.470699999999999 -1.5033242400000003e-07
-0.4606999999999992 -2.72953407e-07
-0.45069999999999943 -4.914756259999999e-07
-0.44069999999999965 -8.761030270000003e-07
-0.43069999999999986 -1.54281825e-06
-0.4207000000000001 -2.6870553199999998e-06
-0.4107000000000003 -4.634588199999998e-06
-0.4007000000000005 -7.9114615e-06
-0.39069999999999894 -1.3354479599999996e-05
-0.38069999999999915 -2.2298008399999994e-05
-0.37069999999999936 -3.691652650000001e-05
-0.3606999999999996 -6.031849469999999e-05
-0.3506999999999998 -9.762985100000001e-05
-0.3407 -0.00015610793599999997
-0.3307000000000002 -0.00024786466499999993
-0.32070000000000043 -0.000388292798
-0.31070000000000064 -0.0006008686440000001
-0.3006999999999991 -0.0009227039000000002
-0.2906999999999993 -0.0014022361100000003
-0.2806999999999995 -0.002105404559999999
-0.2706999999999997 -0.0031263134600000003
-0.26069999999999993 -0.004598440080000002
-0.25070000000000014 -0.006697861
-0.24070000000000036 -0.009662106999999998
-0.23070000000000057 -0.0137699005
-0.220699999999999 -0.019425735799999996
-0.21069999999999922 -0.027105314699999994
-0.20069999999999943 -0.0374558181
-0.19069999999999965 -0.05133651530000002
-0.18069999999999986 -0.06950845179999998
-0.17070000000000007 -0.09308257700000003
-0.1607000000000003 -0.12343683600000001
-0.1507000000000005 -0.1621882739999999
-0.14069999999999894 -0.21075477
-0.13069999999999915 -0.27106023900000004
-0.12069999999999936 -0.3463306610000001
-0.11069999999999958 -0.43538699000000003
-0.10069999999999979 -0.5457604070000001
-0.0907 -0.6748752540000001
-0.08070000000000022 -0.82665399
-0.07070000000000043 -1.00372846
-0.06070000000000064 -1.2071069499999996
-0.05069999999999908 -1.4378349100000003
-0.04069999999999929 -1.6988954099999996
-0.030699999999999505 -1.99030239
-0.02069999999999972 -2.3010639800000003
-0.010699999999999932 -2.652142459999999
-0.000700000000000145 -3.0255589600000006
0.009299999999999642 -3.4182811500000008
0.01929999999999943 -3.840259889999999
0.029300000000000992 -4.267444380000001
0.03930000000000078 -4.718832879999999
0.049300000000000566 -5.173333500000002
0.05930000000000035 -5.626932530000002
0.06930000000000014 -6.09247153
0.07929999999999993 -6.538037
0.08929999999999971 -6.973474900000002
0.0992999999999995 -7.3987178
0.10930000000000106 -7.803846000000001
0.11930000000000085 -8.198647500000002
0.12930000000000064 -8.5530936
0.13930000000000042 -8.8973213
0.1493000000000002 -9.191176200000003
0.1593 -9.464661800000002
0.16929999999999978 -9.707743900000006
0.17929999999999957 -9.930372100000001
0.18929999999999936 -10.102578999999999
0.19930000000000092 -10.2746935
0.2093000000000007 -10.406326700000001
0.2193000000000005 -10.5175964
0.22930000000000028 -10.628856100000002
0.23930000000000007 -10.709726199999995
0.24929999999999986 -10.800615800000003
0.25929999999999964 -10.871494899999997
0.26929999999999943 -10.962374699999998
0.279300000000001 -11.053276700000001
0.2893000000000008 -11.144539499999997
0.29930000000000057 -11.255683699999995
0.30930000000000035 -11.377301100000004
0.31930000000000014 -11.519240899999998
0.3292999999999999 -11.6915732
0.3392999999999997 -11.884138199999999
0.3492999999999995 -12.087156199999997
0.35930000000000106 -12.3003652
0.36930000000000085 -12.5340174
0.37930000000000064 -12.787710599999999
0.3893000000000004 -13.041646099999994
0.3993000000000002 -13.295760999999999
0.4093 -13.559646299999999
0.4192999999999998 -13.803820899999998
0.42929999999999957 -14.047473400000001
0.43929999999999936 -14.261085200000002
0.4493000000000009 -14.4543125
0.4593000000000007 -14.606995599999998
0.4693000000000005 -14.7192357
0.4793000000000003 -14.800708600000002
0.48930000000000007 -14.8316891
0.49929999999999986 -14.811941000000001
0.5092999999999996 -14.721628699999998
0.5192999999999994 -14.600500000000002
0.529300000000001 -14.4286051
0.5393000000000008 -14.186307000000001
0.5493000000000006 -13.893302899999997
0.5593000000000004 -13.579745200000003
0.5693000000000001 -13.205594999999997
0.5792999999999999 -12.801160800000003
0.5892999999999997 -12.366466899999997
0.5992999999999995 -11.921663600000002
0.6093000000000011 -11.466650999999999
0.6193000000000008 -10.981800200000004
0.6293000000000006 -10.5268447
0.6393000000000004 -10.062150500000003
0.6493000000000002 -9.607803200000001
0.6593 -9.193761400000001
0.6692999999999998 -8.790166800000002
0.6792999999999996 -8.417170399999996
0.6892999999999994 -8.084491300000003
0.6993000000000009 -7.7825209
0.7093000000000007 -7.510968999999999
0.7193000000000005 -7.2800553
0.7293000000000003 -7.089709899999999
0.7393000000000001 -6.929862
0.7492999999999999 -6.790331600000001
0.7592999999999996 -6.6812383
0.7692999999999994 -6.592570900000002
0.779300000000001 -6.5241172
0.7893000000000008 -6.4657687
0.7993000000000006 -6.417773500000001
0.8093000000000004 -6.3596599000000005
0.8193000000000001 -6.311796699999999
0.8292999999999999 -6.263635999999999
0.8392999999999997 -6.2155037
0.8492999999999995 -6.127130100000001
0.8593000000000011 -6.048927899999999
0.8693000000000008 -5.960262500000002
0.8793000000000006 -5.851665700000001
0.8893000000000004 -5.732806099999999
0.8993000000000002 -5.603783399999998
0.9093 -5.454689299999998
0.9192999999999998 -5.315504
0.9292999999999996 -5.155957299999999
0.9392999999999994 -4.9963471
0.9493000000000009 -4.826683599999998
0.9593000000000007 -4.666819500000001
0.9693000000000005 -4.496869800000002
0.9793000000000003 -4.3368367999999995
0.9893000000000001 -4.186543499999999
0.9992999999999999 -4.026052399999999
1.0092999999999996 -3.8756004
1.0192999999999994 -3.736005600000001
1.029300000000001 -3.6183263999999995
1.0393000000000008 -3.5034934000000004
1.0493000000000006 -3.3906588
1.0593000000000004 -3.300833900000001
1.0693000000000001 -3.2151843999999996
1.0793 -3.141356900000001
1.0892999999999997 -3.0818777999999996
1.0992999999999995 -3.034370299999999
1.109300000000001 -3.0001042
1.1193000000000008 -2.980059200000001
1.1293000000000006 -2.973405399999999
1.1393000000000004 -2.9687160999999995
1.1493000000000002 -2.9884491
1.1593 -3.0003944
1.1692999999999998 -3.0265329999999997
1.1792999999999996 -3.0639369
1.1892999999999994 -3.1054921999999996
1.199300000000001 -3.1382148
1.2093000000000007 -3.1829216
1.2193000000000005 -3.2305816999999992
1.2293000000000003 -3.2695011
1.2393 -3.2892357999999997
1.2492999999999999 -3.3309128000000006
1.2592999999999996 -3.3526923
1.2692999999999994 -3.3662031000000012
1.279300000000001 -3.3805796
1.2893000000000008 -3.384847700000001
1.2993000000000006 -3.380869700000001
1.3093000000000004 -3.3655944999999994
1.3193000000000001 -3.3522812
1.3293 -3.3175177000000002
1.3392999999999997 -3.2735335000000005
1.3492999999999995 -3.2280789000000003
1.359300000000001 -3.1724053999999997
1.3693000000000008 -3.116304099999999
1.3793000000000006 -3.047680900000001
1.3893000000000004 -2.958600400000001
1.3993000000000002 -2.886923
1.4093 -2.7818261999999994
1.4192999999999998 -2.6844130999999996
1.4292999999999996 -2.5842693000000003
1.4392999999999994 -2.4699682
1.449300000000001 -2.3522117000000002
1.4593000000000007 -2.2343463000000003
1.4693000000000005 -2.1152495
1.4793000000000003 -1.9982806999999998
1.4893 -1.8823722999999999
1.4992999999999999 -1.7708973
1.5092999999999996 -1.6667481000000002
1.5192999999999994 -1.5713483000000001
1.529300000000001 -1.4846106
1.5393000000000008 -1.4106961999999996
1.5493000000000006 -1.348699
1.5593000000000004 -1.3019061
1.5693000000000001 -1.2669038999999997
1.5793 -1.2470701000000002
1.5892999999999997 -1.2421442
1.5992999999999995 -1.2481874
1.609300000000001 -1.2671090999999999
1.6193000000000008 -1.2968562999999997
1.6293000000000006 -1.3371934000000003
1.6393000000000004 -1.3847212000000004
1.6493000000000002 -1.4399635999999998
1.6593 -1.5003693
1.6692999999999998 -1.5638270000000003
1.6792999999999996 -1.6301642999999997
1.6892999999999994 -1.6985021
1.699300000000001 -1.768598
1.7093000000000007 -1.8363652000000004
1.7193000000000005 -1.9060665
1.7293000000000003 -1.9732369999999995
1.7393 -2.0390940000000004
1.7492999999999999 -2.1047464999999996
1.7592999999999996 -2.1680889000000003
1.7692999999999994 -2.230018500000001
1.779300000000001 -2.2898639000000007
1.7893000000000008 -2.3502682000000004
1.7993000000000006 -2.4065416999999996
1.8093000000000004 -2.4617489999999997
1.8193000000000001 -2.5155262000000005
1.8293 -2.5661813999999996
1.8392999999999997 -2.6135835999999992
1.8492999999999995 -2.6588754000000017
1.859300000000001 -2.6970321999999998
1.8693000000000008 -2.7345399
1.8793000000000006 -2.7700234
1.8893000000000004 -2.7911736000000005
1.8993000000000002 -2.819922500000001
1.9093 -2.8345181999999998
1.9192999999999998 -2.8347727
1.9292999999999996 -2.8326407999999996
1.9392999999999994 -2.8252518000000006
1.949300000000001 -2.8154893999999997
1.9593000000000007 -2.7896049
1.9693000000000005 -2.7594071
1.9793000000000003 -2.7260822
1.9893 -2.6784841000000004
1.9992999999999999 -2.6266762
2.0092999999999996 -2.5597852000000003
2.0192999999999994 -2.4927770999999996
2.029300000000001 -2.4187781
2.039300000000001 -2.3398101000000002
2.0493000000000006 -2.2578121000000015
2.0593000000000004 -2.1708322
2.0693 -2.0817353
2.0793 -1.9938273999999996
2.0892999999999997 -1.9060196000000005
2.0992999999999995 -1.8170598000000002
2.109300000000001 -1.7309098999999997
2.119300000000001 -1.6467081000000003
2.1293000000000006 -1.5666742000000007
2.1393000000000004 -1.4885003
2.1493 -1.4151624000000003
2.1593 -1.3454943
2.1693 -1.2807711999999998
2.1792999999999996 -1.2189200999999996
2.1892999999999994 -1.1619318000000005
2.199300000000001 -1.1086255000000003
2.2093000000000007 -1.0602732
2.2193000000000005 -1.0148138
2.2293000000000003 -0.9731605
2.2393 -0.9337081000000002
2.2493 -0.8981538
2.2592999999999996 -0.8656104999999998
2.2692999999999994 -0.8362062999999998
2.279300000000001 -0.8089672000000001
2.289300000000001 -0.7830363000000001
2.2993000000000006 -0.7603384999999997
2.3093000000000004 -0.7399099
2.3193 -0.7208174
2.3293 -0.7026730999999999
2.3392999999999997 -0.6870599000000001
2.3492999999999995 -0.6718588000000001
2.359300000000001 -0.6585878999999999
2.369300000000001 -0.6448279000000001
2.3793000000000006 -0.6328481
2.3893000000000004 -0.6218560999999999
2.3993 -0.6099112000000001
2.4093000000000018 -0.5978159999999999
2.4193 -0.5864847999999999
2.4293000000000013 -0.57372
2.4392999999999994 -0.5597320000000001
2.449300000000001 -0.54721
2.459299999999999 -0.5323110000000001
2.4693000000000005 -0.5187144
2.4792999999999985 -0.5029972
2.4893 -0.4870935
2.4993000000000016 -0.4705028000000002
2.5092999999999996 -0.4537678
2.519300000000001 -0.4368744
2.529299999999999 -0.4201375
2.539300000000001 -0.4037884
2.549299999999999 -0.3879503000000001
2.5593000000000004 -0.37294370000000004
2.569300000000002 -0.35926939999999996
2.5793 -0.34649879999999994
2.5893000000000015 -0.33538250000000003
2.5992999999999995 -0.32536000000000004
2.609300000000001 -0.3171530999999999
2.619299999999999 -0.3104418000000001
2.6293000000000006 -0.30518589999999995
2.6392999999999986 -0.3017165
2.6493 -0.29924159999999994
2.6593000000000018 -0.2981926
2.6693 -0.29822779999999993
2.6793000000000013 -0.2991374000000001
2.6892999999999994 -0.30081120000000006
2.699300000000001 -0.30292709999999995
2.709299999999999 -0.3055861
2.7193000000000005 -0.30839679999999997
2.7292999999999985 -0.31136889999999995
2.7393 -0.3138317
2.7493000000000016 -0.31660520000000003
2.7592999999999996 -0.31914890000000007
2.769300000000001 -0.3212921
2.779299999999999 -0.3231752000000001
2.789300000000001 -0.3247582999999999
2.799299999999999 -0.32622059999999997
2.8093000000000004 -0.3275629
2.819300000000002 -0.3286051
2.8293 -0.3300773999999999
2.8393000000000015 -0.3311798000000001
2.8492999999999995 -0.33270259999999985
2.859300000000001 -0.3345266
2.869299999999999 -0.3368013999999999
2.8793000000000006 -0.3394673
2.8892999999999986 -0.3425252
2.8993 -0.3463044
2.9093000000000018 -0.35067449999999994
2.9193 -0.35544670000000006
2.9293000000000013 -0.3608110000000001
2.9392999999999994 -0.3663554
2.949300000000001 -0.37206179999999994
2.959299999999999 -0.37791830000000004
2.9693000000000005 -0.3834836
2.9792999999999985 -0.3888208000000001
2.9893 -0.3939343
2.9993000000000016 -0.3978771
3.0092999999999996 -0.4010085
3.019300000000001 -0.4032052
3.029299999999999 -0.40407000000000004
3.039300000000001 -0.4037611
3.049299999999999 -0.40229829999999994
3.0593000000000004 -0.3994126000000001
3.069300000000002 -0.39535300000000007
3.0793 -0.3900970000000001
3.0893000000000015 -0.38358849999999994
3.0992999999999995 -0.3763987000000001
3.109300000000001 -0.3684949
3.119299999999999 -0.3597488
3.1293000000000006 -0.3510206999999999
3.1392999999999986 -0.3416818
3.1493 -0.3323224
3.1593000000000018 -0.3232826
3.1693 -0.31460360000000004
3.1793000000000013 -0.3062853
3.1892999999999994 -0.29833839999999995
3.199300000000001 -0.29120289999999993
3.209299999999999 -0.28463950000000005
3.2193000000000005 -0.2792780000000001
3.2292999999999985 -0.27446880000000007
3.2393 -0.2705419
3.2493000000000016 -0.2672577
3.2592999999999996 -0.2651254
3.269300000000001 -0.26399570000000006
3.279299999999999 -0.2636682
3.289300000000001 -0.2638432
3.299299999999999 -0.2654004
3.3093000000000004 -0.2672399
3.319300000000002 -0.27027169999999995
3.3293 -0.2736755
3.3393000000000015 -0.2778515000000001
3.3492999999999995 -0.28247939999999994
3.359300000000001 -0.28765940000000007
3.369299999999999 -0.29307060000000007
3.3793000000000006 -0.2989336
3.3892999999999986 -0.30480750000000006
3.3993 -0.3107923000000001
3.4093000000000018 -0.3167579
3.4193 -0.3226236
3.4293000000000013 -0.32833909999999994
3.4392999999999994 -0.3333440999999999
3.449300000000001 -0.33817809999999987
3.459299999999999 -0.34239080000000005
3.4693000000000005 -0.3457921000000001
3.4792999999999985 -0.3488416
3.4893 -0.3508087999999999
3.4993000000000016 -0.35240380000000004
3.5092999999999996 -0.35289650000000006
3.519300000000001 -0.3527169
3.529299999999999 -0.3519852
3.539300000000001 -0.3503608000000001
3.549299999999999 -0.3481649
3.5593000000000004 -0.34543729999999995
3.569300000000002 -0.3422785
3.5793 -0.33875839999999996
3.5893000000000015 -0.33504790000000007
3.5992999999999995 -0.33120720000000003
3.609300000000001 -0.32739619999999997
3.619299999999999 -0.3236857999999999
3.6293000000000006 -0.31991600000000003
3.6392999999999986 -0.3165772
3.6493 -0.3134693
3.6593000000000018 -0.3106324
3.6693 -0.3081364
3.6793000000000013 -0.3057916
3.6892999999999994 -0.3037676
3.699300000000001 -0.30182449999999994
3.709299999999999 -0.2998015
3.7193000000000005 -0.2977995
3.7292999999999985 -0.2956373
3.7393 -0.2932651
3.7493000000000016 -0.29052259999999996
3.7592999999999996 -0.2874796000000001
3.769300000000001 -0.2838861
3.779299999999999 -0.27981190000000006
3.789300000000001 -0.27540689999999995
3.799299999999999 -0.27028119999999994
3.8093000000000004 -0.2645145
3.819300000000002 -0.25830699999999995
3.8293 -0.2515888
3.8393000000000015 -0.2444002
3.8492999999999995 -0.23700080000000007
3.859300000000001 -0.2294608
3.869299999999999 -0.22148029999999994
3.8793000000000006 -0.21338970000000002
3.8892999999999986 -0.20517830000000004
3.8993 -0.19690689999999997
3.9093000000000018 -0.18864489999999995
3.9193 -0.1802727
3.9293000000000013 -0.1723799
3.9392999999999994 -0.1640768
3.949300000000001 -0.15608310000000003
3.959299999999999 -0.14816930000000003
3.9693000000000005 -0.14065860000000002
3.9792999999999985 -0.13316460000000002
3.9893 -0.1257609
3.9993000000000016 -0.11836360000000001
4.0093 -0.11143660000000001
4.019300000000001 -0.10454690000000001
4.029299999999999 -0.09778410000000001
4.039300000000001 -0.0913415
4.049299999999999 -0.0851196
4.0593 -0.0791226
4.069300000000002 -0.0733438
4.0793 -0.06778029999999999
4.0893000000000015 -0.0624977
4.0992999999999995 -0.0574603
4.109300000000001 -0.05267529999999999
4.119299999999999 -0.04815770000000001
4.129300000000001 -0.04389549999999999
4.139299999999999 -0.039903279999999985
4.1493 -0.03617551
4.159300000000002 -0.032692769999999996
4.1693 -0.029455180000000004
4.179300000000001 -0.026462259999999998
4.189299999999999 -0.02369450999999999
4.199300000000001 -0.021153650000000003
4.209299999999999 -0.018822810000000002
4.2193000000000005 -0.01668853
4.2292999999999985 -0.01474304
4.2393 -0.012978079999999996
4.249300000000002 -0.011372939999999998
4.2593 -0.009955079999999998
4.269300000000001 -0.008656569999999999
4.279299999999999 -0.007498709999999999
4.289300000000001 -0.006468402
4.299299999999999 -0.005548187999999998
4.3093 -0.004734016
4.319300000000002 -0.0040184290000000004
4.3293 -0.003386286
4.3393000000000015 -0.0028395070000000002
4.3492999999999995 -0.002363293999999999
4.359300000000001 -0.0019544740000000003
4.369299999999999 -0.0016037795999999998
4.379300000000001 -0.0013083079999999998
4.389299999999999 -0.0010552497
4.3993 -0.0008465913
4.409300000000002 -0.0006726141999999998
4.4193 -0.000530263
4.429300000000001 -0.00041439474000000003
4.439299999999999 -0.0003207415600000001
4.449300000000001 -0.00024601551999999996
4.459299999999999 -0.00018685127
4.4693000000000005 -0.00014061679000000002
4.4792999999999985 -0.00010496227000000002
4.4893 -7.7389711e-05
4.499300000000002 -5.654476499999999e-05
4.5093 -4.0932450999999994e-05
4.519300000000001 -2.9305997000000006e-05
4.529299999999999 -2.0763031e-05
4.539300000000001 -1.4589896200000001e-05
4.549299999999999 -1.0124179799999999e-05
4.5593 -6.9604023e-06
4.569300000000002 -4.734603199999999e-06
4.5793 -3.1889652e-06
4.5893000000000015 -2.1217480199999997e-06
4.5992999999999995 -1.39982119e-06
4.609300000000001 -9.1239531e-07
4.619299999999999 -5.891819000000001e-07
4.629300000000001 -3.7630922e-07
