-23.6007 -2.2328899999999996e-06
-23.5907 -1.4477799999999998e-06
-23.5807 -9.299749999999999e-07
-23.570700000000002 -5.902599999999999e-07
-23.5607 -3.7141100000000004e-07
-23.5507 -2.31185e-07
-23.5407 -1.42455e-07
-23.5307 -8.69601e-08
-23.520699999999998 -5.248010000000001e-08
-23.5107 -3.13751e-08
-23.500700000000002 -1.8575899999999998e-08
-23.4907 -1.0880480000000001e-08
-23.4807 -6.310400000000001e-09
-23.4707 -3.6191299999999997e-09
-23.4607 -2.05692e-09
-23.450699999999998 -1.155848e-09
-23.4407 -6.429850000000001e-10
-23.4307 -3.543210000000001e-10
-23.4207 -1.93048e-10
-23.4107 -1.041316e-10
-23.4007 -5.55577e-11
-23.3907 -2.93719e-11
-23.380699999999997 -1.53689e-11
-23.3707 -7.943629999999999e-12
-23.3607 -4.0715e-12
-23.3507 -2.0650400000000003e-12
-23.3407 -1.02436e-12
-23.3307 -5.016440000000001e-13
-23.320700000000002 -2.38979e-13
-23.3107 -1.1111860000000001e-13
-23.3007 -4.8091e-14
-23.2907 -1.793175e-14
-23.2807 -5.30788e-15
-23.270699999999998 -1.65271e-15
-23.2607 -2.849505e-16
-23.250700000000002 -0.0
-23.2407 -0.0
-23.2307 -0.0
-23.2207 -0.0
-23.2107 -0.0
-23.200699999999998 -0.0
-23.1907 -0.0
-23.1807 -0.0
-23.1707 -0.0
-23.1607 -0.0
-23.1507 -0.0
-23.1407 -0.0
-23.130699999999997 -0.0
-23.1207 -0.0
-23.1107 -0.0
-23.1007 -0.0
-23.0907 -0.0
-23.0807 -0.0
-23.070700000000002 -0.0
-23.0607 -0.0
-23.0507 -0.0
-23.0407 -0.0
-23.0307 -0.0
-23.020699999999998 -0.0
-23.0107 -0.0
-23.000700000000002 -0.0
-22.9907 -0.0
-22.9807 -0.0
-22.9707 -0.0
-22.9607 -0.0
-22.950699999999998 -0.0
-22.9407 -0.0
-22.9307 -0.0
-22.9207 -0.0
-22.9107 -0.0
-22.9007 -0.0
-22.8907 -0.0
-22.880699999999997 -0.0
-22.8707 -0.0
-22.8607 -0.0
-22.8507 -0.0
-22.8407 -0.0
-22.8307 -0.0
-22.820700000000002 -0.0
-22.8107 -0.0
-22.8007 -0.0
-22.7907 -0.0
-22.7807 -0.0
-22.770699999999998 -0.0
-22.7607 -0.0
-22.750700000000002 -0.0
-22.7407 -0.0
-22.7307 -0.0
-22.7207 -0.0
-22.7107 -0.0
-22.700699999999998 -0.0
-22.6907 -0.0
-22.6807 -0.0
-22.6707 -0.0
-22.6607 -0.0
-22.6507 -0.0
-22.6407 -0.0
-22.630699999999997 -0.0
-22.6207 -0.0
-22.6107 -0.0
-22.6007 -0.0
-22.5907 -0.0
-22.5807 -0.0
-22.570700000000002 -0.0
-22.5607 -0.0
-22.5507 -0.0
-22.5407 -0.0
-22.5307 -0.0
-22.520699999999998 -0.0
-22.5107 -0.0
-22.500700000000002 -0.0
-22.4907 -0.0
-22.4807 -0.0
-22.4707 -0.0
-22.4607 -0.0
-22.450699999999998 -0.0
-22.4407 -0.0
-22.4307 -0.0
-22.4207 -0.0
-22.4107 -0.0
-22.4007 -0.0
-22.3907 -0.0
-22.380699999999997 -0.0
-22.3707 -0.0
-22.3607 -0.0
-22.3507 -0.0
-22.3407 -0.0
-22.3307 -0.0
-22.320700000000002 -0.0
-22.3107 -0.0
-22.3007 -0.0
-22.2907 -0.0
-22.2807 -0.0
-22.270699999999998 -0.0
-22.2607 -0.0
-22.250700000000002 -0.0
-22.2407 -0.0
-22.2307 -0.0
-22.2207 -0.0
-22.2107 -0.0
-22.200699999999998 -0.0
-22.1907 -0.0
-22.1807 -0.0
-22.1707 -0.0
-22.1607 -0.0
-22.1507 -0.0
-22.1407 -0.0
-22.130699999999997 -0.0
-22.1207 -0.0
-22.1107 -0.0
-22.1007 -0.0
-22.0907 -0.0
-22.0807 -0.0
-22.070700000000002 -0.0
-22.0607 -0.0
-22.0507 -0.0
-22.0407 -0.0
-22.0307 -0.0
-22.020699999999998 -0.0
-22.0107 -0.0
-22.000700000000002 -0.0
-21.9907 -0.0
-21.9807 -0.0
-21.9707 -0.0
-21.9607 -0.0
-21.950699999999998 -0.0
-21.9407 -0.0
-21.9307 -0.0
-21.9207 -0.0
-21.9107 -0.0
-21.9007 -0.0
-21.8907 -0.0
-21.880699999999997 -0.0
-21.8707 -0.0
-21.8607 -0.0
-21.8507 -0.0
-21.8407 -0.0
-21.8307 -0.0
-21.820700000000002 -0.0
-21.8107 -0.0
-21.8007 -0.0
-21.7907 -0.0
-21.7807 -0.0
-21.770699999999998 -0.0
-21.7607 -0.0
-21.750700000000002 -0.0
-21.7407 -0.0
-21.7307 -0.0
-21.7207 -0.0
-21.7107 -0.0
-21.700699999999998 -0.0
-21.6907 -0.0
-21.6807 -0.0
-21.6707 -0.0
-21.6607 -0.0
-21.6507 -0.0
-21.6407 -0.0
-21.630699999999997 -0.0
-21.6207 -0.0
-21.6107 -0.0
-21.6007 -0.0
-21.5907 -0.0
-21.5807 -0.0
-21.5707 -0.0
-21.5607 -5.1351299999999996e-14
-21.5507 -1.072145e-13
-21.5407 -3.2412999999999995e-13
-21.5307 -6.674899999999999e-13
-21.520699999999998 -1.357065e-12
-21.5107 -2.7881099999999995e-12
-21.500700000000002 -5.553120000000001e-12
-21.4907 -1.0970190000000002e-11
-21.4807 -2.1404609999999997e-11
-21.4707 -4.15505e-11
-21.4607 -7.939549999999999e-11
-21.450699999999998 -1.5069160000000002e-10
-21.4407 -2.82347e-10
-21.4307 -5.228899999999998e-10
-21.4207 -9.58268e-10
-21.4107 -1.7406389999999996e-09
-21.4007 -3.1247200000000004e-09
-21.3907 -5.55642e-09
-21.3807 -9.76898e-09
-21.3707 -1.699377e-08
-21.3607 -2.9223300000000003e-08
-21.3507 -4.9763999999999995e-08
-21.3407 -8.39738e-08
-21.3307 -1.400961e-07
-21.3207 -2.313959e-07
-21.3107 -3.77776e-07
-21.3007 -6.110920000000001e-07
-21.2907 -9.7931e-07
-21.2807 -1.5522410000000002e-06
-21.270699999999998 -2.4359840000000005e-06
-21.2607 -3.7829800000000008e-06
-21.250700000000002 -5.82614e-06
-21.2407 -8.8507e-06
-21.2307 -1.334924e-05
-21.2207 -1.9918330000000004e-05
-21.2107 -2.94298e-05
-21.200699999999998 -4.304239999999999e-05
-21.1907 -6.2378e-05
-21.1807 -8.971459999999999e-05
-21.1707 -0.0001272523
-21.1607 -0.00017925750000000003
-21.1507 -0.0002500988
-21.1407 -0.00034573199999999996
-21.1307 -0.00047271600000000003
-21.1207 -0.0006418299999999999
-21.1107 -0.0008632499999999999
-21.1007 -0.001149594
-21.0907 -0.001520694
-21.0807 -0.001991532
-21.0707 -0.0025852449999999995
-21.0607 -0.00332718
-21.0507 -0.0042455900000000005
-21.0407 -0.00537876
-21.0307 -0.0067449300000000005
-21.020699999999998 -0.008405480000000002
-21.0107 -0.01038087
-21.000700000000002 -0.01269613
-20.9907 -0.015443960000000001
-20.9807 -0.018602620000000004
-20.9707 -0.02225365
-20.9607 -0.026398860000000003
-20.950699999999998 -0.0310791
-20.9407 -0.0362539
-20.9307 -0.0420934
-20.9207 -0.048349199999999995
-20.9107 -0.0549887
-20.9007 -0.0623137
-20.8907 -0.06995069999999999
-20.8807 -0.0778935
-20.8707 -0.08607719999999999
-20.8607 -0.0943237
-20.8507 -0.1025918
-20.8407 -0.11085900000000001
-20.8307 -0.11898740000000001
-20.8207 -0.1268128
-20.8107 -0.1342269
-20.8007 -0.1410381
-20.7907 -0.14745450000000002
-20.7807 -0.15347109999999997
-20.770699999999998 -0.15889499999999998
-20.7607 -0.1638343
-20.750700000000002 -0.1683949
-20.7407 -0.17275400000000002
-20.7307 -0.17701470000000002
-20.7207 -0.18117699999999998
-20.7107 -0.185344
-20.700699999999998 -0.189915
-20.6907 -0.19469199999999998
-20.6807 -0.199976
-20.6707 -0.205664
-20.6607 -0.21186
-20.6507 -0.218663
-20.6407 -0.225768
-20.6307 -0.23307899999999995
-20.6207 -0.240591
-20.6107 -0.248303
-20.6007 -0.255713
-20.5907 -0.262819
-20.5807 -0.269217
-20.5707 -0.275106
-20.5607 -0.280088
-20.5507 -0.284157
-20.5407 -0.28731599999999996
-20.5307 -0.28946399999999994
-20.520699999999998 -0.29080000000000006
-20.5107 -0.29112899999999997
-20.500700000000002 -0.290749
-20.4907 -0.29006499999999996
-20.4807 -0.288775
-20.4707 -0.28748799999999997
-20.4607 -0.286403
-20.450699999999998 -0.285323
-20.4407 -0.285047
-20.4307 -0.285285
-20.4207 -0.286534
-20.4107 -0.2886949999999999
-20.4007 -0.29166800000000004
-20.3907 -0.295654
-20.3807 -0.300653
-20.3707 -0.3063599999999999
-20.3607 -0.31247499999999995
-20.3507 -0.319296
-20.3407 -0.32621900000000004
-20.3307 -0.333342
-20.3207 -0.340362
-20.3107 -0.346979
-20.3007 -0.35307999999999995
-20.2907 -0.35848599999999997
-20.2807 -0.36316400000000004
-20.270699999999998 -0.36734
-20.2607 -0.37030599999999997
-20.250700000000002 -0.3726590000000001
-20.2407 -0.37419500000000006
-20.2307 -0.37501799999999996
-20.2207 -0.37524799999999997
-20.2107 -0.375164
-20.200699999999998 -0.37456900000000004
-20.1907 -0.373884
-20.1807 -0.37287799999999993
-20.1707 -0.372093
-20.1607 -0.370991
-20.1507 -0.3701
-20.1407 -0.36940000000000006
-20.1307 -0.368921
-20.1207 -0.36862300000000003
-20.1107 -0.368338
-20.1007 -0.36814800000000003
-20.0907 -0.368162
-20.0807 -0.36816699999999997
-20.0707 -0.36839799999999995
-20.0607 -0.368605
-20.0507 -0.36892400000000003
-20.0407 -0.369145
-20.0307 -0.36925600000000003
-20.020699999999998 -0.369269
-20.0107 -0.3691809999999999
-20.000700000000002 -0.368984
-19.9907 -0.36858599999999997
-19.9807 -0.367682
-19.9707 -0.36658900000000005
-19.9607 -0.36507100000000003
-19.950699999999998 -0.36325199999999996
-19.9407 -0.360711
-19.9307 -0.357977
-19.9207 -0.35453999999999997
-19.9107 -0.35088899999999995
-19.9007 -0.34662599999999993
-19.8907 -0.342171
-19.8807 -0.337302
-19.8707 -0.33232399999999995
-19.8607 -0.326952
-19.8507 -0.32177999999999995
-19.8407 -0.3166
-19.8307 -0.311328
-19.8207 -0.30626000000000003
-19.8107 -0.301493
-19.8007 -0.2969200000000001
-19.7907 -0.29246300000000003
-19.7807 -0.288497
-19.770699999999998 -0.28454599999999997
-19.7607 -0.28078899999999996
-19.750700000000002 -0.277148
-19.7407 -0.273695
-19.7307 -0.269945
-19.7207 -0.26628300000000005
-19.7107 -0.262424
-19.700699999999998 -0.258161
-19.6907 -0.253691
-19.6807 -0.248918
-19.6707 -0.243837
-19.6607 -0.23825300000000002
-19.6507 -0.232561
-19.6407 -0.22646000000000002
-19.6307 -0.22035900000000003
-19.6207 -0.21406199999999997
-19.6107 -0.207759
-19.6007 -0.20165800000000003
-19.5907 -0.195562
-19.5807 -0.18996200000000002
-19.5707 -0.18427699999999997
-19.5607 -0.17919200000000002
-19.5507 -0.17431300000000002
-19.5407 -0.169641
-19.5307 -0.165775
-19.520699999999998 -0.162015
-19.5107 -0.158559
-19.500700000000002 -0.155608
-19.4907 -0.152962
-19.4807 -0.15052300000000002
-19.4707 -0.148325
-19.4607 -0.146263
-19.450699999999998 -0.144595
-19.4407 -0.143404
-19.4307 -0.142285
-19.4207 -0.14166499999999999
-19.4107 -0.141519
-19.4007 -0.14166099999999998
-19.3907 -0.14218
-19.3807 -0.14339599999999997
-19.3707 -0.14472000000000002
-19.3607 -0.14675000000000002
-19.3507 -0.148986
-19.3407 -0.151729
-19.3307 -0.15457400000000002
-19.3207 -0.157924
-19.3107 -0.16117499999999998
-19.3007 -0.16462700000000002
-19.2907 -0.167978
-19.2807 -0.171126
-19.270699999999998 -0.17417
-19.2607 -0.176908
-19.250700000000002 -0.17944100000000002
-19.2407 -0.18166800000000002
-19.2307 -0.18359
-19.2207 -0.18500199999999997
-19.2107 -0.186106
-19.200699999999998 -0.186804
-19.1907 -0.187396
-19.1807 -0.18738100000000002
-19.1707 -0.18736200000000003
-19.1607 -0.187235
-19.1507 -0.187107
-19.1407 -0.18647399999999997
-19.1307 -0.18604
-19.1207 -0.18550399999999997
-19.1107 -0.18516599999999997
-19.1007 -0.18482700000000002
-19.0907 -0.184388
-19.0807 -0.183948
-19.0707 -0.183508
-19.0607 -0.18306699999999998
-19.0507 -0.182727
-19.0407 -0.182086
-19.0307 -0.181343
-19.020699999999998 -0.180199
-19.0107 -0.178954
-19.000700000000002 -0.17730700000000002
-18.9907 -0.17535799999999999
-18.9807 -0.17310699999999998
-18.9707 -0.170153
-18.9607 -0.167098
-18.950699999999998 -0.16333999999999999
-18.9407 -0.159278
-18.9307 -0.15471700000000002
-18.9207 -0.149853
-18.9107 -0.14459
-18.9007 -0.13902499999999998
-18.8907 -0.133462
-18.8807 -0.1275
-18.8707 -0.12174000000000001
-18.8607 -0.11618200000000001
-18.8507 -0.110528
-18.8407 -0.105482
-18.8307 -0.10063599999999999
-18.8207 -0.09632900000000001
-18.8107 -0.092437
-18.8007 -0.08905300000000001
-18.7907 -0.08641449999999999
-18.7807 -0.0842308
-18.770699999999998 -0.08284500000000002
-18.7607 -0.08195340000000001
-18.750700000000002 -0.08143700000000001
-18.7407 -0.081415
-18.7307 -0.08198570000000001
-18.7207 -0.0827783
-18.7107 -0.08398259999999999
-18.700699999999998 -0.08524669999999998
-18.6907 -0.08666120000000001
-18.6807 -0.0882636
-18.6707 -0.0898238
-18.6607 -0.0914225
-18.6507 -0.09283729999999998
-18.6407 -0.0942388
-18.6307 -0.09529740000000002
-18.6207 -0.09641425999999999
-18.6107 -0.09726966999999997
-18.6007 -0.09803359999999997
-18.5907 -0.09842475999999997
-18.5807 -0.09871123999999998
-18.5707 -0.09868998999999998
-18.5607 -0.09836296999999998
-18.5507 -0.09791816999999998
-18.5407 -0.09704355
-18.5307 -0.09583320000000001
-18.520699999999998 -0.09431099000000001
-18.5107 -0.09242182000000003
-18.500700000000002 -0.09010376
-18.4907 -0.08742492
-18.4807 -0.08431807
-18.4707 -0.08086113
-18.4607 -0.07706426999999998
-18.450699999999998 -0.0730274
-18.4407 -0.06868250999999999
-18.4307 -0.06408771
-18.4207 -0.05941369999999999
-18.4107 -0.05461009000000001
-18.4007 -0.049734560000000004
-18.3907 -0.045073230000000006
-18.3807 -0.04033510999999999
-18.3707 -0.03580914
-18.3607 -0.03162141
-18.3507 -0.02756948
-18.3407 -0.023825619999999995
-18.3307 -0.02042955
-18.3207 -0.017383245000000002
-18.3107 -0.014607765
-18.3007 -0.01217803
-18.2907 -0.010037741000000001
-18.2807 -0.008211873000000001
-18.270699999999998 -0.006654925
-18.2607 -0.005327046000000001
-18.250700000000002 -0.004229832
-18.2407 -0.0033273600000000006
-18.2307 -0.0025865519999999998
-18.2207 -0.001992042
-18.2107 -0.0015219753000000004
-18.200699999999998 -0.0011501391
-18.1907 -0.0008601561999999997
-18.1807 -0.0006375456000000001
-18.1707 -0.00046716659999999997
-18.1607 -0.0003383839
-18.1507 -0.00024307230000000001
-18.1407 -0.0001730003
-18.1307 -0.00012178181000000001
-18.1207 -8.482159e-05
-18.1107 -5.848597000000001e-05
-18.1007 -3.989302999999999e-05
-18.0907 -2.7011429999999996e-05
-18.0807 -1.802476e-05
-18.0707 -1.1924527000000001e-05
-18.0607 -7.809461000000002e-06
-18.0507 -5.06632e-06
-18.0407 -3.247401e-06
-18.0307 -2.0641079999999992e-06
-18.020699999999998 -1.2967164e-06
-18.0107 -8.065761000000001e-07
-18.000700000000002 -4.958541e-07
-17.9907 -3.016135e-07
-17.9807 -1.819498e-07
-17.9707 -1.0844749000000001e-07
-17.9607 -6.404255999999999e-08
-17.950699999999998 -3.737660999999999e-08
-17.9407 -2.163561e-08
-17.9307 -1.2356987999999999e-08
-17.9207 -6.988559999999999e-09
-17.9107 -3.919119e-09
-17.9007 -2.1715460000000004e-09
-17.8907 -1.1904598000000002e-09
-17.8807 -6.447417e-10
-17.8707 -3.4691590000000007e-10
-17.8607 -1.840765e-10
-17.8507 -9.676282e-11
-17.8407 -5.032424e-11
-17.8307 -2.5892320000000002e-11
-17.8207 -1.3143116000000002e-11
-17.8107 -6.5986509999999985e-12
-17.8007 -3.248797e-12
-17.7907 -1.608296e-12
-17.7807 -7.748870000000001e-13
-17.770699999999998 -3.6203419999999997e-13
-17.7607 -1.3487179999999996e-13
-17.750700000000002 -5.0366199999999994e-14
-17.7407 -6.474633e-15
-17.7307 -0.0
-17.7207 -0.0
-17.7107 -0.0
-17.700699999999998 -0.0
-17.6907 -0.0
-17.6807 -0.0
-17.6707 -0.0
-17.6607 -0.0
-17.6507 -0.0
-17.6407 -0.0
-17.6307 -0.0
-17.6207 -0.0
-17.6107 -0.0
-17.6007 -0.0
-17.5907 -0.0
-17.5807 -0.0
-17.5707 -0.0
-17.5607 -0.0
-17.5507 -0.0
-17.5407 -0.0
-17.5307 -0.0
-17.520699999999998 -0.0
-17.5107 -0.0
-17.5007 -0.0
-17.4907 -0.0
-17.4807 -0.0
-17.4707 -0.0
-17.4607 -0.0
-17.4507 -0.0
-17.4407 -0.0
-17.4307 -0.0
-17.4207 -0.0
-17.4107 -0.0
-17.4007 -0.0
-17.3907 -0.0
-17.3807 -0.0
-17.3707 -0.0
-17.3607 -0.0
-17.3507 -0.0
-17.3407 -0.0
-17.3307 -0.0
-17.3207 -0.0
-17.3107 -0.0
-17.3007 -0.0
-17.2907 -0.0
-17.2807 -0.0
-17.270699999999998 -0.0
-17.2607 -0.0
-17.2507 -0.0
-17.2407 -0.0
-17.2307 -0.0
-17.2207 -0.0
-17.2107 -0.0
-17.2007 -0.0
-17.1907 -0.0
-17.1807 -0.0
-17.1707 -0.0
-17.1607 -0.0
-17.1507 -0.0
-17.1407 -0.0
-17.1307 -0.0
-17.1207 -0.0
-17.1107 -0.0
-17.1007 -0.0
-17.0907 -0.0
-17.0807 -0.0
-17.0707 -0.0
-17.0607 -0.0
-17.0507 -0.0
-17.0407 -0.0
-17.0307 -0.0
-17.020699999999998 -0.0
-17.0107 -0.0
-17.0007 -0.0
-16.9907 -0.0
-16.9807 -0.0
-16.9707 -0.0
-16.9607 -0.0
-16.9507 -0.0
-16.9407 -0.0
-16.9307 -0.0
-16.9207 -0.0
-16.9107 -0.0
-16.9007 -0.0
-16.8907 -0.0
-16.8807 -0.0
-16.8707 -0.0
-16.8607 -0.0
-16.8507 -0.0
-16.8407 -0.0
-16.8307 -0.0
-16.8207 -0.0
-16.8107 -0.0
-16.8007 -0.0
-16.7907 -0.0
-16.7807 -0.0
-16.770699999999998 -0.0
-16.7607 -0.0
-16.7507 -0.0
-16.7407 -0.0
-16.7307 -0.0
-16.7207 -0.0
-16.7107 -0.0
-16.7007 -0.0
-16.6907 -0.0
-16.6807 -0.0
-16.6707 -0.0
-16.6607 -0.0
-16.6507 -0.0
-16.6407 -0.0
-16.6307 -0.0
-16.6207 -0.0
-16.6107 -0.0
-16.6007 -0.0
-16.5907 -0.0
-16.5807 -0.0
-16.5707 -0.0
-16.5607 -0.0
-16.5507 -0.0
-16.5407 -0.0
-16.5307 -0.0
-16.520699999999998 -0.0
-16.5107 -0.0
-16.5007 -0.0
-16.4907 -0.0
-16.4807 -0.0
-16.4707 -0.0
-16.4607 -0.0
-16.4507 -0.0
-16.4407 -0.0
-16.4307 -0.0
-16.4207 -0.0
-16.4107 -0.0
-16.4007 -0.0
-16.3907 -0.0
-16.3807 -0.0
-16.3707 -0.0
-16.3607 -0.0
-16.3507 -0.0
-16.3407 -0.0
-16.3307 -0.0
-16.3207 -0.0
-16.3107 -0.0
-16.3007 -0.0
-16.2907 -0.0
-16.2807 -0.0
-16.270699999999998 -0.0
-16.2607 -0.0
-16.2507 -0.0
-16.2407 -0.0
-16.2307 -0.0
-16.2207 -0.0
-16.2107 -0.0
-16.2007 -0.0
-16.1907 -0.0
-16.1807 -0.0
-16.1707 -0.0
-16.1607 -0.0
-16.1507 -0.0
-16.1407 -0.0
-16.1307 -0.0
-16.1207 -0.0
-16.1107 -0.0
-16.1007 -0.0
-16.0907 -0.0
-16.0807 -0.0
-16.0707 -0.0
-16.0607 -0.0
-16.0507 -0.0
-16.0407 -0.0
-16.0307 -0.0
-16.020699999999998 -0.0
-16.0107 -0.0
-16.0007 -0.0
-15.9907 -0.0
-15.980699999999999 -0.0
-15.9707 -0.0
-15.9607 -0.0
-15.9507 -0.0
-15.9407 -0.0
-15.9307 -0.0
-15.9207 -0.0
-15.9107 -0.0
-15.9007 -0.0
-15.890699999999999 -0.0
-15.8807 -0.0
-15.8707 -0.0
-15.8607 -0.0
-15.8507 -0.0
-15.8407 -0.0
-15.8307 -0.0
-15.8207 -0.0
-15.8107 -0.0
-15.800699999999999 -0.0
-15.7907 -0.0
-15.7807 -0.0
-15.7707 -0.0
-15.7607 -0.0
-15.7507 -0.0
-15.7407 -0.0
-15.730699999999999 -0.0
-15.7207 -0.0
-15.7107 -0.0
-15.7007 -0.0
-15.6907 -0.0
-15.6807 -0.0
-15.6707 -0.0
-15.6607 -0.0
-15.6507 -0.0
-15.640699999999999 -0.0
-15.6307 -0.0
-15.6207 -0.0
-15.6107 -0.0
-15.6007 -0.0
-15.5907 -0.0
-15.5807 -0.0
-15.5707 -0.0
-15.5607 -0.0
-15.550699999999999 -0.0
-15.5407 -0.0
-15.5307 -0.0
-15.5207 -0.0
-15.5107 -0.0
-15.5007 -0.0
-15.4907 -0.0
-15.480699999999999 -0.0
-15.4707 -0.0
-15.4607 -0.0
-15.4507 -0.0
-15.4407 -0.0
-15.4307 -0.0
-15.4207 -0.0
-15.4107 -0.0
-15.4007 -0.0
-15.390699999999999 -0.0
-15.3807 -0.0
-15.3707 -0.0
-15.3607 -0.0
-15.3507 -0.0
-15.3407 -0.0
-15.3307 -0.0
-15.3207 -0.0
-15.3107 -0.0
-15.300699999999999 -0.0
-15.2907 -0.0
-15.2807 -0.0
-15.2707 -0.0
-15.2607 -0.0
-15.2507 -0.0
-15.2407 -0.0
-15.230699999999999 -0.0
-15.2207 -0.0
-15.2107 -0.0
-15.2007 -0.0
-15.1907 -0.0
-15.1807 -0.0
-15.1707 -0.0
-15.1607 -0.0
-15.1507 -0.0
-15.140699999999999 -0.0
-15.1307 -0.0
-15.1207 -0.0
-15.1107 -0.0
-15.1007 -0.0
-15.0907 -0.0
-15.0807 -0.0
-15.0707 -0.0
-15.0607 -0.0
-15.050699999999999 -0.0
-15.0407 -0.0
-15.0307 -0.0
-15.0207 -0.0
-15.0107 -0.0
-15.0007 -0.0
-14.9907 -0.0
-14.980699999999999 -0.0
-14.9707 -0.0
-14.9607 -0.0
-14.9507 -0.0
-14.9407 -0.0
-14.9307 -0.0
-14.9207 -0.0
-14.9107 -0.0
-14.9007 -0.0
-14.890699999999999 -0.0
-14.8807 -0.0
-14.8707 -0.0
-14.8607 -0.0
-14.8507 -0.0
-14.8407 -0.0
-14.8307 -0.0
-14.8207 -0.0
-14.8107 -0.0
-14.800699999999999 -0.0
-14.7907 -0.0
-14.7807 -0.0
-14.7707 -0.0
-14.7607 -0.0
-14.7507 -0.0
-14.7407 -0.0
-14.730699999999999 -0.0
-14.7207 -0.0
-14.7107 -0.0
-14.7007 -0.0
-14.6907 -0.0
-14.6807 -0.0
-14.6707 -0.0
-14.6607 -0.0
-14.6507 -0.0
-14.640699999999999 -0.0
-14.6307 -0.0
-14.6207 -0.0
-14.6107 -0.0
-14.6007 -0.0
-14.5907 -0.0
-14.5807 -0.0
-14.5707 -0.0
-14.5607 -0.0
-14.550699999999999 -0.0
-14.5407 -0.0
-14.5307 -0.0
-14.5207 -0.0
-14.5107 -0.0
-14.5007 -0.0
-14.4907 -0.0
-14.4807 -0.0
-14.470699999999999 -0.0
-14.4607 -0.0
-14.4507 -0.0
-14.4407 -0.0
-14.4307 -0.0
-14.4207 -0.0
-14.4107 -0.0
-14.4007 -0.0
-14.390699999999999 -0.0
-14.3807 -0.0
-14.3707 -0.0
-14.3607 -0.0
-14.3507 -0.0
-14.3407 -0.0
-14.3307 -0.0
-14.3207 -0.0
-14.3107 -0.0
-14.300699999999999 -0.0
-14.2907 -0.0
-14.2807 -0.0
-14.2707 -0.0
-14.2607 -0.0
-14.2507 -0.0
-14.2407 -0.0
-14.2307 -0.0
-14.220699999999999 -0.0
-14.2107 -0.0
-14.2007 -0.0
-14.1907 -0.0
-14.1807 -0.0
-14.1707 -0.0
-14.1607 -0.0
-14.1507 -0.0
-14.140699999999999 -0.0
-14.1307 -0.0
-14.1207 -0.0
-14.1107 -0.0
-14.1007 -0.0
-14.0907 -0.0
-14.0807 -0.0
-14.0707 -0.0
-14.0607 -0.0
-14.050699999999999 -0.0
-14.0407 -0.0
-14.0307 -0.0
-14.0207 -0.0
-14.0107 -0.0
-14.0007 -0.0
-13.9907 -0.0
-13.9807 -0.0
-13.970699999999999 -0.0
-13.9607 -0.0
-13.9507 -0.0
-13.9407 -0.0
-13.9307 -0.0
-13.9207 -0.0
-13.9107 -0.0
-13.9007 -0.0
-13.890699999999999 -0.0
-13.8807 -0.0
-13.8707 -0.0
-13.8607 -0.0
-13.8507 -0.0
-13.8407 -0.0
-13.8307 -0.0
-13.8207 -0.0
-13.8107 -0.0
-13.800699999999999 -0.0
-13.7907 -0.0
-13.7807 -0.0
-13.7707 -0.0
-13.7607 -0.0
-13.7507 -0.0
-13.7407 -0.0
-13.7307 -0.0
-13.720699999999999 -0.0
-13.7107 -0.0
-13.7007 -0.0
-13.6907 -0.0
-13.6807 -0.0
-13.6707 -0.0
-13.6607 -0.0
-13.6507 -0.0
-13.640699999999999 -0.0
-13.6307 -0.0
-13.6207 -0.0
-13.6107 -0.0
-13.6007 -0.0
-13.5907 -0.0
-13.5807 -0.0
-13.5707 -0.0
-13.5607 -0.0
-13.550699999999999 -0.0
-13.5407 -0.0
-13.5307 -0.0
-13.5207 -0.0
-13.5107 -0.0
-13.5007 -0.0
-13.4907 -0.0
-13.4807 -0.0
-13.470699999999999 -0.0
-13.4607 -0.0
-13.4507 -0.0
-13.4407 -0.0
-13.4307 -0.0
-13.4207 -0.0
-13.4107 -0.0
-13.4007 -0.0
-13.390699999999999 -0.0
-13.3807 -0.0
-13.3707 -0.0
-13.3607 -0.0
-13.3507 -0.0
-13.3407 -0.0
-13.3307 -0.0
-13.3207 -0.0
-13.3107 -0.0
-13.300699999999999 -0.0
-13.2907 -0.0
-13.2807 -0.0
-13.2707 -0.0
-13.2607 -0.0
-13.2507 -0.0
-13.2407 -0.0
-13.2307 -0.0
-13.220699999999999 -0.0
-13.2107 -0.0
-13.2007 -0.0
-13.1907 -0.0
-13.1807 -0.0
-13.1707 -0.0
-13.1607 -0.0
-13.1507 -0.0
-13.140699999999999 -0.0
-13.1307 -0.0
-13.1207 -0.0
-13.1107 -0.0
-13.1007 -0.0
-13.0907 -0.0
-13.0807 -0.0
-13.0707 -0.0
-13.0607 -0.0
-13.050699999999999 -0.0
-13.0407 -0.0
-13.0307 -0.0
-13.0207 -0.0
-13.0107 -0.0
-13.0007 -0.0
-12.9907 -0.0
-12.9807 -0.0
-12.970699999999999 -0.0
-12.9607 -0.0
-12.9507 -0.0
-12.9407 -0.0
-12.9307 -0.0
-12.9207 -0.0
-12.9107 -0.0
-12.9007 -0.0
-12.890699999999999 -0.0
-12.8807 -0.0
-12.8707 -0.0
-12.8607 -0.0
-12.8507 -0.0
-12.8407 -0.0
-12.8307 -0.0
-12.8207 -0.0
-12.8107 -0.0
-12.800699999999999 -0.0
-12.7907 -0.0
-12.7807 -0.0
-12.7707 -0.0
-12.7607 -8.83137593e-16
-12.7507 -3.442976e-15
-12.7407 -7.155251000000001e-15
-12.7307 -1.802237e-14
-12.720699999999999 -3.8574220000000004e-14
-12.7107 -7.97335e-14
-12.7007 -1.600146e-13
-12.6907 -3.187716e-13
-12.6807 -6.28109e-13
-12.6707 -1.224642e-12
-12.6607 -2.3599229999999996e-12
-12.6507 -4.498583e-12
-12.640699999999999 -8.49639e-12
-12.6307 -1.583899e-11
-12.6207 -2.924488e-11
-12.6107 -5.3371200000000007e-11
-12.6007 -9.65488e-11
-12.5907 -1.7298299999999998e-10
-12.5807 -3.063499e-10
-12.5707 -5.37817e-10
-12.5607 -9.3208e-10
-12.550699999999999 -1.5980290000000004e-09
-12.5407 -2.7145160000000002e-09
-12.5307 -4.568763000000001e-09
-12.5207 -7.610349999999999e-09
-12.5107 -1.2531810000000002e-08
-12.5007 -2.0415670000000003e-08
-12.4907 -3.2969710000000004e-08
-12.480699999999999 -5.25791e-08
-12.4707 -8.3159e-08
-12.4607 -1.300971e-07
-12.4507 -2.014083e-07
-12.4407 -3.091877e-07
-12.4307 -4.6860300000000003e-07
-12.4207 -7.044189999999999e-07
-12.4107 -1.0469519999999998e-06
-12.4007 -1.5408320000000002e-06
-12.390699999999999 -2.244141e-06
-12.3807 -3.241533e-06
-12.3707 -4.62794e-06
-12.3607 -6.53785e-06
-12.3507 -9.15365e-06
-12.3407 -1.267271e-05
-12.3307 -1.7404049999999998e-05
-12.3207 -2.3636219999999997e-05
-12.3107 -3.1827650000000003e-05
-12.300699999999999 -4.228739999999999e-05
-12.2907 -5.59649e-05
-12.2807 -7.30478e-05
-12.2707 -9.46376e-05
-12.2607 -0.00012118860000000001
-12.2507 -0.00015381440000000003
-12.2407 -0.0001934894
-12.230699999999999 -0.0002410455
-12.2207 -0.00029719599999999995
-12.2107 -0.000364339
-12.2007 -0.00044125900000000005
-12.1907 -0.000530352
-12.1807 -0.000631323
-12.1707 -0.000745078
-12.1607 -0.0008723450000000001
-12.1507 -0.001013506
-12.140699999999999 -0.001167513
-12.1307 -0.001333117
-12.1207 -0.0015121119999999997
-12.1107 -0.00170263
-12.1007 -0.00190378
-12.0907 -0.00211408
-12.0807 -0.00233369
-12.0707 -0.00255848
-12.0607 -0.00279328
-12.050699999999999 -0.00303208
-12.0407 -0.00327587
-12.0307 -0.0035245499999999996
-12.0207 -0.0037772099999999996
-12.0107 -0.004036719999999999
-12.0007 -0.0043014099999999994
-11.9907 -0.004575859999999999
-11.980699999999999 -0.00484242
-11.9707 -0.005122839999999999
-11.9607 -0.0054134000000000005
-11.9507 -0.00570789
-11.9407 -0.00601552
-11.9307 -0.006325999999999998
-11.9207 -0.006630700000000001
-11.9107 -0.006949599999999999
-11.9007 -0.0072703
-11.890699999999999 -0.0076040000000000005
-11.8807 -0.0079209
-11.8707 -0.0082386
-11.8607 -0.0085584
-11.8507 -0.008859100000000002
-11.8407 -0.0091667
-11.8307 -0.0094612
-11.8207 -0.0097556
-11.8107 -0.010039800000000002
-11.800699999999999 -0.010283700000000002
-11.7907 -0.010567499999999999
-11.7807 -0.010811300000000001
-11.7707 -0.0110348
-11.7607 -0.0112581
-11.7507 -0.011471499999999999
-11.7407 -0.0116947
-11.730699999999999 -0.011877700000000001
-11.7207 -0.0120706
-11.7107 -0.0122535
-11.7007 -0.012436200000000001
-11.6907 -0.012609099999999998
-11.6807 -0.012781899999999999
-11.6707 -0.0129245
-11.6607 -0.0130871
-11.6507 -0.0132396
-11.640699999999999 -0.013372500000000002
-11.6307 -0.013494800000000001
-11.6207 -0.013627299999999998
-11.6107 -0.0137498
-11.6007 -0.0138725
-11.5907 -0.0139748
-11.5807 -0.014067099999999999
-11.5707 -0.0141696
-11.5607 -0.0142719
-11.550699999999999 -0.014334200000000002
-11.5407 -0.0144068
-11.5307 -0.014459000000000001
-11.5207 -0.0145213
-11.5107 -0.014573599999999999
-11.5007 -0.014615900000000001
-11.4907 -0.014668
-11.480699999999999 -0.0146801
-11.4707 -0.0147022
-11.4607 -0.014744299999999998
-11.4507 -0.0147459
-11.4407 -0.014747699999999999
-11.4307 -0.014719099999999999
-11.4207 -0.014720400000000002
-11.4107 -0.0146914
-11.4007 -0.014662399999999999
-11.390699999999999 -0.014623400000000002
-11.3807 -0.014594
-11.3707 -0.014544499999999998
-11.3607 -0.0144949
-11.3507 -0.014435100000000001
-11.3407 -0.0143952
-11.3307 -0.014345200000000002
-11.3207 -0.014265200000000002
-11.3107 -0.014215
-11.300699999999999 -0.014134599999999999
-11.2907 -0.0140642
-11.2807 -0.0139736
-11.2707 -0.0138728
-11.2607 -0.013781700000000001
-11.2507 -0.0136906
-11.2407 -0.013559199999999999
-11.230699999999999 -0.013417500000000002
-11.2207 -0.013265600000000002
-11.2107 -0.0131235
-11.2007 -0.0129511
-11.1907 -0.012778599999999998
-11.1807 -0.012586
-11.1707 -0.0123932
-11.1607 -0.012210300000000002
-11.1507 -0.012007599999999998
-11.140699999999999 -0.0118048
-11.1307 -0.0116122
-11.1207 -0.0113997
-11.1107 -0.0112274
-11.1007 -0.011045300000000001
-11.0907 -0.0108836
-11.0807 -0.010732100000000001
-11.0707 -0.0105712
-11.0607 -0.0104504
-11.050699999999999 -0.010309699999999998
-11.0407 -0.0102098
-11.0307 -0.0101098
-11.0207 -0.0100299
-11.0107 -0.009947399999999999
-11.0007 -0.0098568
-10.9907 -0.0097891
-10.980699999999999 -0.009714299999999999
-10.9707 -0.0096313
-10.9607 -0.0095309
-10.9507 -0.0094419
-10.9407 -0.0093335
-10.9307 -0.0091965
-10.9207 -0.009029599999999999
-10.9107 -0.008862199999999999
-10.9007 -0.0086449
-10.890699999999999 -0.0084258
-10.8807 -0.0081719
-10.8707 -0.007896199999999999
-10.8607 -0.007595000000000001
-10.8507 -0.0072894
-10.8407 -0.006981
-10.8307 -0.0066417
-10.8207 -0.0063003
-10.8107 -0.005980699999999999
-10.800699999999999 -0.0056483
-10.7907 -0.0053311999999999995
-10.7807 -0.0050317
-10.7707 -0.004743399999999999
-10.7607 -0.004484
-10.7507 -0.0042442
-10.7407 -0.0040269
-10.730699999999999 -0.0038345000000000007
-10.7207 -0.0036627
-10.7107 -0.0035137
-10.7007 -0.0033832000000000003
-10.6907 -0.0032765
-10.6807 -0.0031832
-10.6707 -0.0031086000000000004
-10.6607 -0.0030482999999999994
-10.6507 -0.0029996
-10.640699999999999 -0.0029613
-10.6307 -0.0029352000000000002
-10.6207 -0.0029132999999999997
-10.6107 -0.0028979
-10.6007 -0.0028862999999999996
-10.5907 -0.0028768000000000005
-10.5807 -0.0028691999999999997
-10.5707 -0.0028583999999999997
-10.5607 -0.0028466
-10.550699999999999 -0.0028274
-10.5407 -0.0028039000000000002
-10.5307 -0.0027697000000000004
-10.5207 -0.0027273
-10.5107 -0.002672
-10.5007 -0.0026084
-10.4907 -0.002529
-10.480699999999999 -0.0024392
-10.4707 -0.00233989
-10.4607 -0.0022280899999999994
-10.4507 -0.0021107400000000003
-10.4407 -0.0019849499999999996
-10.4307 -0.0018541399999999998
-10.4207 -0.0017200199999999998
-10.4107 -0.0015847600000000002
-10.4007 -0.00145051
-10.390699999999999 -0.00132253
-10.3807 -0.00119774
-10.3707 -0.00108009
-10.3607 -0.0009696199999999999
-10.3507 -0.0008693
-10.3407 -0.0007768500000000002
-10.3307 -0.0006941
-10.3207 -0.00062117
-10.3107 -0.0005576699999999999
-10.300699999999999 -0.00050316
-10.2907 -0.00045624
-10.2807 -0.00041659
-10.2707 -0.0003819699999999999
-10.2607 -0.00035312
-10.2507 -0.00032815000000000003
-10.2407 -0.00030645
-10.230699999999999 -0.00028713
-10.2207 -0.00026983
-10.2107 -0.00025345
-10.2007 -0.00023806999999999995
-10.1907 -0.00022297000000000001
-10.1807 -0.00020812
-10.1707 -0.00019337
-10.1607 -0.00017867000000000002
-10.1507 -0.00016404999999999998
-10.140699999999999 -0.00014954
-10.1307 -0.00013562
-10.1207 -0.00012190000000000001
-10.1107 -0.00010880900000000001
-10.1007 -9.616e-05
-10.0907 -8.424399999999999e-05
-10.0807 -7.325e-05
-10.0707 -6.313799999999999e-05
-10.0607 -5.3973999999999995e-05
-10.050699999999999 -4.5674999999999985e-05
-10.0407 -3.8331e-05
-10.0307 -3.1912e-05
-10.0207 -2.6306e-05
-10.0107 -2.1481e-05
-10.0007 -1.738e-05
-9.9907 -1.3952999999999998e-05
-9.980699999999999 -1.1076e-05
-9.9707 -8.7165e-06
-9.9607 -6.801200000000001e-06
-9.9507 -5.251300000000001e-06
-9.9407 -4.0192e-06
-9.9307 -3.0509e-06
-9.9207 -2.2967999999999998e-06
-9.9107 -1.72e-06
-9.9007 -1.2902e-06
-9.890699999999999 -9.8298e-07
-9.8807 -7.777400000000001e-07
-9.8707 -6.7091e-07
-9.8607 -6.6553e-07
-9.8507 -7.770800000000001e-07
-9.8407 -1.0413599999999998e-06
-9.8307 -1.5191400000000002e-06
-9.8207 -2.3002799999999997e-06
-9.8107 -3.54221e-06
-9.800699999999999 -5.443980000000001e-06
-9.7907 -8.32794e-06
-9.7807 -1.26109e-05
-9.7707 -1.895766e-05
-9.7607 -2.8114039999999998e-05
-9.7507 -4.1412220000000004e-05
-9.7407 -6.023420000000001e-05
-9.730699999999999 -8.675160000000001e-05
-9.7207 -0.0001238358
-9.7107 -0.0001746884
-9.7007 -0.000244048
-9.6907 -0.00033732170000000004
-9.6807 -0.00046119860000000005
-9.6707 -0.0006244750000000001
-9.6607 -0.000837831
-9.6507 -0.001111737
-9.640699999999999 -0.001460355
-9.6307 -0.0019043990000000002
-9.6207 -0.00244273
-9.6107 -0.0031184020000000006
-9.6007 -0.003938427
-9.5907 -0.0049220489999999995
-9.5807 -0.00609191
-9.570699999999999 -0.00746444
-9.5607 -0.009046189999999999
-9.550699999999999 -0.01089179
-9.540700000000001 -0.012966520000000002
-9.5307 -0.01529379
-9.5207 -0.017876200000000002
-9.5107 -0.020684129999999995
-9.5007 -0.0237383
-9.4907 -0.02701279
-9.480699999999999 -0.03052399
-9.4707 -0.03415171
-9.4607 -0.03787153
-9.4507 -0.041663740000000005
-9.4407 -0.04546854
-9.4307 -0.049341319999999994
-9.4207 -0.05306977
-9.410699999999999 -0.05678419
-9.4007 -0.06035657
-9.390699999999999 -0.06382792
-9.380700000000001 -0.06705422999999999
-9.3707 -0.07023451000000001
-9.3607 -0.07330876
-9.3507 -0.076096
-9.3407 -0.0790122
-9.3307 -0.0816325
-9.320699999999999 -0.08447470000000001
-9.3107 -0.08732699999999999
-9.300699999999999 -0.09011330000000001
-9.290700000000001 -0.09303270000000001
-9.2807 -0.0960881
-9.2707 -0.09929160000000001
-9.2607 -0.1028082
-9.2507 -0.1060678
-9.2407 -0.1095355
-9.230699999999999 -0.1130302
-9.2207 -0.116483
-9.2107 -0.11971879999999997
-9.2007 -0.12273559999999999
-9.1907 -0.12555339999999998
-9.1807 -0.1278462
-9.1707 -0.1298389
-9.160699999999999 -0.1311445
-9.1507 -0.13170210000000002
-9.140699999999999 -0.1317996
-9.130700000000001 -0.13123799999999997
-9.1207 -0.1301242
-9.1107 -0.1284714
-9.1007 -0.12629949999999998
-9.0907 -0.12375849999999998
-9.0807 -0.12073249999999999
-9.070699999999999 -0.11764840000000003
-9.0607 -0.11445219999999999
-9.050699999999999 -0.11114800000000001
-9.040700000000001 -0.10811789999999999
-9.0307 -0.10505180000000001
-9.0207 -0.10227170000000001
-9.0107 -0.09959959999999998
-9.0007 -0.0974247
-8.9907 -0.0953888
-8.980699999999999 -0.093611
-8.9707 -0.0923113
-8.9607 -0.09127180000000001
-8.9507 -0.09028830000000002
-8.9407 -0.089674
-8.9307 -0.08909279999999999
-8.9207 -0.0886537
-8.910699999999999 -0.0884637
-8.9007 -0.0883798
-8.890699999999999 -0.088203
-8.880700000000001 -0.0882293
-8.8707 -0.0884617
-8.8607 -0.08839709999999999
-8.8507 -0.0885336
-8.8407 -0.088773
-8.8307 -0.0891125
-8.820699999999999 -0.08935599999999998
-8.8107 -0.0896954
-8.800699999999999 -0.09014170000000002
-8.790700000000001 -0.090478
-8.7807 -0.0906261
-8.7707 -0.0910642
-8.7607 -0.0914922
-8.7507 -0.0917321
-8.7407 -0.0920709
-8.730699999999999 -0.0924016
-8.7207 -0.0927413
-8.7107 -0.09296990000000002
-8.7007 -0.0933005
-8.6907 -0.09343
-8.6807 -0.09376960000000002
-8.6707 -0.09399820000000002
-8.660699999999999 -0.0942359
-8.6507 -0.0943626
-8.640699999999999 -0.0945993
-8.630700000000001 -0.0947231
-8.6207 -0.094756
-8.6107 -0.09468489999999999
-8.6007 -0.09460270000000001
-8.5907 -0.09441659999999999
-8.5807 -0.09402639999999998
-8.570699999999999 -0.09363219999999998
-8.5607 -0.09302490000000001
-8.550699999999999 -0.09211250000000001
-8.540700000000001 -0.09129600000000002
-8.5307 -0.0902633
-8.5207 -0.08901840000000001
-8.5107 -0.0878694
-8.5007 -0.0864152
-8.4907 -0.0850478
-8.480699999999999 -0.08336919999999999
-8.4707 -0.08178540000000001
-8.4607 -0.08000050000000002
-8.4507 -0.0783934
-8.4407 -0.07649619999999999
-8.4307 -0.07479789999999999
-8.4207 -0.07301950000000001
-8.410699999999999 -0.07135
-8.4007 -0.0696115
-8.390699999999999 -0.0678749
-8.380700000000001 -0.06635940000000001
-8.3707 -0.0648549
-8.3607 -0.06347449999999999
-8.3507 -0.0620173
-8.3407 -0.060873199999999995
-8.3307 -0.05993419999999999
-8.320699999999999 -0.0589656
-8.3107 -0.058405200000000004
-8.300699999999999 -0.058042100000000006
-8.290700000000001 -0.057928499999999994
-8.2807 -0.05806920000000001
-8.2707 -0.058671499999999994
-8.2607 -0.0594842
-8.2507 -0.0607965
-8.2407 -0.0625094
-8.230699999999999 -0.06457379999999999
-8.2207 -0.0670589
-8.2107 -0.0699456
-8.2007 -0.0733539
-8.1907 -0.0769018
-8.1807 -0.08110130000000002
-8.1707 -0.0854172
-8.160699999999999 -0.09027070000000001
-8.1507 -0.095175
-8.140699999999999 -0.10047400000000001
-8.130700000000001 -0.105917
-8.1207 -0.111409
-8.1107 -0.117013
-8.1007 -0.12274800000000001
-8.0907 -0.128388
-8.0807 -0.133925
-8.070699999999999 -0.139353
-8.0607 -0.144438
-8.050699999999999 -0.14928899999999998
-8.040700000000001 -0.153783
-8.0307 -0.15775799999999998
-8.0207 -0.161093
-8.0107 -0.163767
-8.0007 -0.16579400000000002
-7.9906999999999995 -0.16706600000000002
-7.9807 -0.167574
-7.9707 -0.167125
-7.9607 -0.166039
-7.950699999999999 -0.164078
-7.9407 -0.161404
-7.9307 -0.15828899999999999
-7.9207 -0.15490600000000002
-7.910699999999999 -0.15123899999999998
-7.9007 -0.14776099999999998
-7.8907 -0.144346
-7.8807 -0.141597
-7.870699999999999 -0.139449
-7.8607 -0.138227
-7.8507 -0.137873
-7.8407 -0.138769
-7.8307 -0.14094800000000002
-7.8206999999999995 -0.14438700000000002
-7.8107 -0.14920999999999998
-7.8007 -0.155024
-7.7907 -0.162027
-7.7806999999999995 -0.170094
-7.7707 -0.17851799999999998
-7.7607 -0.187689
-7.7507 -0.19690500000000005
-7.7406999999999995 -0.20632099999999998
-7.7307 -0.21520799999999998
-7.7207 -0.223319
-7.7107 -0.230914
-7.700699999999999 -0.23737
-7.6907 -0.24291700000000002
-7.6807 -0.246822
-7.6707 -0.249585
-7.660699999999999 -0.250826
-7.6507 -0.250834
-7.6407 -0.249703
-7.6307 -0.24726100000000004
-7.620699999999999 -0.24398
-7.6107 -0.239784
-7.6007 -0.23527299999999998
-7.5907 -0.230367
-7.5807 -0.225352
-7.5706999999999995 -0.22073899999999996
-7.5607 -0.21654900000000002
-7.5507 -0.212974
-7.5407 -0.210606
-7.5306999999999995 -0.209378
-7.5207 -0.209389
-7.5107 -0.21093099999999998
-7.5007 -0.213906
-7.4906999999999995 -0.218522
-7.4807 -0.22486999999999996
-7.4707 -0.232561
-7.4607 -0.24178499999999997
-7.450699999999999 -0.252129
-7.4407 -0.263512
-7.4307 -0.275713
-7.4207 -0.288517
-7.410699999999999 -0.30121899999999996
-7.4007 -0.31393400000000005
-7.3907 -0.325932
-7.3807 -0.33740299999999995
-7.370699999999999 -0.34835800000000006
-7.3607 -0.356491
-7.3507 -0.36405200000000004
-7.3407 -0.36989
-7.3307 -0.373896
-7.3206999999999995 -0.37584800000000007
-7.3107 -0.376049
-7.3007 -0.37432699999999997
-7.2907 -0.371054
-7.2806999999999995 -0.3670590000000001
-7.2707 -0.36215400000000003
-7.2607 -0.3563099999999999
-7.2507 -0.350375
-7.2406999999999995 -0.344542
-7.2307 -0.338811
-7.2207 -0.3338920000000001
-7.2107 -0.32979499999999995
-7.200699999999999 -0.32661999999999997
-7.1907 -0.32488799999999995
-7.1807 -0.32407800000000003
-7.1707 -0.32510000000000006
-7.160699999999999 -0.327474
-7.1507 -0.33107000000000003
-7.1407 -0.336307
-7.1307 -0.342475
-7.120699999999999 -0.35046299999999997
-7.1107 -0.359192
-7.1007 -0.368741
-7.0907 -0.37889999999999996
-7.0807 -0.38946899999999995
-7.0706999999999995 -0.40056800000000004
-7.0607 -0.41205600000000003
-7.0507 -0.423455
-7.0407 -0.43504399999999993
-7.0306999999999995 -0.445823
-7.0207 -0.45650199999999996
-7.0107 -0.465762
-7.0007 -0.474862
-6.9906999999999995 -0.482453
-6.9807 -0.48892300000000005
-6.9707 -0.49443400000000004
-6.9607 -0.4976350000000001
-6.950699999999999 -0.500066
-6.9407 -0.499467
-6.9307 -0.49840700000000004
-6.9207 -0.49561999999999995
-6.910699999999999 -0.49089
-6.9007 -0.48540000000000005
-6.8907 -0.47768
-6.8807 -0.46864
-6.870699999999999 -0.46025
-6.8607 -0.44975999999999994
-6.8507 -0.43925
-6.8407 -0.42752
-6.8307 -0.41689999999999994
-6.8206999999999995 -0.40616399999999997
-6.8107 -0.395743
-6.8007 -0.385434
-6.7907 -0.37633
-6.7806999999999995 -0.367355
-6.7707 -0.358985
-6.7607 -0.35153199999999996
-6.7507 -0.34460500000000005
-6.7406999999999995 -0.337486
-6.7307 -0.331993
-6.7207 -0.32711700000000005
-6.7107 -0.32174
-6.700699999999999 -0.31698899999999997
-6.6907 -0.312548
-6.6807 -0.308325
-6.6707 -0.30399000000000004
-6.660699999999999 -0.299983
-6.6507 -0.296275
-6.6407 -0.292485
-6.6307 -0.289106
-6.620699999999999 -0.285734
-6.6107 -0.28296000000000004
-6.6007 -0.280213
-6.5907 -0.278162
-6.5807 -0.276438
-6.5706999999999995 -0.27512400000000004
-6.5607 -0.27441400000000005
-6.5507 -0.274236
-6.5407 -0.27454599999999996
-6.5306999999999995 -0.27508499999999997
-6.5207 -0.276211
-6.5107 -0.277661
-6.5007 -0.279217
-6.4906999999999995 -0.28097
-6.4807 -0.282825
-6.4707 -0.28478400000000004
-6.4607 -0.28652500000000003
-6.450699999999999 -0.28808
-6.4407 -0.289126
-6.4307 -0.290152
-6.4207 -0.29066000000000003
-6.410699999999999 -0.29086900000000004
-6.4007 -0.290666
-6.3907 -0.289864
-6.3807 -0.28873000000000004
-6.370699999999999 -0.28709700000000005
-6.3607 -0.28504199999999996
-6.3507 -0.282686
-6.3407 -0.279819
-6.3307 -0.276542
-6.3206999999999995 -0.27305399999999996
-6.3107 -0.26916500000000004
-6.3007 -0.265167
-6.2907 -0.260758
-6.2806999999999995 -0.25605900000000004
-6.2707 -0.25145
-6.2607 -0.246432
-6.2507 -0.24172500000000002
-6.2406999999999995 -0.23690899999999998
-6.2307 -0.231915
-6.2207 -0.22721400000000003
-6.2107 -0.22252000000000005
-6.200699999999999 -0.21793099999999999
-6.1907 -0.21375700000000003
-6.1807 -0.209576
-6.1707 -0.20550799999999997
-6.160699999999999 -0.202056
-6.1507 -0.198598
-6.1407 -0.195656
-6.1307 -0.192816
-6.120699999999999 -0.19039099999999998
-6.1107 -0.18816999999999995
-6.1007 -0.186452
-6.0907 -0.184739
-6.0807 -0.183638
-6.0706999999999995 -0.18252999999999997
-6.0607 -0.18163499999999996
-6.0507 -0.181141
-6.0407 -0.180649
-6.0306999999999995 -0.18016
-6.0207 -0.17997900000000003
-6.0107 -0.17978900000000003
-6.0007 -0.179498
-5.9906999999999995 -0.17910500000000001
-5.9807 -0.17891200000000002
-5.9707 -0.178506
-5.9607 -0.178207
-5.950699999999999 -0.177506
-5.9407 -0.17689
-5.9307 -0.17577199999999998
-5.9207 -0.174751
-5.910699999999999 -0.17372400000000002
-5.9007 -0.17249799999999998
-5.8907 -0.170966
-5.8807 -0.16942200000000002
-5.870699999999999 -0.16797699999999996
-5.8607 -0.16624
-5.8507 -0.16418999999999997
-5.8407 -0.16233799999999998
-5.8307 -0.16020500000000001
-5.8206999999999995 -0.15810200000000002
-5.8107 -0.15583600000000003
-5.8007 -0.153692
-5.7907 -0.15138600000000002
-5.7806999999999995 -0.14889999999999998
-5.7707 -0.14644400000000002
-5.7607 -0.14400900000000003
-5.7507 -0.14168399999999998
-5.7406999999999995 -0.139292
-5.7307 -0.137011
-5.7207 -0.13486199999999998
-5.7107 -0.132923
-5.700699999999999 -0.131209
-5.6907 -0.12931700000000002
-5.6807 -0.127958
-5.6707 -0.126703
-5.660699999999999 -0.125679
-5.6507 -0.12477000000000002
-5.6407 -0.12416199999999997
-5.6307 -0.12368799999999999
-5.620699999999999 -0.123225
-5.6107 -0.12296100000000001
-5.6007 -0.12281099999999998
-5.5907 -0.12256
-5.5807 -0.122398
-5.5707 -0.122081
-5.560700000000001 -0.12196099999999999
-5.550699999999999 -0.12143700000000002
-5.540699999999999 -0.12101
-5.5306999999999995 -0.12047899999999999
-5.5207 -0.119747
-5.5107 -0.11900899999999999
-5.5007 -0.11826900000000003
-5.4907 -0.11732699999999999
-5.480700000000001 -0.11638600000000002
-5.470699999999999 -0.11544200000000002
-5.460699999999999 -0.11470000000000001
-5.450699999999999 -0.114059
-5.4407 -0.11311999999999997
-5.4307 -0.11258399999999999
-5.4207 -0.11215
-5.4107 -0.111822
-5.4007000000000005 -0.11169699999999999
-5.390699999999999 -0.11157600000000002
-5.380699999999999 -0.11185999999999999
-5.370699999999999 -0.112347
-5.3607 -0.11273799999999999
-5.3507 -0.11323300000000001
-5.3407 -0.114033
-5.3307 -0.11493400000000001
-5.3207 -0.115738
-5.310700000000001 -0.116646
-5.300699999999999 -0.11765399999999998
-5.290699999999999 -0.118664
-5.2806999999999995 -0.11947700000000003
-5.2707 -0.120391
-5.2607 -0.12120499999999998
-5.2507 -0.12191999999999999
-5.2407 -0.122535
-5.230700000000001 -0.12315099999999998
-5.220699999999999 -0.12346700000000001
-5.210699999999999 -0.12378100000000002
-5.200699999999999 -0.12409500000000001
-5.1907 -0.123809
-5.1807 -0.12382
-5.1707 -0.12353
-5.1607 -0.122837
-5.1507000000000005 -0.12234099999999999
-5.140699999999999 -0.121442
-5.130699999999999 -0.12043999999999999
-5.120699999999999 -0.11913399999999999
-5.1107 -0.117824
-5.1007 -0.11621199999999998
-5.0907 -0.11449500000000003
-5.0807 -0.112875
-5.0707 -0.110953
-5.060700000000001 -0.109028
-5.050699999999999 -0.107101
-5.040699999999999 -0.105073
-5.0306999999999995 -0.103145
-5.0207 -0.10111500000000001
-5.0107 -0.099286
-5.0007 -0.097558
-4.9907 -0.095632
-4.980700000000001 -0.094025
-4.970699999999999 -0.092681
-4.960699999999999 -0.091046
-4.950699999999999 -0.08977399999999999
-4.9407 -0.088475
-4.9307 -0.08732599999999999
-4.9207 -0.08632799999999999
-4.9107 -0.08539199999999998
-4.9007000000000005 -0.084507
-4.890699999999999 -0.08369200000000002
-4.880699999999999 -0.08299899999999999
-4.870699999999999 -0.08236700000000001
-4.8607 -0.081874
-4.8507 -0.081424
-4.8407 -0.08099300000000001
-4.8307 -0.080692
-4.8207 -0.080345
-4.810700000000001 -0.08035500000000001
-4.800699999999999 -0.08017800000000001
-4.790699999999999 -0.080289
-4.7806999999999995 -0.08021400000000001
-4.7707 -0.080226
-4.7607 -0.08044
-4.7507 -0.080644
-4.7407 -0.080838
-4.730700000000001 -0.08093099999999999
-4.720699999999999 -0.08121400000000001
-4.710699999999999 -0.08118600000000001
-4.700699999999999 -0.08124799999999999
-4.6907 -0.08129900000000001
-4.6807 -0.081246
-4.6707 -0.08108499999999999
-4.6607 -0.080921
-4.6507000000000005 -0.08055899999999999
-4.640699999999999 -0.080394
-4.630699999999999 -0.079738
-4.620699999999999 -0.07938200000000001
-4.6107 -0.078824
-4.6007 -0.07818800000000001
-4.5907 -0.07764
-4.5807 -0.07691499999999998
-4.5707 -0.076388
-4.560700000000001 -0.075573
-4.550699999999999 -0.07505800000000001
-4.540699999999999 -0.07445399999999999
-4.5306999999999995 -0.07374
-4.5207 -0.073239
-4.5107 -0.072638
-4.5007 -0.072036
-4.4907 -0.07148600000000001
-4.480700000000001 -0.070936
-4.470699999999999 -0.07039699999999999
-4.460699999999999 -0.06993899999999999
-4.450699999999999 -0.06948099999999999
-4.4407 -0.06893200000000001
-4.4307 -0.068355
-4.4207 -0.06798799999999999
-4.4107 -0.067413
-4.4007000000000005 -0.066867
-4.390699999999999 -0.06631
-4.380699999999999 -0.065864
-4.370699999999999 -0.06532
-4.3607 -0.064893
-4.3507 -0.064279
-4.3407 -0.063865
-4.3307 -0.06326999999999999
-4.3207 -0.062875
-4.310700000000001 -0.062301
-4.300699999999999 -0.061825000000000005
-4.290699999999999 -0.061260999999999996
-4.2806999999999995 -0.060764
-4.2707 -0.060299000000000005
-4.2607 -0.05982899999999999
-4.2507 -0.05923099999999999
-4.2407 -0.0586
-4.230700000000001 -0.057939000000000004
-4.220699999999999 -0.057156
-4.210699999999999 -0.05655
-4.200699999999999 -0.05569299999999999
-4.1907 -0.05493400000000001
-4.1807 -0.054145
-4.1707 -0.053346
-4.1607 -0.052544
-4.1507000000000005 -0.051633
-4.140699999999999 -0.050929999999999996
-4.130699999999999 -0.05014700000000001
-4.120699999999999 -0.049426
-4.1107 -0.048734
-4.1007 -0.04819399999999999
-4.0907 -0.047694999999999994
-4.0807 -0.047276
-4.0707 -0.046929
-4.060700000000001 -0.04656299999999999
-4.050699999999999 -0.046381
-4.040699999999999 -0.046277
-4.0306999999999995 -0.046247
-4.0207 -0.046176999999999996
-4.0107 -0.046189
-4.0007 -0.046241000000000004
-3.9907000000000004 -0.046346
-3.9807000000000006 -0.046391
-3.970699999999999 -0.046477
-3.960699999999999 -0.046604
-3.9506999999999994 -0.046632
-3.9406999999999996 -0.046693
-3.9307 -0.046772
-3.9207 -0.046865000000000004
-3.9107000000000003 -0.046977
-3.9007000000000005 -0.047121
-3.890699999999999 -0.047185000000000005
-3.880699999999999 -0.047362
-3.8706999999999994 -0.04758899999999999
-3.8606999999999996 -0.04781700000000001
-3.8507 -0.04807600000000001
-3.8407 -0.048416
-3.8307 -0.048808000000000004
-3.8207000000000004 -0.049280000000000004
-3.8107000000000006 -0.04980199999999999
-3.800699999999999 -0.050423
-3.7906999999999993 -0.050985
-3.7806999999999995 -0.051606
-3.7706999999999997 -0.052298
-3.7607 -0.053027000000000005
-3.7507 -0.053706000000000004
-3.7407000000000004 -0.054445
-3.7307000000000006 -0.05509000000000001
-3.720699999999999 -0.055734
-3.710699999999999 -0.056386
-3.7006999999999994 -0.056824999999999994
-3.6906999999999996 -0.057444999999999996
-3.6807 -0.057830000000000006
-3.6707 -0.05805400000000001
-3.6607000000000003 -0.058266
-3.6507000000000005 -0.05838600000000001
-3.640699999999999 -0.058374999999999996
-3.630699999999999 -0.05826099999999999
-3.6206999999999994 -0.057907
-3.6106999999999996 -0.057559
-3.6007 -0.057052000000000005
-3.5907 -0.056463
-3.5807 -0.055723999999999996
-3.5707000000000004 -0.05470200000000001
-3.5607000000000006 -0.05375
-3.550699999999999 -0.052698999999999996
-3.5406999999999993 -0.051594999999999995
-3.5306999999999995 -0.05036199999999999
-3.5206999999999997 -0.04909799999999999
-3.5107 -0.047735
-3.5007 -0.046361000000000006
-3.4907000000000004 -0.044995999999999994
-3.4807000000000006 -0.043662000000000006
-3.470699999999999 -0.042249999999999996
-3.460699999999999 -0.040986000000000015
-3.4506999999999994 -0.039655
-3.4406999999999996 -0.038384
-3.4307 -0.0371817
-3.4207 -0.0360222
-3.4107000000000003 -0.0349223
-3.4007000000000005 -0.0339256
-3.390699999999999 -0.032978299999999995
-3.380699999999999 -0.032101199999999996
-3.3706999999999994 -0.0313166
-3.3606999999999996 -0.030583300000000004
-3.3507 -0.0299496
-3.3407 -0.029377099999999996
-3.3307 -0.02886600000000001
-3.3207000000000004 -0.0284063
-3.3107000000000006 -0.0280268
-3.300699999999999 -0.027678300000000003
-3.2906999999999993 -0.027389399999999998
-3.2806999999999995 -0.0271523
-3.2706999999999997 -0.026935999999999995
-3.2607 -0.0267593
-3.2507 -0.0266145
-3.2407000000000004 -0.026509400000000006
-3.2307000000000006 -0.026425900000000002
-3.220699999999999 -0.026373000000000004
-3.210699999999999 -0.026360900000000003
-3.2006999999999994 -0.0263504
-3.1906999999999996 -0.026378500000000006
-3.1807 -0.0264192
-3.1707 -0.026480500000000004
-3.1607000000000003 -0.0265725
-3.1507000000000005 -0.0266549
-3.140699999999999 -0.026758900000000002
-3.130699999999999 -0.026892600000000003
-3.1206999999999994 -0.027027499999999996
-3.1106999999999996 -0.027173
-3.1007 -0.027347900000000005
-3.0907 -0.027514200000000003
-3.0807 -0.0276807
-3.0707000000000004 -0.027856499999999996
-3.0607000000000006 -0.028063599999999998
-3.050699999999999 -0.0282588
-3.0406999999999993 -0.0284446
-3.0306999999999995 -0.028619499999999996
-3.0206999999999997 -0.0287654
-3.0107 -0.028899099999999997
-3.0007 -0.028991799999999998
-2.9907000000000004 -0.0290732
-2.9807000000000006 -0.0289934
-2.970699999999999 -0.029021400000000003
-2.960699999999999 -0.0289182
-2.9506999999999994 -0.0286736
-2.9406999999999996 -0.028396
-2.9307 -0.028097
-2.9207 -0.0276671
-2.9107000000000003 -0.027213799999999996
-2.9007000000000005 -0.026730699999999996
-2.890699999999999 -0.0261574
-2.880699999999999 -0.0255823
-2.8706999999999994 -0.024988399999999997
-2.8606999999999996 -0.0243827
-2.8507 -0.023818199999999998
-2.8407 -0.023295500000000004
-2.8307 -0.0228046
-2.8207000000000004 -0.022404300000000002
-2.8107000000000006 -0.022056100000000002
-2.800699999999999 -0.021819599999999998
-2.7906999999999993 -0.0216564
-2.7806999999999995 -0.021595200000000002
-2.7706999999999997 -0.021626
-2.7607 -0.02176
-2.7507 -0.021985000000000005
-2.7407000000000004 -0.022292900000000004
-2.7307000000000006 -0.022671599999999997
-2.720699999999999 -0.023113199999999993
-2.710699999999999 -0.023615399999999995
-2.7006999999999994 -0.024148800000000005
-2.6906999999999996 -0.0247222
-2.6807 -0.0252966
-2.6707 -0.0258511
-2.6607000000000003 -0.0264046
-2.6507000000000005 -0.0269379
-2.640699999999999 -0.027429099999999998
-2.630699999999999 -0.027858900000000002
-2.6206999999999994 -0.028259600000000003
-2.6106999999999996 -0.028597900000000002
-2.6007 -0.028903899999999996
-2.5907 -0.029139500000000002
-2.5807 -0.0293244
-2.5707000000000004 -0.029486600000000005
-2.5607000000000006 -0.029588299999999998
-2.550699999999999 -0.0296387
-2.5406999999999993 -0.0296987
-2.5306999999999995 -0.0297174
-2.5206999999999997 -0.029697099999999994
-2.5107 -0.0296644
-2.5007 -0.029613
-2.4907000000000004 -0.0295415
-2.4807000000000006 -0.0294402
-2.470699999999999 -0.0293381
-2.460699999999999 -0.029198400000000003
-2.4506999999999994 -0.0290169
-2.4406999999999996 -0.028827600000000002
-2.4307 -0.028617899999999995
-2.4207 -0.028368400000000002
-2.4107000000000003 -0.0280892
-2.4007000000000005 -0.027770299999999998
-2.390699999999999 -0.027432100000000004
-2.380699999999999 -0.0270745
-2.3706999999999994 -0.0266853
-2.3606999999999996 -0.026286299999999995
-2.3507 -0.025879299999999997
-2.3407 -0.0254391
-2.3307 -0.025001
-2.3207000000000004 -0.0245819
-2.3107000000000006 -0.024131
-2.300699999999999 -0.0236911
-2.2906999999999993 -0.0232382
-2.2806999999999995 -0.022777400000000003
-2.2706999999999997 -0.022303600000000003
-2.2607 -0.021860899999999996
-2.2507 -0.0213951
-2.2407000000000004 -0.020909399999999998
-2.2307000000000006 -0.020442600000000002
-2.220699999999999 -0.0199447
-2.210699999999999 -0.019457
-2.2006999999999994 -0.018969
-2.1906999999999996 -0.018490999999999997
-2.1807 -0.0180019
-2.1707 -0.0175127
-2.1607000000000003 -0.0170545
-2.1507000000000005 -0.016596299999999998
-2.140699999999999 -0.016157400000000002
-2.130699999999999 -0.015748900000000003
-2.1206999999999994 -0.015331699999999998
-2.1106999999999996 -0.0149547
-2.1007 -0.014587899999999999
-2.0907 -0.014240300000000001
-2.0807 -0.0138929
-2.0707000000000004 -0.013565799999999998
-2.0607000000000006 -0.0132287
-2.050699999999999 -0.012908600000000001
-2.0406999999999993 -0.012568600000000001
-2.0306999999999995 -0.0122485
-2.0206999999999997 -0.0119083
-2.0107 -0.0115371
-2.0007 -0.011164700000000001
-1.9907000000000004 -0.0107923
-1.9807000000000006 -0.010399899999999998
-1.970699999999999 -0.009996500000000002
-1.9606999999999992 -0.0096
-1.9506999999999994 -0.0092067
-1.9406999999999996 -0.00879947
-1.9306999999999999 -0.00842961
-1.9207 -0.00805814
-1.9107000000000003 -0.00771325
-1.9007000000000005 -0.00739714
-1.890699999999999 -0.00709881
-1.8806999999999992 -0.006846670000000001
-1.8706999999999994 -0.0066079
-1.8606999999999996 -0.006422109999999999
-1.8506999999999998 -0.0062476699999999994
-1.8407 -0.0061163
-1.8307000000000002 -0.00598377
-1.8207000000000004 -0.00589138
-1.8107000000000006 -0.005805520000000001
-1.800699999999999 -0.00573417
-1.7906999999999993 -0.005677229999999999
-1.7806999999999995 -0.0056053000000000006
-1.7706999999999997 -0.00553325
-1.7607 -0.005441979999999999
-1.7507000000000001 -0.00534699
-1.7407000000000004 -0.00522667
-1.7307000000000006 -0.00509162
-1.720699999999999 -0.00492984
-1.7106999999999992 -0.0047401200000000004
-1.7006999999999994 -0.00453376
-1.6906999999999996 -0.00431968
-1.6806999999999999 -0.004080970000000001
-1.6707 -0.0038238400000000002
-1.6607000000000003 -0.00355743
-1.6507000000000005 -0.0032955799999999998
-1.640699999999999 -0.0030218200000000006
-1.6306999999999992 -0.0027520500000000002
-1.6206999999999994 -0.0024845600000000002
-1.6106999999999996 -0.00222626
-1.6006999999999998 -0.00197919
-1.5907 -0.0017437100000000003
-1.5807000000000002 -0.0015258
-1.5707000000000004 -0.00132286
-1.5607000000000006 -0.0011372600000000002
-1.550699999999999 -0.0009704499999999999
-1.5406999999999993 -0.0008196220000000001
-1.5306999999999995 -0.000687722
-1.5206999999999997 -0.000571441
-1.5107 -0.00047089699999999996
-1.5007000000000001 -0.00038437599999999997
-1.4907000000000004 -0.00031090800000000004
-1.4807000000000006 -0.00024923299999999996
-1.470699999999999 -0.00019814200000000003
-1.4606999999999992 -0.000155948
-1.4506999999999994 -0.000121801
-1.4406999999999996 -9.4026e-05
-1.4306999999999999 -7.211670000000001e-05
-1.4207 -5.46037e-05
-1.4107000000000003 -4.1066600000000004e-05
-1.4007000000000005 -3.05502e-05
-1.390699999999999 -2.25051e-05
-1.3806999999999992 -1.6442000000000003e-05
-1.3706999999999994 -1.18812e-05
-1.3606999999999996 -8.50886e-06
-1.3506999999999998 -6.020519999999999e-06
-1.3407 -4.23058e-06
-1.3307000000000002 -2.9358e-06
-1.3207000000000004 -2.01848e-06
-1.3107000000000006 -1.3747099999999998e-06
-1.300699999999999 -9.266e-07
-1.2906999999999993 -6.18229e-07
-1.2806999999999995 -4.07473e-07
-1.2706999999999997 -2.66587e-07
-1.2607 -1.72454e-07
-1.2507000000000001 -1.10369e-07
-1.2407000000000004 -6.99191e-08
-1.2307000000000006 -4.3821e-08
-1.220699999999999 -2.72152e-08
-1.2106999999999992 -1.6713099999999998e-08
-1.2006999999999994 -1.01533e-08
-1.1906999999999996 -6.10453e-09
-1.1806999999999999 -3.6335399999999994e-09
-1.1707 -2.13965e-09
-1.1607000000000003 -1.24643e-09
-1.1507000000000005 -7.18181e-10
-1.140699999999999 -4.09757e-10
-1.1306999999999992 -2.3143999999999998e-10
-1.1206999999999994 -1.29257e-10
-1.1106999999999996 -7.143530000000001e-11
-1.1006999999999998 -3.9013e-11
-1.0907 -2.1131799999999998e-11
-1.0807000000000002 -1.13113e-11
-1.0707000000000004 -5.99212e-12
-1.0607000000000006 -3.13557e-12
-1.050699999999999 -1.62072e-12
-1.0406999999999993 -8.308269999999999e-13
-1.0306999999999995 -4.22049e-13
-1.0206999999999997 -2.10645e-13
-1.0107 -1.04794e-13
-1.0007000000000001 -5.1575999999999994e-14
-0.9907000000000004 -2.5009899999999998e-14
-0.9807000000000006 -1.1454599999999998e-14
-0.970699999999999 -4.359529999999999e-15
-0.9606999999999992 -8.18661e-16
-0.9506999999999994 -0.0
-0.9406999999999996 -0.0
-0.9306999999999999 -0.0
-0.9207000000000001 -0.0
-0.9107000000000003 -0.0
-0.9007000000000005 -0.0
-0.8906999999999989 -0.0
-0.8806999999999992 -0.0
-0.8706999999999994 -0.0
-0.8606999999999996 -0.0
-0.8506999999999998 -0.0
-0.8407 -0.0
-0.8307000000000002 -0.0
-0.8207000000000004 -0.0
-0.8107000000000006 -0.0
-0.8006999999999991 -0.0
-0.7906999999999993 -0.0
-0.7806999999999995 -0.0
-0.7706999999999997 -0.0
-0.7606999999999999 -0.0
-0.7507000000000001 -0.0
-0.7407000000000004 -0.0
-0.7307000000000006 -0.0
-0.720699999999999 -0.0
-0.7106999999999992 -0.0
-0.7006999999999994 -0.0
-0.6906999999999996 -0.0
-0.6806999999999999 -0.0
-0.6707000000000001 -0.0
-0.6607000000000003 -0.0
-0.6507000000000005 -0.0
-0.6406999999999989 -0.0
-0.6306999999999992 -0.0
-0.6206999999999994 -0.0
-0.6106999999999996 -1.889344e-14
-0.6006999999999998 -7.09636e-14
-0.5907 -1.926465e-13
-0.5807000000000002 -4.1207e-13
-0.5707000000000004 -8.446259999999999e-13
-0.5607000000000006 -1.712799e-12
-0.5506999999999991 -3.4347689999999997e-12
-0.5406999999999993 -6.807930000000001e-12
-0.5306999999999995 -1.33607e-11
-0.5206999999999997 -2.601216e-11
-0.5106999999999999 -4.98622e-11
-0.5007000000000001 -9.47562e-11
-0.49070000000000036 -1.782448e-10
-0.48070000000000057 -3.31542e-10
-0.470699999999999 -6.102290000000001e-10
-0.4606999999999992 -1.112585e-09
-0.45069999999999943 -2.0029170000000002e-09
-0.44069999999999965 -3.565717e-09
-0.43069999999999986 -6.29979e-09
-0.4207000000000001 -1.0980980000000001e-08
-0.4107000000000003 -1.897159e-08
-0.4007000000000005 -3.2390300000000004e-08
-0.39069999999999894 -5.4786799999999995e-08
-0.38069999999999915 -9.14959e-08
-0.37069999999999936 -1.513254e-07
-0.3606999999999996 -2.481697e-07
-0.3506999999999998 -4.0124199999999996e-07
-0.3407 -6.428429999999999e-07
-0.3307000000000002 -1.018119e-06
-0.32070000000000043 -1.597293e-06
-0.31070000000000064 -2.480524e-06
-0.3006999999999991 -3.80684e-06
-0.2906999999999993 -5.78061e-06
-0.2806999999999995 -8.68564e-06
-0.2706999999999997 -1.2932699999999999e-05
-0.26069999999999993 -1.9018159999999997e-05
-0.25070000000000014 -2.7705699999999998e-05
-0.24070000000000036 -3.9842e-05
-0.23070000000000057 -5.68561e-05
-0.220699999999999 -8.01508e-05
-0.21069999999999922 -0.00011201979999999999
-0.20069999999999943 -0.00015467109999999998
-0.19069999999999965 -0.00021128230000000002
-0.18069999999999986 -0.0002857428
-0.17070000000000007 -0.00038235800000000007
-0.1607000000000003 -0.000506945
-0.1507000000000005 -0.000664774
-0.14069999999999894 -0.000861569
-0.13069999999999915 -0.001107073
-0.12069999999999936 -0.00140799
-0.11069999999999958 -0.001770952
-0.10069999999999979 -0.002206707
-0.0907 -0.002719454
-0.08070000000000022 -0.00331801
-0.07070000000000043 -0.00401201
-0.06070000000000064 -0.00480236
-0.05069999999999908 -0.00569508
-0.04069999999999929 -0.006687120000000001
-0.030699999999999505 -0.00776836
-0.02069999999999972 -0.00895487
-0.010699999999999932 -0.01022609
-0.000700000000000145 -0.01157102
0.009299999999999642 -0.012984550000000001
0.01929999999999943 -0.01443856
0.029300000000000992 -0.01592335
0.03930000000000078 -0.017427210000000002
0.049300000000000566 -0.018911489999999996
0.05930000000000035 -0.0203939
0.06930000000000014 -0.0218157
0.07929999999999993 -0.023175
0.08929999999999971 -0.0244627
0.0992999999999995 -0.0256867
0.10930000000000106 -0.0268498
0.11930000000000085 -0.027858799999999996
0.12930000000000064 -0.028807600000000003
0.13930000000000042 -0.0296113
0.1493000000000002 -0.030334700000000003
0.1593 -0.0310051
0.16929999999999978 -0.0316443
0.17929999999999957 -0.0322202
0.18929999999999936 -0.032676800000000006
0.19930000000000092 -0.0332023
0.2093000000000007 -0.033617
0.2193000000000005 -0.034041100000000005
0.22930000000000028 -0.0344651
0.23930000000000007 -0.0349198
0.24929999999999986 -0.0354047
0.25929999999999964 -0.0359398
0.26929999999999943 -0.0365351
0.279300000000001 -0.037111000000000005
0.2893000000000008 -0.0377584
0.29930000000000057 -0.0383955
0.30930000000000035 -0.0391043
0.31930000000000014 -0.0399238
0.3292999999999999 -0.0407142
0.3392999999999997 -0.0416055
0.3492999999999995 -0.0424584
0.35930000000000106 -0.043381499999999996
0.36930000000000085 -0.0442263
0.37930000000000064 -0.0450209
0.3893000000000004 -0.04588629999999999
0.3993000000000002 -0.0465731
0.4093 -0.0471383
0.4192999999999998 -0.047795000000000004
0.42929999999999957 -0.0481309
0.43929999999999936 -0.0484255
0.4493000000000009 -0.048699
0.4593000000000007 -0.0486401
0.4693000000000005 -0.04831099999999999
0.4793000000000003 -0.0479874
0.48930000000000007 -0.0473333
0.49929999999999986 -0.0466745
0.5092999999999996 -0.0456931
0.5192999999999994 -0.044609300000000005
0.529300000000001 -0.043332
0.5393000000000008 -0.04196330000000001
0.5493000000000006 -0.040531
0.5593000000000004 -0.0390066
0.5693000000000001 -0.0374412
0.5792999999999999 -0.035813899999999996
0.5892999999999997 -0.034247099999999996
0.5992999999999995 -0.03273090000000001
0.6093000000000011 -0.031285299999999995
0.6193000000000008 -0.030060999999999997
0.6293000000000006 -0.028840799999999996
0.6393000000000004 -0.027872100000000004
0.6493000000000002 -0.0270169
0.6593 -0.026447499999999995
0.6692999999999998 -0.0260827
0.6792999999999996 -0.025943
0.6892999999999994 -0.026038000000000002
0.6993000000000009 -0.0263608
0.7093000000000007 -0.026918400000000002
0.7193000000000005 -0.0276735
0.7293000000000003 -0.028634100000000003
0.7393000000000001 -0.0297708
0.7492999999999999 -0.0310335
0.7592999999999996 -0.032441899999999996
0.7692999999999994 -0.033934900000000004
0.779300000000001 -0.0355615
0.7893000000000008 -0.0371132
0.7993000000000006 -0.0387083
0.8093000000000004 -0.0403152
0.8193000000000001 -0.0420136
0.8292999999999999 -0.0434748
0.8392999999999997 -0.0449049
0.8492999999999995 -0.046274899999999994
0.8593000000000011 -0.047596799999999995
0.8693000000000008 -0.048747700000000005
0.8793000000000006 -0.04972650000000001
0.8893000000000004 -0.0507451
0.8993000000000002 -0.0515816
0.9093 -0.052256000000000004
0.9192999999999998 -0.0528403
0.9292999999999996 -0.0532634
0.9392999999999994 -0.0535042
0.9493000000000009 -0.0537108
0.9593000000000007 -0.05372669999999999
0.9693000000000005 -0.053657199999999995
0.9793000000000003 -0.0533454
0.9893000000000001 -0.05296240000000001
0.9992999999999999 -0.0523225
1.0092999999999996 -0.0516497
1.0192999999999994 -0.0508341
1.029300000000001 -0.0498939
1.0393000000000008 -0.048818900000000005
1.0493000000000006 -0.0476322
1.0593000000000004 -0.046423
1.0693000000000001 -0.045129
1.0793 -0.04373490000000001
1.0892999999999997 -0.042468900000000004
1.0992999999999995 -0.041132300000000004
1.109300000000001 -0.0397148
1.1193000000000008 -0.0384472
1.1293000000000006 -0.03721850000000001
1.1393000000000004 -0.03602110000000001
1.1493000000000002 -0.034965699999999995
1.1593 -0.033852499999999994
1.1692999999999998 -0.0328795
1.1792999999999996 -0.031909700000000006
1.1892999999999994 -0.031062100000000002
1.199300000000001 -0.030221800000000004
1.2093000000000007 -0.0294247
1.2193000000000005 -0.028661000000000002
1.2293000000000003 -0.027938499999999998
1.2393 -0.027221300000000004
1.2492999999999999 -0.0265285
1.2592999999999996 -0.025879100000000002
1.2692999999999994 -0.025244000000000003
1.279300000000001 -0.0246555
1.2893000000000008 -0.0240826
1.2993000000000006 -0.023574499999999995
1.3093000000000004 -0.023093299999999997
1.3193000000000001 -0.022645799999999997
1.3293 -0.022273100000000004
1.3392999999999997 -0.021921799999999998
1.3492999999999995 -0.021624299999999996
1.359300000000001 -0.021339000000000004
1.3693000000000008 -0.021081999999999997
1.3793000000000006 -0.0208553
1.3893000000000004 -0.0206156
1.3993000000000002 -0.0203521
1.4093 -0.0200445
1.4192999999999998 -0.0197128
1.4292999999999996 -0.019323700000000003
1.4392999999999994 -0.018879499999999997
1.449300000000001 -0.0184021
1.4593000000000007 -0.017858100000000002
1.4693000000000005 -0.017262200000000002
1.4793000000000003 -0.016625
1.4893 -0.015967799999999997
1.4992999999999999 -0.015312600000000003
1.5092999999999996 -0.014661500000000001
1.5192999999999994 -0.0140471
1.529300000000001 -0.013469499999999999
1.5393000000000008 -0.0129626
1.5493000000000006 -0.012527499999999999
1.5593000000000004 -0.012202700000000002
1.5693000000000001 -0.0119826
1.5793 -0.011866699999999999
1.5892999999999997 -0.0118735
1.5992999999999995 -0.0119634
1.609300000000001 -0.012188000000000001
1.6193000000000008 -0.0124832
1.6293000000000006 -0.012855799999999999
1.6393000000000004 -0.013315700000000001
1.6493000000000002 -0.0138084
1.6593 -0.014361700000000002
1.6692999999999998 -0.0149454
1.6792999999999996 -0.015518700000000002
1.6892999999999994 -0.016090800000000002
1.699300000000001 -0.0166621
1.7093000000000007 -0.017213799999999998
1.7193000000000005 -0.0177306
1.7293000000000003 -0.0182466
1.7393 -0.018700999999999995
1.7492999999999999 -0.019171
1.7592999999999996 -0.019562000000000003
1.7692999999999994 -0.019979999999999998
1.779300000000001 -0.020335
1.7893000000000008 -0.020689000000000003
1.7993000000000006 -0.021033
1.8093000000000004 -0.021362
1.8193000000000001 -0.021670999999999996
1.8293 -0.02199
1.8392999999999997 -0.022285999999999993
1.8492999999999995 -0.022601999999999997
1.859300000000001 -0.022914999999999998
1.8693000000000008 -0.023208000000000006
1.8793000000000006 -0.023509000000000002
1.8893000000000004 -0.02379
1.8993000000000002 -0.024109
1.9093 -0.024416
1.9192999999999998 -0.024703999999999997
1.9292999999999996 -0.025029000000000003
1.9392999999999994 -0.025325999999999998
1.949300000000001 -0.025662000000000004
1.9593000000000007 -0.025996999999999996
1.9693000000000005 -0.026361000000000002
1.9793000000000003 -0.026699
1.9893 -0.027074999999999995
1.9992999999999999 -0.027471
2.0092999999999996 -0.027888
2.0192999999999994 -0.028287000000000003
2.029300000000001 -0.028715
2.039300000000001 -0.029155
2.0493000000000006 -0.029586
2.0593000000000004 -0.030014999999999997
2.0693 -0.030447000000000002
2.0793 -0.030856999999999996
2.0892999999999997 -0.031236999999999994
2.0992999999999995 -0.031577
2.109300000000001 -0.031904999999999996
2.119300000000001 -0.032182999999999996
2.1293000000000006 -0.03241599999999999
2.1393000000000004 -0.032601000000000005
2.1493 -0.032712
2.1593 -0.032792
2.1693 -0.032808000000000004
2.1792999999999996 -0.032794000000000004
2.1892999999999994 -0.032726
2.199300000000001 -0.032636000000000005
2.2093000000000007 -0.032504
2.2193000000000005 -0.032341999999999996
2.2293000000000003 -0.032186
2.2393 -0.032033000000000006
2.2493 -0.031876999999999996
2.2592999999999996 -0.031721
2.2692999999999994 -0.031593
2.279300000000001 -0.031508999999999995
2.289300000000001 -0.03144399999999999
2.2993000000000006 -0.031399
2.3093000000000004 -0.031405
2.3193 -0.031434
2.3293 -0.031511
2.3392999999999997 -0.031609
2.3492999999999995 -0.031718
2.359300000000001 -0.031837
2.369300000000001 -0.031976
2.3793000000000006 -0.032084
2.3893000000000004 -0.032172
2.3993 -0.032227000000000006
2.4093000000000018 -0.032222
2.4193 -0.032192
2.4293000000000013 -0.032041
2.4392999999999994 -0.031867999999999994
2.449300000000001 -0.031581
2.459299999999999 -0.031211000000000003
2.4693000000000005 -0.030755
2.4792999999999985 -0.030209
2.4893 -0.029579999999999995
2.4993000000000016 -0.028867
2.5092999999999996 -0.028121000000000004
2.519300000000001 -0.027315999999999997
2.529299999999999 -0.026469
2.539300000000001 -0.025602000000000003
2.549299999999999 -0.024754
2.5593000000000004 -0.023919000000000003
2.569300000000002 -0.0231139
2.5793 -0.022372899999999998
2.5893000000000015 -0.0216937
2.5992999999999995 -0.0210872
2.609300000000001 -0.0205645
2.619299999999999 -0.020135
2.6293000000000006 -0.0198291
2.6392999999999986 -0.0195973
2.6493 -0.019448499999999997
2.6593000000000018 -0.0194035
2.6693 -0.019431299999999995
2.6793000000000013 -0.019522
2.6892999999999994 -0.0196753
2.699300000000001 -0.0198503
2.709299999999999 -0.0200773
2.7193000000000005 -0.020335799999999998
2.7292999999999985 -0.0205751
2.7393 -0.020815200000000002
2.7493000000000016 -0.0210458
2.7592999999999996 -0.021256700000000003
2.769300000000001 -0.0214575
2.779299999999999 -0.0216283
2.789300000000001 -0.0217791
2.799299999999999 -0.0219094
2.8093000000000004 -0.0220298
2.819300000000002 -0.0221399
2.8293 -0.02227
2.8393000000000015 -0.0224202
2.8492999999999995 -0.0226004
2.859300000000001 -0.0228413
2.869299999999999 -0.0231425
2.8793000000000006 -0.023524099999999996
2.8892999999999986 -0.023976900000000002
2.8993 -0.0245403
2.9093000000000018 -0.0251846
2.9193 -0.0259295
2.9293000000000013 -0.026745300000000003
2.9392999999999994 -0.027662000000000003
2.949300000000001 -0.028619199999999994
2.959299999999999 -0.0296267
2.9693000000000005 -0.030664200000000003
2.9792999999999985 -0.0316821
2.9893 -0.0326994
2.9993000000000016 -0.0336454
3.0092999999999996 -0.034501500000000004
3.019300000000001 -0.03527569999999999
3.029299999999999 -0.035918700000000005
3.039300000000001 -0.036429800000000005
3.049299999999999 -0.0368009
3.0593000000000004 -0.036979000000000005
3.069300000000002 -0.0370052
3.0793 -0.0368698
3.0893000000000015 -0.036572799999999996
3.0992999999999995 -0.0361251
3.109300000000001 -0.0355557
3.119299999999999 -0.034865099999999996
3.1293000000000006 -0.0340837
3.1392999999999986 -0.033201499999999995
3.1493 -0.0322889
3.1593000000000018 -0.031296000000000004
3.1693 -0.030333099999999998
3.1793000000000013 -0.0293403
3.1892999999999994 -0.028377700000000002
3.199300000000001 -0.0274354
3.209299999999999 -0.026533599999999997
3.2193000000000005 -0.025712299999999997
3.2292999999999985 -0.0249418
3.2393 -0.024231999999999997
3.2493000000000016 -0.0236332
3.2592999999999996 -0.0230849
3.269300000000001 -0.022618000000000003
3.279299999999999 -0.022241699999999996
3.289300000000001 -0.0219367
3.299299999999999 -0.0217129
3.3093000000000004 -0.021570100000000002
3.319300000000002 -0.0214986
3.3293 -0.0214783
3.3393000000000015 -0.0215294
3.3492999999999995 -0.0216316
3.359300000000001 -0.0217751
3.369299999999999 -0.0219498
3.3793000000000006 -0.022165300000000002
3.3892999999999986 -0.0223917
3.3993 -0.0226389
3.4093000000000018 -0.022876800000000003
3.4193 -0.023105000000000004
3.4293000000000013 -0.023303199999999996
3.4392999999999994 -0.023491499999999995
3.449300000000001 -0.0236193
3.459299999999999 -0.023736600000000004
3.4693000000000005 -0.023763399999999997
3.4792999999999985 -0.023749299999999994
3.4893 -0.023673899999999998
3.4993000000000016 -0.0235473
3.5092999999999996 -0.0233296
3.519300000000001 -0.0230506
3.529299999999999 -0.022740300000000005
3.539300000000001 -0.022368500000000003
3.549299999999999 -0.0219256
3.5593000000000004 -0.0214618
3.569300000000002 -0.0209672
3.5793 -0.0204316
3.5893000000000015 -0.019895700000000002
3.5992999999999995 -0.0193394
3.609300000000001 -0.018803
3.619299999999999 -0.0182767
3.6293000000000006 -0.017780700000000003
3.6392999999999986 -0.0173051
3.6493 -0.016849899999999998
3.6593000000000018 -0.0164653
3.6693 -0.016111099999999996
3.6793000000000013 -0.0157976
3.6892999999999994 -0.0155147
3.699300000000001 -0.0152923
3.709299999999999 -0.015100099999999998
3.7193000000000005 -0.014938500000000002
3.7292999999999985 -0.014807000000000002
3.7393 -0.0146857
3.7493000000000016 -0.0146044
3.7592999999999996 -0.014522999999999998
3.769300000000001 -0.0144115
3.779299999999999 -0.014329999999999999
3.789300000000001 -0.0142384
3.799299999999999 -0.0141367
3.8093000000000004 -0.014004800000000001
3.819300000000002 -0.0138428
3.8293 -0.0136907
3.8393000000000015 -0.0134788
3.8492999999999995 -0.0132766
3.859300000000001 -0.013034800000000001
3.869299999999999 -0.0127528
3.8793000000000006 -0.012471099999999999
3.8892999999999986 -0.012159200000000002
3.8993 -0.011817500000000002
3.9093000000000018 -0.0114556
3.9193 -0.0110937
3.9293000000000013 -0.010711499999999999
3.9392999999999994 -0.010319100000000001
3.949300000000001 -0.009926299999999999
3.959299999999999 -0.009523199999999999
3.9693000000000005 -0.0090993
3.9792999999999985 -0.0087019
3.9893 -0.0082857
3.9993000000000016 -0.0078687
4.0093 -0.0074589
4.019300000000001 -0.007049099999999999
4.029299999999999 -0.0066298
4.039300000000001 -0.0062354
4.049299999999999 -0.005823399999999999
4.0593 -0.0054417
4.069300000000002 -0.0050492
4.0793 -0.0046655
4.0893000000000015 -0.0042955
4.0992999999999995 -0.0039333
4.109300000000001 -0.0035860000000000006
4.119299999999999 -0.0032499
4.129300000000001 -0.0029301
4.139299999999999 -0.0026247000000000006
4.1493 -0.0023378
4.159300000000002 -0.0020696
4.1693 -0.0018191099999999999
4.179300000000001 -0.00158925
4.189299999999999 -0.00137719
4.199300000000001 -0.0011879300000000002
4.209299999999999 -0.00101546
4.2193000000000005 -0.0008631700000000001
4.2292999999999985 -0.00072741
4.2393 -0.00060803
4.249300000000002 -0.00050528
4.2593 -0.0004166
4.269300000000001 -0.00034084
4.279299999999999 -0.00027691
4.289300000000001 -0.000223362
4.299299999999999 -0.00017865800000000002
4.3093 -0.00014212600000000001
4.319300000000002 -0.00011202900000000001
4.3293 -8.7826e-05
4.3393000000000015 -6.8377e-05
4.3492999999999995 -5.2913999999999995e-05
4.359300000000001 -4.0571e-05
4.369299999999999 -3.09766e-05
4.379300000000001 -2.3482e-05
4.389299999999999 -1.7674700000000002e-05
4.3993 -1.3233299999999999e-05
4.409300000000002 -9.8492e-06
4.4193 -7.274e-06
4.429300000000001 -5.342739999999999e-06
4.439299999999999 -3.90356e-06
4.449300000000001 -2.82852e-06
4.459299999999999 -2.04217e-06
4.4693000000000005 -1.46409e-06
4.4792999999999985 -1.04207e-06
4.4893 -7.366110000000001e-07
4.499300000000002 -5.175649999999999e-07
4.5093 -3.61551e-07
4.519300000000001 -2.50097e-07
4.529299999999999 -1.72101e-07
4.539300000000001 -1.1733620000000002e-07
4.549299999999999 -7.94898e-08
4.5593 -5.3382300000000004e-08
4.569300000000002 -3.55432e-08
4.5793 -2.34752e-08
4.5893000000000015 -1.538402e-08
4.5992999999999995 -9.99319e-09
4.609300000000001 -6.428310000000001e-09
4.619299999999999 -4.1019e-09
4.629300000000001 -2.59022e-09
