-23.6007 2.2166200000000002e-06
-23.5907 1.43762e-06
-23.5807 9.221569999999998e-07
-23.570700000000002 5.849669999999999e-07
-23.5607 3.6815499999999995e-07
-23.5507 2.2915e-07
-23.5407 1.41133e-07
-23.5307 8.610469999999999e-08
-23.520699999999998 5.19307e-08
-23.5107 3.10394e-08
-23.500700000000002 1.83526e-08
-23.4907 1.074341e-08
-23.4807 6.23207e-09
-23.4707 3.57137e-09
-23.4607 2.0284699999999997e-09
-23.450699999999998 1.138196e-09
-23.4407 6.31731e-10
-23.4307 3.4853399999999997e-10
-23.4207 1.8979900000000002e-10
-23.4107 1.0239520000000002e-10
-23.4007 5.46127e-11
-23.3907 2.8833999999999998e-11
-23.380699999999997 1.50645e-11
-23.3707 7.78932e-12
-23.3607 3.98722e-12
-23.3507 2.0204e-12
-23.3407 1.0025209999999998e-12
-23.3307 4.88769e-13
-23.320700000000002 2.3339700000000003e-13
-23.3107 1.0808300000000002e-13
-23.3007 4.6317800000000003e-14
-23.2907 1.625013e-14
-23.2807 5.750250000000001e-15
-23.270699999999998 1.5694700000000002e-15
-23.2607 1.5758950000000003e-16
-23.250700000000002 0.0
-23.2407 0.0
-23.2307 0.0
-23.2207 0.0
-23.2107 0.0
-23.200699999999998 0.0
-23.1907 0.0
-23.1807 0.0
-23.1707 0.0
-23.1607 0.0
-23.1507 0.0
-23.1407 0.0
-23.130699999999997 0.0
-23.1207 0.0
-23.1107 0.0
-23.1007 0.0
-23.0907 0.0
-23.0807 0.0
-23.070700000000002 0.0
-23.0607 0.0
-23.0507 0.0
-23.0407 0.0
-23.0307 0.0
-23.020699999999998 0.0
-23.0107 0.0
-23.000700000000002 0.0
-22.9907 0.0
-22.9807 0.0
-22.9707 0.0
-22.9607 0.0
-22.950699999999998 0.0
-22.9407 0.0
-22.9307 0.0
-22.9207 0.0
-22.9107 0.0
-22.9007 0.0
-22.8907 0.0
-22.880699999999997 0.0
-22.8707 0.0
-22.8607 0.0
-22.8507 0.0
-22.8407 0.0
-22.8307 0.0
-22.820700000000002 0.0
-22.8107 0.0
-22.8007 0.0
-22.7907 0.0
-22.7807 0.0
-22.770699999999998 0.0
-22.7607 0.0
-22.750700000000002 0.0
-22.7407 0.0
-22.7307 0.0
-22.7207 0.0
-22.7107 0.0
-22.700699999999998 0.0
-22.6907 0.0
-22.6807 0.0
-22.6707 0.0
-22.6607 0.0
-22.6507 0.0
-22.6407 0.0
-22.630699999999997 0.0
-22.6207 0.0
-22.6107 0.0
-22.6007 0.0
-22.5907 0.0
-22.5807 0.0
-22.570700000000002 0.0
-22.5607 0.0
-22.5507 0.0
-22.5407 0.0
-22.5307 0.0
-22.520699999999998 0.0
-22.5107 0.0
-22.500700000000002 0.0
-22.4907 0.0
-22.4807 0.0
-22.4707 0.0
-22.4607 0.0
-22.450699999999998 0.0
-22.4407 0.0
-22.4307 0.0
-22.4207 0.0
-22.4107 0.0
-22.4007 0.0
-22.3907 0.0
-22.380699999999997 0.0
-22.3707 0.0
-22.3607 0.0
-22.3507 0.0
-22.3407 0.0
-22.3307 0.0
-22.320700000000002 0.0
-22.3107 0.0
-22.3007 0.0
-22.2907 0.0
-22.2807 0.0
-22.270699999999998 0.0
-22.2607 0.0
-22.250700000000002 0.0
-22.2407 0.0
-22.2307 0.0
-22.2207 0.0
-22.2107 0.0
-22.200699999999998 0.0
-22.1907 0.0
-22.1807 0.0
-22.1707 0.0
-22.1607 0.0
-22.1507 0.0
-22.1407 0.0
-22.130699999999997 0.0
-22.1207 0.0
-22.1107 0.0
-22.1007 0.0
-22.0907 0.0
-22.0807 0.0
-22.070700000000002 0.0
-22.0607 0.0
-22.0507 0.0
-22.0407 0.0
-22.0307 0.0
-22.020699999999998 0.0
-22.0107 0.0
-22.000700000000002 0.0
-21.9907 0.0
-21.9807 0.0
-21.9707 0.0
-21.9607 0.0
-21.950699999999998 0.0
-21.9407 0.0
-21.9307 0.0
-21.9207 0.0
-21.9107 0.0
-21.9007 0.0
-21.8907 0.0
-21.880699999999997 0.0
-21.8707 0.0
-21.8607 0.0
-21.8507 0.0
-21.8407 0.0
-21.8307 0.0
-21.820700000000002 0.0
-21.8107 0.0
-21.8007 0.0
-21.7907 0.0
-21.7807 0.0
-21.770699999999998 0.0
-21.7607 0.0
-21.750700000000002 0.0
-21.7407 0.0
-21.7307 0.0
-21.7207 0.0
-21.7107 0.0
-21.700699999999998 0.0
-21.6907 0.0
-21.6807 0.0
-21.6707 0.0
-21.6607 0.0
-21.6507 0.0
-21.6407 0.0
-21.630699999999997 0.0
-21.6207 0.0
-21.6107 0.0
-21.6007 0.0
-21.5907 0.0
-21.5807 0.0
-21.5707 0.0
-21.5607 4.851149999999999e-14
-21.5507 1.0140329999999999e-13
-21.5407 3.05697e-13
-21.5307 6.30327e-13
-21.520699999999998 1.282322e-12
-21.5107 2.6329899999999997e-12
-21.500700000000002 5.251879999999999e-12
-21.4907 1.0364840000000003e-11
-21.4807 2.026642e-11
-21.4707 3.9424799999999997e-11
-21.4607 7.53157e-11
-21.450699999999998 1.4316659999999998e-10
-21.4407 2.6814300000000004e-10
-21.4307 4.98212e-10
-21.4207 9.133320000000002e-10
-21.4107 1.657049e-09
-21.4007 2.9776500000000004e-09
-21.3907 5.30155e-09
-21.3807 9.304870000000001e-09
-21.3707 1.62282e-08
-21.3607 2.7943799999999998e-08
-21.3507 4.76778e-08
-21.3407 8.0437e-08
-21.3307 1.341828e-07
-21.3207 2.220248e-07
-21.3107 3.6296199999999996e-07
-21.3007 5.88325e-07
-21.2907 9.411310000000002e-07
-21.2807 1.493299e-06
-21.270699999999998 2.345317e-06
-21.2607 3.64593e-06
-21.250700000000002 5.60849e-06
-21.2407 8.55033e-06
-21.2307 1.288878e-05
-21.2207 1.924342e-05
-21.2107 2.8482499999999997e-05
-21.200699999999998 4.1711999999999996e-05
-21.1907 6.04538e-05
-21.1807 8.68738e-05
-21.1707 0.00012349249999999998
-21.1607 0.00017401680000000004
-21.1507 0.00024304390000000003
-21.1407 0.000336259
-21.1307 0.00046032200000000004
-21.1207 0.0006255970000000001
-21.1107 0.000842781
-21.1007 0.001122675
-21.0907 0.001484521
-21.0807 0.0019451579999999998
-21.0707 0.0025257810000000004
-21.0607 0.0032556000000000004
-21.0507 0.004156860000000001
-21.0407 0.00525881
-21.0307 0.006612880000000001
-21.020699999999998 0.008242099999999999
-21.0107 0.010184269999999999
-21.000700000000002 0.01249111
-20.9907 0.015179770000000002
-20.9807 0.01829003
-20.9707 0.021900470000000002
-20.9607 0.025995300000000002
-20.950699999999998 0.030625000000000003
-20.9407 0.0357496
-20.9307 0.04150859999999999
-20.9207 0.0476433
-20.9107 0.054433
-20.9007 0.0616666
-20.8907 0.0692155
-20.8807 0.0770555
-20.8707 0.08537130000000001
-20.8607 0.093527
-20.8507 0.101915
-20.8407 0.11020250000000001
-20.8307 0.1183401
-20.8207 0.12616750000000002
-20.8107 0.13360070000000002
-20.8007 0.1406219
-20.7907 0.1471424
-20.7807 0.15316710000000003
-20.770699999999998 0.1587111
-20.7607 0.1636524
-20.750700000000002 0.1683932
-20.7407 0.1729534
-20.7307 0.17701310000000003
-20.7207 0.181277
-20.7107 0.185543
-20.700699999999998 0.19001400000000002
-20.6907 0.194791
-20.6807 0.20007300000000003
-20.6707 0.20576399999999995
-20.6607 0.21205899999999997
-20.6507 0.21866
-20.6407 0.225767
-20.6307 0.233178
-20.6207 0.240589
-20.6107 0.248202
-20.6007 0.25561100000000003
-20.5907 0.262717
-20.5807 0.26921500000000004
-20.5707 0.275208
-20.5607 0.280289
-20.5507 0.28446000000000005
-20.5407 0.287619
-20.5307 0.289867
-20.520699999999998 0.29110500000000006
-20.5107 0.291534
-20.500700000000002 0.29125499999999993
-20.4907 0.290469
-20.4807 0.289383
-20.4707 0.288094
-20.4607 0.286909
-20.450699999999998 0.285928
-20.4407 0.285654
-20.4307 0.28579000000000004
-20.4207 0.286836
-20.4107 0.288898
-20.4007 0.29186900000000005
-20.3907 0.29565299999999994
-20.3807 0.30044899999999997
-20.3707 0.30585400000000007
-20.3607 0.312269
-20.3507 0.318789
-20.3407 0.32581099999999996
-20.3307 0.3328340000000001
-20.3207 0.33975399999999994
-20.3107 0.346466
-20.3007 0.3526770000000001
-20.2907 0.358174
-20.2807 0.36286100000000004
-20.270699999999998 0.367047
-20.2607 0.370094
-20.250700000000002 0.3725569999999999
-20.2407 0.37409500000000007
-20.2307 0.375128
-20.2207 0.37554999999999994
-20.2107 0.37556700000000004
-20.200699999999998 0.374984
-20.1907 0.374389
-20.1807 0.373494
-20.1707 0.3725
-20.1607 0.371699
-20.1507 0.37081
-20.1407 0.3701070000000001
-20.1307 0.369527
-20.1207 0.36902999999999997
-20.1107 0.368746
-20.1007 0.368554
-20.0907 0.368567
-20.0807 0.36857300000000004
-20.0707 0.368691
-20.0607 0.36881100000000006
-20.0507 0.369128
-20.0407 0.36924
-20.0307 0.36926000000000003
-20.020699999999998 0.369474
-20.0107 0.36937600000000004
-20.000700000000002 0.36909000000000003
-19.9907 0.368691
-19.9807 0.367887
-19.9707 0.366882
-19.9607 0.365377
-19.950699999999998 0.36344999999999994
-19.9407 0.361129
-19.9307 0.358285
-19.9207 0.355149
-19.9107 0.35138800000000003
-19.9007 0.347236
-19.8907 0.34268200000000004
-19.8807 0.337812
-19.8707 0.332833
-19.8607 0.327662
-19.8507 0.32229
-19.8407 0.317004
-19.8307 0.311744
-19.8207 0.30686599999999997
-19.8107 0.302
-19.8007 0.29743600000000003
-19.7907 0.293068
-19.7807 0.28891200000000006
-19.770699999999998 0.28505199999999997
-19.7607 0.28130499999999997
-19.750700000000002 0.27755399999999997
-19.7407 0.273902
-19.7307 0.27034800000000003
-19.7207 0.266487
-19.7107 0.262428
-19.700699999999998 0.258365
-19.6907 0.253894
-19.6807 0.248923
-19.6707 0.24384
-19.6607 0.238246
-19.6507 0.232454
-19.6407 0.22646199999999997
-19.6307 0.22016299999999997
-19.6207 0.213955
-19.6107 0.20786
-19.6007 0.201451
-19.5907 0.19535500000000006
-19.5807 0.189561
-19.5707 0.18417099999999997
-19.5607 0.17898800000000004
-19.5507 0.174109
-19.5407 0.169736
-19.5307 0.165569
-19.520699999999998 0.16180899999999998
-19.5107 0.158354
-19.500700000000002 0.155403
-19.4907 0.15265800000000002
-19.4807 0.15031600000000003
-19.4707 0.147929
-19.4607 0.146068
-19.450699999999998 0.14428900000000003
-19.4407 0.14288599999999999
-19.4307 0.14196999999999999
-19.4207 0.14133800000000002
-19.4107 0.14099
-19.4007 0.141023
-19.3907 0.14167200000000002
-19.3807 0.142687
-19.3707 0.144211
-19.3607 0.14604
-19.3507 0.148377
-19.3407 0.15112
-19.3307 0.15406699999999998
-19.3207 0.15741699999999997
-19.3107 0.160567
-19.3007 0.16412000000000002
-19.2907 0.167472
-19.2807 0.170721
-19.270699999999998 0.17376499999999998
-19.2607 0.17670599999999997
-19.250700000000002 0.17923900000000004
-19.2407 0.181566
-19.2307 0.18328800000000003
-19.2207 0.184801
-19.2107 0.18590600000000002
-19.200699999999998 0.18670600000000004
-19.1907 0.18709699999999999
-19.1807 0.18748199999999998
-19.1707 0.18736300000000003
-19.1607 0.187237
-19.1507 0.186809
-19.1407 0.18647499999999997
-19.1307 0.186041
-19.1207 0.185605
-19.1107 0.18516600000000003
-19.1007 0.18462699999999999
-19.0907 0.18408700000000003
-19.0807 0.183848
-19.0707 0.18340700000000001
-19.0607 0.182867
-19.0507 0.18242399999999998
-19.0407 0.18178400000000006
-19.0307 0.18094100000000002
-19.020699999999998 0.17989699999999997
-19.0107 0.178752
-19.000700000000002 0.177206
-18.9907 0.175258
-18.9807 0.172907
-18.9707 0.170354
-18.9607 0.16719900000000004
-18.950699999999998 0.163541
-18.9407 0.159482
-18.9307 0.154921
-18.9207 0.150258
-18.9107 0.145195
-18.9007 0.139531
-18.8907 0.13416899999999998
-18.8807 0.128207
-18.8707 0.122547
-18.8607 0.11699100000000001
-18.8507 0.111638
-18.8407 0.10649
-18.8307 0.10164800000000002
-18.8207 0.09738999999999999
-18.8107 0.093309
-18.8007 0.0901332
-18.7907 0.0873755
-18.7807 0.08528179999999999
-18.770699999999998 0.083884
-18.7607 0.0828835
-18.750700000000002 0.0823468
-18.7407 0.0823236
-18.7307 0.0827438
-18.7207 0.08360630000000001
-18.7107 0.08456929999999999
-18.700699999999998 0.0858929
-18.6907 0.08735599999999999
-18.6807 0.088827
-18.6707 0.09025790000000002
-18.6607 0.0917342
-18.6507 0.09321859999999998
-18.6407 0.0944801
-18.6307 0.0956383
-18.6207 0.09672809999999998
-18.6107 0.09746038
-18.6007 0.09821200999999999
-18.5907 0.09858012000000001
-18.5807 0.09885345000000001
-18.5707 0.09872107
-18.5607 0.09848193000000002
-18.5507 0.0978152
-18.5407 0.09694047
-18.5307 0.095619
-18.520699999999998 0.09407677
-18.5107 0.09208659000000001
-18.500700000000002 0.08974652999999999
-18.4907 0.08697757
-18.4807 0.08383972000000002
-18.4707 0.08037277000000002
-18.4607 0.07647689999999999
-18.450699999999998 0.07233001
-18.4407 0.06796303000000001
-18.4307 0.06338912000000001
-18.4207 0.05859311
-18.4107 0.053797790000000005
-18.4007 0.049014339999999997
-18.3907 0.044150989999999994
-18.3807 0.039623860000000004
-18.3707 0.03511999
-18.3607 0.03085249
-18.3507 0.02691187
-18.3407 0.02328913
-18.3307 0.01992128
-18.3207 0.016866244
-18.3107 0.014167112
-18.3007 0.011786814
-18.2907 0.00971206
-18.2807 0.007921628
-18.270699999999998 0.006403205999999999
-18.2607 0.005129261
-18.250700000000002 0.004057106
-18.2407 0.003192424
-18.2307 0.002480334
-18.2207 0.0019063200000000004
-18.2107 0.0014514708
-18.200699999999998 0.0010939091000000001
-18.1907 0.0008164566
-18.1807 0.0006041573
-18.1707 0.0004418311
-18.1607 0.0003207404
-18.1507 0.00022937239999999999
-18.1407 0.00016298970999999995
-18.1307 0.00011453644
-18.1207 7.962938999999999e-05
-18.1107 5.470247e-05
-18.1007 3.72747e-05
-18.0907 2.5136769999999998e-05
-18.0807 1.679702e-05
-18.0707 1.1097642e-05
-18.0607 7.248863e-06
-18.0507 4.689059e-06
-18.0407 3.00402e-06
-18.0307 1.904098e-06
-18.020699999999998 1.193886e-06
-18.0107 7.412049999999999e-07
-18.000700000000002 4.547024e-07
-17.9907 2.77135e-07
-17.9807 1.66478e-07
-17.9707 9.915073000000001e-08
-17.9607 5.842314e-08
-17.950699999999998 3.4032019999999996e-08
-17.9407 1.9613450000000003e-08
-17.9307 1.1200621e-08
-17.9207 6.335172000000001e-09
-17.9107 3.5412020000000004e-09
-17.9007 1.9522019999999997e-09
-17.8907 1.0703555000000002e-09
-17.8807 5.795108e-10
-17.8707 3.1037680000000003e-10
-17.8607 1.646218e-10
-17.8507 8.634206e-11
-17.8407 4.4741310000000005e-11
-17.8307 2.3011679999999997e-11
-17.8207 1.1666324e-11
-17.8107 5.8449950000000006e-12
-17.8007 2.881786e-12
-17.7907 1.4196712000000002e-12
-17.7807 6.587892000000001e-13
-17.770699999999998 3.184283e-13
-17.7607 1.1831025e-13
-17.750700000000002 2.698787e-14
-17.7407 5.657940999999999e-15
-17.7307 0.0
-17.7207 0.0
-17.7107 0.0
-17.700699999999998 0.0
-17.6907 0.0
-17.6807 0.0
-17.6707 0.0
-17.6607 0.0
-17.6507 0.0
-17.6407 0.0
-17.6307 0.0
-17.6207 0.0
-17.6107 0.0
-17.6007 0.0
-17.5907 0.0
-17.5807 0.0
-17.5707 0.0
-17.5607 0.0
-17.5507 0.0
-17.5407 0.0
-17.5307 0.0
-17.520699999999998 0.0
-17.5107 0.0
-17.5007 0.0
-17.4907 0.0
-17.4807 0.0
-17.4707 0.0
-17.4607 0.0
-17.4507 0.0
-17.4407 0.0
-17.4307 0.0
-17.4207 0.0
-17.4107 0.0
-17.4007 0.0
-17.3907 0.0
-17.3807 0.0
-17.3707 0.0
-17.3607 0.0
-17.3507 0.0
-17.3407 0.0
-17.3307 0.0
-17.3207 0.0
-17.3107 0.0
-17.3007 0.0
-17.2907 0.0
-17.2807 0.0
-17.270699999999998 0.0
-17.2607 0.0
-17.2507 0.0
-17.2407 0.0
-17.2307 0.0
-17.2207 0.0
-17.2107 0.0
-17.2007 0.0
-17.1907 0.0
-17.1807 0.0
-17.1707 0.0
-17.1607 0.0
-17.1507 0.0
-17.1407 0.0
-17.1307 0.0
-17.1207 0.0
-17.1107 0.0
-17.1007 0.0
-17.0907 0.0
-17.0807 0.0
-17.0707 0.0
-17.0607 0.0
-17.0507 0.0
-17.0407 0.0
-17.0307 0.0
-17.020699999999998 0.0
-17.0107 0.0
-17.0007 0.0
-16.9907 0.0
-16.9807 0.0
-16.9707 0.0
-16.9607 0.0
-16.9507 0.0
-16.9407 0.0
-16.9307 0.0
-16.9207 0.0
-16.9107 0.0
-16.9007 0.0
-16.8907 0.0
-16.8807 0.0
-16.8707 0.0
-16.8607 0.0
-16.8507 0.0
-16.8407 0.0
-16.8307 0.0
-16.8207 0.0
-16.8107 0.0
-16.8007 0.0
-16.7907 0.0
-16.7807 0.0
-16.770699999999998 0.0
-16.7607 0.0
-16.7507 0.0
-16.7407 0.0
-16.7307 0.0
-16.7207 0.0
-16.7107 0.0
-16.7007 0.0
-16.6907 0.0
-16.6807 0.0
-16.6707 0.0
-16.6607 0.0
-16.6507 0.0
-16.6407 0.0
-16.6307 0.0
-16.6207 0.0
-16.6107 0.0
-16.6007 0.0
-16.5907 0.0
-16.5807 0.0
-16.5707 0.0
-16.5607 0.0
-16.5507 0.0
-16.5407 0.0
-16.5307 0.0
-16.520699999999998 0.0
-16.5107 0.0
-16.5007 0.0
-16.4907 0.0
-16.4807 0.0
-16.4707 0.0
-16.4607 0.0
-16.4507 0.0
-16.4407 0.0
-16.4307 0.0
-16.4207 0.0
-16.4107 0.0
-16.4007 0.0
-16.3907 0.0
-16.3807 0.0
-16.3707 0.0
-16.3607 0.0
-16.3507 0.0
-16.3407 0.0
-16.3307 0.0
-16.3207 0.0
-16.3107 0.0
-16.3007 0.0
-16.2907 0.0
-16.2807 0.0
-16.270699999999998 0.0
-16.2607 0.0
-16.2507 0.0
-16.2407 0.0
-16.2307 0.0
-16.2207 0.0
-16.2107 0.0
-16.2007 0.0
-16.1907 0.0
-16.1807 0.0
-16.1707 0.0
-16.1607 0.0
-16.1507 0.0
-16.1407 0.0
-16.1307 0.0
-16.1207 0.0
-16.1107 0.0
-16.1007 0.0
-16.0907 0.0
-16.0807 0.0
-16.0707 0.0
-16.0607 0.0
-16.0507 0.0
-16.0407 0.0
-16.0307 0.0
-16.020699999999998 0.0
-16.0107 0.0
-16.0007 0.0
-15.9907 0.0
-15.980699999999999 0.0
-15.9707 0.0
-15.9607 0.0
-15.9507 0.0
-15.9407 0.0
-15.9307 0.0
-15.9207 0.0
-15.9107 0.0
-15.9007 0.0
-15.890699999999999 0.0
-15.8807 0.0
-15.8707 0.0
-15.8607 0.0
-15.8507 0.0
-15.8407 0.0
-15.8307 0.0
-15.8207 0.0
-15.8107 0.0
-15.800699999999999 0.0
-15.7907 0.0
-15.7807 0.0
-15.7707 0.0
-15.7607 0.0
-15.7507 0.0
-15.7407 0.0
-15.730699999999999 0.0
-15.7207 0.0
-15.7107 0.0
-15.7007 0.0
-15.6907 0.0
-15.6807 0.0
-15.6707 0.0
-15.6607 0.0
-15.6507 0.0
-15.640699999999999 0.0
-15.6307 0.0
-15.6207 0.0
-15.6107 0.0
-15.6007 0.0
-15.5907 0.0
-15.5807 0.0
-15.5707 0.0
-15.5607 0.0
-15.550699999999999 0.0
-15.5407 0.0
-15.5307 0.0
-15.5207 0.0
-15.5107 0.0
-15.5007 0.0
-15.4907 0.0
-15.480699999999999 0.0
-15.4707 0.0
-15.4607 0.0
-15.4507 0.0
-15.4407 0.0
-15.4307 0.0
-15.4207 0.0
-15.4107 0.0
-15.4007 0.0
-15.390699999999999 0.0
-15.3807 0.0
-15.3707 0.0
-15.3607 0.0
-15.3507 0.0
-15.3407 0.0
-15.3307 0.0
-15.3207 0.0
-15.3107 0.0
-15.300699999999999 0.0
-15.2907 0.0
-15.2807 0.0
-15.2707 0.0
-15.2607 0.0
-15.2507 0.0
-15.2407 0.0
-15.230699999999999 0.0
-15.2207 0.0
-15.2107 0.0
-15.2007 0.0
-15.1907 0.0
-15.1807 0.0
-15.1707 0.0
-15.1607 0.0
-15.1507 0.0
-15.140699999999999 0.0
-15.1307 0.0
-15.1207 0.0
-15.1107 0.0
-15.1007 0.0
-15.0907 0.0
-15.0807 0.0
-15.0707 0.0
-15.0607 0.0
-15.050699999999999 0.0
-15.0407 0.0
-15.0307 0.0
-15.0207 0.0
-15.0107 0.0
-15.0007 0.0
-14.9907 0.0
-14.980699999999999 0.0
-14.9707 0.0
-14.9607 0.0
-14.9507 0.0
-14.9407 0.0
-14.9307 0.0
-14.9207 0.0
-14.9107 0.0
-14.9007 0.0
-14.890699999999999 0.0
-14.8807 0.0
-14.8707 0.0
-14.8607 0.0
-14.8507 0.0
-14.8407 0.0
-14.8307 0.0
-14.8207 0.0
-14.8107 0.0
-14.800699999999999 0.0
-14.7907 0.0
-14.7807 0.0
-14.7707 0.0
-14.7607 0.0
-14.7507 0.0
-14.7407 0.0
-14.730699999999999 0.0
-14.7207 0.0
-14.7107 0.0
-14.7007 0.0
-14.6907 0.0
-14.6807 0.0
-14.6707 0.0
-14.6607 0.0
-14.6507 0.0
-14.640699999999999 0.0
-14.6307 0.0
-14.6207 0.0
-14.6107 0.0
-14.6007 0.0
-14.5907 0.0
-14.5807 0.0
-14.5707 0.0
-14.5607 0.0
-14.550699999999999 0.0
-14.5407 0.0
-14.5307 0.0
-14.5207 0.0
-14.5107 0.0
-14.5007 0.0
-14.4907 0.0
-14.4807 0.0
-14.470699999999999 0.0
-14.4607 0.0
-14.4507 0.0
-14.4407 0.0
-14.4307 0.0
-14.4207 0.0
-14.4107 0.0
-14.4007 0.0
-14.390699999999999 0.0
-14.3807 0.0
-14.3707 0.0
-14.3607 0.0
-14.3507 0.0
-14.3407 0.0
-14.3307 0.0
-14.3207 0.0
-14.3107 0.0
-14.300699999999999 0.0
-14.2907 0.0
-14.2807 0.0
-14.2707 0.0
-14.2607 0.0
-14.2507 0.0
-14.2407 0.0
-14.2307 0.0
-14.220699999999999 0.0
-14.2107 0.0
-14.2007 0.0
-14.1907 0.0
-14.1807 0.0
-14.1707 0.0
-14.1607 0.0
-14.1507 0.0
-14.140699999999999 0.0
-14.1307 0.0
-14.1207 0.0
-14.1107 0.0
-14.1007 0.0
-14.0907 0.0
-14.0807 0.0
-14.0707 0.0
-14.0607 0.0
-14.050699999999999 0.0
-14.0407 0.0
-14.0307 0.0
-14.0207 0.0
-14.0107 0.0
-14.0007 0.0
-13.9907 0.0
-13.9807 0.0
-13.970699999999999 0.0
-13.9607 0.0
-13.9507 0.0
-13.9407 0.0
-13.9307 0.0
-13.9207 0.0
-13.9107 0.0
-13.9007 0.0
-13.890699999999999 0.0
-13.8807 0.0
-13.8707 0.0
-13.8607 0.0
-13.8507 0.0
-13.8407 0.0
-13.8307 0.0
-13.8207 0.0
-13.8107 0.0
-13.800699999999999 0.0
-13.7907 0.0
-13.7807 0.0
-13.7707 0.0
-13.7607 0.0
-13.7507 0.0
-13.7407 0.0
-13.7307 0.0
-13.720699999999999 0.0
-13.7107 0.0
-13.7007 0.0
-13.6907 0.0
-13.6807 0.0
-13.6707 0.0
-13.6607 0.0
-13.6507 0.0
-13.640699999999999 0.0
-13.6307 0.0
-13.6207 0.0
-13.6107 0.0
-13.6007 0.0
-13.5907 0.0
-13.5807 0.0
-13.5707 0.0
-13.5607 0.0
-13.550699999999999 0.0
-13.5407 0.0
-13.5307 0.0
-13.5207 0.0
-13.5107 0.0
-13.5007 0.0
-13.4907 0.0
-13.4807 0.0
-13.470699999999999 0.0
-13.4607 0.0
-13.4507 0.0
-13.4407 0.0
-13.4307 0.0
-13.4207 0.0
-13.4107 0.0
-13.4007 0.0
-13.390699999999999 0.0
-13.3807 0.0
-13.3707 0.0
-13.3607 0.0
-13.3507 0.0
-13.3407 0.0
-13.3307 0.0
-13.3207 0.0
-13.3107 0.0
-13.300699999999999 0.0
-13.2907 0.0
-13.2807 0.0
-13.2707 0.0
-13.2607 0.0
-13.2507 0.0
-13.2407 0.0
-13.2307 0.0
-13.220699999999999 0.0
-13.2107 0.0
-13.2007 0.0
-13.1907 0.0
-13.1807 0.0
-13.1707 0.0
-13.1607 0.0
-13.1507 0.0
-13.140699999999999 0.0
-13.1307 0.0
-13.1207 0.0
-13.1107 0.0
-13.1007 0.0
-13.0907 0.0
-13.0807 0.0
-13.0707 0.0
-13.0607 0.0
-13.050699999999999 0.0
-13.0407 0.0
-13.0307 0.0
-13.0207 0.0
-13.0107 0.0
-13.0007 0.0
-12.9907 0.0
-12.9807 0.0
-12.970699999999999 0.0
-12.9607 0.0
-12.9507 0.0
-12.9407 0.0
-12.9307 0.0
-12.9207 0.0
-12.9107 0.0
-12.9007 0.0
-12.890699999999999 0.0
-12.8807 0.0
-12.8707 0.0
-12.8607 0.0
-12.8507 0.0
-12.8407 0.0
-12.8307 0.0
-12.8207 0.0
-12.8107 0.0
-12.800699999999999 0.0
-12.7907 0.0
-12.7807 0.0
-12.7707 0.0
-12.7607 8.230115899999999e-16
-12.7507 3.2045229999999997e-15
-12.7407 6.645594999999999e-15
-12.7307 1.674549e-14
-12.720699999999999 3.5882390000000006e-14
-12.7107 7.419249999999999e-14
-12.7007 1.490536e-13
-12.6907 2.961503e-13
-12.6807 5.854460000000001e-13
-12.6707 1.144014e-12
-12.6607 2.208018e-12
-12.6507 4.211323999999999e-12
-12.640699999999999 7.950880000000001e-12
-12.6307 1.485189e-11
-12.6207 2.7463989999999998e-11
-12.6107 5.018206e-11
-12.6007 9.093620000000001e-11
-12.5907 1.6277100000000003e-10
-12.5807 2.8860309999999997e-10
-12.5707 5.06357e-10
-12.5607 8.794940000000001e-10
-12.550699999999999 1.51072e-09
-12.5407 2.5706099999999997e-09
-12.5307 4.321207e-09
-12.5207 7.20875e-09
-12.5107 1.1877340000000002e-08
-12.5007 1.9385859999999997e-08
-12.4907 3.131423e-08
-12.480699999999999 5.005440000000001e-08
-12.4707 7.91167e-08
-12.4607 1.2404740000000002e-07
-12.4507 1.9214219999999999e-07
-12.4407 2.94789e-07
-12.4307 4.48535e-07
-12.4207 6.731569999999999e-07
-12.4107 1.0025059999999999e-06
-12.4007 1.477114e-06
-12.390699999999999 2.1539899999999998e-06
-12.3807 3.112766999999999e-06
-12.3707 4.4448499999999995e-06
-12.3607 6.28967e-06
-12.3507 8.81211e-06
-12.3407 1.222225e-05
-12.3307 1.6783369999999997e-05
-12.3207 2.2834910000000005e-05
-12.3107 3.078751e-05
-12.300699999999999 4.09794e-05
-12.2907 5.413289999999999e-05
-12.2807 7.077249999999999e-05
-12.2707 9.185120000000001e-05
-12.2607 0.00011767620000000002
-12.2507 0.0001496808
-12.2407 0.0001883937
-12.230699999999999 0.0002350066
-12.2207 0.000290583
-12.2107 0.000356142
-12.2007 0.0004320189999999999
-12.1907 0.0005185799999999999
-12.1807 0.000618811
-12.1707 0.0007310559999999999
-12.1607 0.0008569829999999999
-12.1507 0.000995804
-12.140699999999999 0.0011473110000000003
-12.1307 0.001313756
-12.1207 0.0014906610000000001
-12.1107 0.00168099
-12.1007 0.0018811300000000002
-12.0907 0.0020905100000000003
-12.0807 0.00230821
-12.0707 0.00253603
-12.0607 0.002769829999999999
-12.050699999999999 0.00300854
-12.0407 0.00325444
-12.0307 0.00350418
-12.0207 0.003758949999999999
-12.0107 0.00402457
-12.0007 0.00428217
-11.9907 0.00455773
-11.980699999999999 0.00483136
-11.9707 0.0051287799999999995
-11.9607 0.005418340000000001
-11.9507 0.005704940000000001
-11.9407 0.006004579999999999
-11.9307 0.0063132
-11.9207 0.006619
-11.9107 0.0069476
-11.9007 0.0072695
-11.890699999999999 0.007594400000000001
-11.8807 0.007932
-11.8707 0.008240800000000001
-11.8607 0.0085616
-11.8507 0.0088833
-11.8407 0.0091768
-11.8307 0.0094814
-11.8207 0.0097657
-11.8107 0.01004
-11.800699999999999 0.0103039
-11.7907 0.0105678
-11.7807 0.0108115
-11.7707 0.011054999999999999
-11.7607 0.0112785
-11.7507 0.0115018
-11.7407 0.0116949
-11.730699999999999 0.011908100000000001
-11.7207 0.0120809
-11.7107 0.012273799999999998
-11.7007 0.0124365
-11.6907 0.012609299999999999
-11.6807 0.012781999999999996
-11.6707 0.0129347
-11.6607 0.0130772
-11.6507 0.0132198
-11.640699999999999 0.013382299999999998
-11.6307 0.013505
-11.6207 0.0136274
-11.6107 0.013769799999999999
-11.6007 0.013862400000000002
-11.5907 0.013964800000000001
-11.5807 0.014077099999999997
-11.5707 0.014159500000000002
-11.5607 0.014251800000000004
-11.550699999999999 0.0143142
-11.5407 0.014386400000000002
-11.5307 0.0144689
-11.5207 0.0145112
-11.5107 0.0145734
-11.5007 0.0146156
-11.4907 0.014647900000000002
-11.480699999999999 0.014680100000000001
-11.4707 0.014712199999999998
-11.4607 0.014734
-11.4507 0.014726000000000003
-11.4407 0.014747600000000001
-11.4307 0.0147492
-11.4207 0.0147306
-11.4107 0.0147017
-11.4007 0.014682900000000002
-11.390699999999999 0.014643699999999999
-11.3807 0.0146244
-11.3707 0.014585000000000002
-11.3607 0.014525300000000001
-11.3507 0.014475699999999998
-11.3407 0.0144157
-11.3307 0.014355699999999999
-11.3207 0.0143056
-11.3107 0.014225499999999999
-11.300699999999999 0.0141551
-11.2907 0.0140646
-11.2807 0.0139938
-11.2707 0.013882899999999998
-11.2607 0.013791900000000001
-11.2507 0.0136805
-11.2407 0.013539
-11.230699999999999 0.0134072
-11.2207 0.013255200000000002
-11.2107 0.013093099999999998
-11.2007 0.012940699999999998
-11.1907 0.0127481
-11.1807 0.0125654
-11.1707 0.012382600000000002
-11.1607 0.012179800000000001
-11.1507 0.0119871
-11.140699999999999 0.0117845
-11.1307 0.0116018
-11.1207 0.011409500000000001
-11.1107 0.011217300000000001
-11.1007 0.011045500000000001
-11.0907 0.0108838
-11.0807 0.010732499999999999
-11.0707 0.010581499999999997
-11.0607 0.0104707
-11.050699999999999 0.010340299999999998
-11.0407 0.0102301
-11.0307 0.0101504
-11.0207 0.0100406
-11.0107 0.0099608
-11.0007 0.0098804
-10.9907 0.0098126
-10.980699999999999 0.0097277
-10.9707 0.009654600000000003
-10.9607 0.009554200000000002
-10.9507 0.0094451
-10.9407 0.0093367
-10.9307 0.009189600000000003
-10.9207 0.0090327
-10.9107 0.0088551
-10.9007 0.0086468
-10.890699999999999 0.0084165
-10.8807 0.0081606
-10.8707 0.0078839
-10.8607 0.007582600000000001
-10.8507 0.0072770000000000005
-10.8407 0.0069587999999999985
-10.8307 0.006618400000000001
-10.8207 0.0062869
-10.8107 0.0059571999999999984
-10.800699999999999 0.005632000000000001
-10.7907 0.005314999999999999
-10.7807 0.0050173
-10.7707 0.0047402
-10.7607 0.0044758
-10.7507 0.0042380000000000004
-10.7407 0.0040218
-10.730699999999999 0.0038303999999999994
-10.7207 0.0036607
-10.7107 0.003514700000000001
-10.7007 0.0033872
-10.6907 0.0032804999999999996
-10.6807 0.0031894
-10.6707 0.0031158
-10.6607 0.0030545000000000004
-10.6507 0.0030058
-10.640699999999999 0.0029685000000000002
-10.6307 0.0029395000000000003
-10.6207 0.0029176000000000007
-10.6107 0.0029039000000000005
-10.6007 0.0028903000000000006
-10.5907 0.0028808
-10.5807 0.0028712000000000004
-10.5707 0.0028596000000000003
-10.5607 0.0028466
-10.550699999999999 0.0028274
-10.5407 0.0028015999999999996
-10.5307 0.0027676
-10.5207 0.0027221000000000003
-10.5107 0.0026690999999999998
-10.5007 0.0026023
-10.4907 0.0025250000000000003
-10.480699999999999 0.0024372
-10.4707 0.00233682
-10.4607 0.0022269099999999995
-10.4507 0.00210656
-10.4407 0.00198188
-10.4307 0.00185096
-10.4207 0.00171676
-10.4107 0.00158271
-10.4007 0.0014484599999999997
-10.390699999999999 0.0013193800000000002
-10.3807 0.00119427
-10.3707 0.00107769
-10.3607 0.00096721
-10.3507 0.0008668
-10.3407 0.0007755700000000002
-10.3307 0.0006929400000000001
-10.3207 0.00061979
-10.3107 0.00055692
-10.300699999999999 0.0005023
-10.2907 0.00045539000000000007
-10.2807 0.00041565000000000005
-10.2707 0.00038123
-10.2607 0.00035231
-10.2507 0.0003276200000000001
-10.2407 0.00030592
-10.230699999999999 0.0002867
-10.2207 0.00026921000000000003
-10.2107 0.00025313999999999995
-10.2007 0.00023764
-10.1907 0.00022254
-10.1807 0.00020780999999999995
-10.1707 0.00019314
-10.1607 0.00017846000000000002
-10.1507 0.00016385
-10.140699999999999 0.00014952999999999999
-10.1307 0.00013540999999999998
-10.1207 0.00012178000000000002
-10.1107 0.00010838800000000002
-10.1007 9.5932e-05
-10.0907 8.4126e-05
-10.0807 7.3158e-05
-10.0707 6.3066e-05
-10.0607 5.3917999999999994e-05
-10.050699999999999 4.561e-05
-10.0407 3.8256e-05
-10.0307 3.185799999999999e-05
-10.0207 2.6242e-05
-10.0107 2.1436999999999998e-05
-10.0007 1.7359e-05
-9.9907 1.3923e-05
-9.980699999999999 1.1064e-05
-9.9707 8.7125e-06
-9.9607 6.790900000000001e-06
-9.9507 5.241200000000001e-06
-9.9407 4.0096e-06
-9.9307 3.0424000000000003e-06
-9.9207 2.2893e-06
-9.9107 1.7136e-06
-9.9007 1.2817000000000004e-06
-9.890699999999999 9.6937e-07
-9.8807 7.606499999999999e-07
-9.8707 6.4622e-07
-9.8607 6.262999999999999e-07
-9.8507 7.142300000000001e-07
-9.8407 9.4422e-07
-9.8307 1.36512e-06
-9.8207 2.07138e-06
-9.8107 3.17912e-06
-9.800699999999999 4.9033900000000005e-06
-9.7907 7.50141e-06
-9.7807 1.139691e-05
-9.7707 1.7150180000000003e-05
-9.7607 2.5536239999999997e-05
-9.7507 3.766055e-05
-9.7407 5.502535000000001e-05
-9.730699999999999 7.95355e-05
-9.7207 0.0001136333
-9.7107 0.0001606492
-9.7007 0.00022521209999999998
-9.6907 0.0003117918
-9.6807 0.0004281135
-9.6707 0.0005813884
-9.6607 0.000780762
-9.6507 0.001040106
-9.640699999999999 0.0013682310000000001
-9.6307 0.0017852509999999999
-9.6207 0.002302739
-9.6107 0.002945186
-9.6007 0.003718656
-9.5907 0.004664702999999999
-9.5807 0.005785169
-9.570699999999999 0.00710639
-9.5607 0.00864714
-9.550699999999999 0.01042133
-9.540700000000001 0.01243695
-9.5307 0.014708319999999999
-9.5207 0.01723571
-9.5107 0.01996845
-9.5007 0.023009210000000002
-9.4907 0.026261600000000003
-9.480699999999999 0.0296415
-9.4707 0.03324702
-9.4607 0.03694775
-9.4507 0.040749770000000005
-9.4407 0.04464538
-9.4307 0.04839926
-9.4207 0.05222873
-9.410699999999999 0.056026160000000005
-9.4007 0.05959855
-9.390699999999999 0.06313291
-9.380700000000001 0.06645323
-9.3707 0.06971552
-9.3607 0.07277179
-9.3507 0.07559099999999999
-9.3407 0.0785093
-9.3307 0.0813325
-9.320699999999999 0.0841648
-9.3107 0.087029
-9.300699999999999 0.0899153
-9.290700000000001 0.0928247
-9.2807 0.09588010000000001
-9.2707 0.09917459999999999
-9.2607 0.1023922
-9.2507 0.10574080000000001
-9.2407 0.10932150000000002
-9.230699999999999 0.1126932
-9.2207 0.11617499999999999
-9.2107 0.1195008
-9.2007 0.1224276
-9.1907 0.12544440000000004
-9.1807 0.1278501
-9.1707 0.1297419
-9.160699999999999 0.1311465
-9.1507 0.13179610000000003
-9.140699999999999 0.13197260000000002
-9.130700000000001 0.131599
-9.1207 0.1304863
-9.1107 0.1288015
-9.1007 0.1267886
-9.0907 0.12410669999999999
-9.0807 0.12125859999999998
-9.070699999999999 0.11814150000000001
-9.0607 0.11491639999999999
-9.050699999999999 0.1116632
-9.040700000000001 0.1084901
-9.0307 0.10550390000000001
-9.0207 0.10262179999999999
-9.0107 0.10011779999999999
-9.0007 0.09757280000000002
-8.9907 0.09572389999999999
-8.980699999999999 0.09403609999999998
-8.9707 0.0926244
-8.9607 0.0913729
-8.9507 0.09039939999999999
-8.9407 0.0896641
-8.9307 0.0890848
-8.9207 0.0886577
-8.910699999999999 0.08846570000000001
-8.9007 0.08838280000000001
-8.890699999999999 0.088303
-8.880700000000001 0.0883303
-8.8707 0.0882617
-8.8607 0.0885961
-8.8507 0.08863349999999999
-8.8407 0.088873
-8.8307 0.0891135
-8.820699999999999 0.0892549
-8.8107 0.08969629999999999
-8.800699999999999 0.0900417
-8.790700000000001 0.090379
-8.7807 0.0907252
-8.7707 0.0911653
-8.7607 0.0915032
-8.7507 0.0918301
-8.7407 0.09226999999999999
-8.730699999999999 0.0924997
-8.7207 0.0927403
-8.7107 0.09306999999999999
-8.7007 0.0932995
-8.6907 0.0935391
-8.6807 0.0937687
-8.6707 0.0941973
-8.660699999999999 0.09433699999999999
-8.6507 0.09456369999999997
-8.640699999999999 0.0946004
-8.630700000000001 0.09473419999999999
-8.6207 0.09485709999999999
-8.6107 0.0948889
-8.6007 0.0947048
-8.5907 0.0946307
-8.5807 0.09424060000000001
-8.570699999999999 0.09374840000000001
-8.5607 0.0931401
-8.550699999999999 0.09252869999999999
-8.540700000000001 0.0916132
-8.5307 0.09068360000000002
-8.5207 0.0894477
-8.5107 0.08819869999999999
-8.5007 0.0868366
-8.4907 0.08537020000000001
-8.480699999999999 0.08380069999999999
-8.4707 0.0821189
-8.4607 0.0805341
-8.4507 0.07863900000000001
-8.4407 0.0768708
-8.4307 0.0751725
-8.4207 0.07349309999999999
-8.410699999999999 0.0717246
-8.4007 0.07008710000000001
-8.390699999999999 0.0683396
-8.380700000000001 0.0668241
-8.3707 0.0652196
-8.3607 0.06383920000000001
-8.3507 0.0624819
-8.3407 0.0613357
-8.3307 0.060276800000000005
-8.320699999999999 0.05940010000000001
-8.3107 0.0587997
-8.300699999999999 0.05831460000000001
-8.290700000000001 0.0581739
-8.2807 0.058384599999999995
-8.2707 0.0587568
-8.2607 0.05963840000000001
-8.2507 0.06082970000000001
-8.2407 0.06252250000000001
-8.230699999999999 0.0645559
-8.2207 0.06704
-8.2107 0.06980560000000001
-8.2007 0.07320089999999999
-8.1907 0.0767388
-8.1807 0.0809153
-8.1707 0.0853223
-8.160699999999999 0.0899777
-8.1507 0.095
-8.140699999999999 0.100289
-8.130700000000001 0.105632
-8.1207 0.111216
-8.1107 0.11692
-8.1007 0.12256500000000001
-8.0907 0.128304
-8.0807 0.13384200000000002
-8.070699999999999 0.13917100000000002
-8.0607 0.14436600000000002
-8.050699999999999 0.149217
-8.040700000000001 0.15381999999999998
-8.0307 0.157887
-8.0207 0.161222
-8.0107 0.163916
-8.0007 0.166044
-7.9906999999999995 0.16720999999999997
-7.9807 0.167726
-7.9707 0.16738799999999998
-7.9607 0.166393
-7.950699999999999 0.164354
-7.9407 0.16186099999999998
-7.9307 0.158848
-7.9207 0.15532500000000002
-7.910699999999999 0.15172799999999997
-7.9007 0.14826
-7.8907 0.14484400000000003
-7.8807 0.14188499999999998
-7.870699999999999 0.13973800000000003
-7.8607 0.138314
-7.8507 0.138149
-7.8407 0.13883399999999999
-7.8307 0.14100000000000001
-7.8206999999999995 0.14443699999999998
-7.8107 0.149069
-7.8007 0.15495199999999998
-7.7907 0.16165400000000002
-7.7806999999999995 0.16963100000000003
-7.7707 0.178066
-7.7607 0.187346
-7.7507 0.196551
-7.7406999999999995 0.205688
-7.7307 0.21460400000000002
-7.7207 0.22320600000000002
-7.7107 0.23070300000000002
-7.700699999999999 0.23727900000000002
-7.6907 0.24280700000000002
-7.6807 0.246923
-7.6707 0.249699
-7.660699999999999 0.251341
-7.6507 0.25134100000000004
-7.6407 0.25023
-7.6307 0.247979
-7.620699999999999 0.2447
-7.6107 0.240514
-7.6007 0.23610199999999998
-7.5907 0.231088
-7.5807 0.22627300000000003
-7.5706999999999995 0.22146799999999997
-7.5607 0.21736899999999998
-7.5507 0.213884
-7.5407 0.211435
-7.5306999999999995 0.20999700000000002
-7.5207 0.209806
-7.5107 0.211138
-7.5007 0.214111
-7.4906999999999995 0.21881700000000004
-7.4807 0.22477399999999997
-7.4707 0.232564
-7.4607 0.24157599999999996
-7.450699999999999 0.251933
-7.4407 0.263196
-7.4307 0.27530699999999997
-7.4207 0.288012
-7.410699999999999 0.30081399999999997
-7.4007 0.31362899999999994
-7.3907 0.32611799999999996
-7.3807 0.337512
-7.370699999999999 0.347457
-7.3607 0.35688
-7.3507 0.36455099999999996
-7.3407 0.369209
-7.3307 0.37330500000000005
-7.3206999999999995 0.375358
-7.3107 0.37556900000000004
-7.3007 0.375037
-7.2907 0.37178400000000006
-7.2806999999999995 0.36769
-7.2707 0.362875
-7.2607 0.35724
-7.2507 0.351406
-7.2406999999999995 0.34545300000000007
-7.2307 0.339932
-7.2207 0.334922
-7.2107 0.330615
-7.200699999999999 0.3276409999999999
-7.1907 0.32581799999999994
-7.1807 0.32529800000000003
-7.1707 0.32622999999999996
-7.160699999999999 0.328504
-7.1507 0.33230000000000004
-7.1407 0.33753700000000003
-7.1307 0.34360399999999997
-7.120699999999999 0.351602
-7.1107 0.36033100000000007
-7.1007 0.36987999999999993
-7.0907 0.3800280000000001
-7.0807 0.390717
-7.0706999999999995 0.40169599999999994
-7.0607 0.412994
-7.0507 0.424493
-7.0407 0.43607100000000004
-7.0306999999999995 0.44675000000000004
-7.0207 0.45711
-7.0107 0.46665900000000005
-7.0007 0.47456899999999996
-6.9906999999999995 0.4822700000000001
-6.9807 0.488521
-6.9707 0.49424100000000004
-6.9607 0.4971230000000001
-6.950699999999999 0.499463
-6.9407 0.49895399999999995
-6.9307 0.49779399999999996
-6.9207 0.49488999999999994
-6.910699999999999 0.49034
-6.9007 0.48396999999999996
-6.8907 0.47614999999999996
-6.8807 0.46711
-6.870699999999999 0.45871
-6.8607 0.44831
-6.8507 0.43772000000000005
-6.8407 0.42607
-6.8307 0.4154569999999999
-6.8206999999999995 0.404922
-6.8107 0.39449999999999996
-6.8007 0.384192
-6.7907 0.374988
-6.7806999999999995 0.366009
-6.7707 0.3579509999999999
-6.7607 0.3504979999999999
-6.7507 0.343671
-6.7406999999999995 0.33656200000000003
-6.7307 0.331271
-6.7207 0.32639399999999996
-6.7107 0.32111700000000004
-6.700699999999999 0.31646799999999997
-6.6907 0.31212699999999993
-6.6807 0.307804
-6.6707 0.303788
-6.660699999999999 0.299872
-6.6507 0.296165
-6.6407 0.29248599999999997
-6.6307 0.288997
-6.620699999999999 0.285824
-6.6107 0.282961
-6.6007 0.280505
-6.5907 0.278374
-6.5807 0.27664
-6.5706999999999995 0.27542599999999995
-6.5607 0.274726
-6.5507 0.27453700000000003
-6.5407 0.27486
-6.5306999999999995 0.275489
-6.5207 0.276433
-6.5107 0.27786500000000003
-6.5007 0.27952
-6.4906999999999995 0.281382
-6.4807 0.283227
-6.4707 0.28498700000000005
-6.4607 0.28662800000000005
-6.450699999999999 0.288182
-6.4407 0.28942799999999996
-6.4307 0.290255
-6.4207 0.29086300000000004
-6.410699999999999 0.290871
-6.4007 0.290568
-6.3907 0.28986500000000004
-6.3807 0.28843199999999997
-6.370699999999999 0.286897
-6.3607 0.284843
-6.3507 0.282386
-6.3407 0.27940999999999994
-6.3307 0.27623299999999995
-6.3206999999999995 0.272544
-6.3107 0.268746
-6.3007 0.264546
-6.2907 0.26024700000000006
-6.2806999999999995 0.25563800000000003
-6.2707 0.250919
-6.2607 0.246111
-6.2507 0.24121400000000004
-6.2406999999999995 0.236308
-6.2307 0.2316
-6.2207 0.22680200000000003
-6.2107 0.222009
-6.200699999999999 0.21742000000000003
-6.1907 0.213336
-6.1807 0.209165
-6.1707 0.205198
-6.160699999999999 0.20163599999999998
-6.1507 0.198189
-6.1407 0.19534600000000002
-6.1307 0.192506
-6.120699999999999 0.19018199999999996
-6.1107 0.187961
-6.1007 0.18624400000000002
-6.0907 0.184731
-6.0807 0.183531
-6.0706999999999995 0.18243299999999998
-6.0607 0.181628
-6.0507 0.18103499999999997
-6.0407 0.180555
-6.0306999999999995 0.18026400000000004
-6.0207 0.180074
-6.0107 0.17988400000000002
-6.0007 0.17969400000000002
-5.9906999999999995 0.179402
-5.9807 0.17910800000000002
-5.9707 0.17871299999999996
-5.9607 0.17830499999999996
-5.950699999999999 0.177703
-5.9407 0.176888
-5.9307 0.17617
-5.9207 0.175058
-5.910699999999999 0.17392400000000002
-5.9007 0.17259600000000003
-5.8907 0.17116499999999998
-5.8807 0.169622
-5.870699999999999 0.168087
-5.8607 0.16634000000000002
-5.8507 0.16439
-5.8407 0.16243899999999997
-5.8307 0.160426
-5.8206999999999995 0.15832400000000002
-5.8107 0.15615900000000002
-5.8007 0.15372300000000003
-5.7907 0.151407
-5.7806999999999995 0.14892
-5.7707 0.146454
-5.7607 0.144119
-5.7507 0.141694
-5.7406999999999995 0.139301
-5.7307 0.13722
-5.7207 0.13487
-5.7107 0.132833
-5.700699999999999 0.131128
-5.6907 0.129437
-5.6807 0.127868
-5.6707 0.12672
-5.660699999999999 0.12558800000000003
-5.6507 0.12477800000000001
-5.6407 0.12418099999999999
-5.6307 0.123597
-5.620699999999999 0.12313199999999999
-5.6107 0.122871
-5.6007 0.122719
-5.5907 0.12246800000000001
-5.5807 0.122096
-5.5707 0.121979
-5.560700000000001 0.12175699999999999
-5.550699999999999 0.121434
-5.540699999999999 0.12090699999999999
-5.5306999999999995 0.120377
-5.5207 0.119743
-5.5107 0.11890400000000001
-5.5007 0.118165
-5.4907 0.117226
-5.480700000000001 0.116382
-5.470699999999999 0.115439
-5.460699999999999 0.114597
-5.450699999999999 0.113556
-5.4407 0.11321699999999998
-5.4307 0.11248099999999998
-5.4207 0.112148
-5.4107 0.111619
-5.4007000000000005 0.111494
-5.390699999999999 0.111573
-5.380699999999999 0.11165799999999998
-5.370699999999999 0.112243
-5.3607 0.112637
-5.3507 0.11323100000000001
-5.3407 0.113931
-5.3307 0.11483299999999999
-5.3207 0.11563799999999999
-5.310700000000001 0.11654499999999998
-5.300699999999999 0.11765300000000001
-5.290699999999999 0.118464
-5.2806999999999995 0.11937600000000001
-5.2707 0.120288
-5.2607 0.12100399999999999
-5.2507 0.12181799999999998
-5.2407 0.12253299999999999
-5.230700000000001 0.122949
-5.220699999999999 0.12346400000000002
-5.210699999999999 0.12367900000000001
-5.200699999999999 0.12379400000000002
-5.1907 0.12370500000000001
-5.1807 0.123618
-5.1707 0.123326
-5.1607 0.12293399999999999
-5.1507000000000005 0.122138
-5.140699999999999 0.12123900000000001
-5.130699999999999 0.12023599999999998
-5.120699999999999 0.11913100000000001
-5.1107 0.117622
-5.1007 0.11610999999999999
-5.0907 0.11449299999999998
-5.0807 0.112773
-5.0707 0.11075200000000002
-5.060700000000001 0.10902599999999998
-5.050699999999999 0.1071
-5.040699999999999 0.10527299999999999
-5.0306999999999995 0.10314300000000001
-5.0207 0.101216
-5.0107 0.099387
-5.0007 0.097558
-4.9907 0.095732
-4.980700000000001 0.09412500000000003
-4.970699999999999 0.09253000000000002
-4.960699999999999 0.09111799999999999
-4.950699999999999 0.08974700000000001
-4.9407 0.08855700000000001
-4.9307 0.087508
-4.9207 0.08641100000000002
-4.9107 0.08548399999999999
-4.9007000000000005 0.084609
-4.890699999999999 0.08377499999999999
-4.880699999999999 0.08311199999999999
-4.870699999999999 0.082569
-4.8607 0.08207699999999998
-4.8507 0.081426
-4.8407 0.081105
-4.8307 0.080804
-4.8207 0.08055699999999999
-4.810700000000001 0.08026699999999999
-4.800699999999999 0.080179
-4.790699999999999 0.0803
-4.7806999999999995 0.08031400000000001
-4.7707 0.08022699999999999
-4.7607 0.080541
-4.7507 0.080746
-4.7407 0.080839
-4.730700000000001 0.08103099999999999
-4.720699999999999 0.08121400000000001
-4.710699999999999 0.081175
-4.700699999999999 0.08123599999999999
-4.6907 0.08129800000000001
-4.6807 0.08123699999999999
-4.6707 0.081076
-4.6607 0.080813
-4.6507000000000005 0.08054800000000001
-4.640699999999999 0.080293
-4.630699999999999 0.07982899999999998
-4.620699999999999 0.079373
-4.6107 0.07882600000000001
-4.6007 0.07817900000000001
-4.5907 0.077642
-4.5807 0.077014
-4.5707 0.07639099999999999
-4.560700000000001 0.075574
-4.550699999999999 0.07505800000000001
-4.540699999999999 0.074344
-4.5306999999999995 0.073843
-4.5207 0.07324
-4.5107 0.07263700000000001
-4.5007 0.07201700000000003
-4.4907 0.07157700000000002
-4.480700000000001 0.070928
-4.470699999999999 0.070578
-4.460699999999999 0.07003799999999999
-4.450699999999999 0.069472
-4.4407 0.06891399999999999
-4.4307 0.068446
-4.4207 0.067978
-4.4107 0.06740299999999999
-4.4007000000000005 0.066857
-4.390699999999999 0.06631
-4.380699999999999 0.065866
-4.370699999999999 0.06542
-4.3607 0.064883
-4.3507 0.064271
-4.3407 0.063874
-4.3307 0.06336
-4.3207 0.062875
-4.310700000000001 0.062300999999999995
-4.300699999999999 0.061826
-4.290699999999999 0.06136
-4.2806999999999995 0.06087499999999999
-4.2707 0.060417000000000005
-4.2607 0.05984899999999999
-4.2507 0.05924100000000001
-4.2407 0.05862099999999999
-4.230700000000001 0.057958
-4.220699999999999 0.057163999999999986
-4.210699999999999 0.05655000000000001
-4.200699999999999 0.05569199999999999
-4.1907 0.054914000000000004
-4.1807 0.054125000000000006
-4.1707 0.053314
-4.1607 0.05250199999999999
-4.1507000000000005 0.051590000000000004
-4.140699999999999 0.05088999999999999
-4.130699999999999 0.050096999999999996
-4.120699999999999 0.049364
-4.1107 0.04877400000000001
-4.1007 0.048122000000000005
-4.0907 0.047643
-4.0807 0.047223999999999995
-4.0707 0.04686800000000001
-4.060700000000001 0.046602000000000005
-4.050699999999999 0.046329000000000016
-4.040699999999999 0.046217
-4.0306999999999995 0.04618599999999999
-4.0207 0.04611699999999999
-4.0107 0.046128
-4.0007 0.046190999999999996
-3.9907000000000004 0.04628500000000001
-3.9807000000000006 0.046352
-3.970699999999999 0.04642800000000001
-3.960699999999999 0.04654599999999999
-3.9506999999999994 0.04658299999999999
-3.9406999999999996 0.046733
-3.9307 0.046812999999999994
-3.9207 0.046804
-3.9107000000000003 0.046928
-3.9007000000000005 0.047061
-3.890699999999999 0.047126
-3.880699999999999 0.047302
-3.8706999999999994 0.047519
-3.8606999999999996 0.047768
-3.8507 0.048038000000000004
-3.8407 0.048376
-3.8307 0.048788000000000005
-3.8207000000000004 0.04925
-3.8107000000000006 0.049781
-3.800699999999999 0.050384
-3.7906999999999993 0.050966
-3.7806999999999995 0.051577000000000005
-3.7706999999999997 0.052298
-3.7607 0.053018
-3.7507 0.053697999999999996
-3.7407000000000004 0.054444
-3.7307000000000006 0.055080000000000004
-3.720699999999999 0.055734
-3.710699999999999 0.056395999999999995
-3.7006999999999994 0.056937
-3.6906999999999996 0.057453
-3.6807 0.05783100000000001
-3.6707 0.05817599999999999
-3.6607000000000003 0.058267
-3.6507000000000005 0.05840800000000001
-3.640699999999999 0.058385
-3.630699999999999 0.058289999999999995
-3.6206999999999994 0.05802799999999999
-3.6106999999999996 0.05758999999999999
-3.6007 0.057072000000000005
-3.5907 0.056394
-3.5807 0.055642
-3.5707000000000004 0.054821999999999996
-3.5607000000000006 0.053801
-3.550699999999999 0.052737
-3.5406999999999993 0.051544
-3.5306999999999995 0.050401
-3.5206999999999997 0.049047
-3.5107 0.047754
-3.5007 0.046389
-3.4907000000000004 0.045016
-3.4807000000000006 0.043681
-3.470699999999999 0.042259
-3.460699999999999 0.040895
-3.4506999999999994 0.039573
-3.4406999999999996 0.03838199999999999
-3.4307 0.0371706
-3.4207 0.0359718
-3.4107000000000003 0.0348918
-3.4007000000000005 0.033873200000000006
-3.390699999999999 0.0329459
-3.380699999999999 0.0320499
-3.3706999999999994 0.0312853
-3.3606999999999996 0.030551
-3.3507 0.0299182
-3.3407 0.0293468
-3.3307 0.028844800000000004
-3.3207000000000004 0.028374800000000002
-3.3107000000000006 0.0279964
-3.300699999999999 0.0276468
-3.2906999999999993 0.0273592
-3.2806999999999995 0.027122000000000004
-3.2706999999999997 0.026914700000000003
-3.2607 0.026729199999999998
-3.2507 0.0265943
-3.2407000000000004 0.026499099999999998
-3.2307000000000006 0.026424700000000002
-3.220699999999999 0.026352900000000002
-3.210699999999999 0.0263407
-3.2006999999999994 0.0263282
-3.1906999999999996 0.026358299999999998
-3.1807 0.026409099999999998
-3.1707 0.026480399999999998
-3.1607000000000003 0.0265523
-3.1507000000000005 0.026654899999999995
-3.140699999999999 0.0267688
-3.130699999999999 0.026892399999999997
-3.1206999999999994 0.027036499999999998
-3.1106999999999996 0.027182899999999996
-3.1007 0.0273479
-3.0907 0.027534100000000002
-3.0807 0.0277207
-3.0707000000000004 0.0279067
-3.0607000000000006 0.028093700000000006
-3.050699999999999 0.028268800000000004
-3.0406999999999993 0.0284547
-3.0306999999999995 0.028639599999999998
-3.0206999999999997 0.028805499999999998
-3.0107 0.028949299999999997
-3.0007 0.029032000000000002
-2.9907000000000004 0.0290934
-2.9807000000000006 0.029054699999999996
-2.970699999999999 0.029071600000000003
-2.960699999999999 0.0289593
-2.9506999999999994 0.0287239
-2.9406999999999996 0.0284482
-2.9307 0.028148299999999998
-2.9207 0.027717300000000004
-2.9107000000000003 0.0272661
-2.9007000000000005 0.0267829
-2.890699999999999 0.0262087
-2.880699999999999 0.025634599999999997
-2.8706999999999994 0.0250486
-2.8606999999999996 0.024463900000000004
-2.8507 0.0238904
-2.8407 0.023367000000000002
-2.8307 0.0228849
-2.8207000000000004 0.022465699999999995
-2.8107000000000006 0.022127200000000003
-2.800699999999999 0.0218708
-2.7906999999999993 0.0217175
-2.7806999999999995 0.021645300000000006
-2.7706999999999997 0.0216661
-2.7607 0.021789000000000003
-2.7507 0.022005
-2.7407000000000004 0.022322899999999996
-2.7307000000000006 0.0226915
-2.720699999999999 0.023132200000000002
-2.710699999999999 0.023625200000000002
-2.7006999999999994 0.024168900000000004
-2.6906999999999996 0.0247222
-2.6807 0.0252967
-2.6707 0.025870199999999996
-2.6607000000000003 0.026423700000000005
-2.6507000000000005 0.0269471
-2.640699999999999 0.027439200000000004
-2.630699999999999 0.0278792
-2.6206999999999994 0.028279799999999997
-2.6106999999999996 0.0286182
-2.6007 0.0289142
-2.5907 0.0291599
-2.5807 0.0293537
-2.5707000000000004 0.029496000000000005
-2.5607000000000006 0.0296087
-2.550699999999999 0.0296791
-2.5406999999999993 0.0297191
-2.5306999999999995 0.0297478
-2.5206999999999997 0.029737499999999993
-2.5107 0.029704799999999996
-2.5007 0.0296533
-2.4907000000000004 0.029600799999999997
-2.4807000000000006 0.0294904
-2.470699999999999 0.029378400000000002
-2.460699999999999 0.0292485
-2.4506999999999994 0.029076900000000003
-2.4406999999999996 0.0288867
-2.4307 0.028677699999999997
-2.4207 0.0284082
-2.4107000000000003 0.028127899999999997
-2.4007000000000005 0.027819999999999998
-2.390699999999999 0.027480900000000003
-2.380699999999999 0.027123300000000003
-2.3706999999999994 0.0267344
-2.3606999999999996 0.026316299999999994
-2.3507 0.0258983
-2.3407 0.025469
-2.3307 0.025020000000000004
-2.3207000000000004 0.0245919
-2.3107000000000006 0.024130799999999997
-2.300699999999999 0.023690800000000005
-2.2906999999999993 0.0232279
-2.2806999999999995 0.022756099999999998
-2.2706999999999997 0.022303299999999998
-2.2607 0.0218394
-2.2507 0.0213647
-2.2407000000000004 0.020889
-2.2307000000000006 0.0203932
-2.220699999999999 0.0199143
-2.210699999999999 0.019427399999999997
-2.2006999999999994 0.018929599999999998
-2.1906999999999996 0.0184404
-2.1807 0.0179613
-2.1707 0.0174621
-2.1607000000000003 0.0170049
-2.1507000000000005 0.0165557
-2.140699999999999 0.0161178
-2.130699999999999 0.0156888
-2.1206999999999994 0.0153025
-2.1106999999999996 0.014904600000000002
-2.1007 0.0145579
-2.0907 0.014210299999999999
-2.0807 0.013862999999999997
-2.0707000000000004 0.0135458
-2.0607000000000006 0.013228800000000002
-2.050699999999999 0.0128938
-2.0406999999999993 0.012573699999999998
-2.0306999999999995 0.0122418
-2.0206999999999997 0.0119116
-2.0107 0.011540400000000001
-2.0007 0.0111792
-1.9907000000000004 0.0108157
-1.9807000000000006 0.0104237
-1.970699999999999 0.010020499999999998
-1.9606999999999992 0.0096199
-1.9506999999999994 0.00922747
-1.9406999999999996 0.00883124
-1.9306999999999999 0.008451380000000001
-1.9207 0.00807981
-1.9107000000000003 0.0077369199999999996
-1.9007000000000005 0.00742081
-1.890699999999999 0.00712748
-1.8806999999999992 0.0068553400000000006
-1.8706999999999994 0.006635269999999999
-1.8606999999999996 0.0064293699999999985
-1.8506999999999998 0.00624584
-1.8407 0.00610436
-1.8307000000000002 0.006001929999999999
-1.8207000000000004 0.00589934
-1.8107000000000006 0.00582438
-1.800699999999999 0.00574813
-1.7906999999999993 0.005680199999999999
-1.7806999999999995 0.0056082599999999995
-1.7706999999999997 0.00553732
-1.7607 0.00545716
-1.7507000000000001 0.0053634699999999995
-1.7407000000000004 0.0052441599999999994
-1.7307000000000006 0.005110010000000001
-1.720699999999999 0.00494833
-1.7106999999999992 0.004771920000000001
-1.7006999999999994 0.0045756699999999996
-1.6906999999999996 0.00435359
-1.6806999999999999 0.00411508
-1.6707 0.00386605
-1.6607000000000003 0.0035995399999999996
-1.6507000000000005 0.0033278899999999996
-1.640699999999999 0.0030589400000000004
-1.6306999999999992 0.00278716
-1.6206999999999994 0.0025187099999999995
-1.6106999999999996 0.00226029
-1.6006999999999998 0.0020115
-1.5907 0.00177589
-1.5807000000000002 0.0015539500000000001
-1.5707000000000004 0.0013489
-1.5607000000000006 0.0011616500000000002
-1.550699999999999 0.0009916299999999999
-1.5406999999999993 0.000837441
-1.5306999999999995 0.000703959
-1.5206999999999997 0.000585806
-1.5107 0.00048231
-1.5007000000000001 0.00039422199999999995
-1.4907000000000004 0.000319599
-1.4807000000000006 0.000256788
-1.470699999999999 0.000204139
-1.4606999999999992 0.00016100299999999998
-1.4506999999999994 0.000125702
-1.4406999999999996 9.725499999999998e-05
-1.4306999999999999 7.46064e-05
-1.4207 5.66359e-05
-1.4107000000000003 4.256370000000001e-05
-1.4007000000000005 3.1748e-05
-1.390699999999999 2.34318e-05
-1.3806999999999992 1.7113699999999995e-05
-1.3706999999999994 1.2388200000000001e-05
-1.3606999999999996 8.881199999999999e-06
-1.3506999999999998 6.29772e-06
-1.3407 4.42848e-06
-1.3307000000000002 3.0779299999999998e-06
-1.3207000000000004 2.11948e-06
-1.3107000000000006 1.4447599999999999e-06
-1.300699999999999 9.7483e-07
-1.2906999999999993 6.50995e-07
-1.2806999999999995 4.3011700000000007e-07
-1.2706999999999997 2.8151299999999996e-07
-1.2607 1.82241e-07
-1.2507000000000001 1.1682699999999999e-07
-1.2407000000000004 7.41518e-08
-1.2307000000000006 4.65875e-08
-1.220699999999999 2.8914199999999998e-08
-1.2106999999999992 1.77735e-08
-1.2006999999999994 1.0813100000000001e-08
-1.1906999999999996 6.5202299999999995e-09
-1.1806999999999999 3.87661e-09
-1.1707 2.28798e-09
-1.1607000000000003 1.3350100000000001e-09
-1.1507000000000005 7.707479999999999e-10
-1.140699999999999 4.39706e-10
-1.1306999999999992 2.48725e-10
-1.1206999999999994 1.39032e-10
-1.1106999999999996 7.687969999999999e-11
-1.1006999999999998 4.215879999999999e-11
-1.0907 2.28397e-11
-1.0807000000000002 1.22435e-11
-1.0707000000000004 6.4940599999999995e-12
-1.0607000000000006 3.4020099999999996e-12
-1.050699999999999 1.7606300000000001e-12
-1.0406999999999993 9.049899999999999e-13
-1.0306999999999995 4.5998e-13
-1.0206999999999997 2.3038600000000005e-13
-1.0107 1.14266e-13
-1.0007000000000001 5.6297399999999986e-14
-0.9907000000000004 2.73753e-14
-0.9807000000000006 1.2522899999999998e-14
-0.970699999999999 4.7766699999999996e-15
-0.9606999999999992 1.052532e-15
-0.9506999999999994 0.0
-0.9406999999999996 0.0
-0.9306999999999999 0.0
-0.9207000000000001 0.0
-0.9107000000000003 0.0
-0.9007000000000005 0.0
-0.8906999999999989 0.0
-0.8806999999999992 0.0
-0.8706999999999994 0.0
-0.8606999999999996 0.0
-0.8506999999999998 0.0
-0.8407 0.0
-0.8307000000000002 0.0
-0.8207000000000004 0.0
-0.8107000000000006 0.0
-0.8006999999999991 0.0
-0.7906999999999993 0.0
-0.7806999999999995 0.0
-0.7706999999999997 0.0
-0.7606999999999999 0.0
-0.7507000000000001 0.0
-0.7407000000000004 0.0
-0.7307000000000006 0.0
-0.720699999999999 0.0
-0.7106999999999992 0.0
-0.7006999999999994 0.0
-0.6906999999999996 0.0
-0.6806999999999999 0.0
-0.6707000000000001 0.0
-0.6607000000000003 0.0
-0.6507000000000005 0.0
-0.6406999999999989 0.0
-0.6306999999999992 0.0
-0.6206999999999994 2.2022580000000004e-15
-0.6106999999999996 2.773389e-14
-0.6006999999999998 8.844850000000001e-14
-0.5907 2.3274370000000004e-13
-0.5807000000000002 4.84792e-13
-0.5707000000000004 9.89595e-13
-0.5607000000000006 2.000174e-12
-0.5506999999999991 4.00335e-12
-0.5406999999999993 7.910310000000001e-12
-0.5306999999999995 1.552651e-11
-0.5206999999999997 3.005662e-11
-0.5106999999999999 5.763860000000001e-11
-0.5007000000000001 1.0924e-10
-0.49070000000000036 2.050217e-10
-0.48070000000000057 3.8017100000000005e-10
-0.470699999999999 6.97758e-10
-0.4606999999999992 1.2696340000000001e-09
-0.45069999999999943 2.284959e-09
-0.44069999999999965 4.055e-09
-0.43069999999999986 7.14e-09
-0.4207000000000001 1.241834e-08
-0.4107000000000003 2.135191e-08
-0.4007000000000005 3.646224e-08
-0.39069999999999894 6.14545e-08
-0.38069999999999915 1.0244050000000001e-07
-0.37069999999999936 1.6918330000000002e-07
-0.3606999999999996 2.764741e-07
-0.3506999999999998 4.4635800000000003e-07
-0.3407 7.14078e-07
-0.3307000000000002 1.127432e-06
-0.32070000000000043 1.764486e-06
-0.31070000000000064 2.727859e-06
-0.3006999999999991 4.181349999999999e-06
-0.2906999999999993 6.33141e-06
-0.2806999999999995 9.50303e-06
-0.2706999999999997 1.4104610000000001e-05
-0.26069999999999993 2.072071e-05
-0.25070000000000014 3.010563e-05
-0.24070000000000036 4.31746e-05
-0.23070000000000057 6.14213e-05
-0.220699999999999 8.65578e-05
-0.21069999999999922 0.00012043620000000001
-0.20069999999999943 0.0001658466
-0.19069999999999965 0.00022595550000000002
-0.18069999999999986 0.0003057273
-0.17070000000000007 0.000408275
-0.1607000000000003 0.000538739
-0.1507000000000005 0.000705356
-0.14069999999999894 0.0009126030000000001
-0.13069999999999915 0.001169287
-0.12069999999999936 0.0014817760000000002
-0.11069999999999958 0.0018621620000000003
-0.10069999999999979 0.0023113620000000004
-0.0907 0.0028513680000000004
-0.08070000000000022 0.0034736100000000002
-0.07070000000000043 0.0041791
-0.06070000000000064 0.00499196
-0.05069999999999908 0.00591703
-0.04069999999999929 0.00692864
-0.030699999999999505 0.0080385
-0.02069999999999972 0.00924724
-0.010699999999999932 0.010531379999999998
-0.000700000000000145 0.011888330000000003
0.009299999999999642 0.01331207
0.01929999999999943 0.014776000000000001
0.029300000000000992 0.01628091
0.03930000000000078 0.01778417
0.049300000000000566 0.019268399999999998
0.05930000000000035 0.0207205
0.06930000000000014 0.0221313
0.07929999999999993 0.023490499999999997
0.08929999999999971 0.0247172
0.0992999999999995 0.025941900000000004
0.10930000000000106 0.027093700000000002
0.11930000000000085 0.028082400000000004
0.12930000000000064 0.029018999999999996
0.13930000000000042 0.0297835
0.1493000000000002 0.030505599999999997
0.1593 0.031175599999999998
0.16929999999999978 0.031784599999999996
0.17929999999999957 0.0323513
0.18929999999999936 0.0327967
0.19930000000000092 0.0333117
0.2093000000000007 0.0337263
0.2193000000000005 0.034150400000000004
0.22930000000000028 0.0345744
0.23930000000000007 0.0350391
0.24929999999999986 0.035524
0.25929999999999964 0.0360688
0.26929999999999943 0.0365743
0.279300000000001 0.0371503
0.2893000000000008 0.0378178
0.29930000000000057 0.03855599999999999
0.30930000000000035 0.0392739
0.31930000000000014 0.0400136
0.3292999999999999 0.0408242
0.3392999999999997 0.04170650000000001
0.3492999999999995 0.0425789
0.35930000000000106 0.043392
0.36930000000000085 0.044276800000000005
0.37930000000000064 0.0451116
0.3893000000000004 0.04588700000000001
0.3993000000000002 0.0464629
0.4093 0.0471299
0.4192999999999998 0.0477747
0.42929999999999957 0.048111400000000006
0.43929999999999936 0.0483161
0.4493000000000009 0.04848850000000001
0.4593000000000007 0.04845069999999999
0.4693000000000005 0.0482495
0.4793000000000003 0.047815699999999996
0.48930000000000007 0.0471806
0.49929999999999986 0.0464118
0.5092999999999996 0.045430399999999996
0.5192999999999994 0.0444464
0.529300000000001 0.0430691
0.5393000000000008 0.04181820000000001
0.5493000000000006 0.04018600000000001
0.5593000000000004 0.0387616
0.5693000000000001 0.037114999999999995
0.5792999999999999 0.035499
0.5892999999999997 0.0340312
0.5992999999999995 0.032535100000000004
0.6093000000000011 0.031110599999999995
0.6193000000000008 0.029806399999999997
0.6293000000000006 0.028605400000000007
0.6393000000000004 0.027647800000000007
0.6493000000000002 0.026903899999999994
0.6593 0.0263449
0.6692999999999998 0.026010400000000003
0.6792999999999996 0.025910899999999997
0.6892999999999994 0.026048
0.6993000000000009 0.0264012
0.7093000000000007 0.026980000000000004
0.7193000000000005 0.027765499999999995
0.7293000000000003 0.028746099999999997
0.7393000000000001 0.0299041
0.7492999999999999 0.031206900000000003
0.7592999999999996 0.0326266
0.7692999999999994 0.034120399999999995
0.779300000000001 0.03571760000000001
0.7893000000000008 0.037268899999999994
0.7993000000000006 0.03891499999999999
0.8093000000000004 0.0406208
0.8193000000000001 0.0421212
0.8292999999999999 0.043681300000000006
0.8392999999999997 0.0450883
0.8492999999999995 0.0464493
0.8593000000000011 0.04765029999999999
0.8693000000000008 0.0489091
0.8793000000000006 0.049868800000000005
0.8893000000000004 0.0507865
0.8993000000000002 0.051604
0.9093 0.05225030000000001
0.9192999999999998 0.0528336
0.9292999999999996 0.053245600000000004
0.9392999999999994 0.0535644
0.9493000000000009 0.05372299999999999
0.9593000000000007 0.0537176
0.9693000000000005 0.0535591
0.9793000000000003 0.053318000000000004
0.9893000000000001 0.052832000000000004
0.9992999999999999 0.05230109999999999
1.0092999999999996 0.0515293
1.0192999999999994 0.0507028
1.029300000000001 0.049752599999999994
1.0393000000000008 0.0486776
1.0493000000000006 0.047478900000000004
1.0593000000000004 0.046178699999999996
1.0693000000000001 0.04489680000000001
1.0793 0.0436016
1.0892999999999997 0.04223529999999999
1.0992999999999995 0.0409077
1.109300000000001 0.0395901
1.1193000000000008 0.0383325
1.1293000000000006 0.037094800000000004
1.1393000000000004 0.0359284
1.1493000000000002 0.034782
1.1593 0.0337698
1.1692999999999998 0.0327968
1.1792999999999996 0.031856100000000005
1.1892999999999994 0.0309335
1.199300000000001 0.030113200000000007
1.2093000000000007 0.029327300000000008
1.2193000000000005 0.028564500000000007
1.2293000000000003 0.027822
1.2393 0.0271249
1.2492999999999999 0.026443199999999997
1.2592999999999996 0.025783799999999996
1.2692999999999994 0.025150800000000004
1.279300000000001 0.0245717
1.2893000000000008 0.024019700000000005
1.2993000000000006 0.0234928
1.3093000000000004 0.023020500000000003
1.3193000000000001 0.0225832
1.3293 0.022219500000000003
1.3392999999999997 0.0218804
1.3492999999999995 0.021562799999999997
1.359300000000001 0.0212976
1.3693000000000008 0.021050600000000003
1.3793000000000006 0.020813800000000004
1.3893000000000004 0.0205641
1.3993000000000002 0.0202885
1.4093 0.020001
1.4192999999999998 0.019668699999999997
1.4292999999999996 0.019268399999999998
1.4392999999999994 0.0188331
1.449300000000001 0.0183339
1.4593000000000007 0.0177827
1.4693000000000005 0.017174799999999997
1.4793000000000003 0.0165371
1.4893 0.0158798
1.4992999999999999 0.0152136
1.5092999999999996 0.0145626
1.5192999999999994 0.013937200000000002
1.529300000000001 0.013361900000000003
1.5393000000000008 0.012854399999999998
1.5493000000000006 0.012439299999999999
1.5593000000000004 0.012116700000000001
1.5693000000000001 0.0119069
1.5793 0.0118003
1.5892999999999997 0.0118094
1.5992999999999995 0.011920499999999999
1.609300000000001 0.012133300000000001
1.6193000000000008 0.0124399
1.6293000000000006 0.012824599999999999
1.6393000000000004 0.0132947
1.6493000000000002 0.0138075
1.6593 0.014330899999999999
1.6692999999999998 0.0149056
1.6792999999999996 0.015498999999999999
1.6892999999999994 0.0160821
1.699300000000001 0.0166435
1.7093000000000007 0.0171931
1.7193000000000005 0.01772
1.7293000000000003 0.018236
1.7393 0.018699999999999998
1.7492999999999999 0.019151
1.7592999999999996 0.019572000000000003
1.7692999999999994 0.019960000000000002
1.779300000000001 0.020333999999999998
1.7893000000000008 0.020679
1.7993000000000006 0.021012
1.8093000000000004 0.021341999999999996
1.8193000000000001 0.021661
1.8293 0.021978
1.8392999999999997 0.022275000000000003
1.8492999999999995 0.02257
1.859300000000001 0.022874
1.8693000000000008 0.023176999999999996
1.8793000000000006 0.023468
1.8893000000000004 0.023769
1.8993000000000002 0.024068
1.9093 0.024354999999999995
1.9192999999999998 0.024673
1.9292999999999996 0.024978999999999998
1.9392999999999994 0.025295000000000005
1.949300000000001 0.025632000000000002
1.9593000000000007 0.025966999999999997
1.9693000000000005 0.026302000000000006
1.9793000000000003 0.026669
1.9893 0.027065
1.9992999999999999 0.027430999999999997
2.0092999999999996 0.02785
2.0192999999999994 0.028258000000000005
2.029300000000001 0.028707999999999994
2.039300000000001 0.029146000000000002
2.0493000000000006 0.029574999999999997
2.0593000000000004 0.030018
2.0693 0.030439
2.0793 0.03087
2.0892999999999997 0.031241000000000005
2.0992999999999995 0.03161
2.109300000000001 0.031916999999999994
2.119300000000001 0.032205000000000004
2.1293000000000006 0.03242
2.1393000000000004 0.032603
2.1493 0.032724
2.1593 0.032804
2.1693 0.032839999999999994
2.1792999999999996 0.032825
2.1892999999999994 0.032756999999999994
2.199300000000001 0.032658000000000006
2.2093000000000007 0.032537
2.2193000000000005 0.032362999999999996
2.2293000000000003 0.032219
2.2393 0.032053000000000005
2.2493 0.031887
2.2592999999999996 0.031742
2.2692999999999994 0.031627
2.279300000000001 0.03152
2.289300000000001 0.031445
2.2993000000000006 0.03142
2.3093000000000004 0.031417
2.3193 0.031454
2.3293 0.031521
2.3392999999999997 0.03161900000000001
2.3492999999999995 0.031719
2.359300000000001 0.031839
2.369300000000001 0.03195599999999999
2.3793000000000006 0.032064999999999996
2.3893000000000004 0.032152
2.3993 0.032208
2.4093000000000018 0.032231
2.4193 0.032172000000000006
2.4293000000000013 0.032049999999999995
2.4392999999999994 0.031847999999999994
2.449300000000001 0.03156
2.459299999999999 0.031188999999999995
2.4693000000000005 0.030736
2.4792999999999985 0.030177999999999996
2.4893 0.029549
2.4993000000000016 0.028866
2.5092999999999996 0.028092000000000002
2.519300000000001 0.027284999999999997
2.529299999999999 0.026447000000000002
2.539300000000001 0.025581
2.549299999999999 0.024734000000000003
2.5593000000000004 0.023909000000000003
2.569300000000002 0.023104999999999997
2.5793 0.022352100000000003
2.5893000000000015 0.0216731
2.5992999999999995 0.021066300000000003
2.609300000000001 0.020553599999999998
2.619299999999999 0.0201351
2.6293000000000006 0.019819200000000002
2.6392999999999986 0.0195773
2.6493 0.0194385
2.6593000000000018 0.0193933
2.6693 0.019421200000000003
2.6793000000000013 0.019501900000000003
2.6892999999999994 0.019665
2.699300000000001 0.019850400000000004
2.709299999999999 0.0200873
2.7193000000000005 0.020315700000000003
2.7292999999999985 0.020575000000000003
2.7393 0.020805200000000003
2.7493000000000016 0.021046
2.7592999999999996 0.021266800000000002
2.769300000000001 0.0214576
2.779299999999999 0.021618400000000003
2.789300000000001 0.021779100000000003
2.799299999999999 0.0218995
2.8093000000000004 0.022019700000000003
2.819300000000002 0.022129799999999998
2.8293 0.0222701
2.8393000000000015 0.0224201
2.8492999999999995 0.022590500000000003
2.859300000000001 0.022841300000000002
2.869299999999999 0.023152399999999997
2.8793000000000006 0.0235244
2.8892999999999986 0.0239768
2.8993 0.024520300000000002
2.9093000000000018 0.025174300000000004
2.9193 0.025909499999999995
2.9293000000000013 0.0267554
2.9392999999999994 0.0276519
2.949300000000001 0.028619099999999995
2.959299999999999 0.0296367
2.9693000000000005 0.030664300000000002
2.9792999999999985 0.031701299999999995
2.9893 0.0326985
2.9993000000000016 0.033645499999999995
3.0092999999999996 0.034511599999999996
3.019300000000001 0.0352759
3.029299999999999 0.035929
3.039300000000001 0.036430199999999996
3.049299999999999 0.0368002
3.0593000000000004 0.0369883
3.069300000000002 0.0370153
3.0793 0.03686980000000001
3.0893000000000015 0.036583000000000004
3.0992999999999995 0.036145
3.109300000000001 0.0355756
3.119299999999999 0.0348749
3.1293000000000006 0.0340835
3.1392999999999986 0.0332114
3.1493 0.0322888
3.1593000000000018 0.031316
3.1693 0.030333099999999998
3.1793000000000013 0.029350100000000004
3.1892999999999994 0.028387499999999996
3.199300000000001 0.027435299999999996
3.209299999999999 0.026543499999999998
3.2193000000000005 0.0257123
3.2292999999999985 0.0249417
3.2393 0.0242521
3.2493000000000016 0.023633
3.2592999999999996 0.023085
3.269300000000001 0.022617699999999998
3.279299999999999 0.0222417
3.289300000000001 0.0219466
3.299299999999999 0.0217227
3.3093000000000004 0.0215799
3.319300000000002 0.0214984
3.3293 0.021478300000000006
3.3393000000000015 0.0215193
3.3492999999999995 0.021611599999999995
3.359300000000001 0.021754999999999997
3.369299999999999 0.021949599999999996
3.3793000000000006 0.022155299999999996
3.3892999999999986 0.0223919
3.3993 0.0226189
3.4093000000000018 0.022866799999999996
3.4193 0.023094999999999997
3.4293000000000013 0.023293300000000003
3.4392999999999994 0.023481400000000006
3.449300000000001 0.0236095
3.459299999999999 0.0237167
3.4693000000000005 0.0237536
3.4792999999999985 0.0237392
3.4893 0.023663800000000006
3.4993000000000016 0.023517299999999998
3.5092999999999996 0.023329500000000003
3.519300000000001 0.023050400000000002
3.529299999999999 0.022730100000000003
3.539300000000001 0.022368500000000003
3.549299999999999 0.0219257
3.5593000000000004 0.0214617
3.569300000000002 0.0209571
3.5793 0.020431500000000005
3.5893000000000015 0.019895800000000005
3.5992999999999995 0.0193394
3.609300000000001 0.0188029
3.619299999999999 0.018276800000000003
3.6293000000000006 0.017780600000000004
3.6392999999999986 0.0173051
3.6493 0.0168598
3.6593000000000018 0.016465099999999996
3.6693 0.0161111
3.6793000000000013 0.0157875
3.6892999999999994 0.0155145
3.699300000000001 0.0152821
3.709299999999999 0.015090200000000002
3.7193000000000005 0.014928299999999999
3.7292999999999985 0.014796900000000002
3.7393 0.0146757
3.7493000000000016 0.014584200000000002
3.7592999999999996 0.014503100000000001
3.769300000000001 0.014411400000000001
3.779299999999999 0.01433
3.789300000000001 0.014238299999999999
3.799299999999999 0.014136500000000001
3.8093000000000004 0.014004800000000001
3.819300000000002 0.013842700000000003
3.8293 0.0136807
3.8393000000000015 0.0134686
3.8492999999999995 0.0132666
3.859300000000001 0.013024700000000002
3.869299999999999 0.0127427
3.8793000000000006 0.012440999999999999
3.8892999999999986 0.012139100000000002
3.8993 0.011807300000000001
3.9093000000000018 0.0114555
3.9193 0.011093700000000001
3.9293000000000013 0.0107114
3.9392999999999994 0.0103189
3.949300000000001 0.0099161
3.959299999999999 0.0095231
3.9693000000000005 0.009109199999999998
3.9792999999999985 0.0087038
3.9893 0.0082765
3.9993000000000016 0.0078786
4.0093 0.0074678
4.019300000000001 0.007058100000000001
4.029299999999999 0.006629600000000001
4.039300000000001 0.0062392
4.049299999999999 0.005827299999999999
4.0593 0.0054364999999999995
4.069300000000002 0.0050522
4.0793 0.0046704
4.0893000000000015 0.004298500000000001
4.0992999999999995 0.003938100000000001
4.109300000000001 0.003589
4.119299999999999 0.003254
4.129300000000001 0.002933
4.139299999999999 0.0026277
4.1493 0.0023399
4.159300000000002 0.0020715900000000003
4.1693 0.00182198
4.179300000000001 0.00159021
4.189299999999999 0.00138117
4.199300000000001 0.00118887
4.209299999999999 0.0010154300000000001
4.2193000000000005 0.00086435
4.2292999999999985 0.00072748
4.2393 0.00060761
4.249300000000002 0.00050567
4.2593 0.0004169
4.269300000000001 0.00034112
4.279299999999999 0.00027707999999999997
4.289300000000001 0.00022344699999999996
4.299299999999999 0.00017894400000000003
4.3093 0.00014212
4.319300000000002 0.00011212599999999999
4.3293 8.7921e-05
4.3393000000000015 6.8464e-05
4.3492999999999995 5.286200000000001e-05
4.359300000000001 4.0628000000000005e-05
4.369299999999999 3.09639e-05
4.379300000000001 2.3461e-05
4.389299999999999 1.7674e-05
4.3993 1.32328e-05
4.409300000000002 9.828700000000001e-06
4.4193 7.263600000000001e-06
4.429300000000001 5.3343700000000006e-06
4.439299999999999 3.897360000000001e-06
4.449300000000001 2.83336e-06
4.459299999999999 2.03908e-06
4.4693000000000005 1.46201e-06
4.4792999999999985 1.0410299999999998e-06
4.4893 7.358710000000001e-07
4.499300000000002 5.165179999999999e-07
4.5093 3.598359999999999e-07
4.519300000000001 2.49585e-07
4.529299999999999 1.71423e-07
4.539300000000001 1.1705069999999999e-07
4.549299999999999 7.931480000000001e-08
4.5593 5.327089999999999e-08
4.569300000000002 3.546070000000001e-08
4.5793 2.34209e-08
4.5893000000000015 1.533722e-08
4.5992999999999995 9.964459999999998e-09
4.609300000000001 6.4018300000000004e-09
4.619299999999999 4.08216e-09
4.629300000000001 2.58406e-09
