-23.6007 1.3045449999999999e-05
-23.5907 8.532560000000001e-06
-23.5807 5.52344e-06
-23.570700000000002 3.5385099999999995e-06
-23.5607 2.246059e-06
-23.5507 1.4109119999999998e-06
-23.5407 8.76282e-07
-23.5307 5.39524e-07
-23.520699999999998 3.28689e-07
-23.5107 1.982549e-07
-23.500700000000002 1.18367e-07
-23.4907 7.00337e-08
-23.4807 4.09142e-08
-23.4707 2.369204e-08
-23.4607 1.356387e-08
-23.450699999999998 7.706049999999999e-09
-23.4407 4.3221500000000004e-09
-23.4307 2.401134e-09
-23.4207 1.320092e-09
-23.4107 7.20304e-10
-23.4007 3.87071e-10
-23.3907 2.0633999999999998e-10
-23.380699999999997 1.088935e-10
-23.3707 5.6796300000000003e-11
-23.3607 2.93318e-11
-23.3507 1.5017129999999998e-11
-23.3407 7.55362e-12
-23.3307 3.75757e-12
-23.320700000000002 1.835062e-12
-23.3107 8.647510000000001e-13
-23.3007 3.91831e-13
-23.2907 1.6543500000000002e-13
-23.2807 7.26966e-14
-23.270699999999998 2.1728950000000002e-14
-23.2607 1.4157080000000002e-15
-23.250700000000002 0.0
-23.2407 0.0
-23.2307 0.0
-23.2207 0.0
-23.2107 0.0
-23.200699999999998 0.0
-23.1907 0.0
-23.1807 0.0
-23.1707 0.0
-23.1607 0.0
-23.1507 0.0
-23.1407 0.0
-23.130699999999997 0.0
-23.1207 0.0
-23.1107 0.0
-23.1007 0.0
-23.0907 0.0
-23.0807 0.0
-23.070700000000002 0.0
-23.0607 0.0
-23.0507 0.0
-23.0407 0.0
-23.0307 0.0
-23.020699999999998 0.0
-23.0107 0.0
-23.000700000000002 0.0
-22.9907 0.0
-22.9807 0.0
-22.9707 0.0
-22.9607 0.0
-22.950699999999998 0.0
-22.9407 0.0
-22.9307 0.0
-22.9207 0.0
-22.9107 0.0
-22.9007 0.0
-22.8907 0.0
-22.880699999999997 0.0
-22.8707 0.0
-22.8607 0.0
-22.8507 0.0
-22.8407 0.0
-22.8307 0.0
-22.820700000000002 0.0
-22.8107 0.0
-22.8007 0.0
-22.7907 0.0
-22.7807 0.0
-22.770699999999998 0.0
-22.7607 0.0
-22.750700000000002 0.0
-22.7407 0.0
-22.7307 0.0
-22.7207 0.0
-22.7107 0.0
-22.700699999999998 0.0
-22.6907 0.0
-22.6807 0.0
-22.6707 0.0
-22.6607 0.0
-22.6507 0.0
-22.6407 0.0
-22.630699999999997 0.0
-22.6207 0.0
-22.6107 0.0
-22.6007 0.0
-22.5907 0.0
-22.5807 0.0
-22.570700000000002 0.0
-22.5607 0.0
-22.5507 0.0
-22.5407 0.0
-22.5307 0.0
-22.520699999999998 0.0
-22.5107 0.0
-22.500700000000002 0.0
-22.4907 0.0
-22.4807 0.0
-22.4707 0.0
-22.4607 0.0
-22.450699999999998 0.0
-22.4407 0.0
-22.4307 0.0
-22.4207 0.0
-22.4107 0.0
-22.4007 0.0
-22.3907 0.0
-22.380699999999997 0.0
-22.3707 0.0
-22.3607 0.0
-22.3507 0.0
-22.3407 0.0
-22.3307 0.0
-22.320700000000002 0.0
-22.3107 0.0
-22.3007 0.0
-22.2907 0.0
-22.2807 0.0
-22.270699999999998 0.0
-22.2607 0.0
-22.250700000000002 0.0
-22.2407 0.0
-22.2307 0.0
-22.2207 0.0
-22.2107 0.0
-22.200699999999998 0.0
-22.1907 0.0
-22.1807 0.0
-22.1707 0.0
-22.1607 0.0
-22.1507 0.0
-22.1407 0.0
-22.130699999999997 0.0
-22.1207 0.0
-22.1107 0.0
-22.1007 0.0
-22.0907 0.0
-22.0807 0.0
-22.070700000000002 0.0
-22.0607 0.0
-22.0507 0.0
-22.0407 0.0
-22.0307 0.0
-22.020699999999998 0.0
-22.0107 0.0
-22.000700000000002 0.0
-21.9907 0.0
-21.9807 0.0
-21.9707 0.0
-21.9607 0.0
-21.950699999999998 0.0
-21.9407 0.0
-21.9307 0.0
-21.9207 0.0
-21.9107 0.0
-21.9007 0.0
-21.8907 0.0
-21.880699999999997 0.0
-21.8707 0.0
-21.8607 0.0
-21.8507 0.0
-21.8407 0.0
-21.8307 0.0
-21.820700000000002 0.0
-21.8107 0.0
-21.8007 0.0
-21.7907 0.0
-21.7807 0.0
-21.770699999999998 0.0
-21.7607 0.0
-21.750700000000002 0.0
-21.7407 0.0
-21.7307 0.0
-21.7207 0.0
-21.7107 0.0
-21.700699999999998 0.0
-21.6907 0.0
-21.6807 0.0
-21.6707 0.0
-21.6607 0.0
-21.6507 0.0
-21.6407 0.0
-21.630699999999997 0.0
-21.6207 0.0
-21.6107 0.0
-21.6007 0.0
-21.5907 0.0
-21.5807 0.0
-21.5707 0.0
-21.5607 1.50144654e-15
-21.5507 3.1432485000000006e-15
-21.5407 1.4118257e-14
-21.5307 2.9219888999999995e-14
-21.520699999999998 5.989614e-14
-21.5107 1.2938670000000006e-13
-21.500700000000002 2.6011506e-13
-21.4907 5.166121000000001e-13
-21.4807 1.0153565e-12
-21.4707 2.0151969e-12
-21.4607 3.888456e-12
-21.450699999999998 7.521855e-12
-21.4407 1.4224729999999999e-11
-21.4307 2.6610900000000002e-11
-21.4207 4.9478489999999994e-11
-21.4107 9.073668999999998e-11
-21.4007 1.6490549e-10
-21.3907 2.960943e-10
-21.3807 5.273612999999999e-10
-21.3707 9.308993e-10
-21.3607 1.6239752000000001e-09
-21.3507 2.803248e-09
-21.3407 4.800744e-09
-21.3307 8.123595999999999e-09
-21.3207 1.3653317e-08
-21.3107 2.269333e-08
-21.3007 3.7340150000000004e-08
-21.2907 6.085508e-08
-21.2807 9.823297e-08
-21.270699999999998 1.5721760000000003e-07
-21.2607 2.489854e-07
-21.250700000000002 3.9112609999999997e-07
-21.2407 6.087003e-07
-21.2307 9.386150000000002e-07
-21.2207 1.4324229999999998e-06
-21.2107 2.168662e-06
-21.200699999999998 3.253947e-06
-21.1907 4.850724e-06
-21.1807 7.1496259999999996e-06
-21.1707 1.045038e-05
-21.1607 1.513528e-05
-21.1507 2.174473e-05
-21.1407 3.098179e-05
-21.1307 4.37689e-05
-21.1207 6.135969999999999e-05
-21.1107 8.51987e-05
-21.1007 0.00011744119999999999
-21.0907 0.00016036390000000002
-21.0807 0.00021712499999999998
-21.0707 0.0002917372
-21.0607 0.0003889098
-21.0507 0.000512962
-21.0407 0.0006715069999999999
-21.0307 0.000872364
-21.020699999999998 0.001122166
-21.0107 0.0014340319999999998
-21.000700000000002 0.001816093
-20.9907 0.0022783829999999997
-20.9807 0.002834921
-20.9707 0.0034967539999999995
-20.9607 0.004274898
-20.950699999999998 0.00517941
-20.9407 0.0062323
-20.9307 0.007409580000000001
-20.9207 0.00875428
-20.9107 0.01023839
-20.9007 0.01189297
-20.8907 0.01367797
-20.8807 0.015613479999999999
-20.8707 0.01767932
-20.8607 0.019865439999999998
-20.8507 0.022151960000000002
-20.8407 0.02454889
-20.8307 0.02698612
-20.8207 0.029513750000000002
-20.8107 0.03210153
-20.8007 0.03471963
-20.7907 0.037388250000000005
-20.7807 0.0401674
-20.770699999999998 0.043027
-20.7607 0.045987099999999996
-20.750700000000002 0.049148300000000006
-20.7407 0.0524406
-20.7307 0.0559539
-20.7207 0.0597784
-20.7107 0.0639545
-20.700699999999998 0.0683819
-20.6907 0.0734909
-20.6807 0.0786818
-20.6707 0.0843643
-20.6607 0.0903081
-20.6507 0.09675349999999999
-20.6407 0.10341990000000001
-20.6307 0.11002719999999999
-20.6207 0.11684510000000001
-20.6107 0.1237431
-20.6007 0.13047170000000002
-20.5907 0.137099
-20.5807 0.1431258
-20.5707 0.1491511
-20.5607 0.1545778
-20.5507 0.1594005
-20.5407 0.16392280000000004
-20.5307 0.1679447
-20.520699999999998 0.17136449999999998
-20.5107 0.1746843
-20.500700000000002 0.1776041
-20.4907 0.180425
-20.4807 0.1833491
-20.4707 0.1864713
-20.4607 0.18999860000000002
-20.450699999999998 0.1937281
-20.4407 0.1985608
-20.4307 0.2037986
-20.4207 0.20984160000000002
-20.4107 0.21708879999999997
-20.4007 0.2253412
-20.3907 0.2341
-20.3807 0.243961
-20.3707 0.254626
-20.3607 0.26569600000000004
-20.3507 0.277266
-20.3407 0.28903799999999996
-20.3307 0.30101
-20.3207 0.312583
-20.3107 0.323754
-20.3007 0.334622
-20.2907 0.34468699999999997
-20.2807 0.353951
-20.270699999999998 0.36241100000000004
-20.2607 0.37006599999999995
-20.250700000000002 0.376919
-20.2407 0.38306900000000005
-20.2307 0.388517
-20.2207 0.39336099999999996
-20.2107 0.39770700000000003
-20.200699999999998 0.401748
-20.1907 0.405594
-20.1807 0.409438
-20.1707 0.413284
-20.1607 0.41733200000000004
-20.1507 0.421581
-20.1407 0.426234
-20.1307 0.43099
-20.1207 0.436347
-20.1107 0.441709
-20.1007 0.44856999999999997
-20.0907 0.45463699999999996
-20.0807 0.460903
-20.0707 0.46847500000000003
-20.0607 0.476347
-20.0507 0.48412099999999997
-20.0407 0.49139599999999994
-20.0307 0.499572
-20.020699999999998 0.508048
-20.0107 0.515524
-20.000700000000002 0.522997
-19.9907 0.530168
-19.9807 0.5374380000000001
-19.9707 0.543502
-19.9607 0.549562
-19.950699999999998 0.554717
-19.9407 0.559468
-19.9307 0.5616129999999999
-19.9207 0.564253
-19.9107 0.566788
-19.9007 0.5684199999999999
-19.8907 0.567946
-19.8807 0.5694699999999999
-19.8707 0.568993
-19.8607 0.568416
-19.8507 0.5695399999999999
-19.8407 0.568864
-19.8307 0.569392
-19.8207 0.569722
-19.8107 0.571257
-19.8007 0.5738949999999999
-19.7907 0.574839
-19.7807 0.577785
-19.770699999999998 0.581035
-19.7607 0.584186
-19.750700000000002 0.58744
-19.7407 0.589695
-19.7307 0.592738
-19.7207 0.595689
-19.7107 0.5972270000000001
-19.700699999999998 0.598063
-19.6907 0.5978979999999999
-19.6807 0.5973149999999999
-19.6707 0.5962279999999999
-19.6607 0.59384
-19.6507 0.5912489999999999
-19.6407 0.5884440000000001
-19.6307 0.585548
-19.6207 0.580541
-19.6107 0.577835
-19.6007 0.573533
-19.5907 0.571443
-19.5807 0.569045
-19.5707 0.5678529999999999
-19.5607 0.5666760000000001
-19.5507 0.5657920000000001
-19.5407 0.567825
-19.5307 0.570465
-19.520699999999998 0.572709
-19.5107 0.576862
-19.500700000000002 0.5817209999999999
-19.4907 0.588489
-19.4807 0.596156
-19.4707 0.604945
-19.4607 0.6171479999999999
-19.450699999999998 0.629766
-19.4407 0.6449010000000001
-19.4307 0.663556
-19.4207 0.685651
-19.4107 0.7091510000000001
-19.4007 0.737202
-19.3907 0.768678
-19.3807 0.806769
-19.3707 0.846023
-19.3607 0.890204
-19.3507 0.9366059999999999
-19.3407 0.986129
-19.3307 1.0391
-19.3207 1.0945900000000002
-19.3107 1.15307
-19.3007 1.21059
-19.2907 1.2691299999999999
-19.2807 1.32562
-19.270699999999998 1.38114
-19.2607 1.4356399999999998
-19.250700000000002 1.48711
-19.2407 1.5355699999999999
-19.2307 1.58
-19.2207 1.62039
-19.2107 1.65576
-19.200699999999998 1.69008
-19.1907 1.7163699999999997
-19.1807 1.7396099999999999
-19.1707 1.7598500000000001
-19.1607 1.77602
-19.1507 1.78716
-19.1407 1.79527
-19.1307 1.7983499999999997
-19.1207 1.8024
-19.1107 1.80043
-19.1007 1.79642
-19.0907 1.7904099999999998
-19.0807 1.78436
-19.0707 1.7762799999999999
-19.0607 1.7652
-19.0507 1.75208
-19.0407 1.7389499999999998
-19.0307 1.7227899999999998
-19.020699999999998 1.70462
-19.0107 1.6844299999999999
-19.000700000000002 1.66322
-18.9907 1.6419899999999998
-18.9807 1.6167200000000002
-18.9707 1.5864499999999997
-18.9607 1.5581399999999999
-18.950699999999998 1.5248199999999998
-18.9407 1.4905000000000002
-18.9307 1.4521600000000001
-18.9207 1.4167999999999998
-18.9107 1.3744100000000001
-18.9007 1.33202
-18.8907 1.28965
-18.8807 1.24725
-18.8707 1.20287
-18.8607 1.1604970000000001
-18.8507 1.118738
-18.8407 1.0782939999999999
-18.8307 1.039067
-18.8207 1.001966
-18.8107 0.9690820000000001
-18.8007 0.937356
-18.7907 0.909748
-18.7807 0.886266
-18.770699999999998 0.8655220000000001
-18.7607 0.8491049999999999
-18.750700000000002 0.834902
-18.7407 0.82283
-18.7307 0.8149820000000001
-18.7207 0.8088470000000001
-18.7107 0.803318
-18.700699999999998 0.799296
-18.6907 0.794572
-18.6807 0.7910480000000001
-18.6707 0.787211
-18.6607 0.7818769999999999
-18.6507 0.775226
-18.6407 0.7686462999999999
-18.6307 0.7609651
-18.6207 0.7511735
-18.6107 0.740047
-18.6007 0.7284666999999999
-18.5907 0.7163112
-18.5807 0.7035983999999998
-18.5707 0.6900891
-18.5607 0.6759613999999999
-18.5507 0.6626970999999999
-18.5407 0.6489031
-18.5307 0.6327393
-18.520699999999998 0.6186358000000001
-18.5107 0.6024514000000001
-18.500700000000002 0.5849883
-18.4907 0.5673422000000001
-18.4807 0.5484043
-18.4707 0.5269865000000001
-18.4607 0.5053551
-18.450699999999998 0.4822434
-18.4407 0.4578090000000001
-18.4307 0.4319938
-18.4207 0.4039659
-18.4107 0.37474889999999994
-18.4007 0.3468307
-18.3907 0.31783382
-18.3807 0.28825253999999995
-18.3707 0.26025385
-18.3607 0.23196983000000002
-18.3507 0.20541369
-18.3407 0.18067343000000002
-18.3307 0.15708505
-18.3207 0.13543474
-18.3107 0.11555090999999999
-18.3007 0.09760453999999999
-18.2907 0.08171474000000001
-18.2807 0.06775833999999999
-18.270699999999998 0.055626339999999996
-18.2607 0.045206543999999994
-18.250700000000002 0.036320833000000004
-18.2407 0.028926797999999997
-18.2307 0.022854683999999997
-18.2207 0.017827917000000002
-18.2107 0.013774802
-18.200699999999998 0.010526145
-18.1907 0.0079719
-18.1807 0.005973516
-18.1707 0.0044278897
-18.1607 0.0032520239
-18.1507 0.0023621239999999997
-18.1407 0.0016956635
-18.1307 0.0012061385
-18.1207 0.0008490123999999999
-18.1107 0.000591712
-18.1007 0.00040821523
-18.0907 0.00027795695000000005
-18.0807 0.00018783997
-18.0707 0.00012555259999999998
-18.0607 8.297146e-05
-18.0507 5.420762e-05
-18.0407 3.5161951000000006e-05
-18.0307 2.2526103e-05
-18.020699999999998 1.4263768e-05
-18.0107 8.94747e-06
-18.000700000000002 5.549034199999999e-06
-17.9907 3.4076521e-06
-17.9807 2.068006e-06
-17.9707 1.2444501000000002e-06
-17.9607 7.410639000000001e-07
-17.950699999999998 4.3512888000000007e-07
-17.9407 2.5364951e-07
-17.9307 1.4621678e-07
-17.9207 8.338305000000001e-08
-17.9107 4.7073570999999994e-08
-17.9007 2.6208062999999996e-08
-17.8907 1.4485470000000003e-08
-17.8807 7.919184e-09
-17.8707 4.2847491999999995e-09
-17.8607 2.2893555e-09
-17.8507 1.2112211e-09
-17.8407 6.345298e-10
-17.8307 3.2881338e-10
-17.8207 1.6830002999999996e-10
-17.8107 8.523712e-11
-17.8007 4.2627438e-11
-17.7907 2.1182156000000002e-11
-17.7807 1.0199933e-11
-17.770699999999998 4.9596871e-12
-17.7607 2.2224815e-12
-17.750700000000002 7.5737048e-13
-17.7407 2.1030627e-13
-17.7307 0.0
-17.7207 0.0
-17.7107 0.0
-17.700699999999998 0.0
-17.6907 0.0
-17.6807 0.0
-17.6707 0.0
-17.6607 0.0
-17.6507 0.0
-17.6407 0.0
-17.6307 0.0
-17.6207 0.0
-17.6107 0.0
-17.6007 0.0
-17.5907 0.0
-17.5807 0.0
-17.5707 0.0
-17.5607 0.0
-17.5507 0.0
-17.5407 0.0
-17.5307 0.0
-17.520699999999998 0.0
-17.5107 0.0
-17.5007 0.0
-17.4907 0.0
-17.4807 0.0
-17.4707 0.0
-17.4607 0.0
-17.4507 0.0
-17.4407 0.0
-17.4307 0.0
-17.4207 0.0
-17.4107 0.0
-17.4007 0.0
-17.3907 0.0
-17.3807 0.0
-17.3707 0.0
-17.3607 0.0
-17.3507 0.0
-17.3407 0.0
-17.3307 0.0
-17.3207 0.0
-17.3107 0.0
-17.3007 0.0
-17.2907 0.0
-17.2807 0.0
-17.270699999999998 0.0
-17.2607 0.0
-17.2507 0.0
-17.2407 0.0
-17.2307 0.0
-17.2207 0.0
-17.2107 0.0
-17.2007 0.0
-17.1907 0.0
-17.1807 0.0
-17.1707 0.0
-17.1607 0.0
-17.1507 0.0
-17.1407 0.0
-17.1307 0.0
-17.1207 0.0
-17.1107 0.0
-17.1007 0.0
-17.0907 0.0
-17.0807 0.0
-17.0707 0.0
-17.0607 0.0
-17.0507 0.0
-17.0407 0.0
-17.0307 0.0
-17.020699999999998 0.0
-17.0107 0.0
-17.0007 0.0
-16.9907 0.0
-16.9807 0.0
-16.9707 0.0
-16.9607 0.0
-16.9507 0.0
-16.9407 0.0
-16.9307 0.0
-16.9207 0.0
-16.9107 0.0
-16.9007 0.0
-16.8907 0.0
-16.8807 0.0
-16.8707 0.0
-16.8607 0.0
-16.8507 0.0
-16.8407 0.0
-16.8307 0.0
-16.8207 0.0
-16.8107 0.0
-16.8007 0.0
-16.7907 0.0
-16.7807 0.0
-16.770699999999998 0.0
-16.7607 0.0
-16.7507 0.0
-16.7407 0.0
-16.7307 0.0
-16.7207 0.0
-16.7107 0.0
-16.7007 0.0
-16.6907 0.0
-16.6807 0.0
-16.6707 0.0
-16.6607 0.0
-16.6507 0.0
-16.6407 0.0
-16.6307 0.0
-16.6207 0.0
-16.6107 0.0
-16.6007 0.0
-16.5907 0.0
-16.5807 0.0
-16.5707 0.0
-16.5607 0.0
-16.5507 0.0
-16.5407 0.0
-16.5307 0.0
-16.520699999999998 0.0
-16.5107 0.0
-16.5007 0.0
-16.4907 0.0
-16.4807 0.0
-16.4707 0.0
-16.4607 0.0
-16.4507 0.0
-16.4407 0.0
-16.4307 0.0
-16.4207 0.0
-16.4107 0.0
-16.4007 0.0
-16.3907 0.0
-16.3807 0.0
-16.3707 0.0
-16.3607 0.0
-16.3507 0.0
-16.3407 0.0
-16.3307 0.0
-16.3207 0.0
-16.3107 0.0
-16.3007 0.0
-16.2907 0.0
-16.2807 0.0
-16.270699999999998 0.0
-16.2607 0.0
-16.2507 0.0
-16.2407 0.0
-16.2307 0.0
-16.2207 0.0
-16.2107 0.0
-16.2007 0.0
-16.1907 0.0
-16.1807 0.0
-16.1707 0.0
-16.1607 0.0
-16.1507 0.0
-16.1407 0.0
-16.1307 0.0
-16.1207 0.0
-16.1107 0.0
-16.1007 0.0
-16.0907 0.0
-16.0807 0.0
-16.0707 0.0
-16.0607 0.0
-16.0507 0.0
-16.0407 0.0
-16.0307 0.0
-16.020699999999998 0.0
-16.0107 0.0
-16.0007 0.0
-15.9907 0.0
-15.980699999999999 0.0
-15.9707 0.0
-15.9607 0.0
-15.9507 0.0
-15.9407 0.0
-15.9307 0.0
-15.9207 0.0
-15.9107 0.0
-15.9007 0.0
-15.890699999999999 0.0
-15.8807 0.0
-15.8707 0.0
-15.8607 0.0
-15.8507 0.0
-15.8407 0.0
-15.8307 0.0
-15.8207 0.0
-15.8107 0.0
-15.800699999999999 0.0
-15.7907 0.0
-15.7807 0.0
-15.7707 0.0
-15.7607 0.0
-15.7507 0.0
-15.7407 0.0
-15.730699999999999 0.0
-15.7207 0.0
-15.7107 0.0
-15.7007 0.0
-15.6907 0.0
-15.6807 0.0
-15.6707 0.0
-15.6607 0.0
-15.6507 0.0
-15.640699999999999 0.0
-15.6307 0.0
-15.6207 0.0
-15.6107 0.0
-15.6007 0.0
-15.5907 0.0
-15.5807 0.0
-15.5707 0.0
-15.5607 0.0
-15.550699999999999 0.0
-15.5407 0.0
-15.5307 0.0
-15.5207 0.0
-15.5107 0.0
-15.5007 0.0
-15.4907 0.0
-15.480699999999999 0.0
-15.4707 0.0
-15.4607 0.0
-15.4507 0.0
-15.4407 0.0
-15.4307 0.0
-15.4207 0.0
-15.4107 0.0
-15.4007 0.0
-15.390699999999999 0.0
-15.3807 0.0
-15.3707 0.0
-15.3607 0.0
-15.3507 0.0
-15.3407 0.0
-15.3307 0.0
-15.3207 0.0
-15.3107 0.0
-15.300699999999999 0.0
-15.2907 0.0
-15.2807 0.0
-15.2707 0.0
-15.2607 0.0
-15.2507 0.0
-15.2407 0.0
-15.230699999999999 0.0
-15.2207 0.0
-15.2107 0.0
-15.2007 0.0
-15.1907 0.0
-15.1807 0.0
-15.1707 0.0
-15.1607 0.0
-15.1507 0.0
-15.140699999999999 0.0
-15.1307 0.0
-15.1207 0.0
-15.1107 0.0
-15.1007 0.0
-15.0907 0.0
-15.0807 0.0
-15.0707 0.0
-15.0607 0.0
-15.050699999999999 0.0
-15.0407 0.0
-15.0307 0.0
-15.0207 0.0
-15.0107 0.0
-15.0007 0.0
-14.9907 0.0
-14.980699999999999 0.0
-14.9707 0.0
-14.9607 0.0
-14.9507 0.0
-14.9407 0.0
-14.9307 0.0
-14.9207 0.0
-14.9107 0.0
-14.9007 0.0
-14.890699999999999 0.0
-14.8807 0.0
-14.8707 0.0
-14.8607 0.0
-14.8507 0.0
-14.8407 0.0
-14.8307 0.0
-14.8207 0.0
-14.8107 0.0
-14.800699999999999 0.0
-14.7907 0.0
-14.7807 0.0
-14.7707 0.0
-14.7607 0.0
-14.7507 0.0
-14.7407 0.0
-14.730699999999999 0.0
-14.7207 0.0
-14.7107 0.0
-14.7007 0.0
-14.6907 0.0
-14.6807 0.0
-14.6707 0.0
-14.6607 0.0
-14.6507 0.0
-14.640699999999999 0.0
-14.6307 0.0
-14.6207 0.0
-14.6107 0.0
-14.6007 0.0
-14.5907 0.0
-14.5807 0.0
-14.5707 0.0
-14.5607 0.0
-14.550699999999999 0.0
-14.5407 0.0
-14.5307 0.0
-14.5207 0.0
-14.5107 0.0
-14.5007 0.0
-14.4907 0.0
-14.4807 0.0
-14.470699999999999 0.0
-14.4607 0.0
-14.4507 0.0
-14.4407 0.0
-14.4307 0.0
-14.4207 0.0
-14.4107 0.0
-14.4007 0.0
-14.390699999999999 0.0
-14.3807 0.0
-14.3707 0.0
-14.3607 0.0
-14.3507 0.0
-14.3407 0.0
-14.3307 0.0
-14.3207 0.0
-14.3107 0.0
-14.300699999999999 0.0
-14.2907 0.0
-14.2807 0.0
-14.2707 0.0
-14.2607 0.0
-14.2507 0.0
-14.2407 0.0
-14.2307 0.0
-14.220699999999999 0.0
-14.2107 0.0
-14.2007 0.0
-14.1907 0.0
-14.1807 0.0
-14.1707 0.0
-14.1607 0.0
-14.1507 0.0
-14.140699999999999 0.0
-14.1307 0.0
-14.1207 0.0
-14.1107 0.0
-14.1007 0.0
-14.0907 0.0
-14.0807 0.0
-14.0707 0.0
-14.0607 0.0
-14.050699999999999 0.0
-14.0407 0.0
-14.0307 0.0
-14.0207 0.0
-14.0107 0.0
-14.0007 0.0
-13.9907 0.0
-13.9807 0.0
-13.970699999999999 0.0
-13.9607 0.0
-13.9507 0.0
-13.9407 0.0
-13.9307 0.0
-13.9207 0.0
-13.9107 0.0
-13.9007 0.0
-13.890699999999999 0.0
-13.8807 0.0
-13.8707 0.0
-13.8607 0.0
-13.8507 0.0
-13.8407 0.0
-13.8307 0.0
-13.8207 0.0
-13.8107 0.0
-13.800699999999999 0.0
-13.7907 0.0
-13.7807 0.0
-13.7707 0.0
-13.7607 0.0
-13.7507 0.0
-13.7407 0.0
-13.7307 0.0
-13.720699999999999 0.0
-13.7107 0.0
-13.7007 0.0
-13.6907 0.0
-13.6807 0.0
-13.6707 0.0
-13.6607 0.0
-13.6507 0.0
-13.640699999999999 0.0
-13.6307 0.0
-13.6207 0.0
-13.6107 0.0
-13.6007 0.0
-13.5907 0.0
-13.5807 0.0
-13.5707 0.0
-13.5607 0.0
-13.550699999999999 0.0
-13.5407 0.0
-13.5307 0.0
-13.5207 0.0
-13.5107 0.0
-13.5007 0.0
-13.4907 0.0
-13.4807 0.0
-13.470699999999999 0.0
-13.4607 0.0
-13.4507 0.0
-13.4407 0.0
-13.4307 0.0
-13.4207 0.0
-13.4107 0.0
-13.4007 0.0
-13.390699999999999 0.0
-13.3807 0.0
-13.3707 0.0
-13.3607 0.0
-13.3507 0.0
-13.3407 0.0
-13.3307 0.0
-13.3207 0.0
-13.3107 0.0
-13.300699999999999 0.0
-13.2907 0.0
-13.2807 0.0
-13.2707 0.0
-13.2607 0.0
-13.2507 0.0
-13.2407 0.0
-13.2307 0.0
-13.220699999999999 0.0
-13.2107 0.0
-13.2007 0.0
-13.1907 0.0
-13.1807 0.0
-13.1707 0.0
-13.1607 0.0
-13.1507 0.0
-13.140699999999999 0.0
-13.1307 0.0
-13.1207 0.0
-13.1107 0.0
-13.1007 0.0
-13.0907 0.0
-13.0807 0.0
-13.0707 0.0
-13.0607 0.0
-13.050699999999999 0.0
-13.0407 0.0
-13.0307 0.0
-13.0207 0.0
-13.0107 0.0
-13.0007 0.0
-12.9907 0.0
-12.9807 0.0
-12.970699999999999 0.0
-12.9607 0.0
-12.9507 0.0
-12.9407 0.0
-12.9307 0.0
-12.9207 0.0
-12.9107 0.0
-12.9007 0.0
-12.890699999999999 0.0
-12.8807 0.0
-12.8707 0.0
-12.8607 0.0
-12.8507 0.0
-12.8407 0.0
-12.8307 0.0
-12.8207 0.0
-12.8107 0.0
-12.800699999999999 0.0
-12.7907 0.0
-12.7807 0.0
-12.7707 0.0
-12.7607 4.133960000000001e-15
-12.7507 1.58278e-14
-12.7407 3.29263e-14
-12.7307 8.45011e-14
-12.720699999999999 1.801645e-13
-12.7107 3.7329999999999993e-13
-12.7007 7.50525e-13
-12.6907 1.4980740000000002e-12
-12.6807 2.987393e-12
-12.6707 5.86981e-12
-12.6607 1.135541e-11
-12.6507 2.170855e-11
-12.640699999999999 4.10693e-11
-12.6307 7.69114e-11
-12.6207 1.423803e-10
-12.6107 2.6109650000000003e-10
-12.6007 4.73397e-10
-12.5907 8.50971e-10
-12.5807 1.5133379999999998e-09
-12.5707 2.663668e-09
-12.5607 4.63928e-09
-12.550699999999999 8.00335e-09
-12.5407 1.365439e-08
-12.5307 2.307376e-08
-12.5207 3.85482e-08
-12.5107 6.38512e-08
-12.5007 1.046661e-07
-12.4907 1.700398e-07
-12.480699999999999 2.732027e-07
-12.4707 4.35279e-07
-12.4607 6.845070000000001e-07
-12.4507 1.067212e-06
-12.4407 1.6489910000000002e-06
-12.4307 2.523352e-06
-12.4207 3.8216800000000005e-06
-12.4107 5.7277e-06
-12.4007 8.49876e-06
-12.390699999999999 1.249804e-05
-12.3807 1.8200970000000002e-05
-12.3707 2.623495e-05
-12.3607 3.7557799999999995e-05
-12.3507 5.30799e-05
-12.3407 7.43206e-05
-12.3307 0.00010314809999999999
-12.3207 0.00014187099999999998
-12.3107 0.0001930328
-12.300699999999999 0.0002606191
-12.2907 0.00034827580000000005
-12.2807 0.000461649
-12.2707 0.0006058729999999999
-12.2607 0.0007853879999999999
-12.2507 0.001011588
-12.2407 0.001291384
-12.230699999999999 0.0016337790000000001
-12.2207 0.0020471169999999998
-12.2107 0.0025410729999999996
-12.2007 0.003126708
-12.1907 0.003813085
-12.1807 0.0046072660000000005
-12.1707 0.00551127
-12.1607 0.006573130000000001
-12.1507 0.007722929999999999
-12.140699999999999 0.00902345
-12.1307 0.010446890000000002
-12.1207 0.01200197
-12.1107 0.013683909999999999
-12.1007 0.015456419999999998
-12.0907 0.017339260000000002
-12.0807 0.01932275
-12.0707 0.02136631
-12.0607 0.02348014
-12.050699999999999 0.02563394
-12.0407 0.02780742
-12.0307 0.029990790000000003
-12.0207 0.03220385
-12.0107 0.0343966
-12.0007 0.0365786
-11.9907 0.038730299999999995
-11.980699999999999 0.0409815
-11.9707 0.043162200000000005
-11.9607 0.0453224
-11.9507 0.0475422
-11.9407 0.049761799999999995
-11.9307 0.0520108
-11.9207 0.054329600000000006
-11.9107 0.0565981
-11.9007 0.058946399999999996
-11.890699999999999 0.0614745
-11.8807 0.063862
-11.8707 0.0663996
-11.8607 0.0688665
-11.8507 0.0714331
-11.8407 0.0738994
-11.8307 0.076375
-11.8207 0.0788001
-11.8107 0.08120460000000002
-11.800699999999999 0.08350869999999999
-11.7907 0.085712
-11.7807 0.08781480000000001
-11.7707 0.0900171
-11.7607 0.0920185
-11.7507 0.0939199
-11.7407 0.0958207
-11.730699999999999 0.0975209
-11.7207 0.0993207
-11.7107 0.10092029999999999
-11.7007 0.1025197
-11.6907 0.1038189
-11.6807 0.1052177
-11.6707 0.10661639999999999
-11.6607 0.10771510000000001
-11.6507 0.1091138
-11.640699999999999 0.1103125
-11.6307 0.111511
-11.6207 0.1126096
-11.6107 0.11360809999999999
-11.6007 0.11480680000000001
-11.5907 0.11570549999999999
-11.5807 0.11670449999999999
-11.5707 0.1177034
-11.5607 0.11870240000000001
-11.550699999999999 0.11950169999999999
-11.5407 0.12040089999999999
-11.5307 0.12140040000000002
-11.5207 0.12229999999999999
-11.5107 0.1230997
-11.5007 0.12389950000000001
-11.4907 0.1245993
-11.480699999999999 0.125299
-11.4707 0.1260987
-11.4607 0.1265981
-11.4507 0.12709759999999998
-11.4407 0.1275968
-11.4307 0.1278958
-11.4207 0.1280947
-11.4107 0.12829330000000003
-11.4007 0.1284919
-11.390699999999999 0.1284902
-11.3807 0.1284882
-11.3707 0.1282865
-11.3607 0.12818459999999998
-11.3507 0.1279826
-11.3407 0.1278809
-11.3307 0.12737900000000002
-11.3207 0.1271772
-11.3107 0.12667539999999997
-11.300699999999999 0.12617350000000002
-11.2907 0.1255715
-11.2807 0.12476919999999998
-11.2707 0.1238668
-11.2607 0.1227641
-11.2507 0.12146079999999998
-11.2407 0.120057
-11.230699999999999 0.11825279999999999
-11.2207 0.11614820000000001
-11.2107 0.113843
-11.2007 0.1115372
-11.1907 0.1086312
-11.1807 0.10592470000000001
-11.1707 0.10281829999999999
-11.1607 0.09991149999999999
-11.1507 0.09680480000000001
-11.140699999999999 0.09379799999999999
-11.1307 0.0905916
-11.1207 0.08788579999999999
-11.1107 0.0851804
-11.1007 0.0824755
-11.0907 0.0803712
-11.0807 0.0781675
-11.0707 0.0761647
-11.0607 0.07446240000000001
-11.050699999999999 0.0731606
-11.0407 0.0717596
-11.0307 0.0706589
-11.0207 0.0696888
-11.0107 0.0688589
-11.0007 0.0681493
-10.9907 0.0675395
-10.980699999999999 0.06686980000000001
-10.9707 0.0660997
-10.9607 0.0654494
-10.9507 0.0644885
-10.9407 0.0636269
-10.9307 0.0624348
-10.9207 0.0612418
-10.9107 0.059987900000000004
-10.9007 0.0583931
-10.890699999999999 0.0565276
-10.8807 0.0547312
-10.8707 0.05254410000000001
-10.8607 0.0503963
-10.8507 0.0481076
-10.8407 0.045748800000000006
-10.8307 0.043339600000000006
-10.8207 0.040930400000000006
-10.8107 0.0385512
-10.800699999999999 0.0362222
-10.7907 0.033993300000000004
-10.7807 0.0318749
-10.7707 0.029887199999999996
-10.7607 0.0280602
-10.7507 0.026393800000000002
-10.7407 0.024908200000000002
-10.730699999999999 0.0235735
-10.7207 0.0224294
-10.7107 0.0214462
-10.7007 0.0205839
-10.6907 0.019902100000000002
-10.6807 0.0193409
-10.6707 0.018880499999999998
-10.6607 0.0185307
-10.6507 0.0182915
-10.640699999999999 0.0181027
-10.6307 0.0179844
-10.6207 0.017926200000000003
-10.6107 0.017898400000000002
-10.6007 0.017910699999999998
-10.5907 0.017913
-10.5807 0.0179353
-10.5707 0.0179275
-10.5607 0.0178995
-10.550699999999999 0.0178409
-10.5407 0.0177219
-10.5307 0.0175425
-10.5207 0.0173024
-10.5107 0.0169914
-10.5007 0.0165797
-10.4907 0.0160875
-10.480699999999999 0.0155244
-10.4707 0.0148705
-10.4607 0.014176199999999998
-10.4507 0.013391199999999999
-10.4407 0.012565800000000002
-10.4307 0.01171
-10.4207 0.0108437
-10.4107 0.00995763
-10.4007 0.00907134
-10.390699999999999 0.00822527
-10.3807 0.0073993999999999996
-10.3707 0.006611860000000001
-10.3607 0.0058766600000000006
-10.3507 0.005196890000000001
-10.3407 0.00457958
-10.3307 0.00402374
-10.3207 0.0035293599999999996
-10.3107 0.0030954399999999997
-10.300699999999999 0.00271594
-10.2907 0.00239084
-10.2807 0.00211205
-10.2707 0.00187456
-10.2607 0.00167329
-10.2507 0.00150122
-10.2407 0.00135628
-10.230699999999999 0.00123141
-10.2207 0.00112063
-10.2107 0.00102385
-10.2007 0.0009380899999999999
-10.1907 0.00085732
-10.1807 0.0007827299999999999
-10.1707 0.00071231
-10.1607 0.00064557
-10.1507 0.00058271
-10.140699999999999 0.00052424
-10.1307 0.00046726999999999994
-10.1207 0.00041390999999999997
-10.1107 0.00036375000000000003
-10.1007 0.00031723099999999996
-10.0907 0.000274342
-10.0807 0.000235413
-10.0707 0.00020022500000000003
-10.0607 0.00016889400000000003
-10.050699999999999 0.00014132
-10.0407 0.000117007
-10.0307 9.618999999999999e-05
-10.0207 7.820900000000001e-05
-10.0107 6.3062e-05
-10.0007 5.0504e-05
-9.9907 4.0031000000000003e-05
-9.980699999999999 3.1429e-05
-9.9707 2.4474399999999997e-05
-9.9607 1.88609e-05
-9.9507 1.4414299999999999e-05
-9.9407 1.0930700000000002e-05
-9.9307 8.197700000000001e-06
-9.9207 6.1057e-06
-9.9107 4.5208e-06
-9.9007 3.3368e-06
-9.890699999999999 2.4774999999999996e-06
-9.8807 1.88452e-06
-9.8707 1.51877e-06
-9.8607 1.36578e-06
-9.8507 1.43558e-06
-9.8407 1.76515e-06
-9.8307 2.43551e-06
-9.8207 3.5814300000000005e-06
-9.8107 5.39918e-06
-9.800699999999999 8.184170000000002e-06
-9.7907 1.237136e-05
-9.7807 1.857962e-05
-9.7707 2.7651290000000003e-05
-9.7607 4.0673540000000006e-05
-9.7507 5.944852e-05
-9.7407 8.58098e-05
-9.730699999999999 0.0001226028
-9.7207 0.0001733991
-9.7107 0.00024289559999999999
-9.7007 0.00033542719999999997
-9.6907 0.0004593361
-9.6807 0.000623624
-9.6707 0.0008374299999999999
-9.6607 0.001112418
-9.6507 0.001462779
-9.640699999999999 0.0019040660000000003
-9.6307 0.0024561730000000003
-9.6207 0.0031326430000000005
-9.6107 0.003951191000000001
-9.6007 0.00493157
-9.5907 0.00610238
-9.5807 0.00747224
-9.570699999999999 0.009065440000000001
-9.5607 0.01088888
-9.550699999999999 0.012931980000000001
-9.540700000000001 0.015222220000000002
-9.5307 0.017740520000000003
-9.5207 0.02048947
-9.5107 0.023422270000000002
-9.5007 0.02651421
-9.4907 0.029790699999999996
-9.480699999999999 0.03313222
-9.4707 0.03651328000000001
-9.4607 0.039909049999999995
-9.4507 0.043269829999999995
-9.4407 0.046390610000000006
-9.4307 0.0494964
-9.4207 0.0523772
-9.410699999999999 0.0550079
-9.4007 0.0573946
-9.390699999999999 0.059450300000000005
-9.380700000000001 0.061259
-9.3707 0.06263859999999999
-9.3607 0.0640112
-9.3507 0.0648668
-9.3407 0.0656694
-9.3307 0.066408
-9.320699999999999 0.0670126
-9.3107 0.0674663
-9.300699999999999 0.068049
-9.290700000000001 0.0686708
-9.2807 0.0692586
-9.2707 0.0701165
-9.2607 0.0710294
-9.2507 0.07212640000000001
-9.2407 0.0732165
-9.230699999999999 0.0746106
-9.2207 0.0763177
-9.2107 0.0777178
-9.2007 0.0794169
-9.1907 0.08101799999999999
-9.1807 0.0825179
-9.1707 0.0840158
-9.160699999999999 0.0851905
-9.1507 0.0862611
-9.140699999999999 0.0871265
-9.130700000000001 0.0875658
-9.1207 0.08800089999999999
-9.1107 0.08802890000000001
-9.1007 0.08788170000000001
-9.0907 0.08757039999999999
-9.0807 0.08694400000000001
-9.070699999999999 0.0863845
-9.0607 0.08563499999999999
-9.050699999999999 0.08486350000000001
-9.040700000000001 0.084201
-9.0307 0.0835615
-9.0207 0.0832321
-9.0107 0.0829268
-9.0007 0.0827656
-8.9907 0.0828345
-8.980699999999999 0.0831415
-8.9707 0.0836887
-8.9607 0.0844829
-8.9507 0.0854173
-8.9407 0.0864977
-8.9307 0.08781030000000001
-8.9207 0.08916389999999999
-8.910699999999999 0.0906506
-8.9007 0.0922614
-8.890699999999999 0.09412419999999999
-8.880700000000001 0.0958191
-8.8707 0.0976261
-8.8607 0.099564
-8.8507 0.10144599999999998
-8.8407 0.103327
-8.8307 0.10513909999999999
-8.820699999999999 0.10707320000000001
-8.8107 0.10882619999999998
-8.800699999999999 0.11069129999999999
-8.790700000000001 0.1122725
-8.7807 0.1138516
-8.7707 0.1153487
-8.7607 0.11664380000000002
-8.7507 0.117644
-8.7407 0.1186291
-8.730699999999999 0.11953130000000001
-8.7207 0.1201055
-8.7107 0.1206766
-8.7007 0.1210328
-8.6907 0.12127399999999999
-8.6807 0.12151110000000001
-8.6707 0.12143430000000001
-8.660699999999999 0.1211845
-8.6507 0.1211226
-8.640699999999999 0.12104970000000001
-8.630700000000001 0.1207627
-8.6207 0.1205768
-8.6107 0.1203697
-8.6007 0.1199616
-8.5907 0.1196445
-8.5807 0.1193153
-8.570699999999999 0.11887490000000002
-8.5607 0.11843659999999998
-8.550699999999999 0.11789609999999998
-8.540700000000001 0.11734150000000002
-8.5307 0.1165889
-8.5207 0.11573319999999998
-8.5107 0.11487549999999999
-8.5007 0.11381569999999999
-8.4907 0.1125528
-8.480699999999999 0.11128790000000001
-8.4707 0.1099299
-8.4607 0.10846989999999998
-8.4507 0.10680780000000001
-8.4407 0.1050427
-8.4307 0.10328760000000001
-8.4207 0.10141929999999999
-8.410699999999999 0.09945
-8.4007 0.0975906
-8.390699999999999 0.0956101
-8.380700000000001 0.09383039999999998
-8.3707 0.09205369999999999
-8.3607 0.0902568
-8.3507 0.0887638
-8.3407 0.0871636
-8.3307 0.0858554
-8.320699999999999 0.084744
-8.3107 0.0839286
-8.300699999999999 0.0833081
-8.290700000000001 0.0828955
-8.2807 0.08298900000000001
-8.2707 0.08329149999999999
-8.2607 0.0841031
-8.2507 0.08502269999999999
-8.2407 0.0864605
-8.230699999999999 0.0882145
-8.2207 0.09027859999999999
-8.2107 0.0924578
-8.2007 0.0948523
-8.1907 0.0974599
-8.1807 0.10018060000000001
-8.1707 0.1028106
-8.160699999999999 0.10543759999999999
-8.1507 0.1075727
-8.140699999999999 0.1096009
-8.130700000000001 0.1112202
-8.1207 0.1123294
-8.1107 0.1130287
-8.1007 0.11310390000000001
-8.0907 0.11265700000000001
-8.0807 0.1114961
-8.070699999999999 0.10981300000000001
-8.0607 0.1074039
-8.050699999999999 0.10438259999999999
-8.040700000000001 0.1011322
-8.0307 0.0969687
-8.0207 0.09268610000000001
-8.0107 0.0880963
-8.0007 0.08313259999999999
-7.9906999999999995 0.07808469999999999
-7.9807 0.07283309999999998
-7.9707 0.06765270000000001
-7.9607 0.06253460000000001
-7.950699999999999 0.0575178
-7.9407 0.0527156
-7.9307 0.0482088
-7.9207 0.0439397
-7.910699999999999 0.040056499999999995
-7.9007 0.0365421
-7.8907 0.033436799999999996
-7.8807 0.030741600000000004
-7.870699999999999 0.028555499999999998
-7.8607 0.0267885
-7.8507 0.0254709
-7.8407 0.0246243
-7.8307 0.024206099999999998
-7.8206999999999995 0.024156399999999998
-7.8107 0.0245251
-7.8007 0.0252099
-7.7907 0.026181100000000002
-7.7806999999999995 0.0274084
-7.7707 0.0288492
-7.7607 0.030404399999999998
-7.7507 0.0320601
-7.7406999999999995 0.033726400000000004
-7.7307 0.035412700000000005
-7.7207 0.036957699999999996
-7.7107 0.038439
-7.700699999999999 0.039736900000000006
-7.6907 0.040911199999999995
-7.6807 0.0418409
-7.6707 0.0425869
-7.660699999999999 0.04304619999999999
-7.6507 0.0433218
-7.6407 0.043442800000000004
-7.6307 0.0433881
-7.620699999999999 0.043082
-7.6107 0.0428548
-7.6007 0.0424263
-7.5907 0.0420171
-7.5807 0.041862300000000005
-7.5706999999999995 0.0417881
-7.5607 0.04191979999999999
-7.5507 0.0423797
-7.5407 0.0431968
-7.5306999999999995 0.04453359999999999
-7.5207 0.0461812
-7.5107 0.048360600000000004
-7.5007 0.051202000000000004
-7.4906999999999995 0.05459599999999999
-7.4807 0.058381999999999996
-7.4707 0.06296199999999999
-7.4607 0.067823
-7.450699999999999 0.073433
-7.4407 0.07920500000000001
-7.4307 0.08539100000000001
-7.4207 0.091782
-7.410699999999999 0.09834400000000001
-7.4007 0.10484600000000001
-7.3907 0.111205
-7.3807 0.11734500000000002
-7.370699999999999 0.122997
-7.3607 0.128179
-7.3507 0.132877
-7.3407 0.13716
-7.3307 0.140631
-7.3206999999999995 0.143483
-7.3107 0.145723
-7.3007 0.147452
-7.2907 0.14886900000000003
-7.2806999999999995 0.149779
-7.2707 0.150683
-7.2607 0.151287
-7.2507 0.152092
-7.2406999999999995 0.1532
-7.2307 0.15461899999999998
-7.2207 0.15685
-7.2107 0.159495
-7.200699999999999 0.163055
-7.1907 0.16743599999999997
-7.1807 0.17273399999999997
-7.1707 0.179053
-7.160699999999999 0.18619000000000002
-7.1507 0.194248
-7.1407 0.20341900000000002
-7.1307 0.213414
-7.120699999999999 0.22402100000000003
-7.1107 0.235548
-7.1007 0.247784
-7.0907 0.260626
-7.0807 0.273882
-7.0706999999999995 0.287442
-7.0607 0.301407
-7.0507 0.31557199999999996
-7.0407 0.329951
-7.0306999999999995 0.3442079999999999
-7.0207 0.35846700000000004
-7.0107 0.372626
-7.0007 0.38647600000000004
-6.9906999999999995 0.40011699999999994
-6.9807 0.413158
-6.9707 0.42586799999999997
-6.9607 0.43776800000000005
-6.950699999999999 0.44895799999999997
-6.9407 0.459528
-6.9307 0.46938799999999997
-6.9207 0.478117
-6.910699999999999 0.4861459999999999
-6.9007 0.49293499999999996
-6.8907 0.500034
-6.8807 0.505193
-6.870699999999999 0.5099419999999999
-6.8607 0.514091
-6.8507 0.517621
-6.8407 0.520941
-6.8307 0.5239510000000001
-6.8206999999999995 0.526682
-6.8107 0.528193
-6.8007 0.5309
-6.7907 0.53232
-6.7806999999999995 0.5351400000000001
-6.7707 0.5381699999999999
-6.7607 0.54008
-6.7507 0.54232
-6.7406999999999995 0.54486
-6.7307 0.54739
-6.7207 0.5502400000000001
-6.7107 0.55349
-6.700699999999999 0.55574
-6.6907 0.5582
-6.6807 0.5610299999999999
-6.6707 0.5640000000000001
-6.660699999999999 0.56694
-6.6507 0.5693
-6.6407 0.5730700000000001
-6.6307 0.5760299999999999
-6.620699999999999 0.57951
-6.6107 0.5834900000000001
-6.6007 0.5891000000000001
-6.5907 0.5941
-6.5807 0.59982
-6.5706999999999995 0.60724
-6.5607 0.6163000000000001
-6.5507 0.62373
-6.5407 0.6335
-6.5306999999999995 0.64369
-6.5207 0.65399
-6.5107 0.66557
-6.5007 0.6762699999999999
-6.4906999999999995 0.68908
-6.4807 0.70026
-6.4707 0.70924
-6.4607 0.72193
-6.450699999999999 0.7305999999999999
-6.4407 0.73935
-6.4307 0.74851
-6.4207 0.75764
-6.410699999999999 0.76374
-6.4007 0.7698099999999999
-6.3907 0.77489
-6.3807 0.77897
-6.370699999999999 0.783
-6.3607 0.78501
-6.3507 0.7870199999999999
-6.3407 0.78901
-6.3307 0.78797
-6.3206999999999995 0.78793
-6.3107 0.78386
-6.3007 0.78178
-6.2907 0.77767
-6.2806999999999995 0.77354
-6.2707 0.76841
-6.2607 0.76127
-6.2507 0.75412
-6.2406999999999995 0.74595
-6.2307 0.73716
-6.2207 0.72768
-6.2107 0.71706
-6.200699999999999 0.70747
-6.1907 0.6956600000000001
-6.1807 0.68494
-6.1707 0.67203
-6.160699999999999 0.66001
-6.1507 0.64868
-6.1407 0.63638
-6.1307 0.62386
-6.120699999999999 0.61115
-6.1107 0.59974
-6.1007 0.5874499999999999
-6.0907 0.57534
-6.0807 0.56365
-6.0706999999999995 0.55277
-6.0607 0.54209
-6.0507 0.53193
-6.0407 0.52237
-6.0306999999999995 0.51312
-6.0207 0.50459
-6.0107 0.49634999999999996
-6.0007 0.48893
-5.9906999999999995 0.48212
-5.9807 0.47613
-5.9707 0.47063
-5.9607 0.46606000000000003
-5.950699999999999 0.46208
-5.9407 0.45862
-5.9307 0.45577
-5.9207 0.45383
-5.910699999999999 0.45219
-5.9007 0.45076200000000005
-5.8907 0.45023599999999997
-5.8807 0.44973199999999997
-5.870699999999999 0.44972
-5.8607 0.4497
-5.8507 0.44991
-5.8407 0.450202
-5.8307 0.45039399999999996
-5.8206999999999995 0.450177
-5.8107 0.44998000000000005
-5.8007 0.449253
-5.7907 0.448237
-5.7806999999999995 0.44699999999999995
-5.7707 0.44537
-5.7607 0.44362
-5.7507 0.44149000000000005
-5.7406999999999995 0.438937
-5.7307 0.43648699999999996
-5.7207 0.434027
-5.7107 0.43148899999999996
-5.700699999999999 0.42914300000000005
-5.6907 0.42689800000000006
-5.6807 0.42505699999999996
-5.6707 0.42343000000000003
-5.660699999999999 0.42219699999999993
-5.6507 0.421167
-5.6407 0.420353
-5.6307 0.42015199999999997
-5.620699999999999 0.419845
-5.6107 0.419921
-5.6007 0.41982100000000006
-5.5907 0.41991100000000003
-5.5807 0.42000399999999993
-5.5707 0.419796
-5.560700000000001 0.41948
-5.550699999999999 0.419075
-5.540699999999999 0.418449
-5.5306999999999995 0.41762499999999997
-5.5207 0.41642000000000007
-5.5107 0.415385
-5.5007 0.414066
-5.4907 0.41293700000000005
-5.480700000000001 0.41183
-5.470699999999999 0.411003
-5.460699999999999 0.41030799999999995
-5.450699999999999 0.410216
-5.4407 0.41053399999999995
-5.4307 0.41124599999999994
-5.4207 0.412488
-5.4107 0.41434
-5.4007000000000005 0.416786
-5.390699999999999 0.419661
-5.380699999999999 0.423127
-5.370699999999999 0.4268070000000001
-5.3607 0.43089
-5.3507 0.435282
-5.3407 0.43956199999999995
-5.3307 0.444061
-5.3207 0.448569
-5.310700000000001 0.45294600000000007
-5.300699999999999 0.457131
-5.290699999999999 0.46121500000000004
-5.2806999999999995 0.465199
-5.2707 0.468681
-5.2607 0.47204299999999993
-5.2507 0.47520500000000004
-5.2407 0.478066
-5.230700000000001 0.480527
-5.220699999999999 0.48266800000000004
-5.210699999999999 0.484429
-5.200699999999999 0.48566
-5.1907 0.48678199999999994
-5.1807 0.48721299999999995
-5.1707 0.48712399999999995
-5.1607 0.4864259999999999
-5.1507000000000005 0.48510799999999993
-5.140699999999999 0.48348899999999995
-5.130699999999999 0.481061
-5.120699999999999 0.47802200000000006
-5.1107 0.474553
-5.1007 0.470705
-5.0907 0.46642599999999995
-5.0807 0.461768
-5.0707 0.45708
-5.060700000000001 0.451992
-5.050699999999999 0.447125
-5.040699999999999 0.442149
-5.0306999999999995 0.437461
-5.0207 0.43289900000000003
-5.0107 0.428518
-5.0007 0.424457
-4.9907 0.4207000000000001
-4.980700000000001 0.41712799999999994
-4.970699999999999 0.413778
-4.960699999999999 0.41053
-4.950699999999999 0.40748199999999996
-4.9407 0.40452600000000005
-4.9307 0.40137999999999996
-4.9207 0.398425
-4.9107 0.395179
-4.9007000000000005 0.3918110000000001
-4.890699999999999 0.388254
-4.880699999999999 0.38448499999999997
-4.870699999999999 0.380406
-4.8607 0.376335
-4.8507 0.3719640000000001
-4.8407 0.36767999999999995
-4.8307 0.36298800000000003
-4.8207 0.35841499999999993
-4.810700000000001 0.35413300000000003
-4.800699999999999 0.349652
-4.790699999999999 0.34527
-4.7806999999999995 0.341188
-4.7707 0.33740899999999996
-4.7607 0.33385
-4.7507 0.330691
-4.7407 0.32761399999999996
-4.730700000000001 0.325067
-4.720699999999999 0.322521
-4.710699999999999 0.320266
-4.700699999999999 0.31843
-4.6907 0.316785
-4.6807 0.31526
-4.6707 0.31373499999999993
-4.6607 0.31240900000000005
-4.6507000000000005 0.311293
-4.640699999999999 0.31017800000000006
-4.630699999999999 0.309143
-4.620699999999999 0.308038
-4.6107 0.306932
-4.6007 0.306018
-4.5907 0.305216
-4.5807 0.304224
-4.5707 0.30342199999999997
-4.560700000000001 0.30272400000000005
-4.550699999999999 0.301734
-4.540699999999999 0.300948
-4.5306999999999995 0.30015400000000003
-4.5207 0.29948
-4.5107 0.298687
-4.5007 0.29790600000000006
-4.4907 0.296914
-4.480700000000001 0.295833
-4.470699999999999 0.294732
-4.460699999999999 0.29324
-4.450699999999999 0.291438
-4.4407 0.289524
-4.4307 0.28710800000000003
-4.4207 0.28437999999999997
-4.4107 0.28144800000000003
-4.4007000000000005 0.27829000000000004
-4.390699999999999 0.274651
-4.380699999999999 0.270686
-4.370699999999999 0.266629
-4.3607 0.26244900000000004
-4.3507 0.258078
-4.3407 0.253794
-4.3307 0.249521
-4.3207 0.24533800000000003
-4.310700000000001 0.241057
-4.300699999999999 0.23738700000000001
-4.290699999999999 0.233818
-4.2806999999999995 0.23065000000000002
-4.2707 0.227886
-4.2607 0.225235
-4.2507 0.223281
-4.2407 0.221542
-4.230700000000001 0.220199
-4.220699999999999 0.219368
-4.210699999999999 0.218643
-4.200699999999999 0.218312
-4.1907 0.218294
-4.1807 0.21848099999999998
-4.1707 0.218972
-4.1607 0.21946399999999996
-4.1507000000000005 0.220159
-4.140699999999999 0.22114700000000004
-4.130699999999999 0.22234899999999996
-4.120699999999999 0.22345
-4.1107 0.224546
-4.1007 0.225853
-4.0907 0.22726299999999994
-4.0807 0.22876399999999997
-4.0707 0.230079
-4.060700000000001 0.23169499999999998
-4.050699999999999 0.233204
-4.040699999999999 0.234725
-4.0306999999999995 0.236445
-4.0207 0.23796799999999996
-4.0107 0.239493
-4.0007 0.24092200000000003
-3.9907000000000004 0.242549
-3.9807000000000006 0.24398200000000003
-3.970699999999999 0.245214
-3.960699999999999 0.246448
-3.9506999999999994 0.24778299999999998
-3.9406999999999996 0.24871699999999997
-3.9307 0.249753
-3.9207 0.250488
-3.9107000000000003 0.251424
-3.9007000000000005 0.252061
-3.890699999999999 0.25269600000000003
-3.880699999999999 0.25333000000000006
-3.8706999999999994 0.25396399999999997
-3.8606999999999996 0.25449700000000003
-3.8507 0.254931
-3.8407 0.255562
-3.8307 0.255993
-3.8207000000000004 0.256522
-3.8107000000000006 0.257051
-3.800699999999999 0.257478
-3.7906999999999993 0.257901
-3.7806999999999995 0.258324
-3.7706999999999997 0.258839
-3.7607 0.25905799999999995
-3.7507 0.259276
-3.7407000000000004 0.259583
-3.7307000000000006 0.259694
-3.720699999999999 0.259494
-3.710699999999999 0.259491
-3.7006999999999994 0.259086
-3.6906999999999996 0.25857800000000003
-3.6807 0.258067
-3.6707 0.257154
-3.6607000000000003 0.256039
-3.6507000000000005 0.25481
-3.640699999999999 0.25339100000000003
-3.630699999999999 0.251659
-3.6206999999999994 0.249825
-3.6106999999999996 0.247693
-3.6007 0.245356
-3.5907 0.24291600000000002
-3.5807 0.240075
-3.5707000000000004 0.237232
-3.5607000000000006 0.234087
-3.550699999999999 0.23083800000000002
-3.5406999999999993 0.227291
-3.5306999999999995 0.223842
-3.5206999999999997 0.22019
-3.5107 0.21634
-3.5007 0.212289
-3.4907000000000004 0.208437
-3.4807000000000006 0.20448600000000003
-3.470699999999999 0.200535
-3.460699999999999 0.196485
-3.4506999999999994 0.19253299999999998
-3.4406999999999996 0.18848499999999999
-3.4307 0.18453799999999998
-3.4207 0.180692
-3.4107000000000003 0.176749
-3.4007000000000005 0.173105
-3.390699999999999 0.169264
-3.380699999999999 0.16562500000000002
-3.3706999999999994 0.161887
-3.3606999999999996 0.158349
-3.3507 0.15481200000000003
-3.3407 0.151474
-3.3307 0.14793800000000001
-3.3207000000000004 0.14450100000000002
-3.3107000000000006 0.141267
-3.300699999999999 0.13803100000000001
-3.2906999999999993 0.13479400000000002
-3.2806999999999995 0.13176200000000002
-3.2706999999999997 0.12863
-3.2607 0.12599700000000003
-3.2507 0.12317000000000002
-3.2407000000000004 0.12074299999999999
-3.2307000000000006 0.11831900000000002
-3.220699999999999 0.116297
-3.210699999999999 0.11428000000000002
-3.2006999999999994 0.11266300000000001
-3.1906999999999996 0.111149
-3.1807 0.10968699999999999
-3.1707 0.108545
-3.1607000000000003 0.107323
-3.1507000000000005 0.106309
-3.140699999999999 0.105406
-3.130699999999999 0.104407
-3.1206999999999994 0.10340500000000001
-3.1106999999999996 0.10261999999999999
-3.1007 0.101452
-3.0907 0.100346
-3.0807 0.09906799999999999
-3.0707000000000004 0.097803
-3.0607000000000006 0.096467
-3.050699999999999 0.09504499999999998
-3.0406999999999993 0.09365100000000001
-3.0306999999999995 0.09217600000000001
-3.0206999999999997 0.09062799999999999
-3.0107 0.089289
-3.0007 0.08778
-2.9907000000000004 0.08637
-2.9807000000000006 0.084992
-2.970699999999999 0.083514
-2.960699999999999 0.082245
-2.9506999999999994 0.080785
-2.9406999999999996 0.07952700000000001
-2.9307 0.07815899999999999
-2.9207 0.07678000000000001
-2.9107000000000003 0.07541199999999999
-2.9007000000000005 0.074135
-2.890699999999999 0.07274699999999999
-2.880699999999999 0.071564
-2.8706999999999994 0.07038
-2.8606999999999996 0.069259
-2.8507 0.068144
-2.8407 0.067231
-2.8307 0.066574
-2.8207000000000004 0.06596099999999999
-2.8107000000000006 0.06561800000000001
-2.800699999999999 0.065437
-2.7906999999999993 0.065447
-2.7806999999999995 0.065731
-2.7706999999999997 0.066324
-2.7607 0.06692300000000001
-2.7507 0.068009
-2.7407000000000004 0.06911
-2.7307000000000006 0.070608
-2.720699999999999 0.072109
-2.710699999999999 0.073885
-2.7006999999999994 0.075761
-2.6906999999999996 0.07779
-2.6807 0.07978199999999999
-2.6707 0.081822
-2.6607000000000003 0.083983
-2.6507000000000005 0.08616199999999999
-2.640699999999999 0.087969
-2.630699999999999 0.09005200000000001
-2.6206999999999994 0.091837
-2.6106999999999996 0.093885
-2.6007 0.09551100000000001
-2.5907 0.097136
-2.5807 0.09865600000000001
-2.5707000000000004 0.100273
-2.5607000000000006 0.101391
-2.550699999999999 0.102904
-2.5406999999999993 0.10391700000000001
-2.5306999999999995 0.105126
-2.5206999999999997 0.106134
-2.5107 0.10704
-2.5007 0.107743
-2.4907000000000004 0.10854499999999999
-2.4807000000000006 0.10904400000000002
-2.470699999999999 0.10944100000000001
-2.460699999999999 0.11003500000000001
-2.4506999999999994 0.11022799999999999
-2.4406999999999996 0.11021600000000001
-2.4307 0.110203
-2.4207 0.11018700000000001
-2.4107000000000003 0.110069
-2.4007000000000005 0.10965
-2.390699999999999 0.109328
-2.380699999999999 0.10880400000000001
-2.3706999999999994 0.10838
-2.3606999999999996 0.107953
-2.3507 0.10752599999999998
-2.3407 0.10689799999999999
-2.3307 0.10637200000000002
-2.3207000000000004 0.10584400000000001
-2.3107000000000006 0.10521599999999999
-2.300699999999999 0.10469
-2.2906999999999993 0.104063
-2.2806999999999995 0.103336
-2.2706999999999997 0.102811
-2.2607 0.101984
-2.2507 0.101258
-2.2407000000000004 0.100434
-2.2307000000000006 0.09930900000000001
-2.220699999999999 0.098384
-2.210699999999999 0.09746099999999999
-2.2006999999999994 0.096237
-2.1906999999999996 0.095115
-2.1807 0.093694
-2.1707 0.092473
-2.1607000000000003 0.091054
-2.1507000000000005 0.089486
-2.140699999999999 0.088156
-2.130699999999999 0.086618
-2.1206999999999994 0.08479199999999999
-2.1106999999999996 0.08317400000000001
-2.1007 0.081506
-2.0907 0.07985800000000001
-2.0807 0.077908
-2.0707000000000004 0.076156
-2.0607000000000006 0.074015
-2.050699999999999 0.072082
-2.0406999999999993 0.06994449999999999
-2.0306999999999995 0.0677173
-2.0206999999999997 0.0653072
-2.0107 0.0630041
-2.0007 0.06061
-1.9907000000000004 0.0582251
-1.9807000000000006 0.055809300000000006
-1.970699999999999 0.0535516
-1.9606999999999992 0.051118199999999996
-1.9506999999999994 0.0489639
-1.9406999999999996 0.046851899999999995
-1.9306999999999999 0.044933100000000004
-1.9207 0.0431497
-1.9107000000000003 0.0416895
-1.9007000000000005 0.040414599999999995
-1.890699999999999 0.039384499999999996
-1.8806999999999992 0.0386209
-1.8706999999999994 0.038144
-1.8606999999999996 0.0379436
-1.8506999999999998 0.0380188
-1.8407 0.0383485
-1.8307000000000002 0.0389248
-1.8207000000000004 0.0397456
-1.8107000000000006 0.0406798
-1.800699999999999 0.0417873
-1.7906999999999993 0.042854199999999995
-1.7806999999999995 0.0440733
-1.7706999999999997 0.0451897
-1.7607 0.046283099999999994
-1.7507000000000001 0.0472557
-1.7407000000000004 0.0480394
-1.7307000000000006 0.048658099999999996
-1.720699999999999 0.0489508
-1.7106999999999992 0.048923400000000006
-1.7006999999999994 0.048548
-1.6906999999999996 0.047963500000000006
-1.6806999999999999 0.046929
-1.6707 0.0456563
-1.6607000000000003 0.044049700000000004
-1.6507000000000005 0.0421309
-1.640699999999999 0.0399212
-1.6306999999999992 0.0375244
-1.6206999999999994 0.0350786
-1.6106999999999996 0.0323813
-1.6006999999999998 0.02967972
-1.5907 0.02697987
-1.5807000000000002 0.02422093
-1.5707000000000004 0.021584809999999996
-1.5607000000000006 0.019116230000000005
-1.550699999999999 0.01669389
-1.5406999999999993 0.014454439999999999
-1.5306999999999995 0.01239235
-1.5206999999999997 0.01053365
-1.5107 0.00887361
-1.5007000000000001 0.0074010199999999995
-1.4907000000000004 0.00609579
-1.4807000000000006 0.00498669
-1.470699999999999 0.00403173
-1.4606999999999992 0.00322358
-1.4506999999999994 0.002557828
-1.4406999999999996 0.002003562
-1.4306999999999999 0.001560019
-1.4207 0.0011994969999999999
-1.4107000000000003 0.0009124459999999999
-1.4007000000000005 0.0006872170000000001
-1.390699999999999 0.000512321
-1.3806999999999992 0.000378324
-1.3706999999999994 0.0002766812
-1.3606999999999996 0.0001991036
-1.3506999999999998 0.0001427449
-1.3407 0.0001010901
-1.3307000000000002 7.081780000000001e-05
-1.3207000000000004 4.9071999999999994e-05
-1.3107000000000006 3.36492e-05
-1.300699999999999 2.284325e-05
-1.2906999999999993 1.535822e-05
-1.2806999999999995 1.0200079999999998e-05
-1.2706999999999997 6.70489e-06
-1.2607 4.3674200000000004e-06
-1.2507000000000001 2.811066e-06
-1.2407000000000004 1.78845e-06
-1.2307000000000006 1.1294179999999998e-06
-1.220699999999999 7.04985e-07
-1.2106999999999992 4.3473800000000004e-07
-1.2006999999999994 2.652264e-07
-1.1906999999999996 1.605305e-07
-1.1806999999999999 9.58799e-08
-1.1707 5.67178e-08
-1.1607000000000003 3.32103e-08
-1.1507000000000005 1.924415e-08
-1.140699999999999 1.101953e-08
-1.1306999999999992 6.24901e-09
-1.1206999999999994 3.51023e-09
-1.1106999999999996 1.943881e-09
-1.1006999999999998 1.067888e-09
-1.0907 5.803620000000001e-10
-1.0807000000000002 3.120477e-10
-1.0707000000000004 1.657142e-10
-1.0607000000000006 8.718359999999999e-11
-1.050699999999999 4.53454e-11
-1.0406999999999993 2.331047e-11
-1.0306999999999995 1.188855e-11
-1.0206999999999997 5.9813899999999994e-12
-1.0107 2.979456e-12
-1.0007000000000001 1.470001e-12
-0.9907000000000004 7.08134e-13
-0.9807000000000006 3.334787e-13
-0.970699999999999 1.326167e-13
-0.9606999999999992 2.660285e-14
-0.9506999999999994 0.0
-0.9406999999999996 0.0
-0.9306999999999999 0.0
-0.9207000000000001 0.0
-0.9107000000000003 0.0
-0.9007000000000005 0.0
-0.8906999999999989 0.0
-0.8806999999999992 0.0
-0.8706999999999994 0.0
-0.8606999999999996 0.0
-0.8506999999999998 0.0
-0.8407 0.0
-0.8307000000000002 0.0
-0.8207000000000004 0.0
-0.8107000000000006 0.0
-0.8006999999999991 0.0
-0.7906999999999993 0.0
-0.7806999999999995 0.0
-0.7706999999999997 0.0
-0.7606999999999999 0.0
-0.7507000000000001 0.0
-0.7407000000000004 0.0
-0.7307000000000006 0.0
-0.720699999999999 0.0
-0.7106999999999992 0.0
-0.7006999999999994 0.0
-0.6906999999999996 0.0
-0.6806999999999999 0.0
-0.6707000000000001 0.0
-0.6607000000000003 0.0
-0.6507000000000005 0.0
-0.6406999999999989 0.0
-0.6306999999999992 0.0
-0.6206999999999994 4.945991999999999e-15
-0.6106999999999996 4.3220600000000003e-14
-0.6006999999999998 1.244389e-13
-0.5907 3.2311100000000005e-13
-0.5807000000000002 6.70472e-13
-0.5707000000000004 1.368225e-12
-0.5607000000000006 2.764442e-12
-0.5506999999999991 5.52925e-12
-0.5406999999999993 1.0933440000000002e-11
-0.5306999999999995 2.1390670000000002e-11
-0.5206999999999997 4.138340000000001e-11
-0.5106999999999999 7.928090000000001e-11
-0.5007000000000001 1.502429e-10
-0.49070000000000036 2.814709e-10
-0.48070000000000057 5.217860000000001e-10
-0.470699999999999 9.57252e-10
-0.4606999999999992 1.7358659999999999e-09
-0.45069999999999943 3.1196e-09
-0.44069999999999965 5.53011e-09
-0.43069999999999986 9.74369e-09
-0.4207000000000001 1.6941239999999996e-08
-0.4107000000000003 2.915706e-08
-0.4007000000000005 4.95893e-08
-0.39069999999999894 8.367719999999999e-08
-0.38069999999999915 1.395077e-07
-0.37069999999999936 2.2997229999999997e-07
-0.3606999999999996 3.7512399999999994e-07
-0.3506999999999998 6.06639e-07
-0.3407 9.687669999999999e-07
-0.3307000000000002 1.531401e-06
-0.32070000000000043 2.3966159999999997e-06
-0.31070000000000064 3.70983e-06
-0.3006999999999991 5.6815e-06
-0.2906999999999993 8.608839999999999e-06
-0.2806999999999995 1.292177e-05
-0.2706999999999997 1.918689e-05
-0.26069999999999993 2.819719e-05
-0.25070000000000014 4.0923299999999995e-05
-0.24070000000000036 5.889730000000001e-05
-0.23070000000000057 8.41386e-05
-0.220699999999999 0.0001184158
-0.21069999999999922 0.00016532600000000004
-0.20069999999999943 0.00022831599999999997
-0.19069999999999965 0.00031222799999999995
-0.18069999999999986 0.000422486
-0.17070000000000007 0.0005669579999999999
-0.1607000000000003 0.0007518080000000001
-0.1507000000000005 0.000986106
-0.14069999999999894 0.0012841070000000003
-0.13069999999999915 0.0016534870000000001
-0.12069999999999936 0.002109635
-0.11069999999999958 0.00266505
-0.10069999999999979 0.0033401199999999994
-0.0907 0.004143760000000001
-0.08070000000000022 0.00508095
-0.07070000000000043 0.006195249999999999
-0.06070000000000064 0.00747157
-0.05069999999999908 0.0089311
-0.04069999999999929 0.010605960000000001
-0.030699999999999505 0.012464030000000001
-0.02069999999999972 0.014549310000000003
-0.010699999999999932 0.0168268
-0.000700000000000145 0.01930869
0.009299999999999642 0.02199477
0.01929999999999943 0.02485482
0.029300000000000992 0.02788674
0.03930000000000078 0.031071500000000002
0.049300000000000566 0.034376840000000006
0.05930000000000035 0.037823760000000005
0.06930000000000014 0.04121905000000001
0.07929999999999993 0.0447236
0.08929999999999971 0.048223699999999994
0.0992999999999995 0.0516145
0.10930000000000106 0.0549955
0.11930000000000085 0.058244699999999996
0.12930000000000064 0.061283199999999996
0.13930000000000042 0.06418990000000001
0.1493000000000002 0.06676639999999999
0.1593 0.0692096
0.16929999999999978 0.0714233
0.17929999999999957 0.0733047
0.18929999999999936 0.0749448
0.19930000000000092 0.0763735
0.2093000000000007 0.0774602
0.2193000000000005 0.07832739999999999
0.22930000000000028 0.07909179999999999
0.23930000000000007 0.0795475
0.24929999999999986 0.080011
0.25929999999999964 0.08028610000000001
0.26929999999999943 0.08057059999999999
0.279300000000001 0.0808863
0.2893000000000008 0.0813518
0.29930000000000057 0.08195
0.30930000000000035 0.0826876
0.31930000000000014 0.0835791
0.3292999999999999 0.08473109999999999
0.3392999999999997 0.0862149
0.3492999999999995 0.0878603
0.35930000000000106 0.0897262
0.36930000000000085 0.0919336
0.37930000000000064 0.0941934
0.3893000000000004 0.09667239999999999
0.3993000000000002 0.0993715
0.4093 0.1019805
0.4192999999999998 0.1045895
0.42929999999999957 0.10718609999999999
0.43929999999999936 0.10953130000000001
0.4493000000000009 0.11182580000000002
0.4593000000000007 0.11389680000000002
0.4693000000000005 0.1154459
0.4793000000000003 0.1167823
0.48930000000000007 0.11779569999999999
0.49929999999999986 0.1180873
0.5092999999999996 0.11825410000000001
0.5192999999999994 0.1178993
0.529300000000001 0.11703160000000001
0.5393000000000008 0.1155421
0.5493000000000006 0.1141002
0.5593000000000004 0.11221569999999999
0.5693000000000001 0.109601
0.5792999999999999 0.1071049
0.5892999999999997 0.1043178
0.5992999999999995 0.10134989999999999
0.6093000000000011 0.0982331
0.6193000000000008 0.09514649999999998
0.6293000000000006 0.0920714
0.6393000000000004 0.08906589999999999
0.6493000000000002 0.0862238
0.6593 0.0836026
0.6692999999999998 0.08099400000000001
0.6792999999999996 0.0790073
0.6892999999999994 0.0769725
0.6993000000000009 0.0753703
0.7093000000000007 0.07409090000000002
0.7193000000000005 0.07313230000000001
0.7293000000000003 0.0723862
0.7393000000000001 0.0719518
0.7492999999999999 0.07170970000000002
0.7592999999999996 0.07176819999999999
0.7692999999999994 0.0718767
0.779300000000001 0.07237640000000001
0.7893000000000008 0.07282620000000001
0.7993000000000006 0.07332589999999999
0.8093000000000004 0.0739653
0.8193000000000001 0.07453459999999999
0.8292999999999999 0.0751317
0.8392999999999997 0.07575029999999999
0.8492999999999995 0.0762754
0.8593000000000011 0.0768014
0.8693000000000008 0.0772459
0.8793000000000006 0.0775783
0.8893000000000004 0.07780929999999998
0.8993000000000002 0.0782319
0.9093 0.0784535
0.9192999999999998 0.0786538
0.9292999999999996 0.0787529
0.9392999999999994 0.0790229
0.9493000000000009 0.07908290000000001
0.9593000000000007 0.07933270000000002
0.9693000000000005 0.0795405
0.9793000000000003 0.0795304
0.9893000000000001 0.0797902
0.9992999999999999 0.07991990000000002
1.0092999999999996 0.08011059999999999
1.0192999999999994 0.08029149999999999
1.029300000000001 0.0805115
1.0393000000000008 0.08071439999999999
1.0493000000000006 0.0811065
1.0593000000000004 0.0813908
1.0693000000000001 0.0819553
1.0793 0.0824019
1.0892999999999997 0.08304990000000001
1.0992999999999995 0.08381000000000001
1.109300000000001 0.0847804
1.1193000000000008 0.08587409999999998
1.1293000000000006 0.0870889
1.1393000000000004 0.0883261
1.1493000000000002 0.08988550000000001
1.1593 0.0914849
1.1692999999999998 0.0932976
1.1792999999999996 0.09525929999999999
1.1892999999999994 0.0972331
1.199300000000001 0.09922619999999999
1.2093000000000007 0.10137
1.2193000000000005 0.10332290000000001
1.2293000000000003 0.10540580000000001
1.2393 0.10741670000000002
1.2492999999999999 0.1095566
1.2592999999999996 0.11143649999999998
1.2692999999999994 0.1132823
1.279300000000001 0.11495639999999999
1.2893000000000008 0.1165174
1.2993000000000006 0.1177964
1.3093000000000004 0.1189615
1.3193000000000001 0.1199054
1.3293 0.12054550000000001
1.3392999999999997 0.1209815
1.3492999999999995 0.1210254
1.359300000000001 0.1208543
1.3693000000000008 0.1201708
1.3793000000000006 0.11926329999999999
1.3893000000000004 0.1177425
1.3993000000000002 0.11605760000000001
1.4093 0.1138994
1.4192999999999998 0.1111969
1.4292999999999996 0.1083532
1.4392999999999994 0.1050743
1.449300000000001 0.1015762
1.4593000000000007 0.098065
1.4693000000000005 0.09438220000000001
1.4793000000000003 0.09082159999999999
1.4893 0.08741929999999999
1.4992999999999999 0.08419960000000001
1.5092999999999996 0.08149250000000001
1.5192999999999994 0.0791884
1.529300000000001 0.0775072
1.5393000000000008 0.0765795
1.5493000000000006 0.07640860000000001
1.5593000000000004 0.077111
1.5693000000000001 0.07838919999999999
1.5793 0.0806517
1.5892999999999997 0.083691
1.5992999999999995 0.0875034
1.609300000000001 0.0922018
1.6193000000000008 0.0971629
1.6293000000000006 0.1025986
1.6393000000000004 0.10838660000000001
1.6493000000000002 0.11461640000000001
1.6593 0.12093890000000002
1.6692999999999998 0.1271639
1.6792999999999996 0.133488
1.6892999999999994 0.13971230000000004
1.699300000000001 0.14573779999999997
1.7093000000000007 0.1516633
1.7193000000000005 0.1570878
1.7293000000000003 0.16241140000000004
1.7393 0.1675349
1.7492999999999999 0.1722584
1.7592999999999996 0.1768798
1.7692999999999994 0.1812013
1.779300000000001 0.1852218
1.7893000000000008 0.1892421
1.7993000000000006 0.19276039999999997
1.8093000000000004 0.1963788
1.8193000000000001 0.19979699999999997
1.8293 0.2030142
1.8392999999999997 0.20603029999999997
1.8492999999999995 0.2089442
1.859300000000001 0.211559
1.8693000000000008 0.2139726
1.8793000000000006 0.21598399999999998
1.8893000000000004 0.21799420000000003
1.8993000000000002 0.21950319999999998
1.9093 0.2208118
1.9192999999999998 0.2220172
1.9292999999999996 0.22252149999999998
1.9392999999999994 0.2231243
1.949300000000001 0.22332600000000002
1.9593000000000007 0.2232265
1.9693000000000005 0.22282480000000002
1.9793000000000003 0.22222180000000002
1.9893 0.2215177
1.9992999999999999 0.220611
2.0092999999999996 0.219705
2.0192999999999994 0.2185979
2.029300000000001 0.2176909
2.039300000000001 0.2162819
2.0493000000000006 0.2150749
2.0593000000000004 0.214165
2.0693 0.2130571
2.0793 0.21184730000000002
2.0892999999999997 0.2108384
2.0992999999999995 0.20983059999999998
2.109300000000001 0.2088218
2.119300000000001 0.20781300000000003
2.1293000000000006 0.20670509999999997
2.1393000000000004 0.2054972
2.1493 0.20428819999999998
2.1593 0.20287919999999998
2.1693 0.20157119999999998
2.1792999999999996 0.199864
2.1892999999999994 0.1979548
2.199300000000001 0.1961475
2.2093000000000007 0.19433820000000002
2.2193000000000005 0.1921318
2.2293000000000003 0.1900234
2.2393 0.1876141
2.2493 0.18540679999999998
2.2592999999999996 0.1833995
2.2692999999999994 0.1812923
2.279300000000001 0.1793873
2.289300000000001 0.1775823
2.2993000000000006 0.1760795
2.3093000000000004 0.17477390000000004
2.3193 0.1736724
2.3293 0.1726711
2.3392999999999997 0.1720699
2.3492999999999995 0.17177089999999998
2.359300000000001 0.1715709
2.369300000000001 0.17157199999999997
2.3793000000000006 0.17167309999999997
2.3893000000000004 0.1717742
2.3993 0.1717742
2.4093000000000018 0.1718731
2.4193 0.1716728
2.4293000000000013 0.170969
2.4392999999999994 0.17036400000000002
2.449300000000001 0.169158
2.459299999999999 0.16785
2.4693000000000005 0.16603939999999998
2.4792999999999985 0.16382719999999998
2.4893 0.1611125
2.4993000000000016 0.1581959
2.5092999999999996 0.15507680000000001
2.519300000000001 0.1516573
2.529299999999999 0.1479385
2.539300000000001 0.1444164
2.549299999999999 0.1406954
2.5593000000000004 0.13727459999999997
2.569300000000002 0.1342544
2.5793 0.13113570000000002
2.5893000000000015 0.1287186
2.5992999999999995 0.12650229999999998
2.609300000000001 0.12488839999999998
2.619299999999999 0.1235767
2.6293000000000006 0.1227667
2.6392999999999986 0.12265890000000002
2.6493 0.12295310000000001
2.6593000000000018 0.12334899999999999
2.6693 0.1241466
2.6793000000000013 0.1254457
2.6892999999999994 0.1271458
2.699300000000001 0.12864710000000001
2.709299999999999 0.13064900000000002
2.7193000000000005 0.1323513
2.7292999999999985 0.13435400000000003
2.7393 0.1360568
2.7493000000000016 0.1379596
2.7592999999999996 0.13966220000000001
2.769300000000001 0.1411648
2.779299999999999 0.1427672
2.789300000000001 0.1441695
2.799299999999999 0.1453715
2.8093000000000004 0.1466734
2.819300000000002 0.1478754
2.8293 0.14907750000000003
2.8393000000000015 0.1502798
2.8492999999999995 0.1514823
2.859300000000001 0.1529854
2.869299999999999 0.1545891
2.8793000000000006 0.1560933
2.8892999999999986 0.1580983
2.8993 0.1601043
2.9093000000000018 0.1626101
2.9193 0.1652175
2.9293000000000013 0.1679259
2.9392999999999994 0.17083359999999997
2.949300000000001 0.17364279999999999
2.959299999999999 0.176652
2.9693000000000005 0.1796596
2.9792999999999985 0.18246810000000002
2.9893 0.1851752
2.9993000000000016 0.187482
3.0092999999999996 0.1890871
3.019300000000001 0.19058979999999998
3.029299999999999 0.1913916
3.039300000000001 0.19159150000000003
3.049299999999999 0.1914876
3.0593000000000004 0.1904837
3.069300000000002 0.18897599999999998
3.0793 0.1870664
3.0893000000000015 0.1844559
3.0992999999999995 0.1816426
3.109300000000001 0.1783284
3.119299999999999 0.1745135
3.1293000000000006 0.17099679999999998
3.1392999999999986 0.1670801
3.1493 0.1630631
3.1593000000000018 0.15924639999999998
3.1693 0.15553019999999998
3.1793000000000013 0.15191480000000002
3.1892999999999994 0.1485007
3.199300000000001 0.1453875
3.209299999999999 0.1426757
3.2193000000000005 0.1404656
3.2292999999999985 0.138457
3.2393 0.13684980000000002
3.2493000000000016 0.1355443
3.2592999999999996 0.1348403
3.269300000000001 0.13453779999999999
3.279299999999999 0.1346364
3.289300000000001 0.1351363
3.299299999999999 0.1360375
3.3093000000000004 0.1373397
3.319300000000002 0.1390429
3.3293 0.1411471
3.3393000000000015 0.1436521
3.3492999999999995 0.1462577
3.359300000000001 0.1493641
3.369299999999999 0.1524709
3.3793000000000006 0.1559782
3.3892999999999986 0.15938560000000002
3.3993 0.16279349999999998
3.4093000000000018 0.16640089999999996
3.4193 0.17000859999999998
3.4293000000000013 0.17341579999999998
3.4392999999999994 0.17652259999999997
3.449300000000001 0.1794288
3.459299999999999 0.18213420000000002
3.4693000000000005 0.18433870000000002
3.4792999999999985 0.18644229999999998
3.4893 0.1878448
3.4993000000000016 0.18894629999999998
3.5092999999999996 0.189647
3.519300000000001 0.1899463
3.529299999999999 0.18974480000000002
3.539300000000001 0.1891426
3.549299999999999 0.18833920000000004
3.5593000000000004 0.18713559999999999
3.569300000000002 0.1855314
3.5793 0.1840269
3.5893000000000015 0.18222229999999998
3.5992999999999995 0.1803176
3.609300000000001 0.1785133
3.619299999999999 0.1767091
3.6293000000000006 0.17500529999999997
3.6392999999999986 0.1735022
3.6493 0.17219929999999997
3.6593000000000018 0.17089700000000002
3.6693 0.16979519999999998
3.6793000000000013 0.1688938
3.6892999999999994 0.1680928
3.699300000000001 0.16739199999999999
3.709299999999999 0.16669140000000002
3.7193000000000005 0.166091
3.7292999999999985 0.1651903
3.7393 0.1643894
3.7493000000000016 0.1632882
3.7592999999999996 0.16198650000000003
3.769300000000001 0.16048429999999997
3.779299999999999 0.15848169999999998
3.789300000000001 0.15627819999999998
3.799299999999999 0.15377439999999998
3.8093000000000004 0.15106959999999997
3.819300000000002 0.14776419999999998
3.8293 0.1444581
3.8393000000000015 0.1407514
3.8492999999999995 0.1368441
3.859300000000001 0.132836
3.869299999999999 0.1286276
3.8793000000000006 0.12431869999999998
3.8892999999999986 0.12000919999999998
3.8993 0.1154994
3.9093000000000018 0.1110893
3.9193 0.106679
3.9293000000000013 0.1022684
3.9392999999999994 0.0977576
3.949300000000001 0.093347
3.959299999999999 0.08903629999999998
3.9693000000000005 0.0847256
3.9792999999999985 0.0805149
3.9893 0.0763043
3.9993000000000016 0.07210420000000001
4.0093 0.068054
4.019300000000001 0.0641441
4.029299999999999 0.06021460000000001
4.039300000000001 0.056415400000000004
4.049299999999999 0.0527764
4.0593 0.049208
4.069300000000002 0.04574979999999999
4.0793 0.0424419
4.0893000000000015 0.039274300000000005
4.0992999999999995 0.0362171
4.109300000000001 0.0333303
4.119299999999999 0.030593800000000004
4.129300000000001 0.027977400000000003
4.139299999999999 0.02553139
4.1493 0.02322573
4.159300000000002 0.02107025
4.1693 0.019065080000000005
4.179300000000001 0.017180010000000003
4.189299999999999 0.015455229999999999
4.199300000000001 0.013840709999999999
4.209299999999999 0.01235634
4.2193000000000005 0.01101224
4.2292999999999985 0.009758320000000001
4.2393 0.00861463
4.249300000000002 0.00758114
4.2593 0.00665486
4.269300000000001 0.005808809999999999
4.279299999999999 0.00503897
4.289300000000001 0.00436034
4.299299999999999 0.00374891
4.3093 0.00320468
4.319300000000002 0.00272566
4.3293 0.00230286
4.3393000000000015 0.00193422
4.3492999999999995 0.0016107800000000002
4.359300000000001 0.0013345100000000001
4.369299999999999 0.0010964
4.379300000000001 0.000893443
4.389299999999999 0.00072262
4.3993 0.000580124
4.409300000000002 0.000460941
4.4193 0.000363759
4.429300000000001 0.00028436
4.439299999999999 0.00022023399999999998
4.449300000000001 0.00016907500000000003
4.459299999999999 0.0001284676
4.4693000000000005 9.670419999999999e-05
4.4792999999999985 7.20473e-05
4.4893 5.32695e-05
4.499300000000002 3.8904799999999994e-05
4.5093 2.81586e-05
4.519300000000001 2.0166599999999998e-05
4.529299999999999 1.4305719999999999e-05
4.539300000000001 1.004329e-05
4.549299999999999 6.97309e-06
4.5593 4.79654e-06
4.569300000000002 3.2633999999999995e-06
4.5793 2.19773e-06
4.5893000000000015 1.463832e-06
4.5992999999999995 9.65167e-07
4.609300000000001 6.291759999999999e-07
4.619299999999999 4.06483e-07
4.629300000000001 2.59496e-07
