-23.6007 8.008900000000001e-05
-23.5907 5.258900000000001e-05
-23.5807 3.4168e-05
-23.570700000000002 2.1978e-05
-23.5607 1.3995999999999998e-05
-23.5507 8.83e-06
-23.5407 5.508300000000001e-06
-23.5307 3.4012000000000006e-06
-23.520699999999998 2.0817999999999997e-06
-23.5107 1.2604999999999998e-06
-23.500700000000002 7.5518e-07
-23.4907 4.484700000000001e-07
-23.4807 2.6316e-07
-23.4707 1.5298999999999994e-07
-23.4607 8.8018e-08
-23.450699999999998 5.014699999999999e-08
-23.4407 2.8276e-08
-23.4307 1.5768000000000003e-08
-23.4207 8.704899999999999e-09
-23.4107 4.7559e-09
-23.4007 2.5733000000000006e-09
-23.3907 1.3773000000000002e-09
-23.380699999999997 7.294899999999999e-10
-23.3707 3.8210999999999993e-10
-23.3607 1.9826000000000012e-10
-23.3507 1.0185e-10
-23.3407 5.1622e-11
-23.3307 2.5823999999999993e-11
-23.320700000000002 1.2708999999999998e-11
-23.3107 6.0752999999999986e-12
-23.3007 2.7829e-12
-23.2907 1.2080999999999999e-12
-23.2807 5.433600000000002e-13
-23.270699999999998 2.0620000000000002e-13
-23.2607 2.41935e-14
-23.250700000000002 0.0
-23.2407 0.0
-23.2307 0.0
-23.2207 0.0
-23.2107 0.0
-23.200699999999998 0.0
-23.1907 0.0
-23.1807 0.0
-23.1707 0.0
-23.1607 0.0
-23.1507 0.0
-23.1407 0.0
-23.130699999999997 0.0
-23.1207 0.0
-23.1107 0.0
-23.1007 0.0
-23.0907 0.0
-23.0807 0.0
-23.070700000000002 0.0
-23.0607 0.0
-23.0507 0.0
-23.0407 0.0
-23.0307 0.0
-23.020699999999998 0.0
-23.0107 0.0
-23.000700000000002 0.0
-22.9907 0.0
-22.9807 0.0
-22.9707 0.0
-22.9607 0.0
-22.950699999999998 0.0
-22.9407 0.0
-22.9307 0.0
-22.9207 0.0
-22.9107 0.0
-22.9007 0.0
-22.8907 0.0
-22.880699999999997 0.0
-22.8707 0.0
-22.8607 0.0
-22.8507 0.0
-22.8407 0.0
-22.8307 0.0
-22.820700000000002 0.0
-22.8107 0.0
-22.8007 0.0
-22.7907 0.0
-22.7807 0.0
-22.770699999999998 0.0
-22.7607 0.0
-22.750700000000002 0.0
-22.7407 0.0
-22.7307 0.0
-22.7207 0.0
-22.7107 0.0
-22.700699999999998 0.0
-22.6907 0.0
-22.6807 0.0
-22.6707 0.0
-22.6607 0.0
-22.6507 0.0
-22.6407 0.0
-22.630699999999997 0.0
-22.6207 0.0
-22.6107 0.0
-22.6007 0.0
-22.5907 0.0
-22.5807 0.0
-22.570700000000002 0.0
-22.5607 0.0
-22.5507 0.0
-22.5407 0.0
-22.5307 0.0
-22.520699999999998 0.0
-22.5107 0.0
-22.500700000000002 0.0
-22.4907 0.0
-22.4807 0.0
-22.4707 0.0
-22.4607 0.0
-22.450699999999998 0.0
-22.4407 0.0
-22.4307 0.0
-22.4207 0.0
-22.4107 0.0
-22.4007 0.0
-22.3907 0.0
-22.380699999999997 0.0
-22.3707 0.0
-22.3607 0.0
-22.3507 0.0
-22.3407 0.0
-22.3307 0.0
-22.320700000000002 0.0
-22.3107 0.0
-22.3007 0.0
-22.2907 0.0
-22.2807 0.0
-22.270699999999998 0.0
-22.2607 0.0
-22.250700000000002 0.0
-22.2407 0.0
-22.2307 0.0
-22.2207 0.0
-22.2107 0.0
-22.200699999999998 0.0
-22.1907 0.0
-22.1807 0.0
-22.1707 0.0
-22.1607 0.0
-22.1507 0.0
-22.1407 0.0
-22.130699999999997 0.0
-22.1207 0.0
-22.1107 0.0
-22.1007 0.0
-22.0907 0.0
-22.0807 0.0
-22.070700000000002 0.0
-22.0607 0.0
-22.0507 0.0
-22.0407 0.0
-22.0307 0.0
-22.020699999999998 0.0
-22.0107 0.0
-22.000700000000002 0.0
-21.9907 0.0
-21.9807 0.0
-21.9707 0.0
-21.9607 0.0
-21.950699999999998 0.0
-21.9407 0.0
-21.9307 0.0
-21.9207 0.0
-21.9107 0.0
-21.9007 0.0
-21.8907 0.0
-21.880699999999997 0.0
-21.8707 0.0
-21.8607 0.0
-21.8507 0.0
-21.8407 0.0
-21.8307 0.0
-21.820700000000002 0.0
-21.8107 0.0
-21.8007 0.0
-21.7907 0.0
-21.7807 0.0
-21.770699999999998 0.0
-21.7607 0.0
-21.750700000000002 0.0
-21.7407 0.0
-21.7307 0.0
-21.7207 0.0
-21.7107 0.0
-21.700699999999998 0.0
-21.6907 0.0
-21.6807 0.0
-21.6707 0.0
-21.6607 0.0
-21.6507 0.0
-21.6407 0.0
-21.630699999999997 0.0
-21.6207 0.0
-21.6107 0.0
-21.6007 0.0
-21.5907 0.0
-21.5807 0.0
-21.5707 0.0
-21.5607 1.5658948999999997e-13
-21.5507 3.271375999999999e-13
-21.5407 9.987828e-13
-21.5307 2.0580029999999996e-12
-21.520699999999998 4.190728999999999e-12
-21.5107 8.622238000000001e-12
-21.500700000000002 1.719545e-11
-21.4907 3.3998439999999997e-11
-21.4807 6.642772000000001e-11
-21.4707 1.2914359999999996e-10
-21.4607 2.47466e-10
-21.450699999999998 4.700865e-10
-21.4407 8.812686999999999e-10
-21.4307 1.6348509999999997e-09
-21.4207 2.998688e-09
-21.4107 5.4526330000000006e-09
-21.4007 9.797041000000001e-09
-21.3907 1.7459700000000002e-08
-21.3807 3.0710999999999996e-08
-21.3707 5.3425170000000005e-08
-21.3607 9.214275e-08
-21.3507 1.571484e-07
-21.3407 2.655621e-07
-21.3307 4.4359500000000005e-07
-21.3207 7.340183e-07
-21.3107 1.2026680000000001e-06
-21.3007 1.946585e-06
-21.2907 3.1209459999999988e-06
-21.2807 4.958529e-06
-21.270699999999998 7.789906000000001e-06
-21.2607 1.2110540000000001e-05
-21.250700000000002 1.86709e-05
-21.2407 2.8505809999999995e-05
-21.2307 4.303759e-05
-21.2207 6.436137999999999e-05
-21.2107 9.529979999999998e-05
-21.200699999999998 0.00013975070000000003
-21.1907 0.0002031095
-21.1807 0.00029214
-21.1707 0.00041645990000000014
-21.1607 0.0005877069000000001
-21.1507 0.0008220285999999998
-21.1407 0.0011399670000000002
-21.1307 0.0015652569999999998
-21.1207 0.002132166
-21.1107 0.002873325000000001
-21.1007 0.003840666
-21.0907 0.0050927690000000005
-21.0807 0.006694930000000001
-21.0707 0.00872576
-21.0607 0.011277699999999998
-21.0507 0.01442523
-21.0407 0.01836725
-21.0307 0.023108590000000002
-21.020699999999998 0.02890219
-21.0107 0.035877179999999995
-21.000700000000002 0.04412668
-20.9907 0.05388005999999999
-20.9807 0.06516919000000002
-20.9707 0.07828189999999999
-20.9607 0.0932775
-20.950699999999998 0.11031789999999998
-20.9407 0.12919330000000004
-20.9307 0.15037430000000002
-20.9207 0.17378139999999997
-20.9107 0.19905420000000004
-20.9007 0.22599400000000003
-20.8907 0.25452779999999997
-20.8807 0.28509439999999997
-20.8707 0.3163269
-20.8607 0.3482877999999999
-20.8507 0.3807478
-20.8407 0.4136004
-20.8307 0.4457973999999999
-20.8207 0.4779408
-20.8107 0.5087155000000001
-20.8007 0.537881
-20.7907 0.5661150000000001
-20.7807 0.5927119999999999
-20.770699999999998 0.6187840000000001
-20.7607 0.6432559999999999
-20.750700000000002 0.6676340000000002
-20.7407 0.6909289999999999
-20.7307 0.7156339999999999
-20.7207 0.740262
-20.7107 0.7666160000000001
-20.700699999999998 0.794998
-20.6907 0.8251069999999999
-20.6807 0.8580540000000001
-20.6707 0.8938340000000001
-20.6607 0.9318420000000003
-20.6507 0.972182
-20.6407 1.0154429999999997
-20.6307 1.059522
-20.6207 1.1053069999999998
-20.6107 1.150695
-20.6007 1.195371
-20.5907 1.2385400000000002
-20.5807 1.279975
-20.5707 1.317958
-20.5607 1.3499230000000007
-20.5507 1.3794429999999998
-20.5407 1.405207
-20.5307 1.4257289999999998
-20.520699999999998 1.4441000000000002
-20.5107 1.458262
-20.500700000000002 1.4710100000000002
-20.4907 1.4796960000000001
-20.4807 1.488487
-20.4707 1.4979449999999999
-20.4607 1.5079589999999994
-20.450699999999998 1.5257500000000002
-20.4407 1.5424710000000001
-20.4307 1.5681819999999997
-20.4207 1.5985479999999999
-20.4107 1.6352799999999996
-20.4007 1.6748049999999994
-20.3907 1.7239709999999997
-20.3807 1.7796300000000003
-20.3707 1.8403189999999998
-20.3607 1.9031040000000001
-20.3507 1.9708739999999998
-20.3407 2.044379
-20.3307 2.114601
-20.3207 2.184513
-20.3107 2.2509919999999997
-20.3007 2.317709
-20.2907 2.3791239999999996
-20.2807 2.434516999999999
-20.270699999999998 2.48827
-20.2607 2.5351499999999993
-20.250700000000002 2.5751600000000003
-20.2407 2.61224
-20.2307 2.64586
-20.2207 2.6736300000000006
-20.2107 2.70326
-20.200699999999998 2.7264600000000003
-20.1907 2.7504899999999997
-20.1807 2.7759300000000007
-20.1707 2.7997499999999995
-20.1607 2.82435
-20.1507 2.8522800000000004
-20.1407 2.87744
-20.1307 2.90552
-20.1207 2.93964
-20.1107 2.9743
-20.1007 3.0098600000000006
-20.0907 3.04948
-20.0807 3.09093
-20.0707 3.134350000000001
-20.0607 3.17477
-20.0507 3.2222500000000007
-20.0407 3.26573
-20.0307 3.3132100000000007
-20.020699999999998 3.35769
-20.0107 3.40214
-20.000700000000002 3.44159
-19.9907 3.483040000000001
-19.9807 3.5173700000000006
-19.9707 3.5517700000000008
-19.9607 3.5770899999999997
-19.950699999999998 3.606269999999999
-19.9407 3.6254799999999996
-19.9307 3.6365699999999994
-19.9207 3.644629999999999
-19.9107 3.6496899999999988
-19.9007 3.64963
-19.8907 3.6455700000000006
-19.8807 3.6364800000000006
-19.8707 3.6273000000000004
-19.8607 3.6212000000000004
-19.8507 3.6130299999999993
-19.8407 3.6059000000000005
-19.8307 3.5967400000000005
-19.8207 3.5906400000000014
-19.8107 3.586549999999999
-19.8007 3.5894600000000008
-19.7907 3.5934200000000005
-19.7807 3.5984600000000007
-19.770699999999998 3.60546
-19.7607 3.6174500000000003
-19.750700000000002 3.626429999999999
-19.7407 3.6324600000000005
-19.7307 3.64443
-19.7207 3.6533700000000007
-19.7107 3.6502499999999998
-19.700699999999998 3.6531000000000002
-19.6907 3.6468899999999995
-19.6807 3.63659
-19.6707 3.6272
-19.6607 3.60977
-19.6507 3.584329999999999
-19.6407 3.5587800000000014
-19.6307 3.5342499999999992
-19.6207 3.50865
-19.6107 3.4780699999999993
-19.6007 3.4534800000000008
-19.5907 3.43194
-19.5807 3.416429999999999
-19.5707 3.399950000000001
-19.5607 3.39053
-19.5507 3.3901100000000004
-19.5407 3.3937799999999996
-19.5307 3.401520000000001
-19.520699999999998 3.41629
-19.5107 3.436089999999999
-19.500700000000002 3.469909999999999
-19.4907 3.5048799999999996
-19.4807 3.5557600000000003
-19.4707 3.61073
-19.4607 3.6777600000000015
-19.450699999999998 3.764830000000001
-19.4407 3.86297
-19.4307 3.981149999999999
-19.4207 4.114450000000001
-19.4107 4.27678
-19.4007 4.461229999999999
-19.3907 4.67277
-19.3807 4.91244
-19.3707 5.17715
-19.3607 5.4699599999999995
-19.3507 5.79089
-19.3407 6.139849999999999
-19.3307 6.511900000000001
-19.3207 6.899920000000002
-19.3107 7.313
-19.3007 7.733050000000002
-19.2907 8.16905
-19.2807 8.61101
-19.270699999999998 9.047930000000001
-19.2607 9.4907
-19.250700000000002 9.921449999999998
-19.2407 10.34003
-19.2307 10.764510000000001
-19.2207 11.14588
-19.2107 11.546199999999999
-19.200699999999998 11.905320000000001
-19.1907 12.233420000000006
-19.1807 12.584370000000002
-19.1707 12.868259999999996
-19.1607 13.170090000000004
-19.1507 13.41392
-19.1407 13.656619999999997
-19.1307 13.897299999999994
-19.1207 14.137949999999998
-19.1107 14.3146
-19.1007 14.503249999999996
-19.0907 14.646829999999998
-19.0807 14.815470000000001
-19.0707 14.918030000000002
-19.0607 15.054639999999997
-19.0507 15.1122
-19.0407 15.15073
-19.0307 15.195269999999999
-19.020699999999998 15.19371
-19.0107 15.159110000000004
-19.000700000000002 15.078479999999999
-18.9907 14.979790000000003
-18.9807 14.830040000000002
-18.9707 14.621170000000001
-18.9607 14.399209999999997
-18.950699999999998 14.15222
-18.9407 13.825160000000006
-18.9307 13.51506
-18.9207 13.148829999999997
-18.9107 12.763600000000004
-18.9007 12.330279999999997
-18.8907 11.89597
-18.8807 11.464609999999999
-18.8707 11.019330000000002
-18.8607 10.580060000000001
-18.8507 10.141783
-18.8407 9.726605
-18.8307 9.336464
-18.8207 8.969484000000001
-18.8107 8.632546
-18.8007 8.336774
-18.7907 8.083043
-18.7807 7.868483000000002
-18.770699999999998 7.696994
-18.7607 7.564656999999999
-18.750700000000002 7.470419000000001
-18.7407 7.414276
-18.7307 7.389211
-18.7207 7.393900000000002
-18.7107 7.419162999999999
-18.700699999999998 7.463765
-18.6907 7.523155
-18.6807 7.57877
-18.6707 7.681213999999999
-18.6607 7.736889000000001
-18.6507 7.838094999999998
-18.6407 7.8892489999999995
-18.6307 7.981161000000001
-18.6207 8.070172
-18.6107 8.123835999999999
-18.6007 8.181770000000002
-18.5907 8.245943999999996
-18.5807 8.331133
-18.5707 8.377367999999999
-18.5607 8.447355000000002
-18.5507 8.458036
-18.5407 8.498050999999998
-18.5307 8.512868999999998
-18.520699999999998 8.468421000000001
-18.5107 8.421833999999999
-18.500700000000002 8.3495281
-18.4907 8.267989000000002
-18.4807 8.116622199999998
-18.4707 7.9131067
-18.4607 7.677682500000001
-18.450699999999998 7.415712699999999
-18.4407 7.091644299999999
-18.4307 6.755820000000001
-18.4207 6.354243
-18.4107 5.9544976
-18.4007 5.529338600000001
-18.3907 5.088422199999999
-18.3807 4.641758099999999
-18.3707 4.195822200000001
-18.3607 3.7579586000000007
-18.3507 3.335187000000001
-18.3407 2.9316070000000005
-18.3307 2.5524992
-18.3207 2.2009790999999996
-18.3107 1.8798208999999997
-18.3007 1.5903565000000002
-18.2907 1.33030729
-18.2807 1.10341011
-18.270699999999998 0.9056201499999997
-18.2607 0.7347199099999999
-18.250700000000002 0.59224549
-18.2407 0.4706434799999999
-18.2307 0.37109699
-18.2207 0.2893090100000001
-18.2107 0.22342345999999996
-18.200699999999998 0.17067460999999998
-18.1907 0.12918598300000003
-18.1807 0.096669248
-18.1707 0.07158245199999999
-18.1607 0.05255045900000001
-18.1507 0.038077688
-18.1407 0.027341063999999998
-18.1307 0.019429412
-18.1207 0.013651746700000002
-18.1107 0.009497674800000001
-18.1007 0.006549609700000002
-18.0907 0.0044612763
-18.0807 0.0030086768000000008
-18.0707 0.0020072811
-18.0607 0.0013248866100000003
-18.0507 0.00086677563
-18.0407 0.00056031948
-18.0307 0.00035819474000000007
-18.020699999999998 0.00022660828
-18.0107 0.000142048504
-18.000700000000002 8.796071099999997e-05
-17.9907 5.3987298e-05
-17.9807 3.2752661e-05
-17.9707 1.9660153e-05
-17.9607 1.1669795300000002e-05
-17.950699999999998 6.8631416e-06
-17.9407 3.992972699999999e-06
-17.9307 2.2987773999999992e-06
-17.9207 1.3094062799999998e-06
-17.9107 7.370339e-07
-17.9007 4.109270600000001e-07
-17.8907 2.2685381999999996e-07
-17.8807 1.2368907500000002e-07
-17.8707 6.6786666e-08
-17.8607 3.5682163e-08
-17.8507 1.8849593999999996e-08
-17.8407 9.865258899999999e-09
-17.8307 5.099654000000001e-09
-17.8207 2.6093493e-09
-17.8107 1.31856386e-09
-17.8007 6.6003704e-10
-17.7907 3.2744233000000015e-10
-17.7807 1.5757111800000002e-10
-17.770699999999998 7.6458484e-11
-17.7607 3.3182764999999995e-11
-17.750700000000002 1.0904463899999999e-11
-17.7407 2.8737017200000005e-12
-17.7307 0.0
-17.7207 0.0
-17.7107 0.0
-17.700699999999998 0.0
-17.6907 0.0
-17.6807 0.0
-17.6707 0.0
-17.6607 0.0
-17.6507 0.0
-17.6407 0.0
-17.6307 0.0
-17.6207 0.0
-17.6107 0.0
-17.6007 0.0
-17.5907 0.0
-17.5807 0.0
-17.5707 0.0
-17.5607 0.0
-17.5507 0.0
-17.5407 0.0
-17.5307 0.0
-17.520699999999998 0.0
-17.5107 0.0
-17.5007 0.0
-17.4907 0.0
-17.4807 0.0
-17.4707 0.0
-17.4607 0.0
-17.4507 0.0
-17.4407 0.0
-17.4307 0.0
-17.4207 0.0
-17.4107 0.0
-17.4007 0.0
-17.3907 0.0
-17.3807 0.0
-17.3707 0.0
-17.3607 0.0
-17.3507 0.0
-17.3407 0.0
-17.3307 0.0
-17.3207 0.0
-17.3107 0.0
-17.3007 0.0
-17.2907 0.0
-17.2807 0.0
-17.270699999999998 0.0
-17.2607 0.0
-17.2507 0.0
-17.2407 0.0
-17.2307 0.0
-17.2207 0.0
-17.2107 0.0
-17.2007 0.0
-17.1907 0.0
-17.1807 0.0
-17.1707 0.0
-17.1607 0.0
-17.1507 0.0
-17.1407 0.0
-17.1307 0.0
-17.1207 0.0
-17.1107 0.0
-17.1007 0.0
-17.0907 0.0
-17.0807 0.0
-17.0707 0.0
-17.0607 0.0
-17.0507 0.0
-17.0407 0.0
-17.0307 0.0
-17.020699999999998 0.0
-17.0107 0.0
-17.0007 0.0
-16.9907 0.0
-16.9807 0.0
-16.9707 0.0
-16.9607 0.0
-16.9507 0.0
-16.9407 0.0
-16.9307 0.0
-16.9207 0.0
-16.9107 0.0
-16.9007 0.0
-16.8907 0.0
-16.8807 0.0
-16.8707 0.0
-16.8607 0.0
-16.8507 0.0
-16.8407 0.0
-16.8307 0.0
-16.8207 0.0
-16.8107 0.0
-16.8007 0.0
-16.7907 0.0
-16.7807 0.0
-16.770699999999998 0.0
-16.7607 0.0
-16.7507 0.0
-16.7407 0.0
-16.7307 0.0
-16.7207 0.0
-16.7107 0.0
-16.7007 0.0
-16.6907 0.0
-16.6807 0.0
-16.6707 0.0
-16.6607 0.0
-16.6507 0.0
-16.6407 0.0
-16.6307 0.0
-16.6207 0.0
-16.6107 0.0
-16.6007 0.0
-16.5907 0.0
-16.5807 0.0
-16.5707 0.0
-16.5607 0.0
-16.5507 0.0
-16.5407 0.0
-16.5307 0.0
-16.520699999999998 0.0
-16.5107 0.0
-16.5007 0.0
-16.4907 0.0
-16.4807 0.0
-16.4707 0.0
-16.4607 0.0
-16.4507 0.0
-16.4407 0.0
-16.4307 0.0
-16.4207 0.0
-16.4107 0.0
-16.4007 0.0
-16.3907 0.0
-16.3807 0.0
-16.3707 0.0
-16.3607 0.0
-16.3507 0.0
-16.3407 0.0
-16.3307 0.0
-16.3207 0.0
-16.3107 0.0
-16.3007 0.0
-16.2907 0.0
-16.2807 0.0
-16.270699999999998 0.0
-16.2607 0.0
-16.2507 0.0
-16.2407 0.0
-16.2307 0.0
-16.2207 0.0
-16.2107 0.0
-16.2007 0.0
-16.1907 0.0
-16.1807 0.0
-16.1707 0.0
-16.1607 0.0
-16.1507 0.0
-16.1407 0.0
-16.1307 0.0
-16.1207 0.0
-16.1107 0.0
-16.1007 0.0
-16.0907 0.0
-16.0807 0.0
-16.0707 0.0
-16.0607 0.0
-16.0507 0.0
-16.0407 0.0
-16.0307 0.0
-16.020699999999998 0.0
-16.0107 0.0
-16.0007 0.0
-15.9907 0.0
-15.980699999999999 0.0
-15.9707 0.0
-15.9607 0.0
-15.9507 0.0
-15.9407 0.0
-15.9307 0.0
-15.9207 0.0
-15.9107 0.0
-15.9007 0.0
-15.890699999999999 0.0
-15.8807 0.0
-15.8707 0.0
-15.8607 0.0
-15.8507 0.0
-15.8407 0.0
-15.8307 0.0
-15.8207 0.0
-15.8107 0.0
-15.800699999999999 0.0
-15.7907 0.0
-15.7807 0.0
-15.7707 0.0
-15.7607 0.0
-15.7507 0.0
-15.7407 0.0
-15.730699999999999 0.0
-15.7207 0.0
-15.7107 0.0
-15.7007 0.0
-15.6907 0.0
-15.6807 0.0
-15.6707 0.0
-15.6607 0.0
-15.6507 0.0
-15.640699999999999 0.0
-15.6307 0.0
-15.6207 0.0
-15.6107 0.0
-15.6007 0.0
-15.5907 0.0
-15.5807 0.0
-15.5707 0.0
-15.5607 0.0
-15.550699999999999 0.0
-15.5407 0.0
-15.5307 0.0
-15.5207 0.0
-15.5107 0.0
-15.5007 0.0
-15.4907 0.0
-15.480699999999999 0.0
-15.4707 0.0
-15.4607 0.0
-15.4507 0.0
-15.4407 0.0
-15.4307 0.0
-15.4207 0.0
-15.4107 0.0
-15.4007 0.0
-15.390699999999999 0.0
-15.3807 0.0
-15.3707 0.0
-15.3607 0.0
-15.3507 0.0
-15.3407 0.0
-15.3307 0.0
-15.3207 0.0
-15.3107 0.0
-15.300699999999999 0.0
-15.2907 0.0
-15.2807 0.0
-15.2707 0.0
-15.2607 0.0
-15.2507 0.0
-15.2407 0.0
-15.230699999999999 0.0
-15.2207 0.0
-15.2107 0.0
-15.2007 0.0
-15.1907 0.0
-15.1807 0.0
-15.1707 0.0
-15.1607 0.0
-15.1507 0.0
-15.140699999999999 0.0
-15.1307 0.0
-15.1207 0.0
-15.1107 0.0
-15.1007 0.0
-15.0907 0.0
-15.0807 0.0
-15.0707 0.0
-15.0607 0.0
-15.050699999999999 0.0
-15.0407 0.0
-15.0307 0.0
-15.0207 0.0
-15.0107 0.0
-15.0007 0.0
-14.9907 0.0
-14.980699999999999 0.0
-14.9707 0.0
-14.9607 0.0
-14.9507 0.0
-14.9407 0.0
-14.9307 0.0
-14.9207 0.0
-14.9107 0.0
-14.9007 0.0
-14.890699999999999 0.0
-14.8807 0.0
-14.8707 0.0
-14.8607 0.0
-14.8507 0.0
-14.8407 0.0
-14.8307 0.0
-14.8207 0.0
-14.8107 0.0
-14.800699999999999 0.0
-14.7907 0.0
-14.7807 0.0
-14.7707 0.0
-14.7607 0.0
-14.7507 0.0
-14.7407 0.0
-14.730699999999999 0.0
-14.7207 0.0
-14.7107 0.0
-14.7007 0.0
-14.6907 0.0
-14.6807 0.0
-14.6707 0.0
-14.6607 0.0
-14.6507 0.0
-14.640699999999999 0.0
-14.6307 0.0
-14.6207 0.0
-14.6107 0.0
-14.6007 0.0
-14.5907 0.0
-14.5807 0.0
-14.5707 0.0
-14.5607 0.0
-14.550699999999999 0.0
-14.5407 0.0
-14.5307 0.0
-14.5207 0.0
-14.5107 0.0
-14.5007 0.0
-14.4907 0.0
-14.4807 0.0
-14.470699999999999 0.0
-14.4607 0.0
-14.4507 0.0
-14.4407 0.0
-14.4307 0.0
-14.4207 0.0
-14.4107 0.0
-14.4007 0.0
-14.390699999999999 0.0
-14.3807 0.0
-14.3707 0.0
-14.3607 0.0
-14.3507 0.0
-14.3407 0.0
-14.3307 0.0
-14.3207 0.0
-14.3107 0.0
-14.300699999999999 0.0
-14.2907 0.0
-14.2807 0.0
-14.2707 0.0
-14.2607 0.0
-14.2507 0.0
-14.2407 0.0
-14.2307 0.0
-14.220699999999999 0.0
-14.2107 0.0
-14.2007 0.0
-14.1907 0.0
-14.1807 0.0
-14.1707 0.0
-14.1607 0.0
-14.1507 0.0
-14.140699999999999 0.0
-14.1307 0.0
-14.1207 0.0
-14.1107 0.0
-14.1007 0.0
-14.0907 0.0
-14.0807 0.0
-14.0707 0.0
-14.0607 0.0
-14.050699999999999 0.0
-14.0407 0.0
-14.0307 0.0
-14.0207 0.0
-14.0107 0.0
-14.0007 0.0
-13.9907 0.0
-13.9807 0.0
-13.970699999999999 0.0
-13.9607 0.0
-13.9507 0.0
-13.9407 0.0
-13.9307 0.0
-13.9207 0.0
-13.9107 0.0
-13.9007 0.0
-13.890699999999999 0.0
-13.8807 0.0
-13.8707 0.0
-13.8607 0.0
-13.8507 0.0
-13.8407 0.0
-13.8307 0.0
-13.8207 0.0
-13.8107 0.0
-13.800699999999999 0.0
-13.7907 0.0
-13.7807 0.0
-13.7707 0.0
-13.7607 0.0
-13.7507 0.0
-13.7407 0.0
-13.7307 0.0
-13.720699999999999 0.0
-13.7107 0.0
-13.7007 0.0
-13.6907 0.0
-13.6807 0.0
-13.6707 0.0
-13.6607 0.0
-13.6507 0.0
-13.640699999999999 0.0
-13.6307 0.0
-13.6207 0.0
-13.6107 0.0
-13.6007 0.0
-13.5907 0.0
-13.5807 0.0
-13.5707 0.0
-13.5607 0.0
-13.550699999999999 0.0
-13.5407 0.0
-13.5307 0.0
-13.5207 0.0
-13.5107 0.0
-13.5007 0.0
-13.4907 0.0
-13.4807 0.0
-13.470699999999999 0.0
-13.4607 0.0
-13.4507 0.0
-13.4407 0.0
-13.4307 0.0
-13.4207 0.0
-13.4107 0.0
-13.4007 0.0
-13.390699999999999 0.0
-13.3807 0.0
-13.3707 0.0
-13.3607 0.0
-13.3507 0.0
-13.3407 0.0
-13.3307 0.0
-13.3207 0.0
-13.3107 0.0
-13.300699999999999 0.0
-13.2907 0.0
-13.2807 0.0
-13.2707 0.0
-13.2607 0.0
-13.2507 0.0
-13.2407 0.0
-13.2307 0.0
-13.220699999999999 0.0
-13.2107 0.0
-13.2007 0.0
-13.1907 0.0
-13.1807 0.0
-13.1707 0.0
-13.1607 0.0
-13.1507 0.0
-13.140699999999999 0.0
-13.1307 0.0
-13.1207 0.0
-13.1107 0.0
-13.1007 0.0
-13.0907 0.0
-13.0807 0.0
-13.0707 0.0
-13.0607 0.0
-13.050699999999999 0.0
-13.0407 0.0
-13.0307 0.0
-13.0207 0.0
-13.0107 0.0
-13.0007 0.0
-12.9907 0.0
-12.9807 0.0
-12.970699999999999 0.0
-12.9607 0.0
-12.9507 0.0
-12.9407 0.0
-12.9307 0.0
-12.9207 0.0
-12.9107 0.0
-12.9007 0.0
-12.890699999999999 0.0
-12.8807 0.0
-12.8707 0.0
-12.8607 0.0
-12.8507 0.0
-12.8407 0.0
-12.8307 0.0
-12.8207 0.0
-12.8107 0.0
-12.800699999999999 0.0
-12.7907 0.0
-12.7807 0.0
-12.7707 0.0
-12.7607 2.2668699999999993e-13
-12.7507 7.968299999999998e-13
-12.7407 1.6579299999999996e-12
-12.7307 4.2758999999999996e-12
-12.720699999999999 9.081500000000002e-12
-12.7107 1.8727199999999996e-11
-12.7007 3.77008e-11
-12.6907 7.513600000000002e-11
-12.6807 1.4968799999999996e-10
-12.6707 2.93882e-10
-12.6607 5.682500000000001e-10
-12.6507 1.0831200000000005e-09
-12.640699999999999 2.0484100000000004e-09
-12.6307 3.832859999999999e-09
-12.6207 7.096399999999999e-09
-12.6107 1.2994699999999995e-08
-12.6007 2.357669999999999e-08
-12.5907 4.228800000000002e-08
-12.5807 7.511800000000002e-08
-12.5707 1.32167e-07
-12.5607 2.2974999999999995e-07
-12.550699999999999 3.95976e-07
-12.5407 6.755600000000001e-07
-12.5307 1.1411100000000002e-06
-12.5207 1.9034199999999998e-06
-12.5107 3.15521e-06
-12.5007 5.162900000000001e-06
-12.4907 8.365300000000001e-06
-12.480699999999999 1.3440899999999999e-05
-12.4707 2.1352699999999996e-05
-12.4607 3.356750000000001e-05
-12.4507 5.227799999999999e-05
-12.4407 8.062899999999998e-05
-12.4307 0.00012316800000000002
-12.4207 0.00018616499999999996
-12.4107 0.0002788740000000001
-12.4007 0.0004129649999999999
-12.390699999999999 0.0006063199999999998
-12.3807 0.0008813
-12.3707 0.00126864
-12.3607 0.00180972
-12.3507 0.002552309999999999
-12.3407 0.0035726400000000006
-12.3307 0.0049471
-12.3207 0.0067837000000000045
-12.3107 0.009217799999999998
-12.300699999999999 0.012414799999999998
-12.2907 0.016541199999999995
-12.2807 0.021844600000000002
-12.2707 0.028555100000000003
-12.2607 0.037024900000000006
-12.2507 0.04757500000000002
-12.2407 0.060450000000000025
-12.230699999999999 0.076206
-12.2207 0.095205
-12.2107 0.11764999999999998
-12.2007 0.14431199999999997
-12.1907 0.175518
-12.1807 0.211209
-12.1707 0.25189500000000004
-12.1607 0.298408
-12.1507 0.34936400000000006
-12.140699999999999 0.4061339999999999
-12.1307 0.46808999999999995
-12.1207 0.53456
-12.1107 0.6050999999999997
-12.1007 0.6802299999999999
-12.0907 0.7576200000000004
-12.0807 0.8378300000000001
-12.0707 0.9189300000000002
-12.0607 1.00061
-12.050699999999999 1.08176
-12.0407 1.1611499999999997
-12.0307 1.2358900000000002
-12.0207 1.3112400000000002
-12.0107 1.3806000000000003
-12.0007 1.4456399999999998
-11.9907 1.5072599999999994
-11.980699999999999 1.56216
-11.9707 1.6133700000000002
-11.9607 1.6578900000000005
-11.9507 1.6985999999999997
-11.9407 1.73534
-11.9307 1.7678400000000003
-11.9207 1.7982
-11.9107 1.8221999999999996
-11.9007 1.8435000000000006
-11.890699999999999 1.8633000000000008
-11.8807 1.8808999999999996
-11.8707 1.8959999999999997
-11.8607 1.9101000000000001
-11.8507 1.9206000000000005
-11.8407 1.9292999999999998
-11.8307 1.935599999999999
-11.8207 1.9406999999999999
-11.8107 1.9426999999999992
-11.800699999999999 1.9430999999999998
-11.7907 1.9412999999999998
-11.7807 1.9372999999999996
-11.7707 1.931
-11.7607 1.9230999999999996
-11.7507 1.9127999999999996
-11.7407 1.9005
-11.730699999999999 1.8873000000000002
-11.7207 1.8721999999999999
-11.7107 1.8563999999999998
-11.7007 1.8395999999999995
-11.6907 1.8218999999999994
-11.6807 1.8035999999999996
-11.6707 1.7844000000000004
-11.6607 1.7655000000000003
-11.6507 1.7464999999999997
-11.640699999999999 1.7271000000000003
-11.6307 1.7074000000000003
-11.6207 1.6882999999999992
-11.6107 1.6696000000000004
-11.6007 1.6519999999999997
-11.5907 1.6336999999999997
-11.5807 1.6165999999999998
-11.5707 1.5994999999999997
-11.5607 1.5829999999999997
-11.550699999999999 1.5679000000000003
-11.5407 1.5526999999999997
-11.5307 1.5386999999999997
-11.5207 1.5255999999999994
-11.5107 1.5126999999999997
-11.5007 1.5003
-11.4907 1.4889
-11.480699999999999 1.4769000000000003
-11.4707 1.4658
-11.4607 1.4549999999999998
-11.4507 1.4427000000000005
-11.4407 1.4315000000000002
-11.4307 1.4195000000000004
-11.4207 1.4075999999999997
-11.4107 1.3947000000000003
-11.4007 1.3821
-11.390699999999999 1.3695000000000002
-11.3807 1.3563
-11.3707 1.3434000000000001
-11.3607 1.3311000000000004
-11.3507 1.3180999999999998
-11.3407 1.305
-11.3307 1.2920999999999998
-11.3207 1.2793999999999999
-11.3107 1.2658000000000003
-11.300699999999999 1.2527
-11.2907 1.2388
-11.2807 1.2227999999999997
-11.2707 1.2060000000000002
-11.2607 1.1881000000000002
-11.2507 1.1671999999999998
-11.2407 1.1448
-11.230699999999999 1.1202
-11.2207 1.0941
-11.2107 1.0653000000000001
-11.2007 1.0343999999999998
-11.1907 1.0025
-11.1807 0.9690000000000001
-11.1707 0.9351
-11.1607 0.9003000000000001
-11.1507 0.8654999999999998
-11.140699999999999 0.8319
-11.1307 0.79944
-11.1207 0.76818
-11.1107 0.7392799999999999
-11.1007 0.7127700000000003
-11.0907 0.6880499999999999
-11.0807 0.6667200000000001
-11.0707 0.64725
-11.0607 0.63057
-11.050699999999999 0.6159
-11.0407 0.6034200000000001
-11.0307 0.5939700000000001
-11.0207 0.5849700000000001
-11.0107 0.5781199999999999
-11.0007 0.5716
-10.9907 0.5661799999999999
-10.980699999999999 0.55998
-10.9707 0.5549600000000001
-10.9607 0.5484600000000001
-10.9507 0.54204
-10.9407 0.5344800000000001
-10.9307 0.5250099999999998
-10.9207 0.5152199999999999
-10.9107 0.5034299999999999
-10.9007 0.49004999999999993
-10.890699999999999 0.47502000000000005
-10.8807 0.4589499999999999
-10.8707 0.44123999999999985
-10.8607 0.42252
-10.8507 0.4027800000000001
-10.8407 0.38328
-10.8307 0.36254999999999993
-10.8207 0.34190999999999994
-10.8107 0.32161999999999996
-10.800699999999999 0.30174
-10.7907 0.28276000000000007
-10.7807 0.2646899999999999
-10.7707 0.24797000000000002
-10.7607 0.23258999999999996
-10.7507 0.21868000000000007
-10.7407 0.20628000000000005
-10.730699999999999 0.19539000000000004
-10.7207 0.18614999999999998
-10.7107 0.17835000000000004
-10.7007 0.17203
-10.6907 0.16711
-10.6807 0.16337999999999997
-10.6707 0.16085000000000002
-10.6607 0.15942000000000003
-10.6507 0.15886999999999998
-10.640699999999999 0.15916999999999998
-10.6307 0.16015999999999997
-10.6207 0.16166999999999998
-10.6107 0.16368000000000002
-10.6007 0.16596
-10.5907 0.16827
-10.5807 0.17066999999999996
-10.5707 0.17282999999999996
-10.5607 0.17473999999999995
-10.550699999999999 0.17608999999999997
-10.5407 0.17686999999999997
-10.5307 0.17681999999999998
-10.5207 0.17602
-10.5107 0.1743
-10.5007 0.17147999999999997
-10.4907 0.16769000000000003
-10.480699999999999 0.1629
-10.4707 0.15722000000000003
-10.4607 0.15058999999999995
-10.4507 0.1433
-10.4407 0.13532000000000002
-10.4307 0.12696000000000002
-10.4207 0.11825999999999996
-10.4107 0.10938000000000002
-10.4007 0.10046999999999999
-10.390699999999999 0.09176999999999999
-10.3807 0.08345999999999999
-10.3707 0.07559999999999997
-10.3607 0.06824999999999999
-10.3507 0.06147
-10.3407 0.05535000000000001
-10.3307 0.04988699999999999
-10.3207 0.045109
-10.3107 0.040951
-10.300699999999999 0.03739400000000001
-10.2907 0.034375
-10.2807 0.031854999999999994
-10.2707 0.029721000000000008
-10.2607 0.027938000000000004
-10.2507 0.026391000000000008
-10.2407 0.025051999999999998
-10.230699999999999 0.023841000000000005
-10.2207 0.02271
-10.2107 0.021630000000000003
-10.2007 0.020567
-10.1907 0.01949
-10.1807 0.018383999999999998
-10.1707 0.017256999999999998
-10.1607 0.016096
-10.1507 0.014917999999999997
-10.140699999999999 0.013726999999999998
-10.1307 0.012528000000000001
-10.1207 0.011350000000000004
-10.1107 0.010199999999999997
-10.1007 0.009084
-10.0907 0.008022000000000001
-10.0807 0.007019999999999999
-10.0707 0.006096000000000001
-10.0607 0.0052380000000000005
-10.050699999999999 0.0044610000000000006
-10.0407 0.0037762999999999994
-10.0307 0.0031570000000000014
-10.0207 0.0026171000000000007
-10.0107 0.0021498000000000008
-10.0007 0.0017495999999999998
-9.9907 0.0014099999999999998
-9.980699999999999 0.0011255999999999998
-9.9707 0.0008901
-9.9607 0.0006971999999999998
-9.9507 0.0005412
-9.9407 0.0004157600000000001
-9.9307 0.0003166799999999999
-9.9207 0.00023893999999999996
-9.9107 0.00017906999999999998
-9.9007 0.00013377000000000002
-9.890699999999999 0.00010032000000000003
-9.8807 7.682e-05
-9.8707 6.208999999999998e-05
-9.8607 5.5533000000000005e-05
-9.8507 5.7532999999999986e-05
-9.8407 6.9686e-05
-9.8307 9.507000000000004e-05
-9.8207 0.000138167
-9.8107 0.00020737300000000004
-9.800699999999999 0.00031341400000000003
-9.7907 0.00047275600000000007
-9.7807 0.0007080580000000001
-9.7707 0.001050266
-9.7607 0.0015471919999999998
-9.7507 0.0022517630000000004
-9.7407 0.0032415770000000007
-9.730699999999999 0.004622415
-9.7207 0.0065179899999999995
-9.7107 0.009110120000000003
-9.7007 0.01257024
-9.6907 0.01720305
-9.6807 0.023284709999999997
-9.6707 0.03116982
-9.6607 0.04134166000000001
-9.6507 0.05421033999999997
-9.640699999999999 0.07049550000000003
-9.6307 0.09038739999999996
-9.6207 0.11508180000000001
-9.6107 0.14511789999999997
-9.6007 0.18060830000000005
-9.5907 0.22302229999999998
-9.5807 0.27240939999999997
-9.570699999999999 0.32951680000000017
-9.5607 0.3945587
-9.550699999999999 0.46780500000000014
-9.540700000000001 0.549398
-9.5307 0.6387219999999998
-9.5207 0.7338480000000002
-9.5107 0.8393340000000002
-9.5007 0.948857
-9.4907 1.0601090000000004
-9.480699999999999 1.175749
-9.4707 1.2914190000000003
-9.4607 1.4069310000000006
-9.4507 1.5211400000000006
-9.4407 1.625779000000001
-9.4307 1.7267220000000005
-9.4207 1.8214300000000005
-9.410699999999999 1.9032250000000006
-9.4007 1.9766300000000003
-9.390699999999999 2.0366699999999995
-9.380700000000001 2.0881549999999995
-9.3707 2.1275040000000005
-9.3607 2.1566460000000007
-9.3507 2.176992
-9.3407 2.1875579999999997
-9.3307 2.1951249999999995
-9.320699999999999 2.1938690000000003
-9.3107 2.19308
-9.300699999999999 2.184033
-9.290700000000001 2.182098999999999
-9.2807 2.1785779999999995
-9.2707 2.176526
-9.2607 2.178876000000001
-9.2507 2.181419
-9.2407 2.1946499999999998
-9.230699999999999 2.2052099999999997
-9.2207 2.2188
-9.2107 2.23531
-9.2007 2.2542600000000004
-9.1907 2.2727299999999997
-9.1807 2.2871799999999993
-9.1707 2.3007999999999997
-9.160699999999999 2.3068500000000003
-9.1507 2.3145900000000004
-9.140699999999999 2.3089800000000005
-9.130700000000001 2.3018699999999996
-9.1207 2.29049
-9.1107 2.2714899999999996
-9.1007 2.248590000000001
-9.0907 2.2216700000000005
-9.0807 2.1851599999999993
-9.070699999999999 2.1512100000000007
-9.0607 2.1170999999999998
-9.050699999999999 2.0800799999999997
-9.040700000000001 2.04676
-9.0307 2.0158400000000003
-9.0207 1.9847999999999995
-9.0107 1.96273
-9.0007 1.9387499999999998
-8.9907 1.92204
-8.980699999999999 1.91541
-8.9707 1.91017
-8.9607 1.9122599999999992
-8.9507 1.9154699999999998
-8.9407 1.925980000000001
-8.9307 1.9406900000000007
-8.9207 1.9564800000000007
-8.910699999999999 1.9798099999999992
-8.9007 2.0041799999999985
-8.890699999999999 2.0321700000000007
-8.880700000000001 2.0627600000000004
-8.8707 2.096490000000001
-8.8607 2.13028
-8.8507 2.17086
-8.8407 2.2082000000000006
-8.8307 2.24892
-8.820699999999999 2.289350000000001
-8.8107 2.33013
-8.800699999999999 2.371200000000001
-8.790700000000001 2.4120199999999996
-8.7807 2.4497699999999996
-8.7707 2.481780000000001
-8.7607 2.513319999999999
-8.7507 2.54479
-8.7407 2.5621600000000004
-8.730699999999999 2.580409999999999
-8.7207 2.5962199999999998
-8.7107 2.6048700000000005
-8.7007 2.6094
-8.6907 2.6031300000000006
-8.6807 2.59674
-8.6707 2.5865300000000007
-8.660699999999999 2.57161
-8.6507 2.5496399999999997
-8.640699999999999 2.527199999999999
-8.630700000000001 2.5048199999999996
-8.6207 2.4760800000000005
-8.6107 2.4439800000000003
-8.6007 2.41188
-8.5907 2.37951
-8.5807 2.3471400000000004
-8.570699999999999 2.308440000000001
-8.5607 2.2758599999999993
-8.550699999999999 2.23691
-8.540700000000001 2.2010099999999997
-8.5307 2.161800000000001
-8.5207 2.12565
-8.5107 2.0802299999999994
-8.5007 2.0437800000000004
-8.4907 2.0040600000000004
-8.480699999999999 1.9615999999999998
-8.4707 1.92124
-8.4607 1.8775700000000002
-8.4507 1.8341999999999992
-8.4407 1.7913699999999997
-8.4307 1.7519500000000006
-8.4207 1.7096000000000007
-8.410699999999999 1.6622400000000008
-8.4007 1.6214699999999995
-8.390699999999999 1.5806599999999995
-8.380700000000001 1.53714
-8.3707 1.4957370000000003
-8.3607 1.4547250000000005
-8.3507 1.4148679999999998
-8.3407 1.3757920000000001
-8.3307 1.341012
-8.320699999999999 1.3046909999999998
-8.3107 1.2757960000000002
-8.300699999999999 1.2458999999999998
-8.290700000000001 1.220587
-8.2807 1.2012630000000002
-8.2707 1.1840520000000003
-8.2607 1.16983
-8.2507 1.1640439999999999
-8.2407 1.162032
-8.230699999999999 1.1628270000000003
-8.2207 1.169249
-8.2107 1.181504
-8.2007 1.1936850000000003
-8.1907 1.2130020000000001
-8.1807 1.2332709999999998
-8.1707 1.254769
-8.160699999999999 1.280081
-8.1507 1.3026699999999998
-8.140699999999999 1.324909
-8.130700000000001 1.344192
-8.1207 1.359387
-8.1107 1.3764949999999998
-8.1007 1.38298
-8.0907 1.388208
-8.0807 1.3879860000000004
-8.070699999999999 1.3827729999999998
-8.0607 1.3698780000000004
-8.050699999999999 1.351324
-8.040700000000001 1.327083
-8.0307 1.301415
-8.0207 1.2671610000000002
-8.0107 1.230951
-8.0007 1.186525
-7.9906999999999995 1.1455559999999998
-7.9807 1.0965839999999998
-7.9707 1.047069
-7.9607 0.996054
-7.950699999999999 0.9446519999999998
-7.9407 0.892838
-7.9307 0.842401
-7.9207 0.7935810000000003
-7.910699999999999 0.7470600000000001
-7.9007 0.704331
-7.8907 0.6654240000000001
-7.8807 0.6316
-7.870699999999999 0.6034529999999999
-7.8607 0.5810549999999998
-7.8507 0.5656209999999999
-7.8407 0.5565669999999999
-7.8307 0.5544659999999998
-7.8206999999999995 0.558629
-7.8107 0.5700029999999998
-7.8007 0.5870219999999999
-7.7907 0.6093120000000002
-7.7806999999999995 0.635861
-7.7707 0.6662400000000003
-7.7607 0.6989269999999999
-7.7507 0.7332090000000002
-7.7406999999999995 0.7683210000000004
-7.7307 0.8021660000000005
-7.7207 0.8344379999999999
-7.7107 0.8638520000000002
-7.700699999999999 0.8898920000000001
-7.6907 0.91139
-7.6807 0.9275
-7.6707 0.941931
-7.660699999999999 0.9480710000000001
-7.6507 0.9501990000000001
-7.6407 0.9468150000000002
-7.6307 0.9402479999999995
-7.620699999999999 0.9310670000000001
-7.6107 0.918412
-7.6007 0.9039190000000004
-7.5907 0.8889310000000002
-7.5807 0.8751449999999996
-7.5706999999999995 0.8620349999999999
-7.5607 0.8521059999999999
-7.5507 0.846467
-7.5407 0.8456140000000002
-7.5306999999999995 0.850728
-7.5207 0.8625740000000001
-7.5107 0.8821889999999999
-7.5007 0.9096390000000001
-7.4906999999999995 0.9452980000000001
-7.4807 0.9874630000000001
-7.4707 1.0401389999999997
-7.4607 1.101186
-7.450699999999999 1.1663029999999999
-7.4407 1.238366
-7.4307 1.3135389999999998
-7.4207 1.394572
-7.410699999999999 1.476581
-7.4007 1.5583150000000003
-7.3907 1.6362040000000009
-7.3807 1.7132600000000004
-7.370699999999999 1.78532
-7.3607 1.8508400000000007
-7.3507 1.90949
-7.3407 1.9600200000000003
-7.3307 2.0025099999999996
-7.3206999999999995 2.0362799999999996
-7.3107 2.0605499999999997
-7.3007 2.0813399999999995
-7.2907 2.0969200000000003
-7.2806999999999995 2.108410000000001
-7.2707 2.1119299999999996
-7.2607 2.1201
-7.2507 2.12916
-7.2406999999999995 2.1425099999999997
-7.2307 2.1622000000000003
-7.2207 2.1853
-7.2107 2.2244099999999993
-7.200699999999999 2.2659700000000007
-7.1907 2.3221299999999996
-7.1807 2.38622
-7.1707 2.46808
-7.160699999999999 2.5566399999999994
-7.1507 2.6576299999999997
-7.1407 2.7705699999999998
-7.1307 2.89359
-7.120699999999999 3.01667
-7.1107 3.156590000000001
-7.1007 3.29295
-7.0907 3.4389499999999993
-7.0807 3.58596
-7.0706999999999995 3.7331200000000004
-7.0607 3.88086
-7.0507 4.02616
-7.0407 4.165930000000001
-7.0306999999999995 4.30568
-7.0207 4.434900000000001
-7.0107 4.561890000000002
-7.0007 4.67974
-6.9906999999999995 4.7854
-6.9807 4.884860000000001
-6.9707 4.974030000000002
-6.9607 5.052950000000001
-6.950699999999999 5.117630000000002
-6.9407 5.170759999999999
-6.9307 5.215630000000001
-6.9207 5.244000000000001
-6.910699999999999 5.26005
-6.9007 5.2668
-6.8907 5.270130000000002
-6.8807 5.258249999999999
-6.870699999999999 5.239889999999999
-6.8607 5.22137
-6.8507 5.184749999999998
-6.8407 5.15676
-6.8307 5.122699999999998
-6.8206999999999995 5.09066
-6.8107 5.060579999999999
-6.8007 5.029559999999999
-6.7907 5.000509999999998
-6.7806999999999995 4.979550000000001
-6.7707 4.96065
-6.7607 4.944840000000001
-6.7507 4.935209999999999
-6.7406999999999995 4.92867
-6.7307 4.925269999999999
-6.7207 4.925
-6.7107 4.927830000000001
-6.700699999999999 4.933769999999999
-6.6907 4.942840000000001
-6.6807 4.952019999999999
-6.6707 4.964370000000001
-6.660699999999999 4.9828600000000005
-6.6507 4.998460000000001
-6.6407 5.026259999999999
-6.6307 5.056209999999999
-6.620699999999999 5.08839
-6.6107 5.134819999999999
-6.6007 5.18243
-6.5907 5.241310000000001
-6.5807 5.307450000000001
-6.5706999999999995 5.382839999999999
-6.5607 5.465140000000001
-6.5507 5.5539700000000005
-6.5407 5.651850000000001
-6.5306999999999995 5.758209999999997
-6.5207 5.864040000000001
-6.5107 5.973599999999999
-6.5007 6.093910000000001
-6.4906999999999995 6.2079900000000015
-6.4807 6.322209999999999
-6.4707 6.43324
-6.4607 6.5352000000000015
-6.450699999999999 6.6319
-6.4407 6.727630000000001
-6.4307 6.813270000000001
-6.4207 6.89131
-6.410699999999999 6.96056
-6.4007 7.020490000000001
-6.3907 7.0734
-6.3807 7.1193
-6.370699999999999 7.15381
-6.3607 7.186060000000001
-6.3507 7.203940000000001
-6.3407 7.218470000000002
-6.3307 7.2256100000000005
-6.3206999999999995 7.224120000000001
-6.3107 7.215269999999998
-6.3007 7.20669
-6.2907 7.184530000000001
-6.2806999999999995 7.1616
-6.2707 7.12435
-6.2607 7.089330000000003
-6.2507 7.046700000000002
-6.2406999999999995 6.998640000000002
-6.2307 6.945620000000001
-6.2207 6.8921399999999995
-6.2107 6.83342
-6.200699999999999 6.77037
-6.1907 6.70929
-6.1807 6.64284
-6.1707 6.5786999999999995
-6.160699999999999 6.511440000000001
-6.1507 6.4471799999999995
-6.1407 6.383489999999999
-6.1307 6.31593
-6.120699999999999 6.25194
-6.1107 6.191250000000002
-6.1007 6.137889999999998
-6.0907 6.080549999999999
-6.0807 6.031970000000001
-6.0706999999999995 5.985790000000001
-6.0607 5.937239999999999
-6.0507 5.897340000000001
-6.0407 5.860449999999999
-6.0306999999999995 5.833240000000001
-6.0207 5.805749999999999
-6.0107 5.784299999999999
-6.0007 5.763199999999999
-5.9906999999999995 5.7501
-5.9807 5.73927
-5.9707 5.733179999999998
-5.9607 5.730689999999999
-5.950699999999999 5.727600000000002
-5.9407 5.7310799999999995
-5.9307 5.743290000000001
-5.9207 5.758739999999998
-5.910699999999999 5.770919999999999
-5.9007 5.79508
-5.8907 5.81654
-5.8807 5.8365800000000005
-5.870699999999999 5.8628500000000034
-5.8607 5.8891100000000005
-5.8507 5.9154599999999995
-5.8407 5.936739999999999
-5.8307 5.9627
-5.8206999999999995 5.9814
-5.8107 5.9895
-5.8007 6.003190000000001
-5.7907 6.0153300000000005
-5.7806999999999995 6.01576
-5.7707 6.015590000000001
-5.7607 6.012810000000001
-5.7507 6.006010000000001
-5.7406999999999995 6.002279999999998
-5.7307 5.99802
-5.7207 5.98839
-5.7107 5.987520000000001
-5.700699999999999 5.990040000000002
-5.6907 5.992889999999999
-5.6807 6.003930000000001
-5.6707 6.018929999999999
-5.660699999999999 6.036960000000002
-5.6507 6.06668
-5.6407 6.1019
-5.6307 6.132929999999998
-5.620699999999999 6.169229999999999
-5.6107 6.214079999999999
-5.6007 6.2532000000000005
-5.5907 6.29073
-5.5807 6.324300000000001
-5.5707 6.35991
-5.560700000000001 6.385070000000002
-5.550699999999999 6.410750000000001
-5.540699999999999 6.425570000000001
-5.5306999999999995 6.435960000000001
-5.5207 6.44427
-5.5107 6.44118
-5.5007 6.436
-5.4907 6.4277999999999995
-5.480700000000001 6.421979999999999
-5.470699999999999 6.4194900000000015
-5.460699999999999 6.4159700000000015
-5.450699999999999 6.417569999999999
-5.4407 6.430229999999999
-5.4307 6.446000000000001
-5.4207 6.469879999999999
-5.4107 6.504500000000002
-5.4007000000000005 6.54867
-5.390699999999999 6.607620000000001
-5.380699999999999 6.67165
-5.370699999999999 6.748149999999999
-5.3607 6.83106
-5.3507 6.920820000000001
-5.3407 7.01728
-5.3307 7.110270000000001
-5.3207 7.2132299999999985
-5.310700000000001 7.315680000000001
-5.300699999999999 7.415789999999997
-5.290699999999999 7.518350000000001
-5.2806999999999995 7.612590000000001
-5.2707 7.706520000000001
-5.2607 7.792870000000001
-5.2507 7.877860000000004
-5.2407 7.952909999999999
-5.230700000000001 8.026050000000001
-5.220699999999999 8.085130000000001
-5.210699999999999 8.144980000000002
-5.200699999999999 8.190869999999999
-5.1907 8.23071
-5.1807 8.25558
-5.1707 8.28018
-5.1607 8.289750000000003
-5.1507000000000005 8.289020000000002
-5.140699999999999 8.287590000000002
-5.130699999999999 8.26966
-5.120699999999999 8.249069999999998
-5.1107 8.21801
-5.1007 8.182889999999999
-5.0907 8.140759999999998
-5.0807 8.10034
-5.0707 8.0552
-5.060700000000001 8.008019999999998
-5.050699999999999 7.971900000000004
-5.040699999999999 7.926439999999999
-5.0306999999999995 7.8873
-5.0207 7.8514599999999986
-5.0107 7.824060000000001
-5.0007 7.797280000000003
-4.9907 7.782149999999999
-4.980700000000001 7.766359999999999
-4.970699999999999 7.764570000000001
-4.960699999999999 7.755510000000001
-4.950699999999999 7.75569
-4.9407 7.755870000000002
-4.9307 7.756989999999997
-4.9207 7.758789999999998
-4.9107 7.752840000000001
-4.9007000000000005 7.752479999999999
-4.890699999999999 7.7540999999999976
-4.880699999999999 7.738609999999999
-4.870699999999999 7.730070000000001
-4.8607 7.713459999999998
-4.8507 7.692770000000002
-4.8407 7.676730000000001
-4.8307 7.65592
-4.8207 7.63275
-4.810700000000001 7.607509999999999
-4.800699999999999 7.582250000000001
-4.790699999999999 7.557240000000001
-4.7806999999999995 7.533850000000001
-4.7707 7.512510000000002
-4.7607 7.487489999999998
-4.7507 7.471139999999998
-4.7407 7.454789999999998
-4.730700000000001 7.44147
-4.720699999999999 7.426119999999998
-4.710699999999999 7.420960000000002
-4.700699999999999 7.411750000000001
-4.6907 7.406559999999998
-4.6807 7.404390000000003
-4.6707 7.395299999999999
-4.6607 7.40323
-4.6507000000000005 7.40229
-4.640699999999999 7.410420000000001
-4.630699999999999 7.421629999999999
-4.620699999999999 7.43295
-4.6107 7.455400000000003
-4.6007 7.479959999999999
-4.5907 7.509749999999999
-4.5807 7.547659999999999
-4.5707 7.5906899999999995
-4.560700000000001 7.63893
-4.550699999999999 7.693229999999999
-4.540699999999999 7.753680000000001
-4.5306999999999995 7.816279999999999
-4.5207 7.889970000000002
-4.5107 7.959700000000001
-4.5007 8.02952
-4.4907 8.102490000000001
-4.480700000000001 8.169119999999998
-4.470699999999999 8.233050000000002
-4.460699999999999 8.287669999999999
-4.450699999999999 8.339580000000002
-4.4407 8.382180000000002
-4.4307 8.410720000000005
-4.4207 8.4372
-4.4107 8.449349999999997
-4.4007000000000005 8.449710000000001
-4.390699999999999 8.443740000000002
-4.380699999999999 8.427980000000003
-4.370699999999999 8.4059
-4.3607 8.3778
-4.3507 8.35053
-4.3407 8.312319999999998
-4.3307 8.27799
-4.3207 8.246659999999999
-4.310700000000001 8.211279999999997
-4.300699999999999 8.186879999999999
-4.290699999999999 8.163459999999999
-4.2806999999999995 8.14998
-4.2707 8.143529999999998
-4.2607 8.138009999999998
-4.2507 8.14245
-4.2407 8.156939999999999
-4.230700000000001 8.171330000000001
-4.220699999999999 8.192749999999998
-4.210699999999999 8.221109999999998
-4.200699999999999 8.252449999999998
-4.1907 8.291779999999997
-4.1807 8.327010000000003
-4.1707 8.374260000000001
-4.1607 8.418510000000001
-4.1507000000000005 8.46973
-4.140699999999999 8.52489
-4.130699999999999 8.579110000000002
-4.120699999999999 8.637329999999999
-4.1107 8.699520000000001
-4.1007 8.773739999999998
-4.0907 8.848039999999997
-4.0807 8.922279999999999
-4.0707 9.009640000000003
-4.060700000000001 9.10001
-4.050699999999999 9.202409999999999
-4.040699999999999 9.306949999999999
-4.0306999999999995 9.41745
-4.0207 9.540050000000003
-4.0107 9.668659999999997
-4.0007 9.798310000000003
-3.9907000000000004 9.93207
-3.9807000000000006 10.076830000000003
-3.970699999999999 10.21858
-3.960699999999999 10.369439999999999
-3.9506999999999994 10.52226
-3.9406999999999996 10.676200000000001
-3.9307 10.834109999999999
-3.9207 10.995079999999998
-3.9107000000000003 11.159019999999998
-3.9007000000000005 11.32003
-3.890699999999999 11.485019999999999
-3.880699999999999 11.653069999999994
-3.8706999999999994 11.820069999999998
-3.8606999999999996 11.99215
-3.8507 12.163229999999999
-3.8407 12.334269999999995
-3.8307 12.50829
-3.8207000000000004 12.679340000000003
-3.8107000000000006 12.84735
-3.800699999999999 13.022319999999995
-3.7906999999999993 13.183240000000007
-3.7806999999999995 13.351170000000002
-3.7706999999999997 13.505939999999997
-3.7607 13.658710000000006
-3.7507 13.794380000000004
-3.7407000000000004 13.929939999999995
-3.7307000000000006 14.054399999999998
-3.720699999999999 14.16777
-3.710699999999999 14.26902
-3.7006999999999994 14.355129999999999
-3.6906999999999996 14.429109999999998
-3.6807 14.491000000000003
-3.6707 14.534759999999993
-3.6607000000000003 14.569470000000006
-3.6507000000000005 14.589030000000005
-3.640699999999999 14.5915
-3.630699999999999 14.579849999999995
-3.6206999999999994 14.561179999999997
-3.6106999999999996 14.527429999999997
-3.6007 14.478630000000006
-3.5907 14.413840000000002
-3.5807 14.339969999999994
-3.5707000000000004 14.253179999999999
-3.5607000000000006 14.155399999999997
-3.550699999999999 14.042699999999995
-3.5406999999999993 13.918949999999993
-3.5306999999999995 13.785390000000001
-3.5206999999999997 13.643919999999994
-3.5107 13.489570000000004
-3.5007 13.31929
-3.4907000000000004 13.145169999999995
-3.4807000000000006 12.954210000000002
-3.470699999999999 12.7584
-3.460699999999999 12.55074
-3.4506999999999994 12.34027
-3.4406999999999996 12.120930000000001
-3.4307 11.893749999999997
-3.4207 11.661700000000002
-3.4107000000000003 11.425839999999996
-3.4007000000000005 11.184990000000003
-3.390699999999999 10.947320000000001
-3.380699999999999 10.69671
-3.3706999999999994 10.454149999999998
-3.3606999999999996 10.20564
-3.3507 9.960180000000001
-3.3407 9.717750000000002
-3.3307 9.47326
-3.3207000000000004 9.228800000000003
-3.3107000000000006 8.989340000000002
-3.300699999999999 8.755820000000002
-3.2906999999999993 8.526330000000002
-3.2806999999999995 8.303870000000003
-3.2706999999999997 8.08437
-3.2607 7.880940000000002
-3.2507 7.682539999999998
-3.2407000000000004 7.500180000000002
-3.2307000000000006 7.3239600000000005
-3.220699999999999 7.16274
-3.210699999999999 7.013640000000001
-3.2006999999999994 6.874600000000001
-3.1906999999999996 6.752650000000002
-3.1807 6.63179
-3.1707 6.529050000000005
-3.1607000000000003 6.434279999999999
-3.1507000000000005 6.3456600000000005
-3.140699999999999 6.261919999999999
-3.130699999999999 6.186210000000001
-3.1206999999999994 6.107559999999999
-3.1106999999999996 6.036879999999999
-3.1007 5.964930000000001
-3.0907 5.89201
-3.0807 5.823390000000002
-3.0707000000000004 5.758309999999998
-3.0607000000000006 5.686129999999998
-3.050699999999999 5.62115
-3.0406999999999993 5.551879999999998
-3.0306999999999995 5.48553
-3.0206999999999997 5.4231
-3.0107 5.3604
-3.0007 5.299819999999999
-2.9907000000000004 5.235920000000001
-2.9807000000000006 5.178859999999999
-2.970699999999999 5.120399999999999
-2.960699999999999 5.062130000000002
-2.9506999999999994 5.002319999999999
-2.9406999999999996 4.9444799999999995
-2.9307 4.8884300000000005
-2.9207 4.824959999999999
-2.9107000000000003 4.766520000000002
-2.9007000000000005 4.707869999999999
-2.890699999999999 4.649130000000002
-2.880699999999999 4.59333
-2.8706999999999994 4.53847
-2.8606999999999996 4.48765
-2.8507 4.447939999999999
-2.8407 4.409319999999999
-2.8307 4.386959999999999
-2.8207000000000004 4.3707899999999995
-2.8107000000000006 4.36686
-2.800699999999999 4.37829
-2.7906999999999993 4.39901
-2.7806999999999995 4.43507
-2.7706999999999997 4.4834000000000005
-2.7607 4.538130000000001
-2.7507 4.614119999999999
-2.7407000000000004 4.696360000000001
-2.7307000000000006 4.794910000000001
-2.720699999999999 4.894650000000004
-2.710699999999999 5.00457
-2.7006999999999994 5.114599999999999
-2.6906999999999996 5.2397
-2.6807 5.35587
-2.6707 5.475989999999999
-2.6607000000000003 5.5890699999999995
-2.6507000000000005 5.7010999999999985
-2.640699999999999 5.810029999999999
-2.630699999999999 5.917789999999999
-2.6206999999999994 6.011419999999999
-2.6106999999999996 6.097949999999999
-2.6007 6.18024
-2.5907 6.256410000000002
-2.5807 6.323429999999999
-2.5707000000000004 6.38539
-2.5607000000000006 6.445170000000001
-2.550699999999999 6.499840000000003
-2.5406999999999993 6.547420000000001
-2.5306999999999995 6.591939999999998
-2.5206999999999997 6.6363
-2.5107 6.676660000000003
-2.5007 6.712930000000003
-2.4907000000000004 6.751139999999998
-2.4807000000000006 6.7852700000000015
-2.470699999999999 6.826290000000002
-2.460699999999999 6.859270000000002
-2.4506999999999994 6.892140000000001
-2.4406999999999996 6.929869999999999
-2.4307 6.969569999999998
-2.4207 7.008119999999999
-2.4107000000000003 7.052669999999999
-2.4007000000000005 7.0970400000000025
-2.390699999999999 7.14135
-2.380699999999999 7.192539999999999
-2.3706999999999994 7.247760000000001
-2.3606999999999996 7.306830000000001
-2.3507 7.36287
-2.3407 7.42189
-2.3307 7.4838299999999975
-2.3207000000000004 7.53973
-2.3107000000000006 7.603639999999998
-2.300699999999999 7.654490000000002
-2.2906999999999993 7.6993300000000024
-2.2806999999999995 7.74012
-2.2706999999999997 7.777840000000003
-2.2607 7.796549999999999
-2.2507 7.801259999999999
-2.2407000000000004 7.805910000000001
-2.2307000000000006 7.789500000000001
-2.220699999999999 7.758069999999999
-2.210699999999999 7.720590000000001
-2.2006999999999994 7.66315
-2.1906999999999996 7.594619999999999
-2.1807 7.51606
-2.1707 7.420560000000004
-2.1607000000000003 7.323060000000003
-2.1507000000000005 7.21055
-2.140699999999999 7.089030000000001
-2.130699999999999 6.962560000000003
-2.1206999999999994 6.825010000000002
-2.1106999999999996 6.68959
-2.1007 6.540080000000001
-2.0907 6.38559
-2.0807 6.226070000000001
-2.0707000000000004 6.05553
-2.0607000000000006 5.885940000000001
-2.050699999999999 5.710299999999999
-2.0406999999999993 5.528579999999997
-2.0306999999999995 5.34078
-2.0206999999999997 5.146880000000001
-2.0107 4.952969999999999
-2.0007 4.758929999999999
-1.9907000000000004 4.561950000000001
-1.9807000000000006 4.3668499999999995
-1.970699999999999 4.17659
-1.9606999999999992 3.991710000000001
-1.9506999999999994 3.8174999999999977
-1.9406999999999996 3.647237
-1.9306999999999999 3.4909190000000008
-1.9207 3.3481890000000005
-1.9107000000000003 3.2248770000000007
-1.9007000000000005 3.1146329999999987
-1.890699999999999 3.0240630000000004
-1.8806999999999992 2.952935
-1.8706999999999994 2.9014930000000003
-1.8606999999999996 2.8697299999999997
-1.8506999999999998 2.8543560000000006
-1.8407 2.861312
-1.8307000000000002 2.884451000000001
-1.8207000000000004 2.9167440000000013
-1.8107000000000006 2.9659169999999997
-1.800699999999999 3.02193
-1.7906999999999993 3.0872729999999993
-1.7806999999999995 3.1551769999999983
-1.7706999999999997 3.2191289999999997
-1.7607 3.2806970000000018
-1.7507000000000001 3.336418
-1.7407000000000004 3.3791649999999995
-1.7307000000000006 3.4053919999999986
-1.720699999999999 3.417951999999999
-1.7106999999999992 3.4091460000000002
-1.7006999999999994 3.3825270000000005
-1.6906999999999996 3.331104999999998
-1.6806999999999999 3.257906999999999
-1.6707 3.163934
-1.6607000000000003 3.0482639999999988
-1.6507000000000005 2.9141480000000017
-1.640699999999999 2.7620120000000004
-1.6306999999999992 2.596294999999999
-1.6206999999999994 2.4200919999999995
-1.6106999999999996 2.234618999999999
-1.6006999999999998 2.047134
-1.5907 1.8570580000000008
-1.5807000000000002 1.671688
-1.5707000000000004 1.4890000999999993
-1.5607000000000006 1.3165056999999996
-1.550699999999999 1.1488080999999997
-1.5406999999999993 0.9947459999999996
-1.5306999999999995 0.8537091999999998
-1.5206999999999997 0.7244889999999995
-1.5107 0.6101403999999999
-1.5007000000000001 0.5083617
-1.4907000000000004 0.4192597
-1.4807000000000006 0.34230150000000004
-1.470699999999999 0.2767391999999999
-1.4606999999999992 0.22166210000000003
-1.4506999999999994 0.17548410000000003
-1.4406999999999996 0.13749272999999998
-1.4306999999999999 0.10680623000000002
-1.4207 0.08198105000000001
-1.4107000000000003 0.06250578
-1.4007000000000005 0.04703838
-1.390699999999999 0.035060820000000006
-1.3806999999999992 0.025861550000000004
-1.3706999999999994 0.018873050000000006
-1.3606999999999996 0.013642892000000005
-1.3506999999999998 0.009756679
-1.3407 0.006900458999999999
-1.3307000000000002 0.004827434
-1.3207000000000004 0.0033457080000000024
-1.3107000000000006 0.0022930119999999997
-1.300699999999999 0.0015557134
-1.2906999999999993 0.001043144
-1.2806999999999995 0.0006939005999999999
-1.2706999999999997 0.0004561578000000002
-1.2607 0.0002966924
-1.2507000000000001 0.00019103369999999995
-1.2407000000000004 0.00012175595999999999
-1.2307000000000006 7.659491000000002e-05
-1.220699999999999 4.7753019999999996e-05
-1.2106999999999992 2.9475350000000006e-05
-1.2006999999999994 1.798971e-05
-1.1906999999999996 1.0862701e-05
-1.1806999999999999 6.492486999999998e-06
-1.1707 3.838523000000001e-06
-1.1607000000000003 2.24474e-06
-1.1507000000000005 1.2986268000000004e-06
-1.140699999999999 7.434903e-07
-1.1306999999999992 4.2171419999999997e-07
-1.1206999999999994 2.3636010000000003e-07
-1.1106999999999996 1.3109576999999998e-07
-1.1006999999999998 7.201826999999998e-08
-1.0907 3.905286e-08
-1.0807000000000002 2.0971900000000002e-08
-1.0707000000000004 1.1138982999999998e-08
-1.0607000000000006 5.85705e-09
-1.050699999999999 3.04543e-09
-1.0406999999999993 1.5668724000000005e-09
-1.0306999999999995 7.982437999999999e-10
-1.0206999999999997 4.0137169999999985e-10
-1.0107 1.9983192000000005e-10
-1.0007000000000001 9.855276000000003e-11
-0.9907000000000004 4.7371279999999996e-11
-0.9807000000000006 2.2280450999999992e-11
-0.970699999999999 8.636760000000001e-12
-0.9606999999999992 1.7385573000000005e-12
-0.9506999999999994 0.0
-0.9406999999999996 0.0
-0.9306999999999999 0.0
-0.9207000000000001 0.0
-0.9107000000000003 0.0
-0.9007000000000005 0.0
-0.8906999999999989 0.0
-0.8806999999999992 0.0
-0.8706999999999994 0.0
-0.8606999999999996 0.0
-0.8506999999999998 0.0
-0.8407 0.0
-0.8307000000000002 0.0
-0.8207000000000004 0.0
-0.8107000000000006 0.0
-0.8006999999999991 0.0
-0.7906999999999993 0.0
-0.7806999999999995 0.0
-0.7706999999999997 0.0
-0.7606999999999999 0.0
-0.7507000000000001 0.0
-0.7407000000000004 0.0
-0.7307000000000006 0.0
-0.720699999999999 0.0
-0.7106999999999992 0.0
-0.7006999999999994 0.0
-0.6906999999999996 0.0
-0.6806999999999999 0.0
-0.6707000000000001 0.0
-0.6607000000000003 0.0
-0.6507000000000005 0.0
-0.6406999999999989 0.0
-0.6306999999999992 0.0
-0.6206999999999994 4.6296000000000015e-14
-0.6106999999999996 5.0957e-13
-0.6006999999999998 1.57689e-12
-0.5907 3.9756599999999984e-12
-0.5807000000000002 8.252700000000002e-12
-0.5707000000000004 1.6861399999999998e-11
-0.5607000000000006 3.40407e-11
-0.5506999999999991 6.809899999999998e-11
-0.5406999999999993 1.3473899999999996e-10
-0.5306999999999995 2.638999999999999e-10
-0.5206999999999997 5.106e-10
-0.5106999999999999 9.780000000000006e-10
-0.5007000000000001 1.8524099999999992e-09
-0.49070000000000036 3.4751399999999984e-09
-0.48070000000000057 6.4426e-09
-0.470699999999999 1.1818900000000001e-08
-0.4606999999999992 2.1460200000000002e-08
-0.45069999999999943 3.8509600000000004e-08
-0.44069999999999965 6.8445e-08
-0.43069999999999986 1.20322e-07
-0.4207000000000001 2.0925599999999998e-07
-0.4107000000000003 3.60288e-07
-0.4007000000000005 6.135900000000001e-07
-0.39069999999999894 1.03454e-06
-0.38069999999999915 1.7231500000000004e-06
-0.37069999999999936 2.8412499999999993e-06
-0.3606999999999996 4.638299999999999e-06
-0.3506999999999998 7.4874000000000005e-06
-0.3407 1.19721e-05
-0.3307000000000002 1.8892800000000003e-05
-0.32070000000000043 2.9566499999999996e-05
-0.31070000000000064 4.57393e-05
-0.3006999999999991 7.008399999999999e-05
-0.2906999999999993 0.00010636799999999998
-0.2806999999999995 0.00015915300000000004
-0.2706999999999997 0.00023629599999999996
-0.26069999999999993 0.000346866
-0.25070000000000014 0.00050428
-0.24070000000000036 0.0007245600000000002
-0.23070000000000057 0.0010324099999999999
-0.220699999999999 0.0014531099999999999
-0.21069999999999922 0.00202437
-0.20069999999999943 0.0027924300000000007
-0.19069999999999965 0.0038091499999999986
-0.18069999999999986 0.0051501
-0.17070000000000007 0.006887700000000001
-0.1607000000000003 0.009122299999999998
-0.1507000000000005 0.011943599999999999
-0.14069999999999894 0.015518200000000005
-0.13069999999999915 0.019937000000000003
-0.12069999999999936 0.025351199999999997
-0.11069999999999958 0.03192629999999999
-0.10069999999999979 0.03981029999999999
-0.0907 0.04923329999999998
-0.08070000000000022 0.06026700000000001
-0.07070000000000043 0.07301100000000002
-0.06070000000000064 0.08771300000000001
-0.05069999999999908 0.10449600000000002
-0.04069999999999929 0.12306299999999999
-0.030699999999999505 0.14394300000000002
-0.02069999999999972 0.16698000000000002
-0.010699999999999932 0.191795
-0.000700000000000145 0.21875999999999998
0.009299999999999642 0.24746699999999996
0.01929999999999943 0.27755300000000005
0.029300000000000992 0.309125
0.03930000000000078 0.342113
0.049300000000000566 0.37562500000000004
0.05930000000000035 0.40966799999999987
0.06930000000000014 0.4434060000000001
0.07929999999999993 0.47775300000000004
0.08929999999999971 0.511176
0.0992999999999995 0.5444819999999998
0.10930000000000106 0.5762960000000001
0.11930000000000085 0.6075809999999999
0.12930000000000064 0.6371370000000001
0.13930000000000042 0.665351
0.1493000000000002 0.6912760000000001
0.1593 0.7167150000000001
0.16929999999999978 0.739348
0.17929999999999957 0.7610849999999999
0.18929999999999936 0.780822
0.19930000000000092 0.799786
0.2093000000000007 0.8165430000000001
0.2193000000000005 0.8328939999999999
0.22930000000000028 0.8477199999999999
0.23930000000000007 0.8629000000000002
0.24929999999999986 0.8770899999999998
0.25929999999999964 0.89125
0.26929999999999943 0.90601
0.279300000000001 0.9210300000000001
0.2893000000000008 0.9374100000000003
0.29930000000000057 0.9547499999999999
0.30930000000000035 0.9743999999999997
0.31930000000000014 0.9940599999999999
0.3292999999999999 1.0161
0.3392999999999997 1.0399400000000003
0.3492999999999995 1.0648499999999996
0.35930000000000106 1.09224
0.36930000000000085 1.12038
0.37930000000000064 1.1474999999999995
0.3893000000000004 1.1784000000000003
0.3993000000000002 1.2066000000000001
0.4093 1.2387299999999999
0.4192999999999998 1.2687000000000002
0.42929999999999957 1.2948000000000002
0.43929999999999936 1.3231500000000003
0.4493000000000009 1.3467000000000007
0.4593000000000007 1.3692300000000002
0.4693000000000005 1.3868699999999998
0.4793000000000003 1.4052600000000002
0.48930000000000007 1.4157599999999997
0.49929999999999986 1.4231100000000003
0.5092999999999996 1.4282700000000002
0.5192999999999994 1.4269500000000002
0.529300000000001 1.4238
0.5393000000000008 1.4148600000000005
0.5493000000000006 1.4033999999999998
0.5593000000000004 1.38624
0.5693000000000001 1.36998
0.5792999999999999 1.34925
0.5892999999999997 1.3254600000000003
0.5992999999999995 1.3047300000000004
0.6093000000000011 1.2787500000000003
0.6193000000000008 1.2575100000000001
0.6293000000000006 1.23561
0.6393000000000004 1.2134999999999998
0.6493000000000002 1.1956200000000003
0.6593 1.1792899999999997
0.6692999999999998 1.1684299999999999
0.6792999999999996 1.1617799999999998
0.6892999999999994 1.15638
0.6993000000000009 1.1553000000000004
0.7093000000000007 1.16146
0.7193000000000005 1.1682900000000003
0.7293000000000003 1.1781
0.7393000000000001 1.1938900000000003
0.7492999999999999 1.2113499999999995
0.7592999999999996 1.2307899999999998
0.7692999999999994 1.2512099999999997
0.779300000000001 1.2727899999999996
0.7893000000000008 1.2934199999999996
0.7993000000000006 1.3124999999999998
0.8093000000000004 1.33323
0.8193000000000001 1.35087
0.8292999999999999 1.3651100000000003
0.8392999999999997 1.3784100000000001
0.8492999999999995 1.38586
0.8593000000000011 1.39152
0.8693000000000008 1.3906500000000002
0.8793000000000006 1.38888
0.8893000000000004 1.3834199999999999
0.8993000000000002 1.3734300000000002
0.9093 1.3603500000000006
0.9192999999999998 1.3474800000000005
0.9292999999999996 1.32978
0.9392999999999994 1.3109799999999996
0.9493000000000009 1.29192
0.9593000000000007 1.26723
0.9693000000000005 1.24698
0.9793000000000003 1.2237000000000002
0.9893000000000001 1.2010599999999998
0.9992999999999999 1.1781899999999998
1.0092999999999996 1.1561200000000003
1.0192999999999994 1.13469
1.029300000000001 1.1139299999999999
1.0393000000000008 1.0947900000000002
1.0493000000000006 1.0768199999999999
1.0593000000000004 1.0609799999999998
1.0693000000000001 1.04697
1.0793 1.0356099999999997
1.0892999999999997 1.0275
1.0992999999999995 1.0215399999999997
1.109300000000001 1.0178399999999999
1.1193000000000008 1.01789
1.1293000000000006 1.0210500000000002
1.1393000000000004 1.02701
1.1493000000000002 1.03506
1.1593 1.0462199999999997
1.1692999999999998 1.0592699999999997
1.1792999999999996 1.07481
1.1892999999999994 1.09107
1.199300000000001 1.1088900000000002
1.2093000000000007 1.1267099999999999
1.2193000000000005 1.14526
1.2293000000000003 1.1632699999999998
1.2393 1.1810100000000001
1.2492999999999999 1.19838
1.2592999999999996 1.2131400000000003
1.2692999999999994 1.2276299999999998
1.279300000000001 1.24071
1.2893000000000008 1.2513900000000002
1.2993000000000006 1.2586899999999999
1.3093000000000004 1.2651899999999996
1.3193000000000001 1.26905
1.3293 1.2704400000000002
1.3392999999999997 1.2681400000000003
1.3492999999999995 1.26372
1.359300000000001 1.2557099999999999
1.3693000000000008 1.24488
1.3793000000000006 1.2295199999999997
1.3893000000000004 1.21137
1.3993000000000002 1.1890300000000005
1.4093 1.1625
1.4192999999999998 1.13214
1.4292999999999996 1.0998400000000002
1.4392999999999994 1.0629899999999999
1.449300000000001 1.0251099999999997
1.4593000000000007 0.98466
1.4693000000000005 0.9441599999999999
1.4793000000000003 0.9034200000000002
1.4893 0.8643599999999998
1.4992999999999999 0.8274800000000001
1.5092999999999996 0.79395
1.5192999999999994 0.7657799999999999
1.529300000000001 0.7420800000000001
1.5393000000000008 0.7248299999999999
1.5493000000000006 0.7145400000000002
1.5593000000000004 0.7117500000000001
1.5693000000000001 0.71668
1.5793 0.7289099999999998
1.5892999999999997 0.749
1.5992999999999995 0.7753199999999999
1.609300000000001 0.8087399999999999
1.6193000000000008 0.84787
1.6293000000000006 0.89105
1.6393000000000004 0.93999
1.6493000000000002 0.9913500000000003
1.6593 1.0449899999999999
1.6692999999999998 1.0994700000000002
1.6792999999999996 1.1544
1.6892999999999994 1.2104100000000002
1.699300000000001 1.26589
1.7093000000000007 1.32101
1.7193000000000005 1.3730099999999998
1.7293000000000003 1.42704
1.7393 1.4765400000000002
1.7492999999999999 1.52514
1.7592999999999996 1.5725799999999999
1.7692999999999994 1.62199
1.779300000000001 1.6673999999999998
1.7893000000000008 1.7090999999999998
1.7993000000000006 1.7559
1.8093000000000004 1.7960999999999998
1.8193000000000001 1.8353999999999995
1.8293 1.8771000000000004
1.8392999999999997 1.9152000000000007
1.8492999999999995 1.9492
1.859300000000001 1.9863000000000002
1.8693000000000008 2.0157000000000003
1.8793000000000006 2.0479
1.8893000000000004 2.0757000000000003
1.8993000000000002 2.1000000000000005
1.9093 2.1237
1.9192999999999998 2.1396
1.9292999999999996 2.1578999999999997
1.9392999999999994 2.1687
1.949300000000001 2.1786000000000003
1.9593000000000007 2.1849
1.9693000000000005 2.1872999999999996
1.9793000000000003 2.1826
1.9893 2.1805000000000003
1.9992999999999999 2.175
2.0092999999999996 2.163
2.0192999999999994 2.1504000000000003
2.029300000000001 2.1374999999999993
2.039300000000001 2.118599999999999
2.0493000000000006 2.0996
2.0593000000000004 2.0806999999999998
2.0693 2.0610000000000004
2.0793 2.0395000000000003
2.0892999999999997 2.0185999999999997
2.0992999999999995 1.9978999999999996
2.109300000000001 1.9748999999999999
2.119300000000001 1.9538000000000004
2.1293000000000006 1.9317000000000002
2.1393000000000004 1.9092000000000002
2.1493 1.8855000000000004
2.1593 1.8615000000000002
2.1693 1.8414999999999997
2.1792999999999996 1.8180000000000003
2.1892999999999994 1.7943000000000002
2.199300000000001 1.7714999999999999
2.2093000000000007 1.7491000000000003
2.2193000000000005 1.7271000000000005
2.2293000000000003 1.7052000000000003
2.2393 1.6842
2.2493 1.6644000000000005
2.2592999999999996 1.6460999999999995
2.2692999999999994 1.6286999999999996
2.279300000000001 1.6130999999999998
2.289300000000001 1.5978
2.2993000000000006 1.5857999999999997
2.3093000000000004 1.5764
2.3193 1.5680999999999996
2.3293 1.5620999999999998
2.3392999999999997 1.5570000000000004
2.3492999999999995 1.5545999999999995
2.359300000000001 1.5527999999999997
2.369300000000001 1.5514999999999999
2.3793000000000006 1.5510999999999997
2.3893000000000004 1.5500999999999998
2.3993 1.548
2.4093000000000018 1.5453000000000001
2.4193 1.5408
2.4293000000000013 1.5336000000000003
2.4392999999999994 1.5231000000000003
2.449300000000001 1.5097999999999998
2.459299999999999 1.4940000000000002
2.4693000000000005 1.4736000000000005
2.4792999999999985 1.4502000000000004
2.4893 1.4241000000000004
2.4993000000000016 1.3946999999999998
2.5092999999999996 1.3636
2.519300000000001 1.3307999999999998
2.529299999999999 1.2969000000000002
2.539300000000001 1.2630000000000003
2.549299999999999 1.2294
2.5593000000000004 1.1978999999999997
2.569300000000002 1.1676999999999997
2.5793 1.1408999999999998
2.5893000000000015 1.1175000000000002
2.5992999999999995 1.0983
2.609300000000001 1.0826999999999998
2.619299999999999 1.0721999999999998
2.6293000000000006 1.0658999999999996
2.6392999999999986 1.0625999999999998
2.6493 1.0640999999999998
2.6593000000000018 1.0698
2.6693 1.0776
2.6793000000000013 1.0881
2.6892999999999994 1.1004
2.699300000000001 1.1156999999999997
2.709299999999999 1.1300999999999994
2.7193000000000005 1.1468999999999998
2.7292999999999985 1.1622
2.7393 1.1783999999999997
2.7493000000000016 1.1939999999999997
2.7592999999999996 1.2074999999999998
2.769300000000001 1.2218999999999998
2.779299999999999 1.2348
2.789300000000001 1.2464999999999997
2.799299999999999 1.2581999999999995
2.8093000000000004 1.2699
2.819300000000002 1.2816
2.8293 1.2935999999999996
2.8393000000000015 1.3061999999999996
2.8492999999999995 1.3203
2.859300000000001 1.3361999999999996
2.869299999999999 1.3547999999999998
2.8793000000000006 1.3743
2.8892999999999986 1.3982999999999999
2.8993 1.4232000000000005
2.9093000000000018 1.4517000000000004
2.9193 1.4827000000000001
2.9293000000000013 1.5155999999999996
2.9392999999999994 1.5495999999999999
2.949300000000001 1.5863999999999994
2.959299999999999 1.6218000000000001
2.9693000000000005 1.6569000000000003
2.9792999999999985 1.6905000000000003
2.9893 1.7213999999999998
2.9993000000000016 1.7493
3.0092999999999996 1.773
3.019300000000001 1.7918999999999998
3.029299999999999 1.8050999999999997
3.039300000000001 1.8134
3.049299999999999 1.8146999999999995
3.0593000000000004 1.8098999999999998
3.069300000000002 1.8
3.0793 1.7837999999999998
3.0893000000000015 1.7631000000000001
3.0992999999999995 1.7374000000000003
3.109300000000001 1.7079000000000002
3.119299999999999 1.6764000000000003
3.1293000000000006 1.6418999999999997
3.1392999999999986 1.6077
3.1493 1.5730000000000002
3.1593000000000018 1.5385000000000002
3.1693 1.5059999999999993
3.1793000000000013 1.4753999999999996
3.1892999999999994 1.4481
3.199300000000001 1.4235000000000002
3.209299999999999 1.4036000000000004
3.2193000000000005 1.3871999999999998
3.2292999999999985 1.3751999999999998
3.2393 1.3682999999999998
3.2493000000000016 1.3652999999999997
3.2592999999999996 1.3668999999999998
3.269300000000001 1.3734999999999997
3.279299999999999 1.38489
3.289300000000001 1.40094
3.299299999999999 1.42161
3.3093000000000004 1.4459699999999998
3.319300000000002 1.4755200000000002
3.3293 1.5081000000000002
3.3393000000000015 1.5439999999999998
3.3492999999999995 1.5834999999999997
3.359300000000001 1.6263999999999996
3.369299999999999 1.6712999999999996
3.3793000000000006 1.718
3.3892999999999986 1.7667000000000004
3.3993 1.8168000000000002
3.4093000000000018 1.8662999999999996
3.4193 1.9148999999999998
3.4293000000000013 1.9645000000000006
3.4392999999999994 2.0119000000000002
3.449300000000001 2.0574000000000003
3.459299999999999 2.0961
3.4693000000000005 2.1369
3.4792999999999985 2.1705000000000005
3.4893 2.2038
3.4993000000000016 2.227200000000001
3.5092999999999996 2.2560000000000007
3.519300000000001 2.2695000000000003
3.529299999999999 2.2854
3.539300000000001 2.298
3.549299999999999 2.3064000000000004
3.5593000000000004 2.309300000000001
3.569300000000002 2.3115000000000006
3.5793 2.3106000000000004
3.5893000000000015 2.31
3.5992999999999995 2.3121000000000005
3.609300000000001 2.3111999999999995
3.619299999999999 2.3100000000000005
3.6293000000000006 2.3124000000000002
3.6392999999999986 2.3120999999999996
3.6493 2.3175999999999997
3.6593000000000018 2.3238000000000003
3.6693 2.32834
3.6793000000000013 2.33679
3.6892999999999994 2.3466500000000003
3.699300000000001 2.3563099999999997
3.709299999999999 2.3634099999999996
3.7193000000000005 2.3711900000000004
3.7292999999999985 2.3752700000000004
3.7393 2.3740200000000002
3.7493000000000016 2.3751399999999996
3.7592999999999996 2.3707700000000003
3.769300000000001 2.3562499999999997
3.779299999999999 2.3446099999999994
3.789300000000001 2.3218199999999998
3.799299999999999 2.296830000000001
3.8093000000000004 2.2666500000000003
3.819300000000002 2.230230000000001
3.8293 2.1887000000000003
3.8393000000000015 2.1509600000000004
3.8492999999999995 2.0991100000000005
3.859300000000001 2.0427599999999995
3.869299999999999 1.9898
3.8793000000000006 1.9349899999999993
3.8892999999999986 1.8760900000000003
3.8993 1.8143200000000004
3.9093000000000018 1.7515899999999998
3.9193 1.6876399999999994
3.9293000000000013 1.62273
3.9392999999999994 1.5568199999999996
3.949300000000001 1.4913100000000004
3.959299999999999 1.4253899999999997
3.9693000000000005 1.3594800000000002
3.9792999999999985 1.2940199999999997
3.9893 1.22911
3.9993000000000016 1.16492
4.0093 1.10139
4.019300000000001 1.03904
4.029299999999999 0.97823
4.039300000000001 0.9186399999999998
4.049299999999999 0.8606199999999999
4.0593 0.80423
4.069300000000002 0.7498100000000001
4.0793 0.69762
4.0893000000000015 0.6471800000000003
4.0992999999999995 0.59932
4.109300000000001 0.5532900000000001
4.119299999999999 0.5098000000000001
4.129300000000001 0.46856000000000003
4.139299999999999 0.42944000000000004
4.1493 0.3924400000000001
4.159300000000002 0.3579299999999999
4.1693 0.32572399999999996
4.179300000000001 0.295784
4.189299999999999 0.26744300000000004
4.199300000000001 0.2414459999999999
4.209299999999999 0.21760100000000007
4.2193000000000005 0.19509500000000002
4.2292999999999985 0.174538
4.2393 0.15542799999999998
4.249300000000002 0.138022
4.2593 0.12204700000000004
4.269300000000001 0.10746100000000006
4.279299999999999 0.094178
4.289300000000001 0.08208999999999998
4.299299999999999 0.071192
4.3093 0.06136700000000001
4.319300000000002 0.05262500000000002
4.3293 0.044822
4.3393000000000015 0.037848999999999994
4.3492999999999995 0.0317734
4.359300000000001 0.026435399999999994
4.369299999999999 0.021885300000000003
4.379300000000001 0.0179545
4.389299999999999 0.014589700000000002
4.3993 0.011758200000000002
4.409300000000002 0.0093931
4.4193 0.007437999999999999
4.429300000000001 0.005831999999999999
4.439299999999999 0.004531599999999999
4.449300000000001 0.0034876799999999986
4.459299999999999 0.00265759
4.4693000000000005 0.00200644
4.4792999999999985 0.00149815
4.4893 0.00110793
4.499300000000002 0.0008115699999999998
4.5093 0.0005879100000000001
4.519300000000001 0.00042182299999999994
4.529299999999999 0.0002992659999999999
4.539300000000001 0.000210219
4.549299999999999 0.00014635500000000003
4.5593 0.00010071800000000001
4.569300000000002 6.856300000000001e-05
4.5793 4.62e-05
4.5893000000000015 3.077870000000001e-05
4.5992999999999995 2.03095e-05
4.609300000000001 1.3260999999999996e-05
4.619299999999999 8.563199999999998e-06
4.629300000000001 5.470900000000001e-06
