-23.6007 -3.791e-05
-23.5907 -2.4735e-05
-23.5807 -1.5984e-05
-23.570700000000002 -1.0239000000000001e-05
-23.5607 -6.488999999999998e-06
-23.5507 -4.074e-06
-23.5407 -2.5313999999999996e-06
-23.5307 -1.5587e-06
-23.520699999999998 -9.489000000000002e-07
-23.5107 -5.725999999999999e-07
-23.500700000000002 -3.4179999999999995e-07
-23.4907 -2.0216e-07
-23.4807 -1.1833000000000001e-07
-23.4707 -6.855e-08
-23.4607 -3.9310000000000006e-08
-23.450699999999998 -2.2290000000000003e-08
-23.4407 -1.2531e-08
-23.4307 -6.973000000000002e-09
-23.4207 -3.84e-09
-23.4107 -2.0925e-09
-23.4007 -1.1295e-09
-23.3907 -6.025000000000001e-10
-23.380699999999997 -3.1856999999999997e-10
-23.3707 -1.6661e-10
-23.3607 -8.614e-11
-23.3507 -4.4199999999999993e-11
-23.3407 -2.2266000000000002e-11
-23.3307 -1.1091000000000001e-11
-23.320700000000002 -5.415000000000001e-12
-23.3107 -2.5652e-12
-23.3007 -1.1642000000000002e-12
-23.2907 -5.07e-13
-23.2807 -2.1524000000000005e-13
-23.270699999999998 -8.090999999999998e-14
-23.2607 -1.4786999999999997e-14
-23.250700000000002 -0.0
-23.2407 -0.0
-23.2307 -0.0
-23.2207 -0.0
-23.2107 -0.0
-23.200699999999998 -0.0
-23.1907 -0.0
-23.1807 -0.0
-23.1707 -0.0
-23.1607 -0.0
-23.1507 -0.0
-23.1407 -0.0
-23.130699999999997 -0.0
-23.1207 -0.0
-23.1107 -0.0
-23.1007 -0.0
-23.0907 -0.0
-23.0807 -0.0
-23.070700000000002 -0.0
-23.0607 -0.0
-23.0507 -0.0
-23.0407 -0.0
-23.0307 -0.0
-23.020699999999998 -0.0
-23.0107 -0.0
-23.000700000000002 -0.0
-22.9907 -0.0
-22.9807 -0.0
-22.9707 -0.0
-22.9607 -0.0
-22.950699999999998 -0.0
-22.9407 -0.0
-22.9307 -0.0
-22.9207 -0.0
-22.9107 -0.0
-22.9007 -0.0
-22.8907 -0.0
-22.880699999999997 -0.0
-22.8707 -0.0
-22.8607 -0.0
-22.8507 -0.0
-22.8407 -0.0
-22.8307 -0.0
-22.820700000000002 -0.0
-22.8107 -0.0
-22.8007 -0.0
-22.7907 -0.0
-22.7807 -0.0
-22.770699999999998 -0.0
-22.7607 -0.0
-22.750700000000002 -0.0
-22.7407 -0.0
-22.7307 -0.0
-22.7207 -0.0
-22.7107 -0.0
-22.700699999999998 -0.0
-22.6907 -0.0
-22.6807 -0.0
-22.6707 -0.0
-22.6607 -0.0
-22.6507 -0.0
-22.6407 -0.0
-22.630699999999997 -0.0
-22.6207 -0.0
-22.6107 -0.0
-22.6007 -0.0
-22.5907 -0.0
-22.5807 -0.0
-22.570700000000002 -0.0
-22.5607 -0.0
-22.5507 -0.0
-22.5407 -0.0
-22.5307 -0.0
-22.520699999999998 -0.0
-22.5107 -0.0
-22.500700000000002 -0.0
-22.4907 -0.0
-22.4807 -0.0
-22.4707 -0.0
-22.4607 -0.0
-22.450699999999998 -0.0
-22.4407 -0.0
-22.4307 -0.0
-22.4207 -0.0
-22.4107 -0.0
-22.4007 -0.0
-22.3907 -0.0
-22.380699999999997 -0.0
-22.3707 -0.0
-22.3607 -0.0
-22.3507 -0.0
-22.3407 -0.0
-22.3307 -0.0
-22.320700000000002 -0.0
-22.3107 -0.0
-22.3007 -0.0
-22.2907 -0.0
-22.2807 -0.0
-22.270699999999998 -0.0
-22.2607 -0.0
-22.250700000000002 -0.0
-22.2407 -0.0
-22.2307 -0.0
-22.2207 -0.0
-22.2107 -0.0
-22.200699999999998 -0.0
-22.1907 -0.0
-22.1807 -0.0
-22.1707 -0.0
-22.1607 -0.0
-22.1507 -0.0
-22.1407 -0.0
-22.130699999999997 -0.0
-22.1207 -0.0
-22.1107 -0.0
-22.1007 -0.0
-22.0907 -0.0
-22.0807 -0.0
-22.070700000000002 -0.0
-22.0607 -0.0
-22.0507 -0.0
-22.0407 -0.0
-22.0307 -0.0
-22.020699999999998 -0.0
-22.0107 -0.0
-22.000700000000002 -0.0
-21.9907 -0.0
-21.9807 -0.0
-21.9707 -0.0
-21.9607 -0.0
-21.950699999999998 -0.0
-21.9407 -0.0
-21.9307 -0.0
-21.9207 -0.0
-21.9107 -0.0
-21.9007 -0.0
-21.8907 -0.0
-21.880699999999997 -0.0
-21.8707 -0.0
-21.8607 -0.0
-21.8507 -0.0
-21.8407 -0.0
-21.8307 -0.0
-21.820700000000002 -0.0
-21.8107 -0.0
-21.8007 -0.0
-21.7907 -0.0
-21.7807 -0.0
-21.770699999999998 -0.0
-21.7607 -0.0
-21.750700000000002 -0.0
-21.7407 -0.0
-21.7307 -0.0
-21.7207 -0.0
-21.7107 -0.0
-21.700699999999998 -0.0
-21.6907 -0.0
-21.6807 -0.0
-21.6707 -0.0
-21.6607 -0.0
-21.6507 -0.0
-21.6407 -0.0
-21.630699999999997 -0.0
-21.6207 -0.0
-21.6107 -0.0
-21.6007 -0.0
-21.5907 -0.0
-21.5807 -0.0
-21.5707 -0.0
-21.5607 -1.6502999999999998e-13
-21.5507 -3.4464000000000003e-13
-21.5407 -1.0544e-12
-21.5307 -2.1738e-12
-21.520699999999998 -4.4245e-12
-21.5107 -9.091999999999999e-12
-21.500700000000002 -1.8140999999999997e-11
-21.4907 -3.5809e-11
-21.4807 -6.993e-11
-21.4707 -1.3581000000000002e-10
-21.4607 -2.599e-10
-21.450699999999998 -4.932499999999999e-10
-21.4407 -9.241e-10
-21.4307 -1.7138999999999998e-09
-21.4207 -3.1442e-09
-21.4107 -5.700999999999998e-09
-21.4007 -1.0246999999999999e-08
-21.3907 -1.8237e-08
-21.3807 -3.2031e-08
-21.3707 -5.577999999999999e-08
-21.3607 -9.603999999999998e-08
-21.3507 -1.6384000000000004e-07
-21.3407 -2.7627e-07
-21.3307 -4.6113000000000005e-07
-21.3207 -7.623000000000001e-07
-21.3107 -1.2479e-06
-21.3007 -2.0184e-06
-21.2907 -3.2363000000000003e-06
-21.2807 -5.1335999999999994e-06
-21.270699999999998 -8.063e-06
-21.2607 -1.2540000000000002e-05
-21.250700000000002 -1.9305000000000002e-05
-21.2407 -2.9421e-05
-21.2307 -4.4415e-05
-21.2207 -6.631000000000001e-05
-21.2107 -9.810000000000001e-05
-21.200699999999998 -0.00014358
-21.1907 -0.00020867
-21.1807 -0.00030011999999999997
-21.1707 -0.00042736999999999994
-21.1607 -0.0006024999999999998
-21.1507 -0.0008424999999999998
-21.1407 -0.0011682
-21.1307 -0.0016025000000000002
-21.1207 -0.0021782
-21.1107 -0.0029355000000000006
-21.1007 -0.0039247
-21.0907 -0.005195
-21.0807 -0.006823
-21.0707 -0.008884999999999999
-21.0607 -0.011475
-21.0507 -0.014693000000000003
-21.0407 -0.018642
-21.0307 -0.023499000000000003
-21.020699999999998 -0.029341
-21.0107 -0.036374
-21.000700000000002 -0.044666000000000004
-20.9907 -0.05448
-20.9807 -0.06595
-20.9707 -0.07911
-20.9607 -0.09422
-20.950699999999998 -0.11124000000000002
-20.9407 -0.13038
-20.9307 -0.15156
-20.9207 -0.17467999999999997
-20.9107 -0.20009000000000005
-20.9007 -0.22716000000000003
-20.8907 -0.25575000000000003
-20.8807 -0.28595000000000004
-20.8707 -0.31724
-20.8607 -0.3489
-20.8507 -0.38138000000000005
-20.8407 -0.41381
-20.8307 -0.4455800000000001
-20.8207 -0.47671
-20.8107 -0.5072299999999998
-20.8007 -0.5359200000000001
-20.7907 -0.56386
-20.7807 -0.5901599999999999
-20.770699999999998 -0.6150999999999999
-20.7607 -0.6393999999999999
-20.750700000000002 -0.6632999999999999
-20.7407 -0.6865999999999999
-20.7307 -0.7101
-20.7207 -0.7346
-20.7107 -0.7606999999999999
-20.700699999999998 -0.7885
-20.6907 -0.8184000000000001
-20.6807 -0.8508000000000001
-20.6707 -0.8859000000000002
-20.6607 -0.9236999999999999
-20.6507 -0.9642
-20.6407 -1.0064
-20.6307 -1.0505
-20.6207 -1.0953
-20.6107 -1.1402
-20.6007 -1.1842000000000001
-20.5907 -1.2268999999999999
-20.5807 -1.2663999999999997
-20.5707 -1.3034000000000001
-20.5607 -1.3381
-20.5507 -1.3674000000000002
-20.5407 -1.3894
-20.5307 -1.4124
-20.520699999999998 -1.4304
-20.5107 -1.4408999999999998
-20.500700000000002 -1.4504000000000001
-20.4907 -1.4619
-20.4807 -1.4703000000000002
-20.4707 -1.4795000000000003
-20.4607 -1.4904999999999997
-20.450699999999998 -1.5071
-20.4407 -1.5232999999999997
-20.4307 -1.5481000000000003
-20.4207 -1.5781999999999998
-20.4107 -1.6143999999999998
-20.4007 -1.6566000000000003
-20.3907 -1.7079000000000004
-20.3807 -1.7629000000000001
-20.3707 -1.8238999999999999
-20.3607 -1.8888999999999998
-20.3507 -1.9548000000000003
-20.3407 -2.0244
-20.3307 -2.0907
-20.3207 -2.1627
-20.3107 -2.2279999999999998
-20.3007 -2.2962
-20.2907 -2.3548000000000004
-20.2807 -2.4092000000000002
-20.270699999999998 -2.4604000000000004
-20.2607 -2.5046000000000004
-20.250700000000002 -2.5461
-20.2407 -2.5806000000000004
-20.2307 -2.6127
-20.2207 -2.6393
-20.2107 -2.6664999999999996
-20.200699999999998 -2.6944
-20.1907 -2.7159
-20.1807 -2.7371
-20.1707 -2.7599000000000005
-20.1607 -2.7841
-20.1507 -2.8137
-20.1407 -2.8404999999999996
-20.1307 -2.8704
-20.1207 -2.9034000000000004
-20.1107 -2.9347000000000003
-20.1007 -2.9709
-20.0907 -3.0120000000000005
-20.0807 -3.0560000000000005
-20.0707 -3.095
-20.0607 -3.1380000000000003
-20.0507 -3.1800000000000006
-20.0407 -3.2310000000000008
-20.0307 -3.27
-20.020699999999998 -3.3180000000000005
-20.0107 -3.362
-20.000700000000002 -3.403000000000001
-19.9907 -3.4410000000000007
-19.9807 -3.4790000000000005
-19.9707 -3.514000000000001
-19.9607 -3.5359999999999996
-19.950699999999998 -3.561
-19.9407 -3.577
-19.9307 -3.5909999999999997
-19.9207 -3.6009999999999995
-19.9107 -3.6029999999999993
-19.9007 -3.6059999999999994
-19.8907 -3.598
-19.8807 -3.594
-19.8707 -3.5850000000000004
-19.8607 -3.572
-19.8507 -3.564999999999999
-19.8407 -3.555
-19.8307 -3.549000000000001
-19.8207 -3.5429999999999993
-19.8107 -3.54
-19.8007 -3.5410000000000004
-19.7907 -3.5430000000000006
-19.7807 -3.5509999999999997
-19.770699999999998 -3.5580000000000007
-19.7607 -3.569000000000001
-19.750700000000002 -3.5860000000000007
-19.7407 -3.588
-19.7307 -3.5969999999999995
-19.7207 -3.608
-19.7107 -3.609000000000001
-19.700699999999998 -3.6120000000000005
-19.6907 -3.6060000000000003
-19.6807 -3.597000000000001
-19.6707 -3.5820000000000007
-19.6607 -3.564000000000001
-19.6507 -3.543
-19.6407 -3.5210000000000004
-19.6307 -3.4920000000000004
-19.6207 -3.4690000000000007
-19.6107 -3.4440000000000004
-19.6007 -3.420000000000001
-19.5907 -3.3960000000000004
-19.5807 -3.384
-19.5707 -3.3649999999999998
-19.5607 -3.3609999999999993
-19.5507 -3.36
-19.5407 -3.36
-19.5307 -3.37
-19.520699999999998 -3.3850000000000002
-19.5107 -3.4089999999999994
-19.500700000000002 -3.4429999999999996
-19.4907 -3.4769999999999994
-19.4807 -3.528
-19.4707 -3.589
-19.4607 -3.656000000000001
-19.450699999999998 -3.7409999999999997
-19.4407 -3.8420000000000005
-19.4307 -3.9620000000000015
-19.4207 -4.1
-19.4107 -4.264
-19.4007 -4.45
-19.3907 -4.662
-19.3807 -4.901
-19.3707 -5.172
-19.3607 -5.465999999999998
-19.3507 -5.788
-19.3407 -6.135999999999999
-19.3307 -6.509
-19.3207 -6.899
-19.3107 -7.307999999999999
-19.3007 -7.731000000000001
-19.2907 -8.162
-19.2807 -8.6
-19.270699999999998 -9.041000000000002
-19.2607 -9.476
-19.250700000000002 -9.912
-19.2407 -10.328999999999999
-19.2307 -10.733
-19.2207 -11.135
-19.2107 -11.51
-19.200699999999998 -11.866
-19.1907 -12.225999999999999
-19.1807 -12.528
-19.1707 -12.858
-19.1607 -13.128999999999998
-19.1507 -13.374
-19.1407 -13.616
-19.1307 -13.86
-19.1207 -14.099000000000002
-19.1107 -14.275000000000002
-19.1007 -14.475999999999999
-19.0907 -14.621999999999998
-19.0807 -14.736000000000002
-19.0707 -14.914000000000001
-19.0607 -15.002999999999998
-19.0507 -15.063
-19.0407 -15.119000000000002
-19.0307 -15.147000000000002
-19.020699999999998 -15.123000000000005
-19.0107 -15.106000000000002
-19.000700000000002 -15.027999999999999
-18.9907 -14.911000000000001
-18.9807 -14.775000000000004
-18.9707 -14.563
-18.9607 -14.347000000000003
-18.950699999999998 -14.071000000000003
-18.9407 -13.794000000000002
-18.9307 -13.429999999999998
-18.9207 -13.072000000000001
-18.9107 -12.668000000000001
-18.9007 -12.234
-18.8907 -11.817000000000004
-18.8807 -11.376999999999997
-18.8707 -10.929999999999996
-18.8607 -10.481000000000002
-18.8507 -10.046999999999999
-18.8407 -9.626
-18.8307 -9.232
-18.8207 -8.866
-18.8107 -8.53
-18.8007 -8.235999999999999
-18.7907 -7.977999999999998
-18.7807 -7.765999999999999
-18.770699999999998 -7.595000000000001
-18.7607 -7.466
-18.750700000000002 -7.375
-18.7407 -7.322
-18.7307 -7.301
-18.7207 -7.308600000000002
-18.7107 -7.336599999999999
-18.700699999999998 -7.3849
-18.6907 -7.462999999999997
-18.6807 -7.5201
-18.6707 -7.593
-18.6607 -7.6819000000000015
-18.6507 -7.756399999999999
-18.6407 -7.8378
-18.6307 -7.931
-18.6207 -8.007700000000002
-18.6107 -8.094600000000002
-18.6007 -8.156999999999998
-18.5907 -8.2201
-18.5807 -8.2857
-18.5707 -8.352599999999999
-18.5607 -8.3943
-18.5507 -8.434499999999996
-18.5407 -8.4488
-18.5307 -8.4642
-18.520699999999998 -8.450299999999999
-18.5107 -8.405200000000002
-18.500700000000002 -8.334670000000001
-18.4907 -8.25252
-18.4807 -8.100950000000001
-18.4707 -7.928650000000001
-18.4607 -7.70222
-18.450699999999998 -7.432370000000001
-18.4407 -7.1325400000000005
-18.4307 -6.800909999999999
-18.4207 -6.42052
-18.4107 -6.022850000000001
-18.4007 -5.580769999999999
-18.3907 -5.15371
-18.3807 -4.708080000000001
-18.3707 -4.262980000000001
-18.3607 -3.8246
-18.3507 -3.39927
-18.3407 -2.9942699999999993
-18.3307 -2.6117000000000004
-18.3207 -2.25446
-18.3107 -1.92861
-18.3007 -1.634511
-18.2907 -1.3703690000000002
-18.2807 -1.137619
-18.270699999999998 -0.935876
-18.2607 -0.761879
-18.250700000000002 -0.6129499999999999
-18.2407 -0.4894100000000001
-18.2307 -0.386349
-18.2207 -0.30183699999999997
-18.2107 -0.23342169999999998
-18.200699999999998 -0.1788362
-18.1907 -0.13541430000000002
-18.1807 -0.1015825
-18.1707 -0.07536249999999999
-18.1607 -0.0553907
-18.1507 -0.0402231
-18.1407 -0.0289332
-18.1307 -0.02060202
-18.1207 -0.014515740000000001
-18.1107 -0.010125110000000001
-18.1007 -0.00698318
-18.0907 -0.00476634
-18.0807 -0.0032190299999999995
-18.0707 -0.002152781
-18.0607 -0.0014240049999999999
-18.0507 -0.0009328420000000001
-18.0407 -0.000603722
-18.0307 -0.000387017
-18.020699999999998 -0.00024550440000000004
-18.0107 -0.0001541452
-18.000700000000002 -9.571309999999998e-05
-17.9907 -5.879800000000001e-05
-17.9807 -3.57308e-05
-17.9707 -2.1481030000000002e-05
-17.9607 -1.2807510000000001e-05
-17.950699999999998 -7.538040000000001e-06
-17.9407 -4.3895900000000004e-06
-17.9307 -2.531771e-06
-17.9207 -1.44409e-06
-17.9107 -8.15941e-07
-17.9007 -4.551799999999999e-07
-17.8907 -2.517332e-07
-17.8807 -1.375704e-07
-17.8707 -7.43847e-08
-17.8607 -3.981e-08
-17.8507 -2.108912e-08
-17.8407 -1.104782e-08
-17.8307 -5.72593e-09
-17.8207 -2.935989e-09
-17.8107 -1.4855030000000002e-09
-17.8007 -7.45685e-10
-17.7907 -3.7029669999999993e-10
-17.7807 -1.8142530000000004e-10
-17.770699999999998 -8.67898e-11
-17.7607 -3.775733e-11
-17.750700000000002 -1.545504e-11
-17.7407 -3.751146e-12
-17.7307 -0.0
-17.7207 -0.0
-17.7107 -0.0
-17.700699999999998 -0.0
-17.6907 -0.0
-17.6807 -0.0
-17.6707 -0.0
-17.6607 -0.0
-17.6507 -0.0
-17.6407 -0.0
-17.6307 -0.0
-17.6207 -0.0
-17.6107 -0.0
-17.6007 -0.0
-17.5907 -0.0
-17.5807 -0.0
-17.5707 -0.0
-17.5607 -0.0
-17.5507 -0.0
-17.5407 -0.0
-17.5307 -0.0
-17.520699999999998 -0.0
-17.5107 -0.0
-17.5007 -0.0
-17.4907 -0.0
-17.4807 -0.0
-17.4707 -0.0
-17.4607 -0.0
-17.4507 -0.0
-17.4407 -0.0
-17.4307 -0.0
-17.4207 -0.0
-17.4107 -0.0
-17.4007 -0.0
-17.3907 -0.0
-17.3807 -0.0
-17.3707 -0.0
-17.3607 -0.0
-17.3507 -0.0
-17.3407 -0.0
-17.3307 -0.0
-17.3207 -0.0
-17.3107 -0.0
-17.3007 -0.0
-17.2907 -0.0
-17.2807 -0.0
-17.270699999999998 -0.0
-17.2607 -0.0
-17.2507 -0.0
-17.2407 -0.0
-17.2307 -0.0
-17.2207 -0.0
-17.2107 -0.0
-17.2007 -0.0
-17.1907 -0.0
-17.1807 -0.0
-17.1707 -0.0
-17.1607 -0.0
-17.1507 -0.0
-17.1407 -0.0
-17.1307 -0.0
-17.1207 -0.0
-17.1107 -0.0
-17.1007 -0.0
-17.0907 -0.0
-17.0807 -0.0
-17.0707 -0.0
-17.0607 -0.0
-17.0507 -0.0
-17.0407 -0.0
-17.0307 -0.0
-17.020699999999998 -0.0
-17.0107 -0.0
-17.0007 -0.0
-16.9907 -0.0
-16.9807 -0.0
-16.9707 -0.0
-16.9607 -0.0
-16.9507 -0.0
-16.9407 -0.0
-16.9307 -0.0
-16.9207 -0.0
-16.9107 -0.0
-16.9007 -0.0
-16.8907 -0.0
-16.8807 -0.0
-16.8707 -0.0
-16.8607 -0.0
-16.8507 -0.0
-16.8407 -0.0
-16.8307 -0.0
-16.8207 -0.0
-16.8107 -0.0
-16.8007 -0.0
-16.7907 -0.0
-16.7807 -0.0
-16.770699999999998 -0.0
-16.7607 -0.0
-16.7507 -0.0
-16.7407 -0.0
-16.7307 -0.0
-16.7207 -0.0
-16.7107 -0.0
-16.7007 -0.0
-16.6907 -0.0
-16.6807 -0.0
-16.6707 -0.0
-16.6607 -0.0
-16.6507 -0.0
-16.6407 -0.0
-16.6307 -0.0
-16.6207 -0.0
-16.6107 -0.0
-16.6007 -0.0
-16.5907 -0.0
-16.5807 -0.0
-16.5707 -0.0
-16.5607 -0.0
-16.5507 -0.0
-16.5407 -0.0
-16.5307 -0.0
-16.520699999999998 -0.0
-16.5107 -0.0
-16.5007 -0.0
-16.4907 -0.0
-16.4807 -0.0
-16.4707 -0.0
-16.4607 -0.0
-16.4507 -0.0
-16.4407 -0.0
-16.4307 -0.0
-16.4207 -0.0
-16.4107 -0.0
-16.4007 -0.0
-16.3907 -0.0
-16.3807 -0.0
-16.3707 -0.0
-16.3607 -0.0
-16.3507 -0.0
-16.3407 -0.0
-16.3307 -0.0
-16.3207 -0.0
-16.3107 -0.0
-16.3007 -0.0
-16.2907 -0.0
-16.2807 -0.0
-16.270699999999998 -0.0
-16.2607 -0.0
-16.2507 -0.0
-16.2407 -0.0
-16.2307 -0.0
-16.2207 -0.0
-16.2107 -0.0
-16.2007 -0.0
-16.1907 -0.0
-16.1807 -0.0
-16.1707 -0.0
-16.1607 -0.0
-16.1507 -0.0
-16.1407 -0.0
-16.1307 -0.0
-16.1207 -0.0
-16.1107 -0.0
-16.1007 -0.0
-16.0907 -0.0
-16.0807 -0.0
-16.0707 -0.0
-16.0607 -0.0
-16.0507 -0.0
-16.0407 -0.0
-16.0307 -0.0
-16.020699999999998 -0.0
-16.0107 -0.0
-16.0007 -0.0
-15.9907 -0.0
-15.980699999999999 -0.0
-15.9707 -0.0
-15.9607 -0.0
-15.9507 -0.0
-15.9407 -0.0
-15.9307 -0.0
-15.9207 -0.0
-15.9107 -0.0
-15.9007 -0.0
-15.890699999999999 -0.0
-15.8807 -0.0
-15.8707 -0.0
-15.8607 -0.0
-15.8507 -0.0
-15.8407 -0.0
-15.8307 -0.0
-15.8207 -0.0
-15.8107 -0.0
-15.800699999999999 -0.0
-15.7907 -0.0
-15.7807 -0.0
-15.7707 -0.0
-15.7607 -0.0
-15.7507 -0.0
-15.7407 -0.0
-15.730699999999999 -0.0
-15.7207 -0.0
-15.7107 -0.0
-15.7007 -0.0
-15.6907 -0.0
-15.6807 -0.0
-15.6707 -0.0
-15.6607 -0.0
-15.6507 -0.0
-15.640699999999999 -0.0
-15.6307 -0.0
-15.6207 -0.0
-15.6107 -0.0
-15.6007 -0.0
-15.5907 -0.0
-15.5807 -0.0
-15.5707 -0.0
-15.5607 -0.0
-15.550699999999999 -0.0
-15.5407 -0.0
-15.5307 -0.0
-15.5207 -0.0
-15.5107 -0.0
-15.5007 -0.0
-15.4907 -0.0
-15.480699999999999 -0.0
-15.4707 -0.0
-15.4607 -0.0
-15.4507 -0.0
-15.4407 -0.0
-15.4307 -0.0
-15.4207 -0.0
-15.4107 -0.0
-15.4007 -0.0
-15.390699999999999 -0.0
-15.3807 -0.0
-15.3707 -0.0
-15.3607 -0.0
-15.3507 -0.0
-15.3407 -0.0
-15.3307 -0.0
-15.3207 -0.0
-15.3107 -0.0
-15.300699999999999 -0.0
-15.2907 -0.0
-15.2807 -0.0
-15.2707 -0.0
-15.2607 -0.0
-15.2507 -0.0
-15.2407 -0.0
-15.230699999999999 -0.0
-15.2207 -0.0
-15.2107 -0.0
-15.2007 -0.0
-15.1907 -0.0
-15.1807 -0.0
-15.1707 -0.0
-15.1607 -0.0
-15.1507 -0.0
-15.140699999999999 -0.0
-15.1307 -0.0
-15.1207 -0.0
-15.1107 -0.0
-15.1007 -0.0
-15.0907 -0.0
-15.0807 -0.0
-15.0707 -0.0
-15.0607 -0.0
-15.050699999999999 -0.0
-15.0407 -0.0
-15.0307 -0.0
-15.0207 -0.0
-15.0107 -0.0
-15.0007 -0.0
-14.9907 -0.0
-14.980699999999999 -0.0
-14.9707 -0.0
-14.9607 -0.0
-14.9507 -0.0
-14.9407 -0.0
-14.9307 -0.0
-14.9207 -0.0
-14.9107 -0.0
-14.9007 -0.0
-14.890699999999999 -0.0
-14.8807 -0.0
-14.8707 -0.0
-14.8607 -0.0
-14.8507 -0.0
-14.8407 -0.0
-14.8307 -0.0
-14.8207 -0.0
-14.8107 -0.0
-14.800699999999999 -0.0
-14.7907 -0.0
-14.7807 -0.0
-14.7707 -0.0
-14.7607 -0.0
-14.7507 -0.0
-14.7407 -0.0
-14.730699999999999 -0.0
-14.7207 -0.0
-14.7107 -0.0
-14.7007 -0.0
-14.6907 -0.0
-14.6807 -0.0
-14.6707 -0.0
-14.6607 -0.0
-14.6507 -0.0
-14.640699999999999 -0.0
-14.6307 -0.0
-14.6207 -0.0
-14.6107 -0.0
-14.6007 -0.0
-14.5907 -0.0
-14.5807 -0.0
-14.5707 -0.0
-14.5607 -0.0
-14.550699999999999 -0.0
-14.5407 -0.0
-14.5307 -0.0
-14.5207 -0.0
-14.5107 -0.0
-14.5007 -0.0
-14.4907 -0.0
-14.4807 -0.0
-14.470699999999999 -0.0
-14.4607 -0.0
-14.4507 -0.0
-14.4407 -0.0
-14.4307 -0.0
-14.4207 -0.0
-14.4107 -0.0
-14.4007 -0.0
-14.390699999999999 -0.0
-14.3807 -0.0
-14.3707 -0.0
-14.3607 -0.0
-14.3507 -0.0
-14.3407 -0.0
-14.3307 -0.0
-14.3207 -0.0
-14.3107 -0.0
-14.300699999999999 -0.0
-14.2907 -0.0
-14.2807 -0.0
-14.2707 -0.0
-14.2607 -0.0
-14.2507 -0.0
-14.2407 -0.0
-14.2307 -0.0
-14.220699999999999 -0.0
-14.2107 -0.0
-14.2007 -0.0
-14.1907 -0.0
-14.1807 -0.0
-14.1707 -0.0
-14.1607 -0.0
-14.1507 -0.0
-14.140699999999999 -0.0
-14.1307 -0.0
-14.1207 -0.0
-14.1107 -0.0
-14.1007 -0.0
-14.0907 -0.0
-14.0807 -0.0
-14.0707 -0.0
-14.0607 -0.0
-14.050699999999999 -0.0
-14.0407 -0.0
-14.0307 -0.0
-14.0207 -0.0
-14.0107 -0.0
-14.0007 -0.0
-13.9907 -0.0
-13.9807 -0.0
-13.970699999999999 -0.0
-13.9607 -0.0
-13.9507 -0.0
-13.9407 -0.0
-13.9307 -0.0
-13.9207 -0.0
-13.9107 -0.0
-13.9007 -0.0
-13.890699999999999 -0.0
-13.8807 -0.0
-13.8707 -0.0
-13.8607 -0.0
-13.8507 -0.0
-13.8407 -0.0
-13.8307 -0.0
-13.8207 -0.0
-13.8107 -0.0
-13.800699999999999 -0.0
-13.7907 -0.0
-13.7807 -0.0
-13.7707 -0.0
-13.7607 -0.0
-13.7507 -0.0
-13.7407 -0.0
-13.7307 -0.0
-13.720699999999999 -0.0
-13.7107 -0.0
-13.7007 -0.0
-13.6907 -0.0
-13.6807 -0.0
-13.6707 -0.0
-13.6607 -0.0
-13.6507 -0.0
-13.640699999999999 -0.0
-13.6307 -0.0
-13.6207 -0.0
-13.6107 -0.0
-13.6007 -0.0
-13.5907 -0.0
-13.5807 -0.0
-13.5707 -0.0
-13.5607 -0.0
-13.550699999999999 -0.0
-13.5407 -0.0
-13.5307 -0.0
-13.5207 -0.0
-13.5107 -0.0
-13.5007 -0.0
-13.4907 -0.0
-13.4807 -0.0
-13.470699999999999 -0.0
-13.4607 -0.0
-13.4507 -0.0
-13.4407 -0.0
-13.4307 -0.0
-13.4207 -0.0
-13.4107 -0.0
-13.4007 -0.0
-13.390699999999999 -0.0
-13.3807 -0.0
-13.3707 -0.0
-13.3607 -0.0
-13.3507 -0.0
-13.3407 -0.0
-13.3307 -0.0
-13.3207 -0.0
-13.3107 -0.0
-13.300699999999999 -0.0
-13.2907 -0.0
-13.2807 -0.0
-13.2707 -0.0
-13.2607 -0.0
-13.2507 -0.0
-13.2407 -0.0
-13.2307 -0.0
-13.220699999999999 -0.0
-13.2107 -0.0
-13.2007 -0.0
-13.1907 -0.0
-13.1807 -0.0
-13.1707 -0.0
-13.1607 -0.0
-13.1507 -0.0
-13.140699999999999 -0.0
-13.1307 -0.0
-13.1207 -0.0
-13.1107 -0.0
-13.1007 -0.0
-13.0907 -0.0
-13.0807 -0.0
-13.0707 -0.0
-13.0607 -0.0
-13.050699999999999 -0.0
-13.0407 -0.0
-13.0307 -0.0
-13.0207 -0.0
-13.0107 -0.0
-13.0007 -0.0
-12.9907 -0.0
-12.9807 -0.0
-12.970699999999999 -0.0
-12.9607 -0.0
-12.9507 -0.0
-12.9407 -0.0
-12.9307 -0.0
-12.9207 -0.0
-12.9107 -0.0
-12.9007 -0.0
-12.890699999999999 -0.0
-12.8807 -0.0
-12.8707 -0.0
-12.8607 -0.0
-12.8507 -0.0
-12.8407 -0.0
-12.8307 -0.0
-12.8207 -0.0
-12.8107 -0.0
-12.800699999999999 -0.0
-12.7907 -0.0
-12.7807 -0.0
-12.7707 -0.0
-12.7607 -3.5330000000000006e-14
-12.7507 -1.2684e-13
-12.7407 -2.6304e-13
-12.7307 -6.673e-13
-12.720699999999999 -1.4135999999999998e-12
-12.7107 -2.912e-12
-12.7007 -5.8449999999999994e-12
-12.6907 -1.1695000000000001e-11
-12.6807 -2.3187e-11
-12.6707 -4.5243e-11
-12.6607 -8.742000000000001e-11
-12.6507 -1.6655e-10
-12.640699999999999 -3.1439999999999997e-10
-12.6307 -5.870999999999999e-10
-12.6207 -1.0843999999999999e-09
-12.6107 -1.9864999999999997e-09
-12.6007 -3.5898000000000006e-09
-12.5907 -6.436e-09
-12.5807 -1.1399000000000002e-08
-12.5707 -2.0036999999999996e-08
-12.5607 -3.4816999999999993e-08
-12.550699999999999 -5.988e-08
-12.5407 -1.0185000000000002e-07
-12.5307 -1.7175e-07
-12.5207 -2.8617000000000003e-07
-12.5107 -4.7286e-07
-12.5007 -7.732000000000001e-07
-12.4907 -1.2510000000000002e-06
-12.480699999999999 -2.0039999999999998e-06
-12.4707 -3.1747000000000003e-06
-12.4607 -4.9883999999999995e-06
-12.4507 -7.759e-06
-12.4407 -1.1951999999999998e-05
-12.4307 -1.8192e-05
-12.4207 -2.7424000000000004e-05
-12.4107 -4.099899999999999e-05
-12.4007 -6.0681e-05
-12.390699999999999 -8.892000000000002e-05
-12.3807 -0.00012887999999999997
-12.3707 -0.00018531
-12.3607 -0.00026392
-12.3507 -0.00037176
-12.3407 -0.00051873
-12.3307 -0.000717
-12.3207 -0.000981
-12.3107 -0.0013296000000000002
-12.300699999999999 -0.0017883000000000005
-12.2907 -0.002385
-12.2807 -0.0031389999999999994
-12.2707 -0.004099200000000001
-12.2607 -0.005305000000000001
-12.2507 -0.006804
-12.2407 -0.008638999999999997
-12.230699999999999 -0.01087
-12.2207 -0.013557000000000005
-12.2107 -0.016758000000000002
-12.2007 -0.020499
-12.1907 -0.024918
-12.1807 -0.029979
-12.1707 -0.03571799999999999
-12.1607 -0.042246000000000006
-12.1507 -0.049461
-12.140699999999999 -0.057468000000000005
-12.1307 -0.06620999999999999
-12.1207 -0.07560000000000001
-12.1107 -0.08572999999999999
-12.1007 -0.09641
-12.0907 -0.1074
-12.0807 -0.11904
-12.0707 -0.13102000000000003
-12.0607 -0.14295
-12.050699999999999 -0.15483
-12.0407 -0.16683
-12.0307 -0.17875999999999997
-12.0207 -0.19024
-12.0107 -0.20161999999999997
-12.0007 -0.21261
-11.9907 -0.22315
-11.980699999999999 -0.23364000000000001
-11.9707 -0.24339000000000002
-11.9607 -0.25296
-11.9507 -0.26257
-11.9407 -0.2718
-11.9307 -0.2805
-11.9207 -0.28986
-11.9107 -0.29819999999999997
-11.9007 -0.3069
-11.890699999999999 -0.3153000000000001
-11.8807 -0.32370000000000004
-11.8707 -0.3318000000000001
-11.8607 -0.34020000000000006
-11.8507 -0.3483
-11.8407 -0.3555
-11.8307 -0.3632000000000001
-11.8207 -0.36960000000000004
-11.8107 -0.37650000000000006
-11.800699999999999 -0.3828000000000001
-11.7907 -0.38850000000000007
-11.7807 -0.393
-11.7707 -0.39809999999999995
-11.7607 -0.40259999999999996
-11.7507 -0.40620000000000006
-11.7407 -0.40979999999999994
-11.730699999999999 -0.4130999999999999
-11.7207 -0.4154999999999999
-11.7107 -0.41789999999999994
-11.7007 -0.4199999999999999
-11.6907 -0.42150000000000004
-11.6807 -0.42330000000000007
-11.6707 -0.42449999999999993
-11.6607 -0.42569999999999997
-11.6507 -0.4266000000000001
-11.640699999999999 -0.42749999999999994
-11.6307 -0.4278
-11.6207 -0.4281
-11.6107 -0.42869999999999997
-11.6007 -0.429
-11.5907 -0.42900000000000005
-11.5807 -0.42930000000000007
-11.5707 -0.42960000000000004
-11.5607 -0.4296000000000001
-11.550699999999999 -0.4299
-11.5407 -0.42989999999999995
-11.5307 -0.43080000000000007
-11.5207 -0.4308
-11.5107 -0.43139999999999995
-11.5007 -0.43129999999999996
-11.4907 -0.43170000000000003
-11.480699999999999 -0.4316999999999999
-11.4707 -0.4322999999999999
-11.4607 -0.43180000000000013
-11.4507 -0.43170000000000003
-11.4407 -0.43199999999999994
-11.4307 -0.4311
-11.4207 -0.4302999999999999
-11.4107 -0.4296000000000001
-11.4007 -0.4284999999999999
-11.390699999999999 -0.4278
-11.3807 -0.4266
-11.3707 -0.42510000000000003
-11.3607 -0.4239
-11.3507 -0.4227
-11.3407 -0.4218
-11.3307 -0.42000000000000004
-11.3207 -0.4191000000000001
-11.3107 -0.41729999999999995
-11.300699999999999 -0.4155
-11.2907 -0.4130999999999999
-11.2807 -0.4104
-11.2707 -0.4074000000000001
-11.2607 -0.40320000000000006
-11.2507 -0.39810000000000006
-11.2407 -0.39239999999999997
-11.230699999999999 -0.38550000000000006
-11.2207 -0.3779999999999999
-11.2107 -0.36900000000000005
-11.2007 -0.35939999999999994
-11.1907 -0.3492000000000001
-11.1807 -0.33779999999999993
-11.1707 -0.3262
-11.1607 -0.31499999999999995
-11.1507 -0.3036000000000001
-11.140699999999999 -0.29159999999999997
-11.1307 -0.28079999999999994
-11.1207 -0.27021
-11.1107 -0.26000999999999996
-11.1007 -0.2505
-11.0907 -0.24224999999999997
-11.0807 -0.23499000000000003
-11.0707 -0.22845
-11.0607 -0.223
-11.050699999999999 -0.21852999999999995
-11.0407 -0.21412
-11.0307 -0.21091
-11.0207 -0.20820000000000002
-11.0107 -0.20595
-11.0007 -0.20439000000000002
-10.9907 -0.20295000000000002
-10.980699999999999 -0.20160000000000003
-10.9707 -0.19971000000000005
-10.9607 -0.19820999999999997
-10.9507 -0.19575000000000004
-10.9407 -0.19358
-10.9307 -0.19077
-10.9207 -0.18699
-10.9107 -0.18306
-10.9007 -0.17871
-10.890699999999999 -0.17330999999999996
-10.8807 -0.16778
-10.8707 -0.16179
-10.8607 -0.15508
-10.8507 -0.14801999999999998
-10.8407 -0.14085
-10.8307 -0.13363999999999998
-10.8207 -0.12609
-10.8107 -0.11892000000000001
-10.800699999999999 -0.11184
-10.7907 -0.10506
-10.7807 -0.09867000000000001
-10.7707 -0.09272000000000001
-10.7607 -0.08727000000000001
-10.7507 -0.08238000000000001
-10.7407 -0.07803
-10.730699999999999 -0.07431
-10.7207 -0.07118999999999999
-10.7107 -0.06861
-10.7007 -0.06659999999999999
-10.6907 -0.06509999999999999
-10.6807 -0.06408
-10.6707 -0.06354
-10.6607 -0.06336
-10.6507 -0.06356999999999999
-10.640699999999999 -0.06409000000000001
-10.6307 -0.06486999999999998
-10.6207 -0.06584999999999999
-10.6107 -0.06699000000000001
-10.6007 -0.06824999999999999
-10.5907 -0.06956999999999999
-10.5807 -0.07083000000000002
-10.5707 -0.07200000000000001
-10.5607 -0.07299
-10.550699999999999 -0.07382999999999999
-10.5407 -0.07433000000000001
-10.5307 -0.07454999999999999
-10.5207 -0.07431
-10.5107 -0.07374
-10.5007 -0.07271999999999998
-10.4907 -0.07127000000000001
-10.480699999999999 -0.06933000000000002
-10.4707 -0.06701000000000001
-10.4607 -0.06432000000000002
-10.4507 -0.061259999999999995
-10.4407 -0.05796999999999999
-10.4307 -0.05446
-10.4207 -0.050850000000000006
-10.4107 -0.047130000000000005
-10.4007 -0.043440000000000006
-10.390699999999999 -0.03984000000000001
-10.3807 -0.03633000000000001
-10.3707 -0.033089999999999994
-10.3607 -0.03003000000000001
-10.3507 -0.027209999999999998
-10.3407 -0.02472
-10.3307 -0.022437000000000002
-10.3207 -0.02052
-10.3107 -0.018849000000000005
-10.300699999999999 -0.017378999999999995
-10.2907 -0.016188
-10.2807 -0.015166
-10.2707 -0.014337000000000003
-10.2607 -0.013598999999999998
-10.2507 -0.012986000000000001
-10.2407 -0.012444
-10.230699999999999 -0.011933999999999998
-10.2207 -0.011454000000000002
-10.2107 -0.010977000000000002
-10.2007 -0.010485000000000001
-10.1907 -0.009983
-10.1807 -0.009456999999999998
-10.1707 -0.008903999999999999
-10.1607 -0.008328
-10.1507 -0.007736999999999999
-10.140699999999999 -0.007131
-10.1307 -0.006528
-10.1207 -0.005922
-10.1107 -0.005324999999999999
-10.1007 -0.004755
-10.0907 -0.004199999999999999
-10.0807 -0.003687
-10.0707 -0.003204
-10.0607 -0.002757
-10.050699999999999 -0.002352
-10.0407 -0.0019893
-10.0307 -0.0016668
-10.0207 -0.0013836000000000002
-10.0107 -0.0011373000000000002
-10.0007 -0.0009264000000000002
-9.9907 -0.0007476000000000002
-9.980699999999999 -0.0005972000000000001
-9.9707 -0.00047279999999999995
-9.9607 -0.00037079999999999996
-9.9507 -0.00028770000000000005
-9.9407 -0.00022130000000000004
-9.9307 -0.00016838999999999998
-9.9207 -0.00012687
-9.9107 -9.468000000000001e-05
-9.9007 -6.996000000000001e-05
-9.890699999999999 -5.123999999999999e-05
-9.8807 -3.714e-05
-9.8707 -2.6669999999999997e-05
-9.8607 -1.9092e-05
-9.8507 -1.3636e-05
-9.8407 -9.848999999999998e-06
-9.8307 -7.359000000000001e-06
-9.8207 -5.927e-06
-9.8107 -5.4230000000000004e-06
-9.800699999999999 -5.806e-06
-9.7907 -7.166e-06
-9.7807 -9.708000000000001e-06
-9.7707 -1.3769e-05
-9.7607 -1.983e-05
-9.7507 -2.8693000000000005e-05
-9.7407 -4.1255e-05
-9.730699999999999 -5.8901000000000004e-05
-9.7207 -8.323e-05
-9.7107 -0.00011647999999999998
-9.7007 -0.0001617
-9.6907 -0.00022192999999999998
-9.6807 -0.00030142999999999994
-9.6707 -0.00040513999999999996
-9.6607 -0.0005391999999999999
-9.6507 -0.0007107499999999999
-9.640699999999999 -0.0009269
-9.6307 -0.001197
-9.6207 -0.0015333999999999999
-9.6107 -0.0019348
-9.6007 -0.0024278
-9.5907 -0.0030156000000000007
-9.5807 -0.0037064000000000008
-9.570699999999999 -0.0045113
-9.5607 -0.0054388000000000014
-9.550699999999999 -0.006502300000000001
-9.540700000000001 -0.007693000000000001
-9.5307 -0.009014999999999999
-9.5207 -0.010462
-9.5107 -0.012072000000000003
-9.5007 -0.013776000000000002
-9.4907 -0.015550999999999999
-9.480699999999999 -0.017452999999999996
-9.4707 -0.019427
-9.4607 -0.021453
-9.4507 -0.023445000000000004
-9.4407 -0.025464
-9.4307 -0.027500999999999998
-9.4207 -0.029444999999999995
-9.410699999999999 -0.031317000000000005
-9.4007 -0.033087
-9.390699999999999 -0.034785
-9.380700000000001 -0.036359999999999996
-9.3707 -0.037839
-9.3607 -0.039185
-9.3507 -0.040382999999999995
-9.3407 -0.04155400000000001
-9.3307 -0.04257199999999999
-9.320699999999999 -0.043547
-9.3107 -0.044418
-9.300699999999999 -0.045321
-9.290700000000001 -0.046159
-9.2807 -0.046992000000000006
-9.2707 -0.04781999999999999
-9.2607 -0.048626
-9.2507 -0.04955399999999999
-9.2407 -0.0504
-9.230699999999999 -0.05127000000000001
-9.2207 -0.05217000000000001
-9.2107 -0.053079999999999995
-9.2007 -0.05388
-9.1907 -0.05472000000000001
-9.1807 -0.055470000000000005
-9.1707 -0.0561
-9.160699999999999 -0.05661000000000001
-9.1507 -0.057060000000000013
-9.140699999999999 -0.057300000000000004
-9.130700000000001 -0.05748
-9.1207 -0.05749
-9.1107 -0.05734999999999999
-9.1007 -0.05715
-9.0907 -0.05687
-9.0807 -0.05652
-9.070699999999999 -0.05610000000000001
-9.0607 -0.05568999999999999
-9.050699999999999 -0.05526000000000001
-9.040700000000001 -0.05495
-9.0307 -0.05469
-9.0207 -0.05452000000000001
-9.0107 -0.05442000000000001
-9.0007 -0.05451
-8.9907 -0.054650000000000004
-8.980699999999999 -0.05493
-8.9707 -0.05537999999999999
-8.9607 -0.05589
-8.9507 -0.05654999999999999
-8.9407 -0.057269999999999995
-8.9307 -0.05817
-8.9207 -0.059100000000000014
-8.910699999999999 -0.06018000000000001
-8.9007 -0.06132
-8.890699999999999 -0.06258
-8.880700000000001 -0.06387
-8.8707 -0.06530999999999999
-8.8607 -0.06683999999999998
-8.8507 -0.0684
-8.8407 -0.07005000000000002
-8.8307 -0.07175
-8.820699999999999 -0.07353
-8.8107 -0.07529999999999999
-8.800699999999999 -0.07713000000000002
-8.790700000000001 -0.07890999999999998
-8.7807 -0.08066000000000001
-8.7707 -0.08229
-8.7607 -0.08391999999999998
-8.7507 -0.08536000000000002
-8.7407 -0.08676000000000002
-8.730699999999999 -0.08801999999999999
-8.7207 -0.08909999999999997
-8.7107 -0.09000000000000001
-8.7007 -0.09077999999999999
-8.6907 -0.09138
-8.6807 -0.09189
-8.6707 -0.09228000000000001
-8.660699999999999 -0.09261
-8.6507 -0.09276
-8.640699999999999 -0.09288000000000002
-8.630700000000001 -0.09297000000000001
-8.6207 -0.09303
-8.6107 -0.09298999999999999
-8.6007 -0.09306000000000002
-8.5907 -0.09309
-8.5807 -0.09305999999999999
-8.570699999999999 -0.09313999999999999
-8.5607 -0.09317999999999999
-8.550699999999999 -0.0933
-8.540700000000001 -0.09339
-8.5307 -0.09354
-8.5207 -0.09366000000000001
-8.5107 -0.09378000000000002
-8.5007 -0.09396000000000002
-8.4907 -0.09412000000000001
-8.480699999999999 -0.09425000000000001
-8.4707 -0.09438
-8.4607 -0.09452999999999998
-8.4507 -0.09465000000000001
-8.4407 -0.09470999999999999
-8.4307 -0.09477000000000001
-8.4207 -0.09483
-8.410699999999999 -0.09483
-8.4007 -0.09481
-8.390699999999999 -0.09481
-8.380700000000001 -0.09477000000000001
-8.3707 -0.09477200000000001
-8.3607 -0.09478800000000003
-8.3507 -0.09483400000000002
-8.3407 -0.09494799999999999
-8.3307 -0.09515999999999998
-8.320699999999999 -0.095469
-8.3107 -0.09599700000000001
-8.300699999999999 -0.09659799999999999
-8.290700000000001 -0.09746799999999997
-8.2807 -0.09860400000000002
-8.2707 -0.09993600000000002
-8.2607 -0.10154400000000002
-8.2507 -0.10345800000000002
-8.2407 -0.105738
-8.230699999999999 -0.108294
-8.2207 -0.11118599999999998
-8.2107 -0.113871
-8.2007 -0.116955
-8.1907 -0.12010200000000003
-8.1807 -0.12327600000000001
-8.1707 -0.12617699999999998
-8.160699999999999 -0.129088
-8.1507 -0.13167900000000002
-8.140699999999999 -0.133887
-8.130700000000001 -0.135472
-8.1207 -0.13666800000000004
-8.1107 -0.137412
-8.1007 -0.137196
-8.0907 -0.13619699999999998
-8.0807 -0.134469
-8.070699999999999 -0.132288
-8.0607 -0.129111
-8.050699999999999 -0.12516500000000003
-8.040700000000001 -0.12111300000000001
-8.0307 -0.116065
-8.0207 -0.11063800000000001
-8.0107 -0.10486799999999999
-8.0007 -0.098715
-7.9906999999999995 -0.09225599999999999
-7.9807 -0.08588100000000001
-7.9707 -0.07939900000000001
-7.9607 -0.073284
-7.950699999999999 -0.06688200000000001
-7.9407 -0.06073
-7.9307 -0.054924
-7.9207 -0.049429999999999995
-7.910699999999999 -0.044268
-7.9007 -0.03955999999999999
-7.8907 -0.035256
-7.8807 -0.031369
-7.870699999999999 -0.027951999999999998
-7.8607 -0.024979
-7.8507 -0.022431
-7.8407 -0.020351
-7.8307 -0.018658
-7.8206999999999995 -0.017346
-7.8107 -0.016405
-7.8007 -0.015791999999999997
-7.7907 -0.015416
-7.7806999999999995 -0.015342999999999999
-7.7707 -0.015421999999999998
-7.7607 -0.015687999999999997
-7.7507 -0.01608
-7.7406999999999995 -0.016550999999999996
-7.7307 -0.017065999999999998
-7.7207 -0.017568
-7.7107 -0.018050999999999998
-7.700699999999999 -0.018525
-7.6907 -0.018886000000000003
-7.6807 -0.019224
-7.6707 -0.01942
-7.660699999999999 -0.019560999999999995
-7.6507 -0.019587
-7.6407 -0.019499999999999993
-7.6307 -0.019329
-7.620699999999999 -0.019114
-7.6107 -0.018889000000000006
-7.6007 -0.018566999999999997
-7.5907 -0.018275999999999997
-7.5807 -0.017988
-7.5706999999999995 -0.017778000000000002
-7.5607 -0.01765
-7.5507 -0.017644
-7.5407 -0.017730000000000003
-7.5306999999999995 -0.017980000000000003
-7.5207 -0.018455999999999997
-7.5107 -0.019104000000000003
-7.5007 -0.019927
-7.4906999999999995 -0.020985999999999998
-7.4807 -0.022254
-7.4707 -0.023756999999999993
-7.4607 -0.025406999999999992
-7.450699999999999 -0.027256
-7.4407 -0.029188
-7.4307 -0.031310000000000004
-7.4207 -0.03345
-7.410699999999999 -0.035599
-7.4007 -0.037760999999999996
-7.3907 -0.039828999999999996
-7.3807 -0.04179
-7.370699999999999 -0.043599999999999986
-7.3607 -0.045270000000000005
-7.3507 -0.04665999999999999
-7.3407 -0.047850000000000004
-7.3307 -0.04886
-7.3206999999999995 -0.049620000000000004
-7.3107 -0.05014999999999999
-7.3007 -0.05048999999999999
-7.2907 -0.05069999999999999
-7.2806999999999995 -0.05078
-7.2707 -0.05078
-7.2607 -0.05079
-7.2507 -0.050820000000000004
-7.2406999999999995 -0.05101
-7.2307 -0.051269999999999996
-7.2207 -0.051750000000000004
-7.2107 -0.05247
-7.200699999999999 -0.05342
-7.1907 -0.0547
-7.1807 -0.05625000000000001
-7.1707 -0.05808
-7.160699999999999 -0.06028000000000001
-7.1507 -0.0627
-7.1407 -0.06546
-7.1307 -0.0685
-7.120699999999999 -0.07171000000000001
-7.1107 -0.07521
-7.1007 -0.07887
-7.0907 -0.08270999999999999
-7.0807 -0.08668999999999999
-7.0706999999999995 -0.09075
-7.0607 -0.09489000000000002
-7.0507 -0.09912000000000001
-7.0407 -0.10330000000000003
-7.0306999999999995 -0.10745999999999999
-7.0207 -0.11160000000000002
-7.0107 -0.11562
-7.0007 -0.11949000000000001
-6.9906999999999995 -0.12317999999999997
-6.9807 -0.12666
-6.9707 -0.12991
-6.9607 -0.13284
-6.950699999999999 -0.13558
-6.9407 -0.13771
-6.9307 -0.13968000000000003
-6.9207 -0.14103
-6.910699999999999 -0.14212999999999998
-6.9007 -0.14292000000000002
-6.8907 -0.14322000000000007
-6.8807 -0.14338
-6.870699999999999 -0.14309999999999998
-6.8607 -0.14259
-6.8507 -0.14200000000000002
-6.8407 -0.141
-6.8307 -0.13998
-6.8206999999999995 -0.13893
-6.8107 -0.13791
-6.8007 -0.13683000000000003
-6.7907 -0.13582999999999998
-6.7806999999999995 -0.13486
-6.7707 -0.13399
-6.7607 -0.13319999999999999
-6.7507 -0.13253999999999996
-6.7406999999999995 -0.13202
-6.7307 -0.13156
-6.7207 -0.13122
-6.7107 -0.13106
-6.700699999999999 -0.13097999999999999
-6.6907 -0.13098000000000004
-6.6807 -0.13117
-6.6707 -0.13147
-6.660699999999999 -0.13191
-6.6507 -0.13248
-6.6407 -0.13323000000000002
-6.6307 -0.13419
-6.620699999999999 -0.13533
-6.6107 -0.13671
-6.6007 -0.13831000000000004
-6.5907 -0.14013000000000003
-6.5807 -0.14226
-6.5706999999999995 -0.14464000000000002
-6.5607 -0.14694
-6.5507 -0.14975
-6.5407 -0.15279
-6.5306999999999995 -0.15582
-6.5207 -0.15894000000000003
-6.5107 -0.16221000000000002
-6.5007 -0.16552
-6.4906999999999995 -0.16863000000000003
-6.4807 -0.17202
-6.4707 -0.17516
-6.4607 -0.17820000000000005
-6.450699999999999 -0.18103
-6.4407 -0.18392999999999995
-6.4307 -0.1866
-6.4207 -0.18843999999999997
-6.410699999999999 -0.19032
-6.4007 -0.19254
-6.3907 -0.19443
-6.3807 -0.19566
-6.370699999999999 -0.19686
-6.3607 -0.19806
-6.3507 -0.19926
-6.3407 -0.19979999999999995
-6.3307 -0.20060999999999998
-6.3206999999999995 -0.20109
-6.3107 -0.20158000000000004
-6.3007 -0.20201999999999998
-6.2907 -0.20184000000000002
-6.2806999999999995 -0.2019
-6.2707 -0.20165999999999998
-6.2607 -0.20135999999999998
-6.2507 -0.20102999999999993
-6.2406999999999995 -0.20067000000000002
-6.2307 -0.20025000000000004
-6.2207 -0.19946999999999998
-6.2107 -0.19872999999999996
-6.200699999999999 -0.1977
-6.1907 -0.19691999999999998
-6.1807 -0.19584
-6.1707 -0.19476
-6.160699999999999 -0.19382999999999997
-6.1507 -0.19284
-6.1407 -0.19187999999999997
-6.1307 -0.19019000000000003
-6.120699999999999 -0.18902000000000002
-6.1107 -0.18833999999999995
-6.1007 -0.18735
-6.0907 -0.18572999999999995
-6.0807 -0.18510000000000004
-6.0706999999999995 -0.18426
-6.0607 -0.18342
-6.0507 -0.18222
-6.0407 -0.18165
-6.0306999999999995 -0.18144
-6.0207 -0.18090000000000003
-6.0107 -0.18047
-6.0007 -0.18031000000000003
-5.9906999999999995 -0.18048999999999998
-5.9807 -0.18039
-5.9707 -0.1803
-5.9607 -0.18080000000000002
-5.950699999999999 -0.18069
-5.9407 -0.18119000000000002
-5.9307 -0.18138000000000004
-5.9207 -0.18183999999999997
-5.910699999999999 -0.182
-5.9007 -0.18215
-5.8907 -0.18260999999999997
-5.8807 -0.18264000000000002
-5.870699999999999 -0.18287
-5.8607 -0.18317
-5.8507 -0.18311999999999998
-5.8407 -0.18275999999999998
-5.8307 -0.18275999999999998
-5.8206999999999995 -0.18245000000000003
-5.8107 -0.18153000000000005
-5.8007 -0.18123
-5.7907 -0.18035999999999996
-5.7806999999999995 -0.17980999999999994
-5.7707 -0.17868
-5.7607 -0.17787000000000003
-5.7507 -0.17709000000000003
-5.7406999999999995 -0.17627
-5.7307 -0.17511
-5.7207 -0.17448
-5.7107 -0.17361
-5.700699999999999 -0.17312
-5.6907 -0.17297999999999997
-5.6807 -0.17202
-5.6707 -0.17198999999999998
-5.660699999999999 -0.17201999999999998
-5.6507 -0.17214000000000002
-5.6407 -0.17195999999999995
-5.6307 -0.17213
-5.620699999999999 -0.1723
-5.6107 -0.17217000000000002
-5.6007 -0.17229
-5.5907 -0.17181
-5.5807 -0.17158
-5.5707 -0.17097000000000004
-5.560700000000001 -0.17016
-5.550699999999999 -0.16944
-5.540699999999999 -0.16798999999999997
-5.5306999999999995 -0.16638000000000003
-5.5207 -0.16469
-5.5107 -0.16256999999999996
-5.5007 -0.16011
-5.4907 -0.15789000000000003
-5.480700000000001 -0.15537000000000004
-5.470699999999999 -0.15255
-5.460699999999999 -0.15006
-5.450699999999999 -0.14763
-5.4407 -0.14532000000000003
-5.4307 -0.14304000000000003
-5.4207 -0.14093999999999998
-5.4107 -0.13955
-5.4007000000000005 -0.13773
-5.390699999999999 -0.13663
-5.380699999999999 -0.13568
-5.370699999999999 -0.13518000000000002
-5.3607 -0.13512
-5.3507 -0.13488
-5.3407 -0.13533
-5.3307 -0.13530999999999999
-5.3207 -0.13626
-5.310700000000001 -0.13670999999999997
-5.300699999999999 -0.13782
-5.290699999999999 -0.13838999999999999
-5.2806999999999995 -0.13956
-5.2707 -0.14053
-5.2607 -0.14156999999999997
-5.2507 -0.14286
-5.2407 -0.14390999999999998
-5.230700000000001 -0.14501
-5.220699999999999 -0.14593000000000003
-5.210699999999999 -0.14694
-5.200699999999999 -0.14778
-5.1907 -0.14868
-5.1807 -0.14925000000000002
-5.1707 -0.15012
-5.1607 -0.15072
-5.1507000000000005 -0.15099
-5.140699999999999 -0.15155999999999997
-5.130699999999999 -0.1518
-5.120699999999999 -0.15203
-5.1107 -0.15197
-5.1007 -0.15181999999999995
-5.0907 -0.15171
-5.0807 -0.15126
-5.0707 -0.1512
-5.060700000000001 -0.15099
-5.050699999999999 -0.15083000000000002
-5.040699999999999 -0.15038999999999997
-5.0306999999999995 -0.15024
-5.0207 -0.1504
-5.0107 -0.14997
-5.0007 -0.15021000000000004
-4.9907 -0.15009
-4.980700000000001 -0.15032000000000004
-4.970699999999999 -0.15039999999999998
-4.960699999999999 -0.15042000000000003
-4.950699999999999 -0.15063000000000001
-4.9407 -0.15078000000000003
-4.9307 -0.1509
-4.9207 -0.15069
-4.9107 -0.15075000000000002
-4.9007000000000005 -0.15038999999999997
-4.890699999999999 -0.14999
-4.880699999999999 -0.14955000000000002
-4.870699999999999 -0.14898000000000003
-4.8607 -0.14838
-4.8507 -0.14739999999999998
-4.8407 -0.14666999999999997
-4.8307 -0.14556
-4.8207 -0.14467999999999998
-4.810700000000001 -0.14349000000000003
-4.800699999999999 -0.14223000000000002
-4.790699999999999 -0.14093000000000003
-4.7806999999999995 -0.13977
-4.7707 -0.13848
-4.7607 -0.13713999999999998
-4.7507 -0.13613
-4.7407 -0.13478
-4.730700000000001 -0.13346
-4.720699999999999 -0.13215
-4.710699999999999 -0.13095
-4.700699999999999 -0.12974
-4.6907 -0.12857
-4.6807 -0.12738
-4.6707 -0.12632
-4.6607 -0.12524999999999997
-4.6507000000000005 -0.12426
-4.640699999999999 -0.12339000000000001
-4.630699999999999 -0.12261
-4.620699999999999 -0.12189999999999998
-4.6107 -0.12140000000000001
-4.6007 -0.12099000000000001
-4.5907 -0.12075000000000001
-4.5807 -0.12063
-4.5707 -0.12068999999999998
-4.560700000000001 -0.12086000000000004
-4.550699999999999 -0.12116999999999999
-4.540699999999999 -0.12161999999999998
-4.5306999999999995 -0.12221000000000001
-4.5207 -0.12292
-4.5107 -0.12363
-4.5007 -0.12444000000000004
-4.4907 -0.12541000000000002
-4.480700000000001 -0.12606
-4.470699999999999 -0.12703
-4.460699999999999 -0.1276
-4.450699999999999 -0.12852000000000002
-4.4407 -0.12908999999999998
-4.4307 -0.12966
-4.4207 -0.13011
-4.4107 -0.13026000000000001
-4.4007000000000005 -0.13065
-4.390699999999999 -0.13065
-4.380699999999999 -0.13091999999999998
-4.370699999999999 -0.1308
-4.3607 -0.13059
-4.3507 -0.13046999999999997
-4.3407 -0.13017
-4.3307 -0.12991
-4.3207 -0.12954000000000002
-4.310700000000001 -0.12918000000000004
-4.300699999999999 -0.12875999999999999
-4.290699999999999 -0.12834
-4.2806999999999995 -0.12786
-4.2707 -0.12741
-4.2607 -0.12693
-4.2507 -0.12642
-4.2407 -0.12588
-4.230700000000001 -0.12530999999999998
-4.220699999999999 -0.12473000000000001
-4.210699999999999 -0.12408000000000002
-4.200699999999999 -0.12345999999999997
-4.1907 -0.12276000000000001
-4.1807 -0.12204000000000002
-4.1707 -0.12134000000000003
-4.1607 -0.12054
-4.1507000000000005 -0.11976
-4.140699999999999 -0.11899
-4.130699999999999 -0.11815999999999999
-4.120699999999999 -0.11735000000000002
-4.1107 -0.11657999999999998
-4.1007 -0.11579000000000003
-4.0907 -0.11503
-4.0807 -0.11432999999999999
-4.0707 -0.11369999999999998
-4.060700000000001 -0.11304
-4.050699999999999 -0.11247000000000003
-4.040699999999999 -0.11192999999999999
-4.0306999999999995 -0.11146
-4.0207 -0.11103000000000002
-4.0107 -0.11062
-4.0007 -0.11030999999999999
-3.9907000000000004 -0.10998000000000001
-3.9807000000000006 -0.10977000000000002
-3.970699999999999 -0.10954000000000001
-3.960699999999999 -0.10939
-3.9506999999999994 -0.10926
-3.9406999999999996 -0.10914
-3.9307 -0.10908000000000002
-3.9207 -0.10902
-3.9107000000000003 -0.10899
-3.9007000000000005 -0.10898999999999999
-3.890699999999999 -0.10896000000000002
-3.880699999999999 -0.10901000000000001
-3.8706999999999994 -0.10904999999999998
-3.8606999999999996 -0.10912000000000002
-3.8507 -0.10917999999999999
-3.8407 -0.10924
-3.8307 -0.10924
-3.8207000000000004 -0.10931
-3.8107000000000006 -0.10929000000000003
-3.800699999999999 -0.10932
-3.7906999999999993 -0.10922999999999998
-3.7806999999999995 -0.10909000000000002
-3.7706999999999997 -0.10893000000000001
-3.7607 -0.10870000000000002
-3.7507 -0.10835999999999998
-3.7407000000000004 -0.10790000000000001
-3.7307000000000006 -0.10734000000000002
-3.720699999999999 -0.10674
-3.710699999999999 -0.10599
-3.7006999999999994 -0.10507999999999999
-3.6906999999999996 -0.1041
-3.6807 -0.10299
-3.6707 -0.10174000000000001
-3.6607000000000003 -0.10047000000000002
-3.6507000000000005 -0.09900000000000002
-3.640699999999999 -0.09745000000000001
-3.630699999999999 -0.09582999999999997
-3.6206999999999994 -0.09416999999999999
-3.6106999999999996 -0.09245999999999999
-3.6007 -0.09062999999999999
-3.5907 -0.08885999999999998
-3.5807 -0.08703000000000002
-3.5707000000000004 -0.08523000000000001
-3.5607000000000006 -0.08343
-3.550699999999999 -0.08172000000000001
-3.5406999999999993 -0.08004000000000003
-3.5306999999999995 -0.07851
-3.5206999999999997 -0.07697999999999999
-3.5107 -0.07557000000000001
-3.5007 -0.07434
-3.4907000000000004 -0.07326
-3.4807000000000006 -0.07230999999999999
-3.470699999999999 -0.07149
-3.460699999999999 -0.07085999999999999
-3.4506999999999994 -0.07035
-3.4406999999999996 -0.07005
-3.4307 -0.06984000000000001
-3.4207 -0.06978
-3.4107000000000003 -0.06994
-3.4007000000000005 -0.07013000000000001
-3.390699999999999 -0.07044
-3.380699999999999 -0.07082999999999999
-3.3706999999999994 -0.07129
-3.3606999999999996 -0.07178000000000001
-3.3507 -0.07229999999999999
-3.3407 -0.07278000000000001
-3.3307 -0.07338999999999998
-3.3207000000000004 -0.07389
-3.3107000000000006 -0.07446000000000001
-3.300699999999999 -0.07499
-3.2906999999999993 -0.07544
-3.2806999999999995 -0.07597999999999999
-3.2706999999999997 -0.07651999999999999
-3.2607 -0.07707
-3.2507 -0.07767
-3.2407000000000004 -0.07832000000000001
-3.2307000000000006 -0.07901999999999998
-3.220699999999999 -0.07984999999999999
-3.210699999999999 -0.08073
-3.2006999999999994 -0.08175
-3.1906999999999996 -0.08277
-3.1807 -0.08390999999999998
-3.1707 -0.08511000000000003
-3.1607000000000003 -0.08636999999999997
-3.1507000000000005 -0.08769
-3.140699999999999 -0.08895000000000002
-3.130699999999999 -0.09019
-3.1206999999999994 -0.09154
-3.1106999999999996 -0.09287999999999999
-3.1007 -0.09387
-3.0907 -0.09491999999999998
-3.0807 -0.09627000000000002
-3.0707000000000004 -0.09704999999999997
-3.0607000000000006 -0.09804000000000003
-3.050699999999999 -0.09906000000000001
-3.0406999999999993 -0.09977999999999998
-3.0306999999999995 -0.10038000000000002
-3.0206999999999997 -0.10103999999999998
-3.0107 -0.10122999999999999
-3.0007 -0.10173
-2.9907000000000004 -0.10175999999999999
-2.9807000000000006 -0.10171000000000001
-2.970699999999999 -0.10121999999999999
-2.960699999999999 -0.10092000000000001
-2.9506999999999994 -0.10018
-2.9406999999999996 -0.09930000000000003
-2.9307 -0.09823
-2.9207 -0.09681
-2.9107000000000003 -0.09528000000000002
-2.9007000000000005 -0.09365999999999998
-2.890699999999999 -0.09191999999999999
-2.880699999999999 -0.09007
-2.8706999999999994 -0.08826000000000002
-2.8606999999999996 -0.08642000000000001
-2.8507 -0.08473000000000001
-2.8407 -0.08315999999999998
-2.8307 -0.08175
-2.8207000000000004 -0.08063999999999999
-2.8107000000000006 -0.07978
-2.800699999999999 -0.07919999999999999
-2.7906999999999993 -0.07890000000000001
-2.7806999999999995 -0.07898999999999999
-2.7706999999999997 -0.07944000000000001
-2.7607 -0.08008
-2.7507 -0.08114
-2.7407000000000004 -0.08245000000000001
-2.7307000000000006 -0.08394
-2.720699999999999 -0.08568
-2.710699999999999 -0.08757
-2.7006999999999994 -0.08967
-2.6906999999999996 -0.09173999999999999
-2.6807 -0.09390000000000001
-2.6707 -0.09602000000000001
-2.6607000000000003 -0.09812999999999998
-2.6507000000000005 -0.10014
-2.640699999999999 -0.10203000000000001
-2.630699999999999 -0.10380000000000002
-2.6206999999999994 -0.10544999999999999
-2.6106999999999996 -0.10695
-2.6007 -0.10826999999999999
-2.5907 -0.10944000000000001
-2.5807 -0.11046000000000002
-2.5707000000000004 -0.11135999999999999
-2.5607000000000006 -0.11214
-2.550699999999999 -0.11280000000000001
-2.5406999999999993 -0.11333999999999997
-2.5306999999999995 -0.11387999999999998
-2.5206999999999997 -0.11429999999999998
-2.5107 -0.11464000000000003
-2.5007 -0.11488000000000001
-2.4907000000000004 -0.11508
-2.4807000000000006 -0.1152
-2.470699999999999 -0.1152
-2.460699999999999 -0.11516999999999998
-2.4506999999999994 -0.11502000000000001
-2.4406999999999996 -0.11478000000000001
-2.4307 -0.11448
-2.4207 -0.11405999999999997
-2.4107000000000003 -0.11352
-2.4007000000000005 -0.11288999999999998
-2.390699999999999 -0.11226000000000001
-2.380699999999999 -0.11146999999999997
-2.3706999999999994 -0.11064
-2.3606999999999996 -0.10974
-2.3507 -0.10878000000000002
-2.3407 -0.10777
-2.3307 -0.10674
-2.3207000000000004 -0.10568999999999996
-2.3107000000000006 -0.10457999999999999
-2.300699999999999 -0.10345000000000003
-2.2906999999999993 -0.10226999999999999
-2.2806999999999995 -0.10112999999999997
-2.2706999999999997 -0.09987
-2.2607 -0.09860999999999998
-2.2507 -0.09730000000000001
-2.2407000000000004 -0.09596
-2.2307000000000006 -0.09452999999999999
-2.220699999999999 -0.09318
-2.210699999999999 -0.09173000000000002
-2.2006999999999994 -0.09015999999999999
-2.1906999999999996 -0.08871000000000001
-2.1807 -0.08715
-2.1707 -0.08566
-2.1607000000000003 -0.08413999999999999
-2.1507000000000005 -0.08264999999999999
-2.140699999999999 -0.0811
-2.130699999999999 -0.0796
-2.1206999999999994 -0.07813999999999999
-2.1106999999999996 -0.07659
-2.1007 -0.07515999999999999
-2.0907 -0.07361999999999999
-2.0807 -0.07212
-2.0707000000000004 -0.07056
-2.0607000000000006 -0.06899999999999999
-2.050699999999999 -0.06726
-2.0406999999999993 -0.06555000000000001
-2.0306999999999995 -0.06372000000000001
-2.0206999999999997 -0.061860000000000005
-2.0107 -0.059940000000000014
-2.0007 -0.0579
-1.9907000000000004 -0.05587
-1.9807000000000006 -0.053759999999999995
-1.970699999999999 -0.05168999999999999
-1.9606999999999992 -0.04965
-1.9506999999999994 -0.047610000000000006
-1.9406999999999996 -0.045708
-1.9306999999999999 -0.043859999999999996
-1.9207 -0.042147
-1.9107000000000003 -0.04064199999999999
-1.9007000000000005 -0.039285
-1.890699999999999 -0.038148
-1.8806999999999992 -0.037257
-1.8706999999999994 -0.036522
-1.8606999999999996 -0.036096
-1.8506999999999998 -0.035826000000000004
-1.8407 -0.03578200000000001
-1.8307000000000002 -0.03594500000000001
-1.8207000000000004 -0.03628800000000001
-1.8107000000000006 -0.03672100000000001
-1.800699999999999 -0.037269000000000004
-1.7906999999999993 -0.037881
-1.7806999999999995 -0.03848499999999999
-1.7706999999999997 -0.039113999999999996
-1.7607 -0.039669
-1.7507000000000001 -0.04011000000000001
-1.7407000000000004 -0.040374
-1.7307000000000006 -0.040481
-1.720699999999999 -0.040428
-1.7106999999999992 -0.040102000000000006
-1.7006999999999994 -0.03951
-1.6906999999999996 -0.038685
-1.6806999999999999 -0.037677
-1.6707 -0.036351
-1.6607000000000003 -0.034848000000000004
-1.6507000000000005 -0.033129000000000006
-1.640699999999999 -0.031229999999999994
-1.6306999999999992 -0.029233999999999996
-1.6206999999999994 -0.027084
-1.6106999999999996 -0.024912999999999998
-1.6006999999999998 -0.022728999999999996
-1.5907 -0.020537999999999997
-1.5807000000000002 -0.018402
-1.5707000000000004 -0.016328099999999998
-1.5607000000000006 -0.014348800000000002
-1.550699999999999 -0.012495899999999996
-1.5406999999999993 -0.010788399999999998
-1.5306999999999995 -0.009225200000000001
-1.5206999999999997 -0.007802600000000001
-1.5107 -0.006547299999999998
-1.5007000000000001 -0.0054421999999999995
-1.4907000000000004 -0.0044771
-1.4807000000000006 -0.0036475000000000006
-1.470699999999999 -0.0029426999999999995
-1.4606999999999992 -0.0023478
-1.4506999999999994 -0.0018559000000000002
-1.4406999999999996 -0.0014539400000000001
-1.4306999999999999 -0.0011268
-1.4207 -0.0008633
-1.4107000000000003 -0.0006555199999999999
-1.4007000000000005 -0.00049299
-1.390699999999999 -0.00036658
-1.3806999999999992 -0.00027001
-1.3706999999999994 -0.00019664
-1.3606999999999996 -0.00014178899999999997
-1.3506999999999998 -0.00010128599999999999
-1.3407 -7.158599999999999e-05
-1.3307000000000002 -5.004199999999999e-05
-1.3207000000000004 -3.4609999999999996e-05
-1.3107000000000006 -2.3707000000000005e-05
-1.300699999999999 -1.60794e-05
-1.2906999999999993 -1.07683e-05
-1.2806999999999995 -7.145e-06
-1.2706999999999997 -4.692e-06
-1.2607 -3.0509e-06
-1.2507000000000001 -1.96093e-06
-1.2407000000000004 -1.2466700000000003e-06
-1.2307000000000006 -7.838599999999999e-07
-1.220699999999999 -4.886399999999999e-07
-1.2106999999999992 -3.0134999999999993e-07
-1.2006999999999994 -1.83546e-07
-1.1906999999999996 -1.10698e-07
-1.1806999999999999 -6.622799999999999e-08
-1.1707 -3.9071999999999994e-08
-1.1607000000000003 -2.2821999999999997e-08
-1.1507000000000005 -1.3190999999999999e-08
-1.140699999999999 -7.5524e-09
-1.1306999999999992 -4.273799999999999e-09
-1.1206999999999994 -2.393e-09
-1.1106999999999996 -1.3261e-09
-1.1006999999999998 -7.274800000000001e-10
-1.0907 -3.9426999999999997e-10
-1.0807000000000002 -2.1157499999999994e-10
-1.0707000000000004 -1.12377e-10
-1.0607000000000006 -5.8938e-11
-1.050699999999999 -3.0618999999999985e-11
-1.0406999999999993 -1.5731999999999998e-11
-1.0306999999999995 -8.007e-12
-1.0206999999999997 -4.016899999999999e-12
-1.0107 -1.99929e-12
-1.0007000000000001 -9.863999999999997e-13
-0.9907000000000004 -4.742100000000001e-13
-0.9807000000000006 -2.23001e-13
-0.970699999999999 -8.878500000000001e-14
-0.9606999999999992 -1.3377800000000004e-14
-0.9506999999999994 -0.0
-0.9406999999999996 -0.0
-0.9306999999999999 -0.0
-0.9207000000000001 -0.0
-0.9107000000000003 -0.0
-0.9007000000000005 -0.0
-0.8906999999999989 -0.0
-0.8806999999999992 -0.0
-0.8706999999999994 -0.0
-0.8606999999999996 -0.0
-0.8506999999999998 -0.0
-0.8407 -0.0
-0.8307000000000002 -0.0
-0.8207000000000004 -0.0
-0.8107000000000006 -0.0
-0.8006999999999991 -0.0
-0.7906999999999993 -0.0
-0.7806999999999995 -0.0
-0.7706999999999997 -0.0
-0.7606999999999999 -0.0
-0.7507000000000001 -0.0
-0.7407000000000004 -0.0
-0.7307000000000006 -0.0
-0.720699999999999 -0.0
-0.7106999999999992 -0.0
-0.7006999999999994 -0.0
-0.6906999999999996 -0.0
-0.6806999999999999 -0.0
-0.6707000000000001 -0.0
-0.6607000000000003 -0.0
-0.6507000000000005 -0.0
-0.6406999999999989 -0.0
-0.6306999999999992 -0.0
-0.6206999999999994 -0.0
-0.6106999999999996 -7.025e-14
-0.6006999999999998 -2.5842e-13
-0.5907 -6.5244e-13
-0.5807000000000002 -1.3845e-12
-0.5707000000000004 -2.8304999999999997e-12
-0.5607000000000006 -5.7318e-12
-0.5506999999999991 -1.1486999999999999e-11
-0.5406999999999993 -2.2749000000000003e-11
-0.5306999999999995 -4.4617000000000003e-11
-0.5206999999999997 -8.6571e-11
-0.5106999999999999 -1.6584000000000002e-10
-0.5007000000000001 -3.1516e-10
-0.49070000000000036 -5.9186e-10
-0.48070000000000057 -1.1000999999999997e-09
-0.470699999999999 -2.0217999999999998e-09
-0.4606999999999992 -3.6740999999999995e-09
-0.45069999999999943 -6.6246e-09
-0.44069999999999965 -1.1797000000000001e-08
-0.43069999999999986 -2.0715e-08
-0.4207000000000001 -3.6135e-08
-0.4107000000000003 -6.2268e-08
-0.4007000000000005 -1.0606e-07
-0.39069999999999894 -1.7918999999999998e-07
-0.38069999999999915 -2.9934999999999994e-07
-0.37069999999999936 -4.9439e-07
-0.3606999999999996 -8.089199999999999e-07
-0.3506999999999998 -1.3077e-06
-0.3407 -2.091e-06
-0.3307000000000002 -3.3083999999999995e-06
-0.32070000000000043 -5.184e-06
-0.31070000000000064 -8.0415e-06
-0.3006999999999991 -1.2335000000000001e-05
-0.2906999999999993 -1.8692000000000003e-05
-0.2806999999999995 -2.8074000000000003e-05
-0.2706999999999997 -4.168499999999999e-05
-0.26069999999999993 -6.1256e-05
-0.25070000000000014 -8.9121e-05
-0.24070000000000036 -0.00012806999999999996
-0.23070000000000057 -0.00018273
-0.220699999999999 -0.0002572799999999999
-0.21069999999999922 -0.00035873999999999997
-0.20069999999999943 -0.0004954100000000001
-0.19069999999999965 -0.0006770999999999999
-0.18069999999999986 -0.0009152
-0.17070000000000007 -0.0012219
-0.1607000000000003 -0.0016197000000000002
-0.1507000000000005 -0.0021249
-0.14069999999999894 -0.0027543
-0.13069999999999915 -0.003537100000000001
-0.12069999999999936 -0.0044931
-0.11069999999999958 -0.005659099999999999
-0.10069999999999979 -0.007041
-0.0907 -0.0086779
-0.08070000000000022 -0.010623
-0.07070000000000043 -0.012839999999999999
-0.06070000000000064 -0.015393
-0.05069999999999908 -0.018261000000000003
-0.04069999999999929 -0.021480000000000003
-0.030699999999999505 -0.025013000000000004
-0.02069999999999972 -0.028887
-0.010699999999999932 -0.03303199999999999
-0.000700000000000145 -0.037431000000000006
0.009299999999999642 -0.042109999999999995
0.01929999999999943 -0.046910999999999994
0.029300000000000992 -0.051872
0.03930000000000078 -0.05685300000000001
0.049300000000000566 -0.061847999999999986
0.05930000000000035 -0.066804
0.06930000000000014 -0.071595
0.07929999999999993 -0.07622399999999999
0.08929999999999971 -0.08055400000000001
0.0992999999999995 -0.08472300000000002
0.10930000000000106 -0.0885
0.11930000000000085 -0.091538
0.12930000000000064 -0.094555
0.13930000000000042 -0.09716200000000001
0.1493000000000002 -0.0991
0.1593 -0.10121099999999998
0.16929999999999978 -0.10235399999999999
0.17929999999999957 -0.10337400000000001
0.18929999999999936 -0.104031
0.19930000000000092 -0.104538
0.2093000000000007 -0.104955
0.2193000000000005 -0.104985
0.22930000000000028 -0.10497
0.23930000000000007 -0.10482
0.24929999999999986 -0.10496999999999998
0.25929999999999964 -0.10502999999999998
0.26929999999999943 -0.10508999999999999
0.279300000000001 -0.10517999999999998
0.2893000000000008 -0.10557
0.29930000000000057 -0.10626000000000001
0.30930000000000035 -0.10728000000000001
0.31930000000000014 -0.10839
0.3292999999999999 -0.10983000000000001
0.3392999999999997 -0.11133000000000001
0.3492999999999995 -0.11349
0.35930000000000106 -0.11511000000000002
0.36930000000000085 -0.11742000000000001
0.37930000000000064 -0.11945999999999997
0.3893000000000004 -0.12183000000000001
0.3993000000000002 -0.12365999999999999
0.4093 -0.12575999999999998
0.4192999999999998 -0.12753
0.42929999999999957 -0.12899999999999998
0.43929999999999936 -0.13039
0.4493000000000009 -0.13112999999999997
0.4593000000000007 -0.13179000000000002
0.4693000000000005 -0.13173000000000004
0.4793000000000003 -0.13127999999999998
0.48930000000000007 -0.13068
0.49929999999999986 -0.12969000000000003
0.5092999999999996 -0.12789000000000003
0.5192999999999994 -0.12606000000000003
0.529300000000001 -0.12377999999999999
0.5393000000000008 -0.12113999999999997
0.5493000000000006 -0.11868000000000001
0.5593000000000004 -0.11594999999999998
0.5693000000000001 -0.11349
0.5792999999999999 -0.11106000000000002
0.5892999999999997 -0.10869
0.5992999999999995 -0.10668000000000001
0.6093000000000011 -0.10521000000000001
0.6193000000000008 -0.10443
0.6293000000000006 -0.10392000000000001
0.6393000000000004 -0.10421000000000001
0.6493000000000002 -0.10539
0.6593 -0.10709999999999999
0.6692999999999998 -0.10974000000000002
0.6792999999999996 -0.11301
0.6892999999999994 -0.11715
0.6993000000000009 -0.12212999999999997
0.7093000000000007 -0.12771
0.7193000000000005 -0.1338
0.7293000000000003 -0.14037
0.7393000000000001 -0.14744999999999997
0.7492999999999999 -0.15461999999999998
0.7592999999999996 -0.16215
0.7692999999999994 -0.16977000000000003
0.779300000000001 -0.17705
0.7893000000000008 -0.18455
0.7993000000000006 -0.19168000000000002
0.8093000000000004 -0.19863
0.8193000000000001 -0.20481
0.8292999999999999 -0.21101999999999999
0.8392999999999997 -0.21633000000000005
0.8492999999999995 -0.22160999999999997
0.8593000000000011 -0.22601999999999997
0.8693000000000008 -0.2302
0.8793000000000006 -0.23355
0.8893000000000004 -0.23670000000000002
0.8993000000000002 -0.23888999999999996
0.9093 -0.24138000000000004
0.9192999999999998 -0.24351000000000003
0.9292999999999996 -0.24477000000000004
0.9392999999999994 -0.24561
0.9493000000000009 -0.24647999999999998
0.9593000000000007 -0.24656
0.9693000000000005 -0.24654
0.9793000000000003 -0.24576
0.9893000000000001 -0.24461999999999998
0.9992999999999999 -0.24318
1.0092999999999996 -0.24078000000000005
1.0192999999999994 -0.23865
1.029300000000001 -0.23559
1.0393000000000008 -0.23283
1.0493000000000006 -0.22971000000000003
1.0593000000000004 -0.22631999999999997
1.0693000000000001 -0.22293000000000002
1.0793 -0.21954
1.0892999999999997 -0.21602000000000002
1.0992999999999995 -0.21272999999999997
1.109300000000001 -0.20934
1.1193000000000008 -0.20631
1.1293000000000006 -0.20354999999999998
1.1393000000000004 -0.20145
1.1493000000000002 -0.19905000000000003
1.1593 -0.19757999999999995
1.1692999999999998 -0.19608000000000003
1.1792999999999996 -0.19493999999999997
1.1892999999999994 -0.1938
1.199300000000001 -0.19332000000000002
1.2093000000000007 -0.19264
1.2193000000000005 -0.19251
1.2293000000000003 -0.19230000000000003
1.2393 -0.19224
1.2492999999999999 -0.19224000000000002
1.2592999999999996 -0.19254
1.2692999999999994 -0.19296000000000005
1.279300000000001 -0.19340999999999994
1.2893000000000008 -0.19362
1.2993000000000006 -0.19419
1.3093000000000004 -0.19455
1.3193000000000001 -0.19518000000000005
1.3293 -0.19557000000000002
1.3392999999999997 -0.19599000000000003
1.3492999999999995 -0.19610999999999995
1.359300000000001 -0.19644000000000003
1.3693000000000008 -0.19617
1.3793000000000006 -0.19521000000000005
1.3893000000000004 -0.19449000000000002
1.3993000000000002 -0.19255
1.4093 -0.19032000000000004
1.4192999999999998 -0.18738
1.4292999999999996 -0.18381000000000003
1.4392999999999994 -0.18012
1.449300000000001 -0.17541000000000007
1.4593000000000007 -0.17007
1.4693000000000005 -0.16473000000000002
1.4793000000000003 -0.15909
1.4893 -0.15333
1.4992999999999999 -0.14808000000000002
1.5092999999999996 -0.14315999999999998
1.5192999999999994 -0.13866
1.529300000000001 -0.13502999999999996
1.5393000000000008 -0.13236
1.5493000000000006 -0.13098
1.5593000000000004 -0.13057
1.5693000000000001 -0.13151999999999997
1.5793 -0.13376999999999997
1.5892999999999997 -0.13742999999999997
1.5992999999999995 -0.14222999999999997
1.609300000000001 -0.14823
1.6193000000000008 -0.15522000000000002
1.6293000000000006 -0.16233
1.6393000000000004 -0.17075999999999997
1.6493000000000002 -0.17978999999999998
1.6593 -0.18867
1.6692999999999998 -0.19785000000000003
1.6792999999999996 -0.20748
1.6892999999999994 -0.21672
1.699300000000001 -0.22569
1.7093000000000007 -0.23468999999999998
1.7193000000000005 -0.24281999999999992
1.7293000000000003 -0.25092000000000003
1.7393 -0.25845
1.7492999999999999 -0.26531999999999994
1.7592999999999996 -0.27219
1.7692999999999994 -0.2786999999999999
1.779300000000001 -0.2845999999999999
1.7893000000000008 -0.2904
1.7993000000000006 -0.2958
1.8093000000000004 -0.3012
1.8193000000000001 -0.30599999999999994
1.8293 -0.31079999999999997
1.8392999999999997 -0.31499999999999995
1.8492999999999995 -0.3201
1.859300000000001 -0.32339999999999997
1.8693000000000008 -0.32759999999999995
1.8793000000000006 -0.3315
1.8893000000000004 -0.3348000000000001
1.8993000000000002 -0.33780000000000004
1.9093 -0.34080000000000005
1.9192999999999998 -0.3435
1.9292999999999996 -0.3465
1.9392999999999994 -0.3486
1.949300000000001 -0.3513
1.9593000000000007 -0.3537
1.9693000000000005 -0.3558
1.9793000000000003 -0.3585
1.9893 -0.3609
1.9992999999999999 -0.3629000000000001
2.0092999999999996 -0.366
2.0192999999999994 -0.3687
2.029300000000001 -0.37199999999999994
2.039300000000001 -0.37470000000000003
2.0493000000000006 -0.37800000000000006
2.0593000000000004 -0.381
2.0693 -0.3843
2.0793 -0.38760000000000006
2.0892999999999997 -0.3906
2.0992999999999995 -0.3936000000000001
2.109300000000001 -0.3966
2.119300000000001 -0.39870000000000005
2.1293000000000006 -0.40109999999999996
2.1393000000000004 -0.4023
2.1493 -0.40379999999999994
2.1593 -0.4039999999999999
2.1693 -0.4041
2.1792999999999996 -0.4032
2.1892999999999994 -0.40170000000000006
2.199300000000001 -0.40049999999999997
2.2093000000000007 -0.39840000000000003
2.2193000000000005 -0.39599999999999996
2.2293000000000003 -0.393
2.2393 -0.39020000000000005
2.2493 -0.38700000000000007
2.2592999999999996 -0.38400000000000006
2.2692999999999994 -0.38100000000000006
2.279300000000001 -0.3786
2.289300000000001 -0.3762
2.2993000000000006 -0.3741
2.3093000000000004 -0.3726000000000001
2.3193 -0.3714
2.3293 -0.37049999999999994
2.3392999999999997 -0.3699
2.3492999999999995 -0.3696
2.359300000000001 -0.36959999999999993
2.369300000000001 -0.3696
2.3793000000000006 -0.3702000000000001
2.3893000000000004 -0.3705
2.3993 -0.3702
2.4093000000000018 -0.3699
2.4193 -0.3693
2.4293000000000013 -0.36780000000000007
2.4392999999999994 -0.36540000000000006
2.449300000000001 -0.3624
2.459299999999999 -0.35849999999999993
2.4693000000000005 -0.3531
2.4792999999999985 -0.34709999999999996
2.4893 -0.3399
2.4993000000000016 -0.3327
2.5092999999999996 -0.3245
2.519300000000001 -0.31529999999999997
2.529299999999999 -0.30600000000000005
2.539300000000001 -0.29639999999999994
2.549299999999999 -0.2871
2.5593000000000004 -0.27779999999999994
2.569300000000002 -0.26940000000000003
2.5793 -0.2607
2.5893000000000015 -0.2532
2.5992999999999995 -0.24629999999999996
2.609300000000001 -0.24029999999999999
2.619299999999999 -0.23579999999999995
2.6293000000000006 -0.23190000000000008
2.6392999999999986 -0.22890000000000002
2.6493 -0.22679999999999995
2.6593000000000018 -0.22580000000000003
2.6693 -0.2253
2.6793000000000013 -0.22560000000000002
2.6892999999999994 -0.2262
2.699300000000001 -0.22770000000000007
2.709299999999999 -0.2289
2.7193000000000005 -0.2313
2.7292999999999985 -0.23249999999999996
2.7393 -0.2349
2.7493000000000016 -0.2367
2.7592999999999996 -0.23759999999999998
2.769300000000001 -0.23939999999999997
2.779299999999999 -0.24120000000000005
2.789300000000001 -0.24270000000000005
2.799299999999999 -0.2436
2.8093000000000004 -0.24510000000000004
2.819300000000002 -0.24660000000000004
2.8293 -0.24810000000000001
2.8393000000000015 -0.2502
2.8492999999999995 -0.25170000000000003
2.859300000000001 -0.25440000000000007
2.869299999999999 -0.25739999999999996
2.8793000000000006 -0.2604
2.8892999999999986 -0.2643
2.8993 -0.26849999999999996
2.9093000000000018 -0.2733
2.9193 -0.2784
2.9293000000000013 -0.28409999999999996
2.9392999999999994 -0.2898
2.949300000000001 -0.2961000000000001
2.959299999999999 -0.3024
2.9693000000000005 -0.3084
2.9792999999999985 -0.3144
2.9893 -0.31980000000000003
2.9993000000000016 -0.3243
3.0092999999999996 -0.32789999999999997
3.019300000000001 -0.33119999999999994
3.029299999999999 -0.3327
3.039300000000001 -0.3333
3.049299999999999 -0.333
3.0593000000000004 -0.3313999999999999
3.069300000000002 -0.32880000000000004
3.0793 -0.3243
3.0893000000000015 -0.3195
3.0992999999999995 -0.3135
3.109300000000001 -0.30660000000000004
3.119299999999999 -0.2994
3.1293000000000006 -0.2913
3.1392999999999986 -0.28350000000000003
3.1493 -0.2757
3.1593000000000018 -0.26730000000000004
3.1693 -0.25889999999999996
3.1793000000000013 -0.2514
3.1892999999999994 -0.2445
3.199300000000001 -0.23789999999999997
3.209299999999999 -0.2319
3.2193000000000005 -0.22649999999999995
3.2292999999999985 -0.22170000000000004
3.2393 -0.2178
3.2493000000000016 -0.2148
3.2592999999999996 -0.21180000000000004
3.269300000000001 -0.20999999999999994
3.279299999999999 -0.20855999999999994
3.289300000000001 -0.20813999999999996
3.299299999999999 -0.20808000000000004
3.3093000000000004 -0.20844000000000001
3.319300000000002 -0.20928999999999998
3.3293 -0.2106
3.3393000000000015 -0.21270000000000006
3.3492999999999995 -0.2145
3.359300000000001 -0.21720000000000003
3.369299999999999 -0.21960000000000002
3.3793000000000006 -0.22259999999999996
3.3892999999999986 -0.2256
3.3993 -0.2286
3.4093000000000018 -0.23160000000000006
3.4193 -0.23460000000000003
3.4293000000000013 -0.23729999999999996
3.4392999999999994 -0.23910000000000003
3.449300000000001 -0.24150000000000002
3.459299999999999 -0.24270000000000003
3.4693000000000005 -0.2441
3.4792999999999985 -0.24480000000000002
3.4893 -0.24480000000000005
3.4993000000000016 -0.2442
3.5092999999999996 -0.24299999999999997
3.519300000000001 -0.24150000000000002
3.529299999999999 -0.2391
3.539300000000001 -0.23700000000000004
3.549299999999999 -0.2331
3.5593000000000004 -0.2298
3.569300000000002 -0.22619999999999998
3.5793 -0.2226
3.5893000000000015 -0.21870000000000003
3.5992999999999995 -0.21509999999999999
3.609300000000001 -0.21089999999999998
3.619299999999999 -0.2072
3.6293000000000006 -0.20339999999999997
3.6392999999999986 -0.2001
3.6493 -0.19680000000000003
3.6593000000000018 -0.19419999999999996
3.6693 -0.19130999999999998
3.6793000000000013 -0.18896000000000002
3.6892999999999994 -0.18674999999999997
3.699300000000001 -0.18432
3.709299999999999 -0.18246000000000004
3.7193000000000005 -0.18022
3.7292999999999985 -0.17831
3.7393 -0.17603999999999997
3.7493000000000016 -0.17412000000000002
3.7592999999999996 -0.17174999999999999
3.769300000000001 -0.16926000000000002
3.779299999999999 -0.16661
3.789300000000001 -0.16380999999999996
3.799299999999999 -0.16081000000000004
3.8093000000000004 -0.15769000000000002
3.819300000000002 -0.15427999999999997
3.8293 -0.15071000000000004
3.8393000000000015 -0.14699000000000004
3.8492999999999995 -0.14314999999999997
3.859300000000001 -0.13919
3.869299999999999 -0.13511
3.8793000000000006 -0.13096999999999998
3.8892999999999986 -0.12677999999999998
3.8993 -0.12257
3.9093000000000018 -0.11826
3.9193 -0.11395
3.9293000000000013 -0.10963
3.9392999999999994 -0.1053
3.949300000000001 -0.10098000000000001
3.959299999999999 -0.09665
3.9693000000000005 -0.09235999999999998
3.9792999999999985 -0.08809000000000002
3.9893 -0.08387000000000001
3.9993000000000016 -0.07966999999999999
4.0093 -0.07554999999999999
4.019300000000001 -0.07147999999999999
4.029299999999999 -0.06749999999999998
4.039300000000001 -0.06361
4.049299999999999 -0.05977999999999999
4.0593 -0.056080000000000005
4.069300000000002 -0.052460000000000014
4.0793 -0.04899
4.0893000000000015 -0.04562000000000001
4.0992999999999995 -0.04239000000000001
4.109300000000001 -0.03925000000000001
4.119299999999999 -0.03628
4.129300000000001 -0.03343999999999999
4.139299999999999 -0.0307
4.1493 -0.02814
4.159300000000002 -0.02571
4.1693 -0.023442999999999995
4.179300000000001 -0.021272
4.189299999999999 -0.019275
4.199300000000001 -0.017376000000000003
4.209299999999999 -0.015595
4.2193000000000005 -0.013969000000000002
4.2292999999999985 -0.012459999999999999
4.2393 -0.011072000000000002
4.249300000000002 -0.009795
4.2593 -0.008628
4.269300000000001 -0.007564999999999999
4.279299999999999 -0.006598999999999999
4.289300000000001 -0.005728
4.299299999999999 -0.004945
4.3093 -0.0042439999999999995
4.319300000000002 -0.0036169999999999996
4.3293 -0.003065999999999999
4.3393000000000015 -0.0025799999999999994
4.3492999999999995 -0.0021548
4.359300000000001 -0.0017884
4.369299999999999 -0.0014729
4.379300000000001 -0.0012026
4.389299999999999 -0.0009741000000000002
4.3993 -0.0007825000000000001
4.409300000000002 -0.0006232
4.4193 -0.0004919
4.429300000000001 -0.0003848
4.439299999999999 -0.0002984
4.449300000000001 -0.00022894999999999995
4.459299999999999 -0.00017400999999999997
4.4693000000000005 -0.00013106
4.4792999999999985 -9.777000000000001e-05
4.4893 -7.22e-05
4.499300000000002 -5.2810000000000004e-05
4.5093 -3.82e-05
4.519300000000001 -2.7366e-05
4.529299999999999 -1.941e-05
4.539300000000001 -1.3644999999999999e-05
4.549299999999999 -9.467000000000001e-06
4.5593 -6.5070000000000005e-06
4.569300000000002 -4.426e-06
4.5793 -2.982e-06
4.5893000000000015 -1.986e-06
4.5992999999999995 -1.3093e-06
4.609300000000001 -8.541e-07
4.619299999999999 -5.511e-07
4.629300000000001 -3.52e-07
