-23.6007 -4.278e-05
-23.5907 -2.8226999999999996e-05
-23.5807 -1.8419999999999996e-05
-23.570700000000002 -1.191e-05
-23.5607 -7.626999999999999e-06
-23.5507 -4.8303e-06
-23.5407 -3.0281999999999992e-06
-23.5307 -1.8787000000000003e-06
-23.520699999999998 -1.1540999999999999e-06
-23.5107 -7.014000000000001e-07
-23.500700000000002 -4.224799999999999e-07
-23.4907 -2.5118999999999996e-07
-23.4807 -1.4839e-07
-23.4707 -8.643e-08
-23.4607 -4.989800000000002e-08
-23.450699999999998 -2.8477999999999992e-08
-23.4407 -1.6119000000000004e-08
-23.4307 -9.009000000000001e-09
-23.4207 -4.9978e-09
-23.4107 -2.7414000000000005e-09
-23.4007 -1.4852999999999998e-09
-23.3907 -7.974000000000002e-10
-23.380699999999997 -4.2346e-10
-23.3707 -2.2256999999999996e-10
-23.3607 -1.1574000000000002e-10
-23.3507 -5.964e-11
-23.3407 -3.035999999999999e-11
-23.3307 -1.5277999999999997e-11
-23.320700000000002 -7.558e-12
-23.3107 -3.6504e-12
-23.3007 -1.6971000000000001e-12
-23.2907 -7.455e-13
-23.2807 -3.2016e-13
-23.270699999999998 -1.2801000000000003e-13
-23.2607 -2.6978999999999996e-14
-23.250700000000002 -0.0
-23.2407 -0.0
-23.2307 -0.0
-23.2207 -0.0
-23.2107 -0.0
-23.200699999999998 -0.0
-23.1907 -0.0
-23.1807 -0.0
-23.1707 -0.0
-23.1607 -0.0
-23.1507 -0.0
-23.1407 -0.0
-23.130699999999997 -0.0
-23.1207 -0.0
-23.1107 -0.0
-23.1007 -0.0
-23.0907 -0.0
-23.0807 -0.0
-23.070700000000002 -0.0
-23.0607 -0.0
-23.0507 -0.0
-23.0407 -0.0
-23.0307 -0.0
-23.020699999999998 -0.0
-23.0107 -0.0
-23.000700000000002 -0.0
-22.9907 -0.0
-22.9807 -0.0
-22.9707 -0.0
-22.9607 -0.0
-22.950699999999998 -0.0
-22.9407 -0.0
-22.9307 -0.0
-22.9207 -0.0
-22.9107 -0.0
-22.9007 -0.0
-22.8907 -0.0
-22.880699999999997 -0.0
-22.8707 -0.0
-22.8607 -0.0
-22.8507 -0.0
-22.8407 -0.0
-22.8307 -0.0
-22.820700000000002 -0.0
-22.8107 -0.0
-22.8007 -0.0
-22.7907 -0.0
-22.7807 -0.0
-22.770699999999998 -0.0
-22.7607 -0.0
-22.750700000000002 -0.0
-22.7407 -0.0
-22.7307 -0.0
-22.7207 -0.0
-22.7107 -0.0
-22.700699999999998 -0.0
-22.6907 -0.0
-22.6807 -0.0
-22.6707 -0.0
-22.6607 -0.0
-22.6507 -0.0
-22.6407 -0.0
-22.630699999999997 -0.0
-22.6207 -0.0
-22.6107 -0.0
-22.6007 -0.0
-22.5907 -0.0
-22.5807 -0.0
-22.570700000000002 -0.0
-22.5607 -0.0
-22.5507 -0.0
-22.5407 -0.0
-22.5307 -0.0
-22.520699999999998 -0.0
-22.5107 -0.0
-22.500700000000002 -0.0
-22.4907 -0.0
-22.4807 -0.0
-22.4707 -0.0
-22.4607 -0.0
-22.450699999999998 -0.0
-22.4407 -0.0
-22.4307 -0.0
-22.4207 -0.0
-22.4107 -0.0
-22.4007 -0.0
-22.3907 -0.0
-22.380699999999997 -0.0
-22.3707 -0.0
-22.3607 -0.0
-22.3507 -0.0
-22.3407 -0.0
-22.3307 -0.0
-22.320700000000002 -0.0
-22.3107 -0.0
-22.3007 -0.0
-22.2907 -0.0
-22.2807 -0.0
-22.270699999999998 -0.0
-22.2607 -0.0
-22.250700000000002 -0.0
-22.2407 -0.0
-22.2307 -0.0
-22.2207 -0.0
-22.2107 -0.0
-22.200699999999998 -0.0
-22.1907 -0.0
-22.1807 -0.0
-22.1707 -0.0
-22.1607 -0.0
-22.1507 -0.0
-22.1407 -0.0
-22.130699999999997 -0.0
-22.1207 -0.0
-22.1107 -0.0
-22.1007 -0.0
-22.0907 -0.0
-22.0807 -0.0
-22.070700000000002 -0.0
-22.0607 -0.0
-22.0507 -0.0
-22.0407 -0.0
-22.0307 -0.0
-22.020699999999998 -0.0
-22.0107 -0.0
-22.000700000000002 -0.0
-21.9907 -0.0
-21.9807 -0.0
-21.9707 -0.0
-21.9607 -0.0
-21.950699999999998 -0.0
-21.9407 -0.0
-21.9307 -0.0
-21.9207 -0.0
-21.9107 -0.0
-21.9007 -0.0
-21.8907 -0.0
-21.880699999999997 -0.0
-21.8707 -0.0
-21.8607 -0.0
-21.8507 -0.0
-21.8407 -0.0
-21.8307 -0.0
-21.820700000000002 -0.0
-21.8107 -0.0
-21.8007 -0.0
-21.7907 -0.0
-21.7807 -0.0
-21.770699999999998 -0.0
-21.7607 -0.0
-21.750700000000002 -0.0
-21.7407 -0.0
-21.7307 -0.0
-21.7207 -0.0
-21.7107 -0.0
-21.700699999999998 -0.0
-21.6907 -0.0
-21.6807 -0.0
-21.6707 -0.0
-21.6607 -0.0
-21.6507 -0.0
-21.6407 -0.0
-21.630699999999997 -0.0
-21.6207 -0.0
-21.6107 -0.0
-21.6007 -0.0
-21.5907 -0.0
-21.5807 -0.0
-21.5707 -0.0
-21.5607 -5.7262e-16
-21.5507 -1.1987e-15
-21.5407 -4.030399999999999e-15
-21.5307 -8.304000000000001e-15
-21.520699999999998 -1.6941999999999998e-14
-21.5107 -3.5341e-14
-21.500700000000002 -7.065000000000001e-14
-21.4907 -1.397e-13
-21.4807 -2.7338999999999996e-13
-21.4707 -5.337000000000001e-13
-21.4607 -1.0231999999999997e-12
-21.450699999999998 -1.9549e-12
-21.4407 -3.6696000000000004e-12
-21.4307 -6.822000000000001e-12
-21.4207 -1.255e-11
-21.4107 -2.2886000000000002e-11
-21.4007 -4.1169e-11
-21.3907 -7.345e-11
-21.3807 -1.2954e-10
-21.3707 -2.2608e-10
-21.3607 -3.914e-10
-21.3507 -6.705e-10
-21.3407 -1.1356000000000003e-09
-21.3307 -1.9052e-09
-21.3207 -3.165e-09
-21.3107 -5.196999999999999e-09
-21.3007 -8.455e-09
-21.2907 -1.3623e-08
-21.2807 -2.1739e-08
-21.270699999999998 -3.4352999999999997e-08
-21.2607 -5.370000000000001e-08
-21.250700000000002 -8.324999999999998e-08
-21.2407 -1.2768e-07
-21.2307 -1.9434000000000003e-07
-21.2207 -2.9217e-07
-21.2107 -4.3620000000000005e-07
-21.200699999999998 -6.447e-07
-21.1907 -9.429e-07
-21.1807 -1.3695e-06
-21.1707 -1.9685999999999992e-06
-21.1607 -2.8056e-06
-21.1507 -3.958e-06
-21.1407 -5.544000000000001e-06
-21.1307 -7.699e-06
-21.1207 -1.0588999999999998e-05
-21.1107 -1.4471e-05
-21.1007 -1.9534000000000003e-05
-21.0907 -2.6258000000000005e-05
-21.0807 -3.4884e-05
-21.0707 -4.6049999999999994e-05
-21.0607 -6.023999999999999e-05
-21.0507 -7.824e-05
-21.0407 -0.00010076999999999999
-21.0307 -0.00012861999999999997
-21.020699999999998 -0.00016303999999999998
-21.0107 -0.00020487
-21.000700000000002 -0.00025532999999999996
-20.9907 -0.00031596
-20.9807 -0.0003871499999999999
-20.9707 -0.00047090000000000006
-20.9607 -0.0005681999999999999
-20.950699999999998 -0.0006797
-20.9407 -0.0008066
-20.9307 -0.0009496
-20.9207 -0.001109
-20.9107 -0.0012827000000000001
-20.9007 -0.0014751000000000002
-20.8907 -0.0016806
-20.8807 -0.0018982
-20.8707 -0.0021296999999999996
-20.8607 -0.0023753000000000003
-20.8507 -0.0026211000000000003
-20.8407 -0.0028745999999999997
-20.8307 -0.0031343999999999994
-20.8207 -0.0033975000000000003
-20.8107 -0.0036579
-20.8007 -0.003917999999999999
-20.7907 -0.004181000000000001
-20.7807 -0.004442
-20.770699999999998 -0.004706999999999999
-20.7607 -0.004977
-20.750700000000002 -0.005256
-20.7407 -0.005547
-20.7307 -0.005850999999999999
-20.7207 -0.006181000000000001
-20.7107 -0.006535999999999999
-20.700699999999998 -0.006919
-20.6907 -0.007332000000000002
-20.6807 -0.007781
-20.6707 -0.008258999999999999
-20.6607 -0.008771999999999999
-20.6507 -0.009309
-20.6407 -0.00987
-20.6307 -0.010453
-20.6207 -0.011037
-20.6107 -0.011623000000000001
-20.6007 -0.012201
-20.5907 -0.012738000000000003
-20.5807 -0.013296
-20.5707 -0.013776000000000002
-20.5607 -0.014207999999999997
-20.5507 -0.014651999999999998
-20.5407 -0.015018
-20.5307 -0.015331
-20.520699999999998 -0.015603
-20.5107 -0.015840999999999997
-20.500700000000002 -0.016078000000000002
-20.4907 -0.016265999999999996
-20.4807 -0.016495
-20.4707 -0.016710000000000003
-20.4607 -0.016955
-20.450699999999998 -0.017239
-20.4407 -0.017571
-20.4307 -0.017958000000000002
-20.4207 -0.018429
-20.4107 -0.018968
-20.4007 -0.019587
-20.3907 -0.020282999999999995
-20.3807 -0.021069
-20.3707 -0.02186099999999999
-20.3607 -0.022776
-20.3507 -0.023625
-20.3407 -0.02457
-20.3307 -0.025481999999999998
-20.3207 -0.026383999999999994
-20.3107 -0.027212999999999998
-20.3007 -0.028078999999999996
-20.2907 -0.028845000000000006
-20.2807 -0.029547999999999998
-20.270699999999998 -0.03021
-20.2607 -0.030779999999999995
-20.250700000000002 -0.03129
-20.2407 -0.0317
-20.2307 -0.03207
-20.2207 -0.032459999999999996
-20.2107 -0.03279
-20.200699999999998 -0.03303999999999999
-20.1907 -0.03332999999999999
-20.1807 -0.033569999999999996
-20.1707 -0.03381
-20.1607 -0.03408
-20.1507 -0.034379999999999994
-20.1407 -0.03465
-20.1307 -0.03498
-20.1207 -0.035309999999999994
-20.1107 -0.03567
-20.1007 -0.03603
-20.0907 -0.036449999999999996
-20.0807 -0.03688000000000001
-20.0707 -0.03730000000000001
-20.0607 -0.03777
-20.0507 -0.038270000000000005
-20.0407 -0.03877
-20.0307 -0.039270000000000006
-20.020699999999998 -0.03972
-20.0107 -0.04014
-20.000700000000002 -0.0406
-19.9907 -0.04101
-19.9807 -0.041380000000000014
-19.9707 -0.04179
-19.9607 -0.04206
-19.950699999999998 -0.04227
-19.9407 -0.04248000000000001
-19.9307 -0.042570000000000004
-19.9207 -0.042600000000000006
-19.9107 -0.04263
-19.9007 -0.04263
-19.8907 -0.04253999999999999
-19.8807 -0.042390000000000004
-19.8707 -0.042269999999999995
-19.8607 -0.042100000000000005
-19.8507 -0.041909999999999996
-19.8407 -0.04175999999999999
-19.8307 -0.04164000000000001
-19.8207 -0.041490000000000006
-19.8107 -0.04143
-19.8007 -0.04136
-19.7907 -0.04136
-19.7807 -0.041350000000000005
-19.770699999999998 -0.04134
-19.7607 -0.0414
-19.750700000000002 -0.04137
-19.7407 -0.041400000000000006
-19.7307 -0.041400000000000006
-19.7207 -0.041339999999999995
-19.7107 -0.04121
-19.700699999999998 -0.041089999999999995
-19.6907 -0.04089000000000001
-19.6807 -0.04053
-19.6707 -0.04019999999999999
-19.6607 -0.03975
-19.6507 -0.0393
-19.6407 -0.03882
-19.6307 -0.03821000000000001
-19.6207 -0.037649999999999996
-19.6107 -0.03711
-19.6007 -0.03654
-19.5907 -0.036000000000000004
-19.5807 -0.035429999999999996
-19.5707 -0.034940000000000006
-19.5607 -0.03451
-19.5507 -0.034109999999999994
-19.5407 -0.03381
-19.5307 -0.03353999999999999
-19.520699999999998 -0.03327
-19.5107 -0.033120000000000004
-19.500700000000002 -0.03291000000000001
-19.4907 -0.032850000000000004
-19.4807 -0.03279
-19.4707 -0.03279000000000001
-19.4607 -0.03279000000000001
-19.450699999999998 -0.03288
-19.4407 -0.033
-19.4307 -0.03324
-19.4207 -0.03351
-19.4107 -0.03384000000000001
-19.4007 -0.03432
-19.3907 -0.03489000000000001
-19.3807 -0.03554
-19.3707 -0.03629
-19.3607 -0.0371
-19.3507 -0.038000000000000006
-19.3407 -0.03900000000000001
-19.3307 -0.03996000000000001
-19.3207 -0.04104
-19.3107 -0.04209
-19.3007 -0.043149999999999994
-19.2907 -0.04419
-19.2807 -0.04509
-19.270699999999998 -0.04599
-19.2607 -0.0468
-19.250700000000002 -0.047479999999999994
-19.2407 -0.04809000000000001
-19.2307 -0.04855999999999999
-19.2207 -0.04895
-19.2107 -0.04917
-19.200699999999998 -0.04935
-19.1907 -0.049409999999999996
-19.1807 -0.04934999999999999
-19.1707 -0.04928
-19.1607 -0.04908
-19.1507 -0.04880999999999999
-19.1407 -0.04859000000000001
-19.1307 -0.04827
-19.1207 -0.04791000000000001
-19.1107 -0.047580000000000004
-19.1007 -0.047189999999999996
-19.0907 -0.04685
-19.0807 -0.046430000000000006
-19.0707 -0.04602
-19.0607 -0.0456
-19.0507 -0.045180000000000005
-19.0407 -0.0447
-19.0307 -0.04422
-19.020699999999998 -0.04371
-19.0107 -0.04308
-19.000700000000002 -0.042480000000000004
-18.9907 -0.041740000000000006
-18.9807 -0.04095999999999999
-18.9707 -0.04012
-18.9607 -0.039160000000000014
-18.950699999999998 -0.03816
-18.9407 -0.037140000000000006
-18.9307 -0.03593999999999999
-18.9207 -0.03471
-18.9107 -0.03345
-18.9007 -0.03222
-18.8907 -0.030839999999999992
-18.8807 -0.029539999999999993
-18.8707 -0.028169999999999997
-18.8607 -0.02691
-18.8507 -0.025604000000000005
-18.8407 -0.024439000000000002
-18.8307 -0.023322999999999997
-18.8207 -0.022311000000000004
-18.8107 -0.021405
-18.8007 -0.020575999999999997
-18.7907 -0.01987
-18.7807 -0.019316
-18.770699999999998 -0.018862000000000004
-18.7607 -0.018506
-18.750700000000002 -0.018302000000000002
-18.7407 -0.018161999999999998
-18.7307 -0.018076
-18.7207 -0.018102
-18.7107 -0.018151
-18.700699999999998 -0.018273
-18.6907 -0.018397999999999998
-18.6807 -0.018507999999999997
-18.6707 -0.018650000000000003
-18.6607 -0.018765
-18.6507 -0.018823999999999997
-18.6407 -0.018956000000000004
-18.6307 -0.019000000000000003
-18.6207 -0.018963
-18.6107 -0.018927
-18.6007 -0.018867000000000002
-18.5907 -0.018773999999999996
-18.5807 -0.018651000000000004
-18.5707 -0.018480000000000003
-18.5607 -0.018272000000000007
-18.5507 -0.018066
-18.5407 -0.017787
-18.5307 -0.017502
-18.520699999999998 -0.017154000000000003
-18.5107 -0.016770000000000004
-18.500700000000002 -0.0163776
-18.4907 -0.0158595
-18.4807 -0.0153357
-18.4707 -0.0147702
-18.4607 -0.014109300000000003
-18.450699999999998 -0.013439399999999999
-18.4407 -0.012700999999999999
-18.4307 -0.011951799999999999
-18.4207 -0.011139799999999998
-18.4107 -0.0103204
-18.4007 -0.0094806
-18.3907 -0.0086361
-18.3807 -0.007806799999999999
-18.3707 -0.0070014000000000005
-18.3607 -0.0062207
-18.3507 -0.005478800000000001
-18.3407 -0.0047844
-18.3307 -0.0041370999999999995
-18.3207 -0.0035426999999999998
-18.3107 -0.0030102000000000006
-18.3007 -0.002531
-18.2907 -0.0021082
-18.2807 -0.00173753
-18.270699999999998 -0.00141845
-18.2607 -0.0011471799999999998
-18.250700000000002 -0.0009192100000000001
-18.2407 -0.0007286700000000001
-18.2307 -0.0005721
-18.2207 -0.00044466000000000004
-18.2107 -0.00034215999999999994
-18.200699999999998 -0.0002605300000000001
-18.1907 -0.00019638000000000001
-18.1807 -0.00014664299999999996
-18.1707 -0.00010813200000000001
-18.1607 -7.914200000000002e-05
-18.1507 -5.7276000000000005e-05
-18.1407 -4.1008e-05
-18.1307 -2.9083999999999995e-05
-18.1207 -2.03887e-05
-18.1107 -1.41656e-05
-18.1007 -9.742499999999999e-06
-18.0907 -6.625399999999999e-06
-18.0807 -4.459800000000001e-06
-18.0707 -2.9712999999999994e-06
-18.0607 -1.95989e-06
-18.0507 -1.2782299999999999e-06
-18.0407 -8.2506e-07
-18.0307 -5.2709e-07
-18.020699999999998 -3.3333e-07
-18.0107 -2.0861399999999996e-07
-18.000700000000002 -1.2925900000000003e-07
-17.9907 -7.908700000000001e-08
-17.9807 -4.792800000000001e-08
-17.9707 -2.8753000000000006e-08
-17.9607 -1.7074100000000003e-08
-17.950699999999998 -1.00265e-08
-17.9407 -5.8283e-09
-17.9307 -3.351200000000001e-09
-17.9207 -1.90656e-09
-17.9107 -1.0727199999999996e-09
-17.9007 -5.9815e-10
-17.8907 -3.298099999999999e-10
-17.8807 -1.79806e-10
-17.8707 -9.702499999999998e-11
-17.8607 -5.183800000000002e-11
-17.8507 -2.7393000000000005e-11
-17.8407 -1.4306100000000001e-11
-17.8307 -7.406500000000002e-12
-17.8207 -3.7876000000000005e-12
-17.8107 -1.9118099999999997e-12
-17.8007 -9.541900000000002e-13
-17.7907 -4.7317e-13
-17.7807 -2.3099799999999993e-13
-17.770699999999998 -1.0953700000000002e-13
-17.7607 -4.6246e-14
-17.750700000000002 -1.81122e-14
-17.7407 -4.011099999999999e-15
-17.7307 -0.0
-17.7207 -0.0
-17.7107 -0.0
-17.700699999999998 -0.0
-17.6907 -0.0
-17.6807 -0.0
-17.6707 -0.0
-17.6607 -0.0
-17.6507 -0.0
-17.6407 -0.0
-17.6307 -0.0
-17.6207 -0.0
-17.6107 -0.0
-17.6007 -0.0
-17.5907 -0.0
-17.5807 -0.0
-17.5707 -0.0
-17.5607 -0.0
-17.5507 -0.0
-17.5407 -0.0
-17.5307 -0.0
-17.520699999999998 -0.0
-17.5107 -0.0
-17.5007 -0.0
-17.4907 -0.0
-17.4807 -0.0
-17.4707 -0.0
-17.4607 -0.0
-17.4507 -0.0
-17.4407 -0.0
-17.4307 -0.0
-17.4207 -0.0
-17.4107 -0.0
-17.4007 -0.0
-17.3907 -0.0
-17.3807 -0.0
-17.3707 -0.0
-17.3607 -0.0
-17.3507 -0.0
-17.3407 -0.0
-17.3307 -0.0
-17.3207 -0.0
-17.3107 -0.0
-17.3007 -0.0
-17.2907 -0.0
-17.2807 -0.0
-17.270699999999998 -0.0
-17.2607 -0.0
-17.2507 -0.0
-17.2407 -0.0
-17.2307 -0.0
-17.2207 -0.0
-17.2107 -0.0
-17.2007 -0.0
-17.1907 -0.0
-17.1807 -0.0
-17.1707 -0.0
-17.1607 -0.0
-17.1507 -0.0
-17.1407 -0.0
-17.1307 -0.0
-17.1207 -0.0
-17.1107 -0.0
-17.1007 -0.0
-17.0907 -0.0
-17.0807 -0.0
-17.0707 -0.0
-17.0607 -0.0
-17.0507 -0.0
-17.0407 -0.0
-17.0307 -0.0
-17.020699999999998 -0.0
-17.0107 -0.0
-17.0007 -0.0
-16.9907 -0.0
-16.9807 -0.0
-16.9707 -0.0
-16.9607 -0.0
-16.9507 -0.0
-16.9407 -0.0
-16.9307 -0.0
-16.9207 -0.0
-16.9107 -0.0
-16.9007 -0.0
-16.8907 -0.0
-16.8807 -0.0
-16.8707 -0.0
-16.8607 -0.0
-16.8507 -0.0
-16.8407 -0.0
-16.8307 -0.0
-16.8207 -0.0
-16.8107 -0.0
-16.8007 -0.0
-16.7907 -0.0
-16.7807 -0.0
-16.770699999999998 -0.0
-16.7607 -0.0
-16.7507 -0.0
-16.7407 -0.0
-16.7307 -0.0
-16.7207 -0.0
-16.7107 -0.0
-16.7007 -0.0
-16.6907 -0.0
-16.6807 -0.0
-16.6707 -0.0
-16.6607 -0.0
-16.6507 -0.0
-16.6407 -0.0
-16.6307 -0.0
-16.6207 -0.0
-16.6107 -0.0
-16.6007 -0.0
-16.5907 -0.0
-16.5807 -0.0
-16.5707 -0.0
-16.5607 -0.0
-16.5507 -0.0
-16.5407 -0.0
-16.5307 -0.0
-16.520699999999998 -0.0
-16.5107 -0.0
-16.5007 -0.0
-16.4907 -0.0
-16.4807 -0.0
-16.4707 -0.0
-16.4607 -0.0
-16.4507 -0.0
-16.4407 -0.0
-16.4307 -0.0
-16.4207 -0.0
-16.4107 -0.0
-16.4007 -0.0
-16.3907 -0.0
-16.3807 -0.0
-16.3707 -0.0
-16.3607 -0.0
-16.3507 -0.0
-16.3407 -0.0
-16.3307 -0.0
-16.3207 -0.0
-16.3107 -0.0
-16.3007 -0.0
-16.2907 -0.0
-16.2807 -0.0
-16.270699999999998 -0.0
-16.2607 -0.0
-16.2507 -0.0
-16.2407 -0.0
-16.2307 -0.0
-16.2207 -0.0
-16.2107 -0.0
-16.2007 -0.0
-16.1907 -0.0
-16.1807 -0.0
-16.1707 -0.0
-16.1607 -0.0
-16.1507 -0.0
-16.1407 -0.0
-16.1307 -0.0
-16.1207 -0.0
-16.1107 -0.0
-16.1007 -0.0
-16.0907 -0.0
-16.0807 -0.0
-16.0707 -0.0
-16.0607 -0.0
-16.0507 -0.0
-16.0407 -0.0
-16.0307 -0.0
-16.020699999999998 -0.0
-16.0107 -0.0
-16.0007 -0.0
-15.9907 -0.0
-15.980699999999999 -0.0
-15.9707 -0.0
-15.9607 -0.0
-15.9507 -0.0
-15.9407 -0.0
-15.9307 -0.0
-15.9207 -0.0
-15.9107 -0.0
-15.9007 -0.0
-15.890699999999999 -0.0
-15.8807 -0.0
-15.8707 -0.0
-15.8607 -0.0
-15.8507 -0.0
-15.8407 -0.0
-15.8307 -0.0
-15.8207 -0.0
-15.8107 -0.0
-15.800699999999999 -0.0
-15.7907 -0.0
-15.7807 -0.0
-15.7707 -0.0
-15.7607 -0.0
-15.7507 -0.0
-15.7407 -0.0
-15.730699999999999 -0.0
-15.7207 -0.0
-15.7107 -0.0
-15.7007 -0.0
-15.6907 -0.0
-15.6807 -0.0
-15.6707 -0.0
-15.6607 -0.0
-15.6507 -0.0
-15.640699999999999 -0.0
-15.6307 -0.0
-15.6207 -0.0
-15.6107 -0.0
-15.6007 -0.0
-15.5907 -0.0
-15.5807 -0.0
-15.5707 -0.0
-15.5607 -0.0
-15.550699999999999 -0.0
-15.5407 -0.0
-15.5307 -0.0
-15.5207 -0.0
-15.5107 -0.0
-15.5007 -0.0
-15.4907 -0.0
-15.480699999999999 -0.0
-15.4707 -0.0
-15.4607 -0.0
-15.4507 -0.0
-15.4407 -0.0
-15.4307 -0.0
-15.4207 -0.0
-15.4107 -0.0
-15.4007 -0.0
-15.390699999999999 -0.0
-15.3807 -0.0
-15.3707 -0.0
-15.3607 -0.0
-15.3507 -0.0
-15.3407 -0.0
-15.3307 -0.0
-15.3207 -0.0
-15.3107 -0.0
-15.300699999999999 -0.0
-15.2907 -0.0
-15.2807 -0.0
-15.2707 -0.0
-15.2607 -0.0
-15.2507 -0.0
-15.2407 -0.0
-15.230699999999999 -0.0
-15.2207 -0.0
-15.2107 -0.0
-15.2007 -0.0
-15.1907 -0.0
-15.1807 -0.0
-15.1707 -0.0
-15.1607 -0.0
-15.1507 -0.0
-15.140699999999999 -0.0
-15.1307 -0.0
-15.1207 -0.0
-15.1107 -0.0
-15.1007 -0.0
-15.0907 -0.0
-15.0807 -0.0
-15.0707 -0.0
-15.0607 -0.0
-15.050699999999999 -0.0
-15.0407 -0.0
-15.0307 -0.0
-15.0207 -0.0
-15.0107 -0.0
-15.0007 -0.0
-14.9907 -0.0
-14.980699999999999 -0.0
-14.9707 -0.0
-14.9607 -0.0
-14.9507 -0.0
-14.9407 -0.0
-14.9307 -0.0
-14.9207 -0.0
-14.9107 -0.0
-14.9007 -0.0
-14.890699999999999 -0.0
-14.8807 -0.0
-14.8707 -0.0
-14.8607 -0.0
-14.8507 -0.0
-14.8407 -0.0
-14.8307 -0.0
-14.8207 -0.0
-14.8107 -0.0
-14.800699999999999 -0.0
-14.7907 -0.0
-14.7807 -0.0
-14.7707 -0.0
-14.7607 -0.0
-14.7507 -0.0
-14.7407 -0.0
-14.730699999999999 -0.0
-14.7207 -0.0
-14.7107 -0.0
-14.7007 -0.0
-14.6907 -0.0
-14.6807 -0.0
-14.6707 -0.0
-14.6607 -0.0
-14.6507 -0.0
-14.640699999999999 -0.0
-14.6307 -0.0
-14.6207 -0.0
-14.6107 -0.0
-14.6007 -0.0
-14.5907 -0.0
-14.5807 -0.0
-14.5707 -0.0
-14.5607 -0.0
-14.550699999999999 -0.0
-14.5407 -0.0
-14.5307 -0.0
-14.5207 -0.0
-14.5107 -0.0
-14.5007 -0.0
-14.4907 -0.0
-14.4807 -0.0
-14.470699999999999 -0.0
-14.4607 -0.0
-14.4507 -0.0
-14.4407 -0.0
-14.4307 -0.0
-14.4207 -0.0
-14.4107 -0.0
-14.4007 -0.0
-14.390699999999999 -0.0
-14.3807 -0.0
-14.3707 -0.0
-14.3607 -0.0
-14.3507 -0.0
-14.3407 -0.0
-14.3307 -0.0
-14.3207 -0.0
-14.3107 -0.0
-14.300699999999999 -0.0
-14.2907 -0.0
-14.2807 -0.0
-14.2707 -0.0
-14.2607 -0.0
-14.2507 -0.0
-14.2407 -0.0
-14.2307 -0.0
-14.220699999999999 -0.0
-14.2107 -0.0
-14.2007 -0.0
-14.1907 -0.0
-14.1807 -0.0
-14.1707 -0.0
-14.1607 -0.0
-14.1507 -0.0
-14.140699999999999 -0.0
-14.1307 -0.0
-14.1207 -0.0
-14.1107 -0.0
-14.1007 -0.0
-14.0907 -0.0
-14.0807 -0.0
-14.0707 -0.0
-14.0607 -0.0
-14.050699999999999 -0.0
-14.0407 -0.0
-14.0307 -0.0
-14.0207 -0.0
-14.0107 -0.0
-14.0007 -0.0
-13.9907 -0.0
-13.9807 -0.0
-13.970699999999999 -0.0
-13.9607 -0.0
-13.9507 -0.0
-13.9407 -0.0
-13.9307 -0.0
-13.9207 -0.0
-13.9107 -0.0
-13.9007 -0.0
-13.890699999999999 -0.0
-13.8807 -0.0
-13.8707 -0.0
-13.8607 -0.0
-13.8507 -0.0
-13.8407 -0.0
-13.8307 -0.0
-13.8207 -0.0
-13.8107 -0.0
-13.800699999999999 -0.0
-13.7907 -0.0
-13.7807 -0.0
-13.7707 -0.0
-13.7607 -0.0
-13.7507 -0.0
-13.7407 -0.0
-13.7307 -0.0
-13.720699999999999 -0.0
-13.7107 -0.0
-13.7007 -0.0
-13.6907 -0.0
-13.6807 -0.0
-13.6707 -0.0
-13.6607 -0.0
-13.6507 -0.0
-13.640699999999999 -0.0
-13.6307 -0.0
-13.6207 -0.0
-13.6107 -0.0
-13.6007 -0.0
-13.5907 -0.0
-13.5807 -0.0
-13.5707 -0.0
-13.5607 -0.0
-13.550699999999999 -0.0
-13.5407 -0.0
-13.5307 -0.0
-13.5207 -0.0
-13.5107 -0.0
-13.5007 -0.0
-13.4907 -0.0
-13.4807 -0.0
-13.470699999999999 -0.0
-13.4607 -0.0
-13.4507 -0.0
-13.4407 -0.0
-13.4307 -0.0
-13.4207 -0.0
-13.4107 -0.0
-13.4007 -0.0
-13.390699999999999 -0.0
-13.3807 -0.0
-13.3707 -0.0
-13.3607 -0.0
-13.3507 -0.0
-13.3407 -0.0
-13.3307 -0.0
-13.3207 -0.0
-13.3107 -0.0
-13.300699999999999 -0.0
-13.2907 -0.0
-13.2807 -0.0
-13.2707 -0.0
-13.2607 -0.0
-13.2507 -0.0
-13.2407 -0.0
-13.2307 -0.0
-13.220699999999999 -0.0
-13.2107 -0.0
-13.2007 -0.0
-13.1907 -0.0
-13.1807 -0.0
-13.1707 -0.0
-13.1607 -0.0
-13.1507 -0.0
-13.140699999999999 -0.0
-13.1307 -0.0
-13.1207 -0.0
-13.1107 -0.0
-13.1007 -0.0
-13.0907 -0.0
-13.0807 -0.0
-13.0707 -0.0
-13.0607 -0.0
-13.050699999999999 -0.0
-13.0407 -0.0
-13.0307 -0.0
-13.0207 -0.0
-13.0107 -0.0
-13.0007 -0.0
-12.9907 -0.0
-12.9807 -0.0
-12.970699999999999 -0.0
-12.9607 -0.0
-12.9507 -0.0
-12.9407 -0.0
-12.9307 -0.0
-12.9207 -0.0
-12.9107 -0.0
-12.9007 -0.0
-12.890699999999999 -0.0
-12.8807 -0.0
-12.8707 -0.0
-12.8607 -0.0
-12.8507 -0.0
-12.8407 -0.0
-12.8307 -0.0
-12.8207 -0.0
-12.8107 -0.0
-12.800699999999999 -0.0
-12.7907 -0.0
-12.7807 -0.0
-12.7707 -0.0
-12.7607 -2.0588999999999997e-13
-12.7507 -7.265e-13
-12.7407 -1.5057e-12
-12.7307 -3.9041999999999995e-12
-12.720699999999999 -8.289e-12
-12.7107 -1.7133e-11
-12.7007 -3.4385999999999995e-11
-12.6907 -6.8934e-11
-12.6807 -1.3688000000000002e-10
-12.6707 -2.6748000000000004e-10
-12.6607 -5.168300000000001e-10
-12.6507 -9.872e-10
-12.640699999999999 -1.8612000000000001e-09
-12.6307 -3.48e-09
-12.6207 -6.4395e-09
-12.6107 -1.1772e-08
-12.6007 -2.1342999999999998e-08
-12.5907 -3.8273999999999996e-08
-12.5807 -6.7942e-08
-12.5707 -1.1951e-07
-12.5607 -2.0750999999999996e-07
-12.550699999999999 -3.5745e-07
-12.5407 -6.0924e-07
-12.5307 -1.0269e-06
-12.5207 -1.7159999999999997e-06
-12.5107 -2.8347e-06
-12.5007 -4.637000000000001e-06
-12.4907 -7.5132e-06
-12.480699999999999 -1.2063e-05
-12.4707 -1.9127999999999997e-05
-12.4607 -3.0063e-05
-12.4507 -4.678099999999999e-05
-12.4407 -7.2123e-05
-12.4307 -0.00011014000000000003
-12.4207 -0.00016626000000000002
-12.4107 -0.00024891000000000003
-12.4007 -0.00036836
-12.390699999999999 -0.0005402399999999999
-12.3807 -0.0007849200000000001
-12.3707 -0.001128
-12.3607 -0.0016079999999999998
-12.3507 -0.0022686
-12.3407 -0.0031709999999999998
-12.3307 -0.0043872
-12.3207 -0.0060123
-12.3107 -0.008163
-12.300699999999999 -0.01098
-12.2907 -0.014618
-12.2807 -0.019298
-12.2707 -0.025233
-12.2607 -0.032676000000000004
-12.2507 -0.04191700000000001
-12.2407 -0.053242000000000005
-12.230699999999999 -0.067041
-12.2207 -0.08364
-12.2107 -0.10335
-12.2007 -0.12685
-12.1907 -0.15390999999999996
-12.1807 -0.18473999999999996
-12.1707 -0.22028999999999999
-12.1607 -0.26073
-12.1507 -0.30477
-12.140699999999999 -0.35418
-12.1307 -0.40742999999999996
-12.1207 -0.46482
-12.1107 -0.5261100000000001
-12.1007 -0.58989
-12.0907 -0.65649
-12.0807 -0.7247999999999999
-12.0707 -0.7943000000000001
-12.0607 -0.8631
-12.050699999999999 -0.9320999999999999
-12.0407 -0.9986999999999999
-12.0307 -1.0623
-12.0207 -1.1240999999999999
-12.0107 -1.1820000000000002
-12.0007 -1.2345000000000002
-11.9907 -1.2843
-11.980699999999999 -1.3288999999999997
-11.9707 -1.3668000000000002
-11.9607 -1.4016
-11.9507 -1.4319000000000002
-11.9407 -1.4594
-11.9307 -1.4826000000000001
-11.9207 -1.5014999999999998
-11.9107 -1.5189
-11.9007 -1.5320000000000003
-11.890699999999999 -1.5435000000000003
-11.8807 -1.5495
-11.8707 -1.5594
-11.8607 -1.5626999999999998
-11.8507 -1.5672000000000006
-11.8407 -1.5687
-11.8307 -1.5684
-11.8207 -1.5662
-11.8107 -1.5623999999999998
-11.800699999999999 -1.5567
-11.7907 -1.5493999999999999
-11.7807 -1.5403999999999998
-11.7707 -1.5294
-11.7607 -1.5165000000000002
-11.7507 -1.503
-11.7407 -1.4877
-11.730699999999999 -1.4715999999999998
-11.7207 -1.4540999999999997
-11.7107 -1.4359
-11.7007 -1.4175000000000002
-11.6907 -1.3979
-11.6807 -1.3780999999999999
-11.6707 -1.3584
-11.6607 -1.3385999999999998
-11.6507 -1.3182
-11.640699999999999 -1.2986
-11.6307 -1.2792
-11.6207 -1.2599999999999998
-11.6107 -1.2408000000000001
-11.6007 -1.2225
-11.5907 -1.2042
-11.5807 -1.1871000000000003
-11.5707 -1.1706
-11.5607 -1.1546
-11.550699999999999 -1.1388
-11.5407 -1.1238
-11.5307 -1.1101
-11.5207 -1.0967
-11.5107 -1.0833
-11.5007 -1.0710000000000002
-11.4907 -1.0593
-11.480699999999999 -1.047
-11.4707 -1.0356999999999998
-11.4607 -1.0242
-11.4507 -1.0125
-11.4407 -1.0005000000000002
-11.4307 -0.9891
-11.4207 -0.9769999999999999
-11.4107 -0.9648000000000001
-11.4007 -0.9525
-11.390699999999999 -0.9404000000000002
-11.3807 -0.9281000000000001
-11.3707 -0.9156000000000003
-11.3607 -0.9036000000000001
-11.3507 -0.8918999999999998
-11.3407 -0.8799
-11.3307 -0.8682000000000002
-11.3207 -0.8564999999999999
-11.3107 -0.8450999999999999
-11.300699999999999 -0.8336000000000002
-11.2907 -0.822
-11.2807 -0.8098
-11.2707 -0.7968000000000001
-11.2607 -0.7829999999999999
-11.2507 -0.7685999999999998
-11.2407 -0.7527
-11.230699999999999 -0.7356
-11.2207 -0.7172999999999999
-11.2107 -0.6975000000000001
-11.2007 -0.6770999999999999
-11.1907 -0.6557999999999999
-11.1807 -0.6332000000000001
-11.1707 -0.6107999999999999
-11.1607 -0.588
-11.1507 -0.5650000000000001
-11.140699999999999 -0.5427
-11.1307 -0.5211000000000001
-11.1207 -0.5007
-11.1107 -0.48120000000000007
-11.1007 -0.4632
-11.0907 -0.4468
-11.0807 -0.43199999999999994
-11.0707 -0.4191
-11.0607 -0.40800000000000003
-11.050699999999999 -0.3978
-11.0407 -0.3892
-11.0307 -0.3819
-11.0207 -0.37589999999999996
-11.0107 -0.37100000000000005
-11.0007 -0.36629999999999996
-10.9907 -0.3618
-10.980699999999999 -0.3582000000000001
-10.9707 -0.3543
-10.9607 -0.3501
-10.9507 -0.3459000000000001
-10.9407 -0.3402
-10.9307 -0.33449999999999996
-10.9207 -0.3279
-10.9107 -0.32010000000000005
-10.9007 -0.3117
-10.890699999999999 -0.3021
-10.8807 -0.2919
-10.8707 -0.28080000000000005
-10.8607 -0.2688
-10.8507 -0.25589999999999996
-10.8407 -0.24299999999999997
-10.8307 -0.22979999999999998
-10.8207 -0.21659999999999996
-10.8107 -0.20381
-10.800699999999999 -0.19098000000000004
-10.7907 -0.17873999999999998
-10.7807 -0.16679
-10.7707 -0.15614000000000003
-10.7607 -0.14594000000000001
-10.7507 -0.13679
-10.7407 -0.12860999999999997
-10.730699999999999 -0.12136999999999999
-10.7207 -0.11510999999999998
-10.7107 -0.10983
-10.7007 -0.10538999999999998
-10.6907 -0.10188
-10.6807 -0.09917000000000001
-10.6707 -0.09714999999999999
-10.6607 -0.09579
-10.6507 -0.09506
-10.640699999999999 -0.09479
-10.6307 -0.09503999999999999
-10.6207 -0.09560000000000002
-10.6107 -0.09641
-10.6007 -0.09747
-10.5907 -0.09858
-10.5807 -0.09970000000000001
-10.5707 -0.10074000000000001
-10.5607 -0.10160999999999999
-10.550699999999999 -0.10227
-10.5407 -0.10254
-10.5307 -0.10243000000000002
-10.5207 -0.10175999999999998
-10.5107 -0.10062000000000001
-10.5007 -0.09890999999999998
-10.4907 -0.09662999999999998
-10.480699999999999 -0.09377999999999999
-10.4707 -0.09038999999999997
-10.4607 -0.08649
-10.4507 -0.08222999999999998
-10.4407 -0.07751999999999999
-10.4307 -0.07263000000000001
-10.4207 -0.06753
-10.4107 -0.062340000000000007
-10.4007 -0.057179999999999995
-10.390699999999999 -0.052149999999999995
-10.3807 -0.047250000000000014
-10.3707 -0.042629999999999994
-10.3607 -0.0383
-10.3507 -0.03432
-10.3407 -0.030719999999999994
-10.3307 -0.02754
-10.3207 -0.024689999999999997
-10.3107 -0.0222
-10.300699999999999 -0.020055000000000003
-10.2907 -0.018285000000000003
-10.2807 -0.016752999999999997
-10.2707 -0.015452999999999996
-10.2607 -0.014367
-10.2507 -0.013440999999999998
-10.2407 -0.012639000000000001
-10.230699999999999 -0.011927
-10.2207 -0.011287000000000002
-10.2107 -0.010676999999999999
-10.2007 -0.010094
-10.1907 -0.009524
-10.1807 -0.008948999999999999
-10.1707 -0.008369999999999999
-10.1607 -0.007784999999999999
-10.1507 -0.007194
-10.140699999999999 -0.006606
-10.1307 -0.006018
-10.1207 -0.005438000000000001
-10.1107 -0.004881000000000002
-10.1007 -0.0043349999999999994
-10.0907 -0.0038239999999999993
-10.0807 -0.003342
-10.0707 -0.0029010000000000004
-10.0607 -0.0024890000000000003
-10.050699999999999 -0.0021210000000000005
-10.0407 -0.0017879999999999999
-10.0307 -0.0014949000000000002
-10.0207 -0.0012381999999999998
-10.0107 -0.0010157999999999999
-10.0007 -0.0008256000000000001
-9.9907 -0.0006653000000000001
-9.980699999999999 -0.0005307
-9.9707 -0.00041940000000000006
-9.9607 -0.0003279
-9.9507 -0.0002546999999999999
-9.9407 -0.00019569
-9.9307 -0.00014898
-9.9207 -0.00011273000000000001
-9.9107 -8.502e-05
-9.9007 -6.440999999999999e-05
-9.890699999999999 -4.992000000000001e-05
-9.8807 -4.0879999999999995e-05
-9.8707 -3.7139999999999987e-05
-9.8607 -3.9117999999999994e-05
-9.8507 -4.8058e-05
-9.8407 -6.626499999999999e-05
-9.8307 -9.7503e-05
-9.8207 -0.000147396
-9.8107 -0.000224807
-9.800699999999999 -0.000341511
-9.7907 -0.000515788
-9.7807 -0.0007713049999999999
-9.7707 -0.0011435300000000002
-9.7607 -0.0016760500000000001
-9.7507 -0.0024364799999999995
-9.7407 -0.0034993700000000008
-9.730699999999999 -0.004977110000000001
-9.7207 -0.007008740000000001
-9.7107 -0.009765
-9.7007 -0.013432200000000002
-9.6907 -0.0183416
-9.6807 -0.0247536
-9.6707 -0.0330542
-9.6607 -0.043687699999999996
-9.6507 -0.0571877
-9.640699999999999 -0.0741133
-9.6307 -0.0949641
-9.6207 -0.12051
-9.6107 -0.151488
-9.6007 -0.187948
-9.5907 -0.231563
-9.5807 -0.282072
-9.570699999999999 -0.34023200000000003
-9.5607 -0.40640500000000007
-9.550699999999999 -0.480741
-9.540700000000001 -0.5629520000000001
-9.5307 -0.651497
-9.5207 -0.748706
-9.5107 -0.8527710000000001
-9.5007 -0.96139
-9.4907 -1.07409
-9.480699999999999 -1.1841899999999999
-9.4707 -1.3006499999999999
-9.4607 -1.4137799999999998
-9.4507 -1.524
-9.4407 -1.6245900000000002
-9.4307 -1.72325
-9.4207 -1.8107100000000003
-9.410699999999999 -1.89024
-9.4007 -1.9562100000000004
-9.390699999999999 -2.01478
-9.380700000000001 -2.06049
-9.3707 -2.0959
-9.3607 -2.12118
-9.3507 -2.1372300000000006
-9.3407 -2.1465799999999993
-9.3307 -2.14683
-9.320699999999999 -2.1446100000000006
-9.3107 -2.14002
-9.300699999999999 -2.13606
-9.290700000000001 -2.12736
-9.2807 -2.1264200000000004
-9.2707 -2.12387
-9.2607 -2.12557
-9.2507 -2.12955
-9.2407 -2.13885
-9.230699999999999 -2.15168
-9.2207 -2.16735
-9.2107 -2.1798100000000007
-9.2007 -2.1950600000000002
-9.1907 -2.2154999999999996
-9.1807 -2.2292400000000008
-9.1707 -2.23883
-9.160699999999999 -2.2523299999999997
-9.1507 -2.2513800000000006
-9.140699999999999 -2.2512900000000005
-9.130700000000001 -2.24376
-9.1207 -2.22599
-9.1107 -2.21009
-9.1007 -2.1840900000000003
-9.0907 -2.15442
-9.0807 -2.1212600000000004
-9.070699999999999 -2.0877000000000003
-9.0607 -2.05401
-9.050699999999999 -2.0205800000000003
-9.040700000000001 -1.9843800000000005
-9.0307 -1.952
-9.0207 -1.92624
-9.0107 -1.8983700000000006
-9.0007 -1.88355
-8.9907 -1.86681
-8.980699999999999 -1.85914
-8.9707 -1.85471
-8.9607 -1.85022
-8.9507 -1.8590100000000003
-8.9407 -1.8688500000000003
-8.9307 -1.88294
-8.9207 -1.89786
-8.910699999999999 -1.9202699999999997
-8.9007 -1.94367
-8.890699999999999 -1.9698300000000004
-8.880700000000001 -2.0021099999999996
-8.8707 -2.0344800000000003
-8.8607 -2.07
-8.8507 -2.1027000000000005
-8.8407 -2.1414000000000004
-8.8307 -2.1804
-8.820699999999999 -2.2160999999999995
-8.8107 -2.2614000000000005
-8.800699999999999 -2.3004
-8.790700000000001 -2.3364
-8.7807 -2.3727
-8.7707 -2.4027
-8.7607 -2.432
-8.7507 -2.4567000000000005
-8.7407 -2.4807
-8.730699999999999 -2.4917
-8.7207 -2.5074
-8.7107 -2.5131
-8.7007 -2.5157999999999996
-8.6907 -2.5089000000000006
-8.6807 -2.5023
-8.6707 -2.4894000000000003
-8.660699999999999 -2.4762999999999997
-8.6507 -2.451
-8.640699999999999 -2.4315
-8.630700000000001 -2.4056999999999995
-8.6207 -2.3739
-8.6107 -2.3451
-8.6007 -2.3127999999999997
-8.5907 -2.2809
-8.5807 -2.2481999999999998
-8.570699999999999 -2.2095
-8.5607 -2.1767999999999996
-8.550699999999999 -2.1397999999999993
-8.540700000000001 -2.0985000000000005
-8.5307 -2.0595000000000008
-8.5207 -2.0199
-8.5107 -1.9836
-8.5007 -1.9437000000000002
-8.4907 -1.8997999999999997
-8.480699999999999 -1.8639999999999999
-8.4707 -1.8186
-8.4607 -1.7741000000000002
-8.4507 -1.7343000000000004
-8.4407 -1.6914000000000002
-8.4307 -1.6471000000000002
-8.4207 -1.6071
-8.410699999999999 -1.5597
-8.4007 -1.5154999999999998
-8.390699999999999 -1.4721
-8.380700000000001 -1.4310999999999998
-8.3707 -1.3896
-8.3607 -1.34883
-8.3507 -1.30921
-8.3407 -1.27329
-8.3307 -1.2350700000000001
-8.320699999999999 -1.2017099999999998
-8.3107 -1.16987
-8.300699999999999 -1.1426200000000002
-8.290700000000001 -1.1175599999999999
-8.2807 -1.09712
-8.2707 -1.0792900000000003
-8.2607 -1.06687
-8.2507 -1.0569899999999999
-8.2407 -1.0530499999999998
-8.230699999999999 -1.05463
-8.2207 -1.0592000000000001
-8.2107 -1.0660999999999998
-8.2007 -1.0787000000000002
-8.1907 -1.0962
-8.1807 -1.1108999999999996
-8.1707 -1.1322
-8.160699999999999 -1.1537
-8.1507 -1.1716
-8.140699999999999 -1.1885999999999999
-8.130700000000001 -1.2079999999999997
-8.1207 -1.2227999999999999
-8.1107 -1.2360699999999998
-8.1007 -1.24545
-8.0907 -1.25089
-8.0807 -1.2491999999999999
-8.070699999999999 -1.2430100000000004
-8.0607 -1.2355200000000002
-8.050699999999999 -1.21706
-8.040700000000001 -1.19766
-8.0307 -1.17639
-8.0207 -1.14723
-8.0107 -1.1165100000000001
-8.0007 -1.08102
-7.9906999999999995 -1.04223
-7.9807 -1.0001699999999998
-7.9707 -0.95712
-7.9607 -0.9125399999999999
-7.950699999999999 -0.8673000000000001
-7.9407 -0.8226299999999998
-7.9307 -0.77796
-7.9207 -0.73511
-7.910699999999999 -0.6944099999999999
-7.9007 -0.6570900000000001
-7.8907 -0.6234900000000001
-7.8807 -0.59401
-7.870699999999999 -0.56991
-7.8607 -0.5515900000000001
-7.8507 -0.5392800000000001
-7.8407 -0.53298
-7.8307 -0.53372
-7.8206999999999995 -0.53997
-7.8107 -0.55266
-7.8007 -0.57084
-7.7907 -0.5942399999999999
-7.7806999999999995 -0.6213000000000001
-7.7707 -0.65151
-7.7607 -0.6844699999999999
-7.7507 -0.7185
-7.7406999999999995 -0.7529000000000001
-7.7307 -0.786
-7.7207 -0.8177
-7.7107 -0.8462999999999999
-7.700699999999999 -0.8716
-7.6907 -0.8924
-7.6807 -0.9079999999999999
-7.6707 -0.9192
-7.660699999999999 -0.9274999999999999
-7.6507 -0.9297000000000001
-7.6407 -0.9259999999999999
-7.6307 -0.9192
-7.620699999999999 -0.909
-7.6107 -0.8963
-7.6007 -0.8823
-7.5907 -0.8673
-7.5807 -0.8534
-7.5706999999999995 -0.8410999999999998
-7.5607 -0.8314000000000001
-7.5507 -0.8258000000000002
-7.5407 -0.8253
-7.5306999999999995 -0.8304000000000002
-7.5207 -0.8423
-7.5107 -0.8616999999999999
-7.5007 -0.8886000000000001
-7.4906999999999995 -0.9237000000000001
-7.4807 -0.9678000000000001
-7.4707 -1.0163000000000002
-7.4607 -1.0752000000000002
-7.450699999999999 -1.1387
-7.4407 -1.2096
-7.4307 -1.2853000000000003
-7.4207 -1.3611
-7.410699999999999 -1.4415999999999998
-7.4007 -1.5201
-7.3907 -1.5984
-7.3807 -1.6718000000000002
-7.370699999999999 -1.7400000000000002
-7.3607 -1.8044
-7.3507 -1.8603000000000003
-7.3407 -1.9098000000000006
-7.3307 -1.9494000000000002
-7.3206999999999995 -1.9822
-7.3107 -2.0056000000000003
-7.3007 -2.0255
-7.2907 -2.0382000000000002
-7.2806999999999995 -2.0491
-7.2707 -2.0538
-7.2607 -2.0619
-7.2507 -2.0707999999999998
-7.2406999999999995 -2.085
-7.2307 -2.0992
-7.2207 -2.1239000000000003
-7.2107 -2.1593999999999993
-7.200699999999999 -2.203
-7.1907 -2.2538
-7.1807 -2.3213999999999997
-7.1707 -2.3994
-7.160699999999999 -2.4858
-7.1507 -2.5809
-7.1407 -2.6928000000000005
-7.1307 -2.8130999999999995
-7.120699999999999 -2.9329000000000005
-7.1107 -3.0676
-7.1007 -3.2015000000000007
-7.0907 -3.3426000000000005
-7.0807 -3.4880999999999993
-7.0706999999999995 -3.6311999999999993
-7.0607 -3.775900000000001
-7.0507 -3.9163000000000006
-7.0407 -4.0551
-7.0306999999999995 -4.1898
-7.0207 -4.323
-7.0107 -4.440000000000001
-7.0007 -4.556000000000001
-6.9906999999999995 -4.662000000000002
-6.9807 -4.758
-6.9707 -4.845000000000001
-6.9607 -4.923000000000001
-6.950699999999999 -4.984
-6.9407 -5.038000000000001
-6.9307 -5.075
-6.9207 -5.106
-6.910699999999999 -5.127000000000001
-6.9007 -5.133
-6.8907 -5.13
-6.8807 -5.124
-6.870699999999999 -5.108999999999999
-6.8607 -5.081999999999999
-6.8507 -5.06
-6.8407 -5.029
-6.8307 -4.995
-6.8206999999999995 -4.961999999999999
-6.8107 -4.932
-6.8007 -4.9049999999999985
-6.7907 -4.880999999999999
-6.7806999999999995 -4.857
-6.7707 -4.8389999999999995
-6.7607 -4.82
-6.7507 -4.813000000000001
-6.7406999999999995 -4.806
-6.7307 -4.803
-6.7207 -4.802999999999999
-6.7107 -4.8
-6.700699999999999 -4.806
-6.6907 -4.812000000000001
-6.6807 -4.8210000000000015
-6.6707 -4.833
-6.660699999999999 -4.854
-6.6507 -4.868000000000001
-6.6407 -4.89
-6.6307 -4.919999999999998
-6.620699999999999 -4.953
-6.6107 -4.988999999999999
-6.6007 -5.040000000000001
-6.5907 -5.094999999999999
-6.5807 -5.157000000000001
-6.5706999999999995 -5.231000000000001
-6.5607 -5.309
-6.5507 -5.397000000000001
-6.5407 -5.492000000000002
-6.5306999999999995 -5.595000000000001
-6.5207 -5.696999999999999
-6.5107 -5.8100000000000005
-6.5007 -5.9220000000000015
-6.4906999999999995 -6.033
-6.4807 -6.140999999999998
-6.4707 -6.249
-6.4607 -6.354999999999998
-6.450699999999999 -6.4499999999999975
-6.4407 -6.544000000000001
-6.4307 -6.627000000000001
-6.4207 -6.7040000000000015
-6.410699999999999 -6.770999999999999
-6.4007 -6.8340000000000005
-6.3907 -6.883999999999999
-6.3807 -6.927000000000001
-6.370699999999999 -6.959999999999999
-6.3607 -6.990000000000001
-6.3507 -7.010999999999999
-6.3407 -7.0200000000000005
-6.3307 -7.027999999999999
-6.3206999999999995 -7.026000000000001
-6.3107 -7.023
-6.3007 -7.008
-6.2907 -6.990000000000002
-6.2806999999999995 -6.965999999999999
-6.2707 -6.933
-6.2607 -6.894
-6.2507 -6.852000000000001
-6.2406999999999995 -6.804
-6.2307 -6.756999999999999
-6.2207 -6.698999999999999
-6.2107 -6.645
-6.200699999999999 -6.584999999999999
-6.1907 -6.519
-6.1807 -6.455999999999999
-6.1707 -6.389999999999999
-6.160699999999999 -6.327
-6.1507 -6.258
-6.1407 -6.198
-6.1307 -6.132
-6.120699999999999 -6.069
-6.1107 -6.006
-6.1007 -5.954999999999999
-6.0907 -5.898
-6.0807 -5.8500000000000005
-6.0706999999999995 -5.8020000000000005
-6.0607 -5.756999999999999
-6.0507 -5.720999999999998
-6.0407 -5.681000000000002
-6.0306999999999995 -5.655000000000001
-6.0207 -5.628000000000001
-6.0107 -5.603999999999999
-6.0007 -5.582999999999998
-5.9906999999999995 -5.5680000000000005
-5.9807 -5.561000000000001
-5.9707 -5.547000000000001
-5.9607 -5.550000000000001
-5.950699999999999 -5.55
-5.9407 -5.553
-5.9307 -5.5649999999999995
-5.9207 -5.573
-5.910699999999999 -5.586000000000001
-5.9007 -5.610000000000001
-5.8907 -5.631000000000001
-5.8807 -5.649000000000001
-5.870699999999999 -5.678000000000001
-5.8607 -5.7059999999999995
-5.8507 -5.7299999999999995
-5.8407 -5.750999999999999
-5.8307 -5.778000000000001
-5.8206999999999995 -5.797999999999999
-5.8107 -5.814
-5.8007 -5.823000000000001
-5.7907 -5.831
-5.7806999999999995 -5.834999999999999
-5.7707 -5.838
-5.7607 -5.835
-5.7507 -5.8309999999999995
-5.7406999999999995 -5.824000000000001
-5.7307 -5.823
-5.7207 -5.815
-5.7107 -5.814000000000001
-5.700699999999999 -5.82
-5.6907 -5.825999999999999
-5.6807 -5.832
-5.6707 -5.848999999999999
-5.660699999999999 -5.8709999999999996
-5.6507 -5.898000000000001
-5.6407 -5.926999999999999
-5.6307 -5.9639999999999995
-5.620699999999999 -6.001
-5.6107 -6.044999999999999
-5.6007 -6.083999999999999
-5.5907 -6.122999999999999
-5.5807 -6.16
-5.5707 -6.189
-5.560700000000001 -6.220999999999999
-5.550699999999999 -6.242999999999999
-5.540699999999999 -6.260999999999999
-5.5306999999999995 -6.2700000000000005
-5.5207 -6.279000000000002
-5.5107 -6.279000000000001
-5.5007 -6.276000000000001
-5.4907 -6.276
-5.480700000000001 -6.2669999999999995
-5.470699999999999 -6.261000000000001
-5.460699999999999 -6.264
-5.450699999999999 -6.2669999999999995
-5.4407 -6.282000000000001
-5.4307 -6.296999999999999
-5.4207 -6.324000000000001
-5.4107 -6.3629999999999995
-5.4007000000000005 -6.407999999999999
-5.390699999999999 -6.467999999999999
-5.380699999999999 -6.537000000000001
-5.370699999999999 -6.6080000000000005
-5.3607 -6.693
-5.3507 -6.782999999999999
-5.3407 -6.879
-5.3307 -6.9719999999999995
-5.3207 -7.074
-5.310700000000001 -7.176
-5.300699999999999 -7.2749999999999995
-5.290699999999999 -7.374000000000001
-5.2806999999999995 -7.467
-5.2707 -7.558999999999999
-5.2607 -7.648999999999999
-5.2507 -7.731000000000001
-5.2407 -7.8020000000000005
-5.230700000000001 -7.872000000000001
-5.220699999999999 -7.938
-5.210699999999999 -7.991
-5.200699999999999 -8.040000000000001
-5.1907 -8.081999999999999
-5.1807 -8.105
-5.1707 -8.129999999999999
-5.1607 -8.139
-5.1507000000000005 -8.136000000000001
-5.140699999999999 -8.131999999999998
-5.130699999999999 -8.118
-5.120699999999999 -8.097
-5.1107 -8.07
-5.1007 -8.033999999999999
-5.0907 -7.989
-5.0807 -7.947000000000002
-5.0707 -7.905
-5.060700000000001 -7.863
-5.050699999999999 -7.821
-5.040699999999999 -7.78
-5.0306999999999995 -7.738
-5.0207 -7.7040000000000015
-5.0107 -7.674000000000001
-5.0007 -7.6499999999999995
-4.9907 -7.635
-4.980700000000001 -7.620000000000001
-4.970699999999999 -7.6110000000000015
-4.960699999999999 -7.605
-4.950699999999999 -7.608
-4.9407 -7.6049999999999995
-4.9307 -7.6110000000000015
-4.9207 -7.605
-4.9107 -7.606
-4.9007000000000005 -7.601999999999999
-4.890699999999999 -7.599
-4.880699999999999 -7.589999999999999
-4.870699999999999 -7.5809999999999995
-4.8607 -7.563
-4.8507 -7.551000000000002
-4.8407 -7.532999999999999
-4.8307 -7.511000000000002
-4.8207 -7.486999999999998
-4.810700000000001 -7.461
-4.800699999999999 -7.44
-4.790699999999999 -7.418999999999999
-4.7806999999999995 -7.3919999999999995
-4.7707 -7.374
-4.7607 -7.357999999999998
-4.7507 -7.339999999999999
-4.7407 -7.324
-4.730700000000001 -7.314
-4.720699999999999 -7.301999999999999
-4.710699999999999 -7.293
-4.700699999999999 -7.287000000000002
-4.6907 -7.287
-4.6807 -7.278000000000001
-4.6707 -7.28
-4.6607 -7.280999999999999
-4.6507000000000005 -7.284000000000001
-4.640699999999999 -7.293
-4.630699999999999 -7.302
-4.620699999999999 -7.3199999999999985
-4.6107 -7.338000000000003
-4.6007 -7.363
-4.5907 -7.3950000000000005
-4.5807 -7.430000000000001
-4.5707 -7.473000000000001
-4.560700000000001 -7.522
-4.550699999999999 -7.572000000000002
-4.540699999999999 -7.635000000000002
-4.5306999999999995 -7.6979999999999995
-4.5207 -7.7669999999999995
-4.5107 -7.836000000000001
-4.5007 -7.9049999999999985
-4.4907 -7.978000000000001
-4.480700000000001 -8.043
-4.470699999999999 -8.108000000000002
-4.460699999999999 -8.159999999999998
-4.450699999999999 -8.214000000000002
-4.4407 -8.251000000000001
-4.4307 -8.283
-4.4207 -8.304
-4.4107 -8.318999999999999
-4.4007000000000005 -8.316
-4.390699999999999 -8.307
-4.380699999999999 -8.295
-4.370699999999999 -8.274
-4.3607 -8.244
-4.3507 -8.214
-4.3407 -8.174999999999999
-4.3307 -8.145
-4.3207 -8.109
-4.310700000000001 -8.079
-4.300699999999999 -8.055000000000001
-4.290699999999999 -8.034
-4.2806999999999995 -8.019000000000002
-4.2707 -8.01
-4.2607 -8.007999999999997
-4.2507 -8.013999999999998
-4.2407 -8.024999999999999
-4.230700000000001 -8.046000000000003
-4.220699999999999 -8.071
-4.210699999999999 -8.093
-4.200699999999999 -8.132
-4.1907 -8.167
-4.1807 -8.210999999999999
-4.1707 -8.253
-4.1607 -8.299
-4.1507000000000005 -8.348999999999998
-4.140699999999999 -8.403000000000002
-4.130699999999999 -8.463
-4.120699999999999 -8.525
-4.1107 -8.589
-4.1007 -8.655
-4.0907 -8.729000000000001
-4.0807 -8.811000000000002
-4.0707 -8.898
-4.060700000000001 -8.99
-4.050699999999999 -9.086999999999998
-4.040699999999999 -9.198
-4.0306999999999995 -9.309000000000001
-4.0207 -9.426000000000002
-4.0107 -9.557
-4.0007 -9.682000000000002
-3.9907000000000004 -9.82
-3.9807000000000006 -9.963
-3.970699999999999 -10.108
-3.960699999999999 -10.258000000000001
-3.9506999999999994 -10.410999999999998
-3.9406999999999996 -10.565999999999999
-3.9307 -10.725
-3.9207 -10.888000000000002
-3.9107000000000003 -11.049000000000001
-3.9007000000000005 -11.211000000000002
-3.890699999999999 -11.377999999999998
-3.880699999999999 -11.550000000000002
-3.8706999999999994 -11.717999999999998
-3.8606999999999996 -11.885999999999997
-3.8507 -12.06
-3.8407 -12.231000000000002
-3.8307 -12.405000000000003
-3.8207000000000004 -12.576
-3.8107000000000006 -12.746999999999998
-3.800699999999999 -12.915999999999997
-3.7906999999999993 -13.086
-3.7806999999999995 -13.245000000000001
-3.7706999999999997 -13.400000000000002
-3.7607 -13.548000000000002
-3.7507 -13.692
-3.7407000000000004 -13.824
-3.7307000000000006 -13.950000000000003
-3.720699999999999 -14.061000000000002
-3.710699999999999 -14.158
-3.7006999999999994 -14.247
-3.6906999999999996 -14.322
-3.6807 -14.382000000000001
-3.6707 -14.431
-3.6607000000000003 -14.463000000000001
-3.6507000000000005 -14.485000000000003
-3.640699999999999 -14.485999999999997
-3.630699999999999 -14.482000000000001
-3.6206999999999994 -14.456999999999999
-3.6106999999999996 -14.426
-3.6007 -14.376
-3.5907 -14.318000000000005
-3.5807 -14.242000000000004
-3.5707000000000004 -14.162000000000003
-3.5607000000000006 -14.062000000000001
-3.550699999999999 -13.956
-3.5406999999999993 -13.836
-3.5306999999999995 -13.707
-3.5206999999999997 -13.558000000000003
-3.5107 -13.406
-3.5007 -13.243
-3.4907000000000004 -13.07
-3.4807000000000006 -12.883999999999999
-3.470699999999999 -12.686
-3.460699999999999 -12.482000000000001
-3.4506999999999994 -12.269999999999998
-3.4406999999999996 -12.050999999999997
-3.4307 -11.825999999999997
-3.4207 -11.596000000000002
-3.4107000000000003 -11.356
-3.4007000000000005 -11.12
-3.390699999999999 -10.876
-3.380699999999999 -10.630999999999998
-3.3706999999999994 -10.386
-3.3606999999999996 -10.14
-3.3507 -9.894
-3.3407 -9.651
-3.3307 -9.404
-3.3207000000000004 -9.166
-3.3107000000000006 -8.926
-3.300699999999999 -8.690000000000001
-3.2906999999999993 -8.464
-3.2806999999999995 -8.237000000000002
-3.2706999999999997 -8.028
-3.2607 -7.82
-3.2507 -7.624000000000001
-3.2407000000000004 -7.433999999999999
-3.2307000000000006 -7.258
-3.220699999999999 -7.097999999999998
-3.210699999999999 -6.9430000000000005
-3.2006999999999994 -6.808999999999999
-3.1906999999999996 -6.679
-3.1807 -6.564
-3.1707 -6.459999999999999
-3.1607000000000003 -6.3629999999999995
-3.1507000000000005 -6.273000000000001
-3.140699999999999 -6.182999999999999
-3.130699999999999 -6.103
-3.1206999999999994 -6.027999999999999
-3.1106999999999996 -5.952
-3.1007 -5.877
-3.0907 -5.808000000000001
-3.0807 -5.73
-3.0707000000000004 -5.656999999999999
-3.0607000000000006 -5.587000000000001
-3.050699999999999 -5.5120000000000005
-3.0406999999999993 -5.452000000000001
-3.0306999999999995 -5.378000000000001
-3.0206999999999997 -5.316000000000001
-3.0107 -5.250000000000001
-3.0007 -5.186999999999999
-2.9907000000000004 -5.1290000000000004
-2.9807000000000006 -5.0680000000000005
-2.970699999999999 -5.010000000000002
-2.960699999999999 -4.953
-2.9506999999999994 -4.893999999999998
-2.9406999999999996 -4.836
-2.9307 -4.781999999999999
-2.9207 -4.719
-2.9107000000000003 -4.662
-2.9007000000000005 -4.604
-2.890699999999999 -4.545000000000001
-2.880699999999999 -4.4910000000000005
-2.8706999999999994 -4.44
-2.8606999999999996 -4.396000000000001
-2.8507 -4.350000000000001
-2.8407 -4.323
-2.8307 -4.298
-2.8207000000000004 -4.283
-2.8107000000000006 -4.281
-2.800699999999999 -4.293000000000001
-2.7906999999999993 -4.317
-2.7806999999999995 -4.356
-2.7706999999999997 -4.401000000000001
-2.7607 -4.463
-2.7507 -4.5329999999999995
-2.7407000000000004 -4.622999999999999
-2.7307000000000006 -4.713000000000001
-2.720699999999999 -4.815
-2.710699999999999 -4.926000000000001
-2.7006999999999994 -5.035000000000001
-2.6906999999999996 -5.1499999999999995
-2.6807 -5.265999999999999
-2.6707 -5.382
-2.6607000000000003 -5.498
-2.6507000000000005 -5.61
-2.640699999999999 -5.715
-2.630699999999999 -5.810999999999999
-2.6206999999999994 -5.910000000000001
-2.6106999999999996 -6.0
-2.6007 -6.078
-2.5907 -6.154000000000001
-2.5807 -6.225
-2.5707000000000004 -6.281999999999998
-2.5607000000000006 -6.342
-2.550699999999999 -6.393000000000001
-2.5406999999999993 -6.441999999999999
-2.5306999999999995 -6.489000000000001
-2.5206999999999997 -6.528999999999999
-2.5107 -6.568
-2.5007 -6.606
-2.4907000000000004 -6.6419999999999995
-2.4807000000000006 -6.678
-2.470699999999999 -6.713000000000001
-2.460699999999999 -6.749999999999999
-2.4506999999999994 -6.786
-2.4406999999999996 -6.823999999999999
-2.4307 -6.863999999999999
-2.4207 -6.906000000000001
-2.4107000000000003 -6.943
-2.4007000000000005 -6.992000000000001
-2.390699999999999 -7.039
-2.380699999999999 -7.0920000000000005
-2.3706999999999994 -7.147
-2.3606999999999996 -7.202999999999999
-2.3507 -7.262
-2.3407 -7.3260000000000005
-2.3307 -7.382999999999999
-2.3207000000000004 -7.445999999999999
-2.3107000000000006 -7.506
-2.300699999999999 -7.559999999999999
-2.2906999999999993 -7.611
-2.2806999999999995 -7.653999999999999
-2.2706999999999997 -7.686
-2.2607 -7.708
-2.2507 -7.719
-2.2407000000000004 -7.718
-2.2307000000000006 -7.706999999999999
-2.220699999999999 -7.676999999999999
-2.210699999999999 -7.633999999999999
-2.2006999999999994 -7.581
-2.1906999999999996 -7.512
-2.1807 -7.436999999999999
-2.1707 -7.34
-2.1607000000000003 -7.243
-2.1507000000000005 -7.128
-2.140699999999999 -7.006
-2.130699999999999 -6.882000000000001
-2.1206999999999994 -6.746999999999999
-2.1106999999999996 -6.606000000000001
-2.1007 -6.462000000000001
-2.0907 -6.306000000000001
-2.0807 -6.144
-2.0707000000000004 -5.984999999999999
-2.0607000000000006 -5.808
-2.050699999999999 -5.636999999999999
-2.0406999999999993 -5.459999999999999
-2.0306999999999995 -5.268000000000001
-2.0206999999999997 -5.08
-2.0107 -4.888
-2.0007 -4.691999999999999
-1.9907000000000004 -4.499999999999999
-1.9807000000000006 -4.309
-1.970699999999999 -4.123500000000001
-1.9606999999999992 -3.9386999999999994
-1.9506999999999994 -3.7632
-1.9406999999999996 -3.5946000000000007
-1.9306999999999999 -3.4463999999999992
-1.9207 -3.3055
-1.9107000000000003 -3.1831
-1.9007000000000005 -3.0771999999999995
-1.890699999999999 -2.9874
-1.8806999999999992 -2.9201
-1.8706999999999994 -2.8722000000000003
-1.8606999999999996 -2.8407
-1.8506999999999998 -2.8316999999999997
-1.8407 -2.8352999999999993
-1.8307000000000002 -2.8579000000000003
-1.8207000000000004 -2.8966
-1.8107000000000006 -2.9439000000000006
-1.800699999999999 -3.0019000000000005
-1.7906999999999993 -3.063300000000001
-1.7806999999999995 -3.1308
-1.7706999999999997 -3.1938
-1.7607 -3.2544999999999997
-1.7507000000000001 -3.3034
-1.7407000000000004 -3.3456000000000006
-1.7307000000000006 -3.3710999999999998
-1.720699999999999 -3.3800999999999997
-1.7106999999999992 -3.3710000000000004
-1.7006999999999994 -3.3384
-1.6906999999999996 -3.2845
-1.6806999999999999 -3.2119000000000004
-1.6707 -3.1129000000000002
-1.6607000000000003 -2.9972999999999996
-1.6507000000000005 -2.8612
-1.640699999999999 -2.7108000000000008
-1.6306999999999992 -2.5463999999999998
-1.6206999999999994 -2.3686000000000003
-1.6106999999999996 -2.18859
-1.6006999999999998 -1.9996800000000001
-1.5907 -1.8140699999999998
-1.5807000000000002 -1.62905
-1.5707000000000004 -1.45106
-1.5607000000000006 -1.2775200000000002
-1.550699999999999 -1.11521
-1.5406999999999993 -0.9668600000000002
-1.5306999999999995 -0.82656
-1.5206999999999997 -0.7022000000000002
-1.5107 -0.5896500000000001
-1.5007000000000001 -0.49062
-1.4907000000000004 -0.40404999999999996
-1.4807000000000006 -0.32954999999999995
-1.470699999999999 -0.26596999999999993
-1.4606999999999992 -0.21257899999999996
-1.4506999999999994 -0.168316
-1.4406999999999996 -0.13189900000000002
-1.4306999999999999 -0.10216499999999999
-1.4207 -0.078449
-1.4107000000000003 -0.059612
-1.4007000000000005 -0.04482599999999999
-1.390699999999999 -0.033359
-1.3806999999999992 -0.024570000000000005
-1.3706999999999994 -0.017897799999999995
-1.3606999999999996 -0.0129081
-1.3506999999999998 -0.009219900000000001
-1.3407 -0.0065177
-1.3307000000000002 -0.004556300000000001
-1.3207000000000004 -0.0031515000000000007
-1.3107000000000006 -0.0021583899999999996
-1.300699999999999 -0.00146255
-1.2906999999999993 -0.0009796700000000002
-1.2806999999999995 -0.0006502899999999999
-1.2706999999999997 -0.00042676000000000004
-1.2607 -0.00027728
-1.2507000000000001 -0.00017811700000000002
-1.2407000000000004 -0.000113314
-1.2307000000000006 -7.132899999999998e-05
-1.220699999999999 -4.4396000000000007e-05
-1.2106999999999992 -2.7336999999999996e-05
-1.2006999999999994 -1.66573e-05
-1.1906999999999996 -1.00542e-05
-1.1806999999999999 -5.9979e-06
-1.1707 -3.5400999999999998e-06
-1.1607000000000003 -2.06762e-06
-1.1507000000000005 -1.1958299999999998e-06
-1.140699999999999 -6.836e-07
-1.1306999999999992 -3.8679e-07
-1.1206999999999994 -2.1656100000000006e-07
-1.1106999999999996 -1.19857e-07
-1.1006999999999998 -6.570800000000001e-08
-1.0907 -3.5610000000000006e-08
-1.0807000000000002 -1.90907e-08
-1.0707000000000004 -1.01408e-08
-1.0607000000000006 -5.319300000000001e-09
-1.050699999999999 -2.7622e-09
-1.0406999999999993 -1.4186699999999998e-09
-1.0306999999999995 -7.214499999999999e-10
-1.0206999999999997 -3.6185e-10
-1.0107 -1.80078e-10
-1.0007000000000001 -8.883999999999999e-11
-0.9907000000000004 -4.2608999999999993e-11
-0.9807000000000006 -2.0017000000000002e-11
-0.970699999999999 -7.743200000000001e-12
-0.9606999999999992 -1.2100400000000002e-12
-0.9506999999999994 -0.0
-0.9406999999999996 -0.0
-0.9306999999999999 -0.0
-0.9207000000000001 -0.0
-0.9107000000000003 -0.0
-0.9007000000000005 -0.0
-0.8906999999999989 -0.0
-0.8806999999999992 -0.0
-0.8706999999999994 -0.0
-0.8606999999999996 -0.0
-0.8506999999999998 -0.0
-0.8407 -0.0
-0.8307000000000002 -0.0
-0.8207000000000004 -0.0
-0.8107000000000006 -0.0
-0.8006999999999991 -0.0
-0.7906999999999993 -0.0
-0.7806999999999995 -0.0
-0.7706999999999997 -0.0
-0.7606999999999999 -0.0
-0.7507000000000001 -0.0
-0.7407000000000004 -0.0
-0.7307000000000006 -0.0
-0.720699999999999 -0.0
-0.7106999999999992 -0.0
-0.7006999999999994 -0.0
-0.6906999999999996 -0.0
-0.6806999999999999 -0.0
-0.6707000000000001 -0.0
-0.6607000000000003 -0.0
-0.6507000000000005 -0.0
-0.6406999999999989 -0.0
-0.6306999999999992 -0.0
-0.6206999999999994 -0.0
-0.6106999999999996 -2.9107e-13
-0.6006999999999998 -1.0101999999999999e-12
-0.5907 -2.6759999999999995e-12
-0.5807000000000002 -5.644500000000002e-12
-0.5707000000000004 -1.1562000000000003e-11
-0.5607000000000006 -2.337e-11
-0.5506999999999991 -4.693200000000001e-11
-0.5406999999999993 -9.316e-11
-0.5306999999999995 -1.8265e-10
-0.5206999999999997 -3.5474999999999994e-10
-0.5106999999999999 -6.807e-10
-0.5007000000000001 -1.2915000000000001e-09
-0.49070000000000036 -2.4291000000000002e-09
-0.48070000000000057 -4.511700000000001e-09
-0.470699999999999 -8.292e-09
-0.4606999999999992 -1.5106e-08
-0.45069999999999943 -2.7225000000000007e-08
-0.44069999999999965 -4.845400000000001e-08
-0.43069999999999986 -8.535e-08
-0.4207000000000001 -1.4901000000000004e-07
-0.4107000000000003 -2.5704000000000003e-07
-0.4007000000000005 -4.388399999999999e-07
-0.39069999999999894 -7.413e-07
-0.38069999999999915 -1.2393000000000004e-06
-0.37069999999999936 -2.049e-06
-0.3606999999999996 -3.345899999999999e-06
-0.3506999999999998 -5.421000000000001e-06
-0.3407 -8.684999999999999e-06
-0.3307000000000002 -1.3751999999999996e-05
-0.32070000000000043 -2.1575999999999998e-05
-0.31070000000000064 -3.3483000000000005e-05
-0.3006999999999991 -5.141300000000002e-05
-0.2906999999999993 -7.811999999999999e-05
-0.2806999999999995 -0.00011748
-0.2706999999999997 -0.00017453999999999997
-0.26069999999999993 -0.00025755
-0.25070000000000014 -0.00037464000000000003
-0.24070000000000036 -0.00054045
-0.23070000000000057 -0.0007705999999999999
-0.220699999999999 -0.0010878
-0.21069999999999922 -0.0015206999999999996
-0.20069999999999943 -0.0021033
-0.19069999999999965 -0.0028779
-0.18069999999999986 -0.0039024000000000003
-0.17070000000000007 -0.0052302
-0.1607000000000003 -0.006951
-0.1507000000000005 -0.009117
-0.14069999999999894 -0.011873
-0.13069999999999915 -0.015327000000000002
-0.12069999999999936 -0.019535999999999998
-0.11069999999999958 -0.024666
-0.10069999999999979 -0.030852000000000004
-0.0907 -0.038223
-0.08070000000000022 -0.04693500000000001
-0.07070000000000043 -0.057076000000000016
-0.06070000000000064 -0.06876
-0.05069999999999908 -0.08212
-0.04069999999999929 -0.09713999999999998
-0.030699999999999505 -0.11390999999999998
-0.02069999999999972 -0.13274999999999998
-0.010699999999999932 -0.15309000000000003
-0.000700000000000145 -0.17484000000000002
0.009299999999999642 -0.19851
0.01929999999999943 -0.22320000000000004
0.029300000000000992 -0.24976000000000004
0.03930000000000078 -0.27748000000000006
0.049300000000000566 -0.30573000000000006
0.05930000000000035 -0.33471000000000006
0.06930000000000014 -0.36399000000000004
0.07929999999999993 -0.39331000000000016
0.08929999999999971 -0.42266999999999993
0.0992999999999995 -0.4517999999999999
0.10930000000000106 -0.48038
0.11930000000000085 -0.50817
0.12930000000000064 -0.5351400000000001
0.13930000000000042 -0.56104
0.1493000000000002 -0.5859
0.1593 -0.60972
0.16929999999999978 -0.63156
0.17929999999999957 -0.65238
0.18929999999999936 -0.67222
0.19930000000000092 -0.6907399999999999
0.2093000000000007 -0.7080099999999999
0.2193000000000005 -0.7243200000000001
0.22930000000000028 -0.7397399999999998
0.23930000000000007 -0.75474
0.24929999999999986 -0.76946
0.25929999999999964 -0.7843400000000003
0.26929999999999943 -0.7988399999999998
0.279300000000001 -0.8135699999999999
0.2893000000000008 -0.8295599999999999
0.29930000000000057 -0.84594
0.30930000000000035 -0.8639399999999997
0.31930000000000014 -0.88296
0.3292999999999999 -0.9033
0.3392999999999997 -0.92649
0.3492999999999995 -0.94959
0.35930000000000106 -0.9714599999999999
0.36930000000000085 -0.99759
0.37930000000000064 -1.0248000000000002
0.3893000000000004 -1.0538999999999998
0.3993000000000002 -1.0815000000000001
0.4093 -1.1088
0.4192999999999998 -1.1370000000000002
0.42929999999999957 -1.1641000000000001
0.43929999999999936 -1.1915999999999998
0.4493000000000009 -1.2144
0.4593000000000007 -1.2366000000000001
0.4693000000000005 -1.2546
0.4793000000000003 -1.2702000000000002
0.48930000000000007 -1.2849
0.49929999999999986 -1.2939000000000003
0.5092999999999996 -1.3008000000000002
0.5192999999999994 -1.3020000000000003
0.529300000000001 -1.3011
0.5393000000000008 -1.2950999999999997
0.5493000000000006 -1.2864
0.5593000000000004 -1.2729
0.5693000000000001 -1.2597
0.5792999999999999 -1.2417
0.5892999999999997 -1.22016
0.5992999999999995 -1.2013599999999998
0.6093000000000011 -1.1797000000000002
0.6193000000000008 -1.15605
0.6293000000000006 -1.13376
0.6393000000000004 -1.11396
0.6493000000000002 -1.0936500000000002
0.6593 -1.07626
0.6692999999999998 -1.0620899999999995
0.6792999999999996 -1.04847
0.6892999999999994 -1.0409700000000002
0.6993000000000009 -1.03449
0.7093000000000007 -1.0311600000000003
0.7193000000000005 -1.03455
0.7293000000000003 -1.03746
0.7393000000000001 -1.0446599999999997
0.7492999999999999 -1.05405
0.7592999999999996 -1.0655999999999999
0.7692999999999994 -1.07838
0.779300000000001 -1.0936199999999998
0.7893000000000008 -1.10709
0.7993000000000006 -1.1205599999999998
0.8093000000000004 -1.13435
0.8193000000000001 -1.143
0.8292999999999999 -1.1510699999999998
0.8392999999999997 -1.15909
0.8492999999999995 -1.16412
0.8593000000000011 -1.1657999999999997
0.8693000000000008 -1.1610800000000001
0.8793000000000006 -1.1588300000000002
0.8893000000000004 -1.1470500000000001
0.8993000000000002 -1.13797
0.9093 -1.1253000000000002
0.9192999999999998 -1.1064000000000003
0.9292999999999996 -1.0882999999999998
0.9392999999999994 -1.0683999999999996
0.9493000000000009 -1.0484999999999995
0.9593000000000007 -1.0274999999999999
0.9693000000000005 -1.0041
0.9793000000000003 -0.9834
0.9893000000000001 -0.9614999999999999
0.9992999999999999 -0.9399000000000001
1.0092999999999996 -0.9192000000000001
1.0192999999999994 -0.9000000000000001
1.029300000000001 -0.8814000000000003
1.0393000000000008 -0.8652800000000002
1.0493000000000006 -0.8504199999999998
1.0593000000000004 -0.83758
1.0693000000000001 -0.8271899999999999
1.0793 -0.8193000000000001
1.0892999999999997 -0.8135699999999999
1.0992999999999995 -0.8108
1.109300000000001 -0.80976
1.1193000000000008 -0.8124600000000003
1.1293000000000006 -0.8172900000000001
1.1393000000000004 -0.8252099999999998
1.1493000000000002 -0.8355000000000002
1.1593 -0.8475600000000001
1.1692999999999998 -0.86205
1.1792999999999996 -0.8777999999999999
1.1892999999999994 -0.8952000000000001
1.199300000000001 -0.9135
1.2093000000000007 -0.9319999999999999
1.2193000000000005 -0.9503999999999999
1.2293000000000003 -0.9692999999999999
1.2393 -0.9864000000000002
1.2492999999999999 -1.0038
1.2592999999999996 -1.0191000000000001
1.2692999999999994 -1.0331
1.279300000000001 -1.0457999999999998
1.2893000000000008 -1.0559999999999998
1.2993000000000006 -1.0638
1.3093000000000004 -1.0697999999999999
1.3193000000000001 -1.0736999999999997
1.3293 -1.0745999999999998
1.3392999999999997 -1.0728
1.3492999999999995 -1.0682999999999998
1.359300000000001 -1.0612000000000001
1.3693000000000008 -1.05
1.3793000000000006 -1.0364999999999998
1.3893000000000004 -1.0197999999999998
1.3993000000000002 -0.9986999999999998
1.4093 -0.9753
1.4192999999999998 -0.9488999999999996
1.4292999999999996 -0.9194999999999998
1.4392999999999994 -0.8879999999999999
1.449300000000001 -0.8544
1.4593000000000007 -0.8196000000000001
1.4693000000000005 -0.7849000000000002
1.4793000000000003 -0.7500000000000001
1.4893 -0.7161
1.4992999999999999 -0.6845999999999999
1.5092999999999996 -0.6563999999999999
1.5192999999999994 -0.6312
1.529300000000001 -0.6108
1.5393000000000008 -0.5961000000000001
1.5493000000000006 -0.5867
1.5593000000000004 -0.5835000000000001
1.5693000000000001 -0.5868
1.5793 -0.5964
1.5892999999999997 -0.612
1.5992999999999995 -0.6330000000000001
1.609300000000001 -0.66
1.6193000000000008 -0.6915
1.6293000000000006 -0.7274999999999998
1.6393000000000004 -0.7668
1.6493000000000002 -0.8082
1.6593 -0.8526000000000001
1.6692999999999998 -0.8978999999999999
1.6792999999999996 -0.9435
1.6892999999999994 -0.9899999999999998
1.699300000000001 -1.0357
1.7093000000000007 -1.0815999999999997
1.7193000000000005 -1.125
1.7293000000000003 -1.1705999999999999
1.7393 -1.212
1.7492999999999999 -1.2564
1.7592999999999996 -1.2969000000000002
1.7692999999999994 -1.3368000000000002
1.779300000000001 -1.3767
1.7893000000000008 -1.4151000000000005
1.7993000000000006 -1.4538000000000002
1.8093000000000004 -1.4886000000000001
1.8193000000000001 -1.5258
1.8293 -1.5600000000000003
1.8392999999999997 -1.5936
1.8492999999999995 -1.6267000000000005
1.859300000000001 -1.656
1.8693000000000008 -1.6881000000000002
1.8793000000000006 -1.7136000000000002
1.8893000000000004 -1.7384999999999995
1.8993000000000002 -1.7625000000000002
1.9093 -1.7826000000000002
1.9192999999999998 -1.7958999999999994
1.9292999999999996 -1.8086000000000002
1.9392999999999994 -1.8202
1.949300000000001 -1.8309000000000002
1.9593000000000007 -1.8316
1.9693000000000005 -1.8318000000000003
1.9793000000000003 -1.8309000000000002
1.9893 -1.8237
1.9992999999999999 -1.8123000000000002
2.0092999999999996 -1.8036000000000003
2.0192999999999994 -1.7883
2.029300000000001 -1.7666999999999997
2.039300000000001 -1.7510999999999997
2.0493000000000006 -1.7285999999999997
2.0593000000000004 -1.7064000000000004
2.0693 -1.6836
2.0793 -1.6581000000000004
2.0892999999999997 -1.6349
2.0992999999999995 -1.6088999999999998
2.109300000000001 -1.5825999999999996
2.119300000000001 -1.5584999999999996
2.1293000000000006 -1.5348000000000004
2.1393000000000004 -1.5105000000000004
2.1493 -1.4889
2.1593 -1.4637000000000002
2.1693 -1.4382
2.1792999999999996 -1.4181000000000001
2.1892999999999994 -1.3941000000000001
2.199300000000001 -1.3737
2.2093000000000007 -1.3533000000000002
2.2193000000000005 -1.3339
2.2293000000000003 -1.3144000000000002
2.2393 -1.2956999999999999
2.2493 -1.2789
2.2592999999999996 -1.2627
2.2692999999999994 -1.2480000000000002
2.279300000000001 -1.2346000000000001
2.289300000000001 -1.2233
2.2993000000000006 -1.2128999999999999
2.3093000000000004 -1.2042000000000002
2.3193 -1.1973000000000003
2.3293 -1.1916
2.3392999999999997 -1.188
2.3492999999999995 -1.1849999999999998
2.359300000000001 -1.1832
2.369300000000001 -1.182
2.3793000000000006 -1.1807999999999998
2.3893000000000004 -1.1801999999999997
2.3993 -1.1784000000000001
2.4093000000000018 -1.176
2.4193 -1.1718
2.4293000000000013 -1.1663999999999999
2.4392999999999994 -1.1586
2.449300000000001 -1.1487
2.459299999999999 -1.1366999999999998
2.4693000000000005 -1.1215000000000002
2.4792999999999985 -1.1043
2.4893 -1.0844999999999998
2.4993000000000016 -1.0632
2.5092999999999996 -1.0404000000000002
2.519300000000001 -1.0167000000000002
2.529299999999999 -0.9915
2.539300000000001 -0.9673
2.549299999999999 -0.9435
2.5593000000000004 -0.9207
2.569300000000002 -0.8995000000000001
2.5793 -0.8810999999999998
2.5893000000000015 -0.8650000000000001
2.5992999999999995 -0.8525999999999999
2.609300000000001 -0.8426999999999999
2.619299999999999 -0.8367
2.6293000000000006 -0.834
2.6392999999999986 -0.8342999999999999
2.6493 -0.8375999999999999
2.6593000000000018 -0.8433000000000002
2.6693 -0.8522999999999998
2.6793000000000013 -0.8622000000000002
2.6892999999999994 -0.874
2.699300000000001 -0.8877
2.709299999999999 -0.9012
2.7193000000000005 -0.9157
2.7292999999999985 -0.9297999999999997
2.7393 -0.9435000000000001
2.7493000000000016 -0.9566999999999998
2.7592999999999996 -0.9696000000000001
2.769300000000001 -0.9819000000000001
2.779299999999999 -0.9929999999999999
2.789300000000001 -1.0034999999999998
2.799299999999999 -1.0143
2.8093000000000004 -1.0245
2.819300000000002 -1.0344000000000002
2.8293 -1.0449
2.8393000000000015 -1.0563000000000002
2.8492999999999995 -1.0680000000000003
2.859300000000001 -1.0817999999999999
2.869299999999999 -1.0974
2.8793000000000006 -1.1142
2.8892999999999986 -1.1333999999999997
2.8993 -1.1553
2.9093000000000018 -1.1787
2.9193 -1.2041999999999997
2.9293000000000013 -1.2315
2.9392999999999994 -1.2599
2.949300000000001 -1.2891
2.959299999999999 -1.3188
2.9693000000000005 -1.3479
2.9792999999999985 -1.3755000000000002
2.9893 -1.4019000000000001
2.9993000000000016 -1.4249999999999996
3.0092999999999996 -1.4451
3.019300000000001 -1.4606999999999999
3.029299999999999 -1.473
3.039300000000001 -1.4793
3.049299999999999 -1.482
3.0593000000000004 -1.4793000000000003
3.069300000000002 -1.4715000000000003
3.0793 -1.4598
3.0893000000000015 -1.4434000000000002
3.0992999999999995 -1.4238
3.109300000000001 -1.4020000000000001
3.119299999999999 -1.377
3.1293000000000006 -1.3513
3.1392999999999986 -1.3247999999999998
3.1493 -1.2978
3.1593000000000018 -1.2719999999999998
3.1693 -1.2471999999999996
3.1793000000000013 -1.2243
3.1892999999999994 -1.2045000000000001
3.199300000000001 -1.1864999999999999
3.209299999999999 -1.1718000000000002
3.2193000000000005 -1.1612
3.2292999999999985 -1.1538
3.2393 -1.15
3.2493000000000016 -1.1507999999999998
3.2592999999999996 -1.1553000000000002
3.269300000000001 -1.164
3.279299999999999 -1.1763000000000001
3.289300000000001 -1.1931
3.299299999999999 -1.2137
3.3093000000000004 -1.2375
3.319300000000002 -1.266
3.3293 -1.2972000000000004
3.3393000000000015 -1.3314
3.3492999999999995 -1.3691999999999998
3.359300000000001 -1.4093999999999998
3.369299999999999 -1.452
3.3793000000000006 -1.4958
3.3892999999999986 -1.5414
3.3993 -1.5882
3.4093000000000018 -1.6349999999999996
3.4193 -1.6803
3.4293000000000013 -1.7274000000000003
3.4392999999999994 -1.7724000000000002
3.449300000000001 -1.8164
3.459299999999999 -1.854
3.4693000000000005 -1.8933000000000004
3.4792999999999985 -1.9260000000000004
3.4893 -1.9590000000000005
3.4993000000000016 -1.9830000000000003
3.5092999999999996 -2.0100000000000007
3.519300000000001 -2.0280000000000005
3.529299999999999 -2.0460000000000003
3.539300000000001 -2.0580000000000007
3.549299999999999 -2.0730000000000004
3.5593000000000004 -2.079
3.569300000000002 -2.0820000000000003
3.5793 -2.088
3.5893000000000015 -2.0900000000000003
3.5992999999999995 -2.0910000000000006
3.609300000000001 -2.1
3.619299999999999 -2.1
3.6293000000000006 -2.109
3.6392999999999986 -2.1139999999999994
3.6493 -2.121
3.6593000000000018 -2.1300000000000003
3.6693 -2.1380000000000003
3.6793000000000013 -2.1490000000000005
3.6892999999999994 -2.16
3.699300000000001 -2.173
3.709299999999999 -2.181
3.7193000000000005 -2.19
3.7292999999999985 -2.1990000000000003
3.7393 -2.1990000000000003
3.7493000000000016 -2.202
3.7592999999999996 -2.199
3.769300000000001 -2.188
3.779299999999999 -2.1780000000000004
3.789300000000001 -2.16
3.799299999999999 -2.136
3.8093000000000004 -2.109
3.819300000000002 -2.076
3.8293 -2.039
3.8393000000000015 -2.004
3.8492999999999995 -1.9560000000000006
3.859300000000001 -1.9086
3.869299999999999 -1.8566000000000003
3.8793000000000006 -1.8030000000000002
3.8892999999999986 -1.7489000000000001
3.8993 -1.6915000000000002
3.9093000000000018 -1.633
3.9193 -1.5729999999999997
3.9293000000000013 -1.5123
3.9392999999999994 -1.4512
3.949300000000001 -1.3897
3.959299999999999 -1.3279
3.9693000000000005 -1.2666000000000002
3.9792999999999985 -1.2049999999999998
3.9893 -1.1441999999999997
3.9993000000000016 -1.0842000000000003
4.0093 -1.0249000000000001
4.019300000000001 -0.9667000000000002
4.029299999999999 -0.9099999999999999
4.039300000000001 -0.8542
4.049299999999999 -0.8002000000000001
4.0593 -0.7477
4.069300000000002 -0.697
4.0793 -0.6483
4.0893000000000015 -0.6016000000000001
4.0992999999999995 -0.5567000000000001
4.109300000000001 -0.5138
4.119299999999999 -0.4729999999999999
4.129300000000001 -0.4347000000000001
4.139299999999999 -0.3986
4.1493 -0.3643
4.159300000000002 -0.33209999999999995
4.1693 -0.30240000000000006
4.179300000000001 -0.2742
4.189299999999999 -0.24860000000000002
4.199300000000001 -0.2241
4.209299999999999 -0.20190000000000002
4.2193000000000005 -0.18137
4.2292999999999985 -0.16221000000000002
4.2393 -0.14446999999999996
4.249300000000002 -0.12832
4.2593 -0.11354
4.269300000000001 -0.09996999999999999
4.279299999999999 -0.08767
4.289300000000001 -0.07647999999999999
4.299299999999999 -0.06634
4.3093 -0.05721999999999999
4.319300000000002 -0.049080000000000006
4.3293 -0.04179
4.3393000000000015 -0.035350000000000006
4.3492999999999995 -0.029679999999999998
4.359300000000001 -0.02472
4.369299999999999 -0.020453999999999993
4.379300000000001 -0.016773000000000003
4.389299999999999 -0.013644999999999997
4.3993 -0.011000000000000001
4.409300000000002 -0.008789000000000002
4.4193 -0.006960000000000001
4.429300000000001 -0.005461000000000001
4.439299999999999 -0.004242999999999999
4.449300000000001 -0.0032670000000000004
4.459299999999999 -0.002493
4.4693000000000005 -0.0018770000000000002
4.4792999999999985 -0.0014046
4.4893 -0.0010390000000000002
4.499300000000002 -0.0007609000000000001
4.5093 -0.0005517
4.519300000000001 -0.00039550000000000007
4.529299999999999 -0.00028090000000000005
4.539300000000001 -0.00019758000000000002
4.549299999999999 -0.00013737
4.5593 -9.455e-05
4.569300000000002 -6.438e-05
4.5793 -4.339999999999999e-05
4.5893000000000015 -2.894e-05
4.5992999999999995 -1.9090999999999997e-05
4.609300000000001 -1.2463e-05
4.619299999999999 -8.048999999999999e-06
4.629300000000001 -5.143e-06
