-23.6007 4.249899999999999e-05
-23.5907 2.8020999999999995e-05
-23.5807 1.8317999999999996e-05
-23.570700000000002 1.1827000000000002e-05
-23.5607 7.565e-06
-23.5507 4.792e-06
-23.5407 3.0032999999999997e-06
-23.5307 1.8604e-06
-23.520699999999998 1.1434000000000001e-06
-23.5107 6.948e-07
-23.500700000000002 4.1748e-07
-23.4907 2.489999999999999e-07
-23.4807 1.4645999999999998e-07
-23.4707 8.543e-08
-23.4607 4.927799999999999e-08
-23.450699999999998 2.8160999999999997e-08
-23.4407 1.5930999999999996e-08
-23.4307 8.901000000000001e-09
-23.4207 4.927900000000001e-09
-23.4107 2.6972999999999998e-09
-23.4007 1.4635000000000002e-09
-23.3907 7.853000000000001e-10
-23.380699999999997 4.1682e-10
-23.3707 2.1882999999999996e-10
-23.3607 1.1383999999999998e-10
-23.3507 5.859e-11
-23.3407 2.9807e-11
-23.3307 1.4977e-11
-23.320700000000002 7.42e-12
-23.3107 3.5769e-12
-23.3007 1.6542999999999997e-12
-23.2907 7.206000000000001e-13
-23.2807 3.2369999999999997e-13
-23.270699999999998 1.2519e-13
-23.2607 1.6011999999999996e-14
-23.250700000000002 0.0
-23.2407 0.0
-23.2307 0.0
-23.2207 0.0
-23.2107 0.0
-23.200699999999998 0.0
-23.1907 0.0
-23.1807 0.0
-23.1707 0.0
-23.1607 0.0
-23.1507 0.0
-23.1407 0.0
-23.130699999999997 0.0
-23.1207 0.0
-23.1107 0.0
-23.1007 0.0
-23.0907 0.0
-23.0807 0.0
-23.070700000000002 0.0
-23.0607 0.0
-23.0507 0.0
-23.0407 0.0
-23.0307 0.0
-23.020699999999998 0.0
-23.0107 0.0
-23.000700000000002 0.0
-22.9907 0.0
-22.9807 0.0
-22.9707 0.0
-22.9607 0.0
-22.950699999999998 0.0
-22.9407 0.0
-22.9307 0.0
-22.9207 0.0
-22.9107 0.0
-22.9007 0.0
-22.8907 0.0
-22.880699999999997 0.0
-22.8707 0.0
-22.8607 0.0
-22.8507 0.0
-22.8407 0.0
-22.8307 0.0
-22.820700000000002 0.0
-22.8107 0.0
-22.8007 0.0
-22.7907 0.0
-22.7807 0.0
-22.770699999999998 0.0
-22.7607 0.0
-22.750700000000002 0.0
-22.7407 0.0
-22.7307 0.0
-22.7207 0.0
-22.7107 0.0
-22.700699999999998 0.0
-22.6907 0.0
-22.6807 0.0
-22.6707 0.0
-22.6607 0.0
-22.6507 0.0
-22.6407 0.0
-22.630699999999997 0.0
-22.6207 0.0
-22.6107 0.0
-22.6007 0.0
-22.5907 0.0
-22.5807 0.0
-22.570700000000002 0.0
-22.5607 0.0
-22.5507 0.0
-22.5407 0.0
-22.5307 0.0
-22.520699999999998 0.0
-22.5107 0.0
-22.500700000000002 0.0
-22.4907 0.0
-22.4807 0.0
-22.4707 0.0
-22.4607 0.0
-22.450699999999998 0.0
-22.4407 0.0
-22.4307 0.0
-22.4207 0.0
-22.4107 0.0
-22.4007 0.0
-22.3907 0.0
-22.380699999999997 0.0
-22.3707 0.0
-22.3607 0.0
-22.3507 0.0
-22.3407 0.0
-22.3307 0.0
-22.320700000000002 0.0
-22.3107 0.0
-22.3007 0.0
-22.2907 0.0
-22.2807 0.0
-22.270699999999998 0.0
-22.2607 0.0
-22.250700000000002 0.0
-22.2407 0.0
-22.2307 0.0
-22.2207 0.0
-22.2107 0.0
-22.200699999999998 0.0
-22.1907 0.0
-22.1807 0.0
-22.1707 0.0
-22.1607 0.0
-22.1507 0.0
-22.1407 0.0
-22.130699999999997 0.0
-22.1207 0.0
-22.1107 0.0
-22.1007 0.0
-22.0907 0.0
-22.0807 0.0
-22.070700000000002 0.0
-22.0607 0.0
-22.0507 0.0
-22.0407 0.0
-22.0307 0.0
-22.020699999999998 0.0
-22.0107 0.0
-22.000700000000002 0.0
-21.9907 0.0
-21.9807 0.0
-21.9707 0.0
-21.9607 0.0
-21.950699999999998 0.0
-21.9407 0.0
-21.9307 0.0
-21.9207 0.0
-21.9107 0.0
-21.9007 0.0
-21.8907 0.0
-21.880699999999997 0.0
-21.8707 0.0
-21.8607 0.0
-21.8507 0.0
-21.8407 0.0
-21.8307 0.0
-21.820700000000002 0.0
-21.8107 0.0
-21.8007 0.0
-21.7907 0.0
-21.7807 0.0
-21.770699999999998 0.0
-21.7607 0.0
-21.750700000000002 0.0
-21.7407 0.0
-21.7307 0.0
-21.7207 0.0
-21.7107 0.0
-21.700699999999998 0.0
-21.6907 0.0
-21.6807 0.0
-21.6707 0.0
-21.6607 0.0
-21.6507 0.0
-21.6407 0.0
-21.630699999999997 0.0
-21.6207 0.0
-21.6107 0.0
-21.6007 0.0
-21.5907 0.0
-21.5807 0.0
-21.5707 0.0
-21.5607 5.394899999999999e-16
-21.5507 1.1275999999999998e-15
-21.5407 3.7828e-15
-21.5307 7.802999999999998e-15
-21.520699999999998 1.5929e-14
-21.5107 3.3238e-14
-21.500700000000002 6.645000000000001e-14
-21.4907 1.3144e-13
-21.4807 2.5772000000000004e-13
-21.4707 5.036e-13
-21.4607 9.660000000000001e-13
-21.450699999999998 1.8465000000000003e-12
-21.4407 3.4686999999999995e-12
-21.4307 6.451000000000001e-12
-21.4207 1.1888e-11
-21.4107 2.1633e-11
-21.4007 3.9041000000000004e-11
-21.3907 6.969999999999999e-11
-21.3807 1.2300000000000001e-10
-21.3707 2.1516999999999997e-10
-21.3607 3.727500000000001e-10
-21.3507 6.383999999999999e-10
-21.3407 1.0821e-09
-21.3307 1.8149999999999996e-09
-21.3207 3.0183e-09
-21.3107 4.968e-09
-21.3007 8.085000000000001e-09
-21.2907 1.3045999999999998e-08
-21.2807 2.0828999999999997e-08
-21.270699999999998 3.2906000000000004e-08
-21.2607 5.154000000000001e-08
-21.250700000000002 7.990000000000001e-08
-21.2407 1.2281e-07
-21.2307 1.8659000000000003e-07
-21.2207 2.8138000000000005e-07
-21.2107 4.198e-07
-21.200699999999998 6.206999999999999e-07
-21.1907 9.095000000000001e-07
-21.1807 1.32e-06
-21.1707 1.8998999999999998e-06
-21.1607 2.7068999999999994e-06
-21.1507 3.828600000000001e-06
-21.1407 5.3670000000000005e-06
-21.1307 7.457e-06
-21.1207 1.0266e-05
-21.1107 1.4024999999999995e-05
-21.1007 1.8965999999999998e-05
-21.0907 2.5469e-05
-21.0807 3.3929999999999995e-05
-21.0707 4.4760000000000005e-05
-21.0607 5.87e-05
-21.0507 7.623e-05
-21.0407 9.824999999999999e-05
-21.0307 0.00012559
-21.020699999999998 0.00015919
-21.0107 0.00020018000000000002
-21.000700000000002 0.00024967999999999995
-20.9907 0.00030906
-20.9807 0.00037919
-20.9707 0.00046190000000000006
-20.9607 0.0005575
-20.950699999999998 0.0006678999999999999
-20.9407 0.0007933
-20.9307 0.0009343
-20.9207 0.0010913999999999997
-20.9107 0.0012642
-20.9007 0.001454
-20.8907 0.0016578000000000005
-20.8807 0.0018743999999999998
-20.8707 0.0021069000000000005
-20.8607 0.0023478000000000006
-20.8507 0.0025978
-20.8407 0.0028504000000000003
-20.8307 0.0031074
-20.8207 0.0033708
-20.8107 0.003635499999999999
-20.8007 0.0038909999999999995
-20.7907 0.004155
-20.7807 0.004422
-20.770699999999998 0.004684
-20.7607 0.0049559999999999995
-20.750700000000002 0.005234
-20.7407 0.005529
-20.7307 0.005834
-20.7207 0.006162000000000001
-20.7107 0.006515999999999998
-20.700699999999998 0.006898000000000002
-20.6907 0.007307000000000001
-20.6807 0.007754
-20.6707 0.008233999999999998
-20.6607 0.008742
-20.6507 0.009281999999999999
-20.6407 0.009843
-20.6307 0.010422
-20.6207 0.011006999999999998
-20.6107 0.011595000000000003
-20.6007 0.012171
-20.5907 0.01274
-20.5807 0.013274999999999997
-20.5707 0.013758000000000001
-20.5607 0.014222999999999998
-20.5507 0.014643
-20.5407 0.015007000000000003
-20.5307 0.015328999999999999
-20.520699999999998 0.0156
-20.5107 0.015862000000000005
-20.500700000000002 0.01611
-20.4907 0.016296
-20.4807 0.016486999999999998
-20.4707 0.016745
-20.4607 0.016959
-20.450699999999998 0.017250000000000005
-20.4407 0.017571
-20.4307 0.017981999999999998
-20.4207 0.018448000000000003
-20.4107 0.01898
-20.4007 0.019605
-20.3907 0.020270999999999997
-20.3807 0.02103
-20.3707 0.021818999999999995
-20.3607 0.022704000000000002
-20.3507 0.023573999999999994
-20.3407 0.024478999999999994
-20.3307 0.025400999999999993
-20.3207 0.026312999999999993
-20.3107 0.027192
-20.3007 0.028008999999999996
-20.2907 0.028824000000000002
-20.2807 0.029516999999999995
-20.270699999999998 0.03017
-20.2607 0.03075
-20.250700000000002 0.031259999999999996
-20.2407 0.03174
-20.2307 0.03216
-20.2207 0.03243
-20.2107 0.032760000000000004
-20.200699999999998 0.03306
-20.1907 0.033389999999999996
-20.1807 0.03363
-20.1707 0.03385
-20.1607 0.03414999999999999
-20.1507 0.03438
-20.1407 0.03474
-20.1307 0.03502
-20.1207 0.035339999999999996
-20.1107 0.035699999999999996
-20.1007 0.03606
-20.0907 0.03648
-20.0807 0.03692999999999999
-20.0707 0.03735
-20.0607 0.03777
-20.0507 0.03825
-20.0407 0.03873000000000001
-20.0307 0.03921
-20.020699999999998 0.039689999999999996
-20.0107 0.040139999999999995
-20.000700000000002 0.040589999999999994
-19.9907 0.04104
-19.9807 0.041370000000000004
-19.9707 0.04177
-19.9607 0.04209000000000001
-19.950699999999998 0.042269999999999995
-19.9407 0.042480000000000004
-19.9307 0.04257000000000001
-19.9207 0.04263000000000001
-19.9107 0.042690000000000006
-19.9007 0.04263
-19.8907 0.04256999999999999
-19.8807 0.042480000000000004
-19.8707 0.042300000000000004
-19.8607 0.0422
-19.8507 0.04203
-19.8407 0.04190000000000001
-19.8307 0.04174
-19.8207 0.04163999999999999
-19.8107 0.04155
-19.8007 0.04145999999999999
-19.7907 0.04142
-19.7807 0.041460000000000004
-19.770699999999998 0.041460000000000004
-19.7607 0.04145
-19.750700000000002 0.04143000000000001
-19.7407 0.041460000000000004
-19.7307 0.041429999999999995
-19.7207 0.04137
-19.7107 0.04125
-19.700699999999998 0.041100000000000005
-19.6907 0.04089
-19.6807 0.040589999999999994
-19.6707 0.04019999999999999
-19.6607 0.03976999999999999
-19.6507 0.039330000000000004
-19.6407 0.03878000000000001
-19.6307 0.03824999999999999
-19.6207 0.03765
-19.6107 0.03707
-19.6007 0.03648
-19.5907 0.03594
-19.5807 0.03543
-19.5707 0.034949999999999995
-19.5607 0.034530000000000005
-19.5507 0.034109999999999994
-19.5407 0.03378
-19.5307 0.03352
-19.520699999999998 0.03328999999999999
-19.5107 0.03309
-19.500700000000002 0.03291000000000001
-19.4907 0.032880000000000006
-19.4807 0.03276
-19.4707 0.03273
-19.4607 0.032760000000000004
-19.450699999999998 0.03283
-19.4407 0.03297
-19.4307 0.03315
-19.4207 0.03345
-19.4107 0.033780000000000004
-19.4007 0.03423
-19.3907 0.034769999999999995
-19.3807 0.03543999999999999
-19.3707 0.03615
-19.3607 0.03696000000000001
-19.3507 0.03789
-19.3407 0.03885
-19.3307 0.0399
-19.3207 0.04092
-19.3107 0.042
-19.3007 0.043050000000000005
-19.2907 0.04405
-19.2807 0.04501
-19.270699999999998 0.045930000000000006
-19.2607 0.046700000000000005
-19.250700000000002 0.047449999999999985
-19.2407 0.04802999999999999
-19.2307 0.04851
-19.2207 0.04888
-19.2107 0.04920000000000001
-19.200699999999998 0.04932
-19.1907 0.049420000000000006
-19.1807 0.04937
-19.1707 0.049260000000000005
-19.1607 0.04909
-19.1507 0.04891999999999999
-19.1407 0.04861999999999999
-19.1307 0.048299999999999996
-19.1207 0.047950000000000007
-19.1107 0.047599999999999996
-19.1007 0.04725000000000001
-19.0907 0.04682999999999999
-19.0807 0.04647
-19.0707 0.04603
-19.0607 0.04563999999999999
-19.0507 0.04520000000000001
-19.0407 0.04473
-19.0307 0.044270000000000004
-19.020699999999998 0.04371
-19.0107 0.043109999999999996
-19.000700000000002 0.04247999999999999
-18.9907 0.04179
-18.9807 0.04104
-18.9707 0.040170000000000004
-18.9607 0.03921
-18.950699999999998 0.03822000000000001
-18.9407 0.03716
-18.9307 0.03606
-18.9207 0.03483000000000001
-18.9107 0.0336
-18.9007 0.032279999999999996
-18.8907 0.030969999999999994
-18.8807 0.029609999999999994
-18.8707 0.028329999999999998
-18.8607 0.027059999999999997
-18.8507 0.025783000000000004
-18.8407 0.024605
-18.8307 0.023464
-18.8207 0.022483999999999994
-18.8107 0.021546000000000003
-18.8007 0.020774
-18.7907 0.020043
-18.7807 0.019483000000000004
-18.770699999999998 0.018993999999999997
-18.7607 0.018656999999999993
-18.750700000000002 0.018419
-18.7407 0.018276
-18.7307 0.018211
-18.7207 0.0182
-18.7107 0.018263
-18.700699999999998 0.018365
-18.6907 0.018455
-18.6807 0.018569999999999996
-18.6707 0.018714
-18.6607 0.018789000000000004
-18.6507 0.018895
-18.6407 0.018949
-18.6307 0.018961
-18.6207 0.018972
-18.6107 0.018936
-18.6007 0.01887
-18.5907 0.018744
-18.5807 0.018633
-18.5707 0.018468000000000002
-18.5607 0.018255000000000004
-18.5507 0.018036
-18.5407 0.017750999999999996
-18.5307 0.017469
-18.520699999999998 0.017120999999999997
-18.5107 0.016734000000000002
-18.500700000000002 0.0162581
-18.4907 0.015819
-18.4807 0.0152522
-18.4707 0.014666700000000003
-18.4607 0.014002500000000001
-18.450699999999998 0.013312699999999998
-18.4407 0.0125643
-18.4307 0.011819999999999997
-18.4207 0.010993000000000001
-18.4107 0.0101676
-18.4007 0.009328600000000001
-18.3907 0.0084922
-18.3807 0.007668100000000001
-18.3707 0.0068622
-18.3607 0.006088600000000001
-18.3507 0.005357
-18.3407 0.004666999999999999
-18.3307 0.004029200000000001
-18.3207 0.0034491
-18.3107 0.0029209
-18.3007 0.0024535
-18.2907 0.0020402899999999997
-18.2807 0.0016791099999999997
-18.270699999999998 0.00136915
-18.2607 0.0011059100000000003
-18.250700000000002 0.00088349
-18.2407 0.00069948
-18.2307 0.0005479899999999999
-18.2207 0.00042501
-18.2107 0.00032656000000000004
-18.200699999999998 0.00024820999999999996
-18.1907 0.000186783
-18.1807 0.000139248
-18.1707 0.000102452
-18.1607 7.485900000000001e-05
-18.1507 5.4087999999999994e-05
-18.1407 3.8663999999999994e-05
-18.1307 2.7352e-05
-18.1207 1.91667e-05
-18.1107 1.3284799999999999e-05
-18.1007 9.1097e-06
-18.0907 6.186299999999999e-06
-18.0807 4.156800000000001e-06
-18.0707 2.7641e-06
-18.0607 1.8196099999999998e-06
-18.0507 1.18463e-06
-18.0407 7.634800000000001e-07
-18.0307 4.8674e-07
-18.020699999999998 3.0718e-07
-18.0107 1.9190400000000002e-07
-18.000700000000002 1.1871099999999998e-07
-17.9907 7.249799999999999e-08
-17.9807 4.3861e-08
-17.9707 2.6263000000000005e-08
-17.9607 1.55653e-08
-17.950699999999998 9.1316e-09
-17.9407 5.292699999999999e-09
-17.9307 3.0374e-09
-17.9207 1.72428e-09
-17.9107 9.689e-10
-17.9007 5.3906e-10
-17.8907 2.9662e-10
-17.8807 1.61575e-10
-17.8707 8.6966e-11
-17.8607 4.636300000000001e-11
-17.8507 2.4453999999999996e-11
-17.8407 1.2768900000000001e-11
-17.8307 6.5839999999999994e-12
-17.8207 3.3603e-12
-17.8107 1.6948599999999997e-12
-17.8007 8.440399999999999e-13
-17.7907 4.1742999999999997e-13
-17.7807 1.98418e-13
-17.770699999999998 9.628400000000001e-14
-17.7607 4.0585e-14
-17.750700000000002 1.2273900000000001e-14
-17.7407 3.07372e-15
-17.7307 0.0
-17.7207 0.0
-17.7107 0.0
-17.700699999999998 0.0
-17.6907 0.0
-17.6807 0.0
-17.6707 0.0
-17.6607 0.0
-17.6507 0.0
-17.6407 0.0
-17.6307 0.0
-17.6207 0.0
-17.6107 0.0
-17.6007 0.0
-17.5907 0.0
-17.5807 0.0
-17.5707 0.0
-17.5607 0.0
-17.5507 0.0
-17.5407 0.0
-17.5307 0.0
-17.520699999999998 0.0
-17.5107 0.0
-17.5007 0.0
-17.4907 0.0
-17.4807 0.0
-17.4707 0.0
-17.4607 0.0
-17.4507 0.0
-17.4407 0.0
-17.4307 0.0
-17.4207 0.0
-17.4107 0.0
-17.4007 0.0
-17.3907 0.0
-17.3807 0.0
-17.3707 0.0
-17.3607 0.0
-17.3507 0.0
-17.3407 0.0
-17.3307 0.0
-17.3207 0.0
-17.3107 0.0
-17.3007 0.0
-17.2907 0.0
-17.2807 0.0
-17.270699999999998 0.0
-17.2607 0.0
-17.2507 0.0
-17.2407 0.0
-17.2307 0.0
-17.2207 0.0
-17.2107 0.0
-17.2007 0.0
-17.1907 0.0
-17.1807 0.0
-17.1707 0.0
-17.1607 0.0
-17.1507 0.0
-17.1407 0.0
-17.1307 0.0
-17.1207 0.0
-17.1107 0.0
-17.1007 0.0
-17.0907 0.0
-17.0807 0.0
-17.0707 0.0
-17.0607 0.0
-17.0507 0.0
-17.0407 0.0
-17.0307 0.0
-17.020699999999998 0.0
-17.0107 0.0
-17.0007 0.0
-16.9907 0.0
-16.9807 0.0
-16.9707 0.0
-16.9607 0.0
-16.9507 0.0
-16.9407 0.0
-16.9307 0.0
-16.9207 0.0
-16.9107 0.0
-16.9007 0.0
-16.8907 0.0
-16.8807 0.0
-16.8707 0.0
-16.8607 0.0
-16.8507 0.0
-16.8407 0.0
-16.8307 0.0
-16.8207 0.0
-16.8107 0.0
-16.8007 0.0
-16.7907 0.0
-16.7807 0.0
-16.770699999999998 0.0
-16.7607 0.0
-16.7507 0.0
-16.7407 0.0
-16.7307 0.0
-16.7207 0.0
-16.7107 0.0
-16.7007 0.0
-16.6907 0.0
-16.6807 0.0
-16.6707 0.0
-16.6607 0.0
-16.6507 0.0
-16.6407 0.0
-16.6307 0.0
-16.6207 0.0
-16.6107 0.0
-16.6007 0.0
-16.5907 0.0
-16.5807 0.0
-16.5707 0.0
-16.5607 0.0
-16.5507 0.0
-16.5407 0.0
-16.5307 0.0
-16.520699999999998 0.0
-16.5107 0.0
-16.5007 0.0
-16.4907 0.0
-16.4807 0.0
-16.4707 0.0
-16.4607 0.0
-16.4507 0.0
-16.4407 0.0
-16.4307 0.0
-16.4207 0.0
-16.4107 0.0
-16.4007 0.0
-16.3907 0.0
-16.3807 0.0
-16.3707 0.0
-16.3607 0.0
-16.3507 0.0
-16.3407 0.0
-16.3307 0.0
-16.3207 0.0
-16.3107 0.0
-16.3007 0.0
-16.2907 0.0
-16.2807 0.0
-16.270699999999998 0.0
-16.2607 0.0
-16.2507 0.0
-16.2407 0.0
-16.2307 0.0
-16.2207 0.0
-16.2107 0.0
-16.2007 0.0
-16.1907 0.0
-16.1807 0.0
-16.1707 0.0
-16.1607 0.0
-16.1507 0.0
-16.1407 0.0
-16.1307 0.0
-16.1207 0.0
-16.1107 0.0
-16.1007 0.0
-16.0907 0.0
-16.0807 0.0
-16.0707 0.0
-16.0607 0.0
-16.0507 0.0
-16.0407 0.0
-16.0307 0.0
-16.020699999999998 0.0
-16.0107 0.0
-16.0007 0.0
-15.9907 0.0
-15.980699999999999 0.0
-15.9707 0.0
-15.9607 0.0
-15.9507 0.0
-15.9407 0.0
-15.9307 0.0
-15.9207 0.0
-15.9107 0.0
-15.9007 0.0
-15.890699999999999 0.0
-15.8807 0.0
-15.8707 0.0
-15.8607 0.0
-15.8507 0.0
-15.8407 0.0
-15.8307 0.0
-15.8207 0.0
-15.8107 0.0
-15.800699999999999 0.0
-15.7907 0.0
-15.7807 0.0
-15.7707 0.0
-15.7607 0.0
-15.7507 0.0
-15.7407 0.0
-15.730699999999999 0.0
-15.7207 0.0
-15.7107 0.0
-15.7007 0.0
-15.6907 0.0
-15.6807 0.0
-15.6707 0.0
-15.6607 0.0
-15.6507 0.0
-15.640699999999999 0.0
-15.6307 0.0
-15.6207 0.0
-15.6107 0.0
-15.6007 0.0
-15.5907 0.0
-15.5807 0.0
-15.5707 0.0
-15.5607 0.0
-15.550699999999999 0.0
-15.5407 0.0
-15.5307 0.0
-15.5207 0.0
-15.5107 0.0
-15.5007 0.0
-15.4907 0.0
-15.480699999999999 0.0
-15.4707 0.0
-15.4607 0.0
-15.4507 0.0
-15.4407 0.0
-15.4307 0.0
-15.4207 0.0
-15.4107 0.0
-15.4007 0.0
-15.390699999999999 0.0
-15.3807 0.0
-15.3707 0.0
-15.3607 0.0
-15.3507 0.0
-15.3407 0.0
-15.3307 0.0
-15.3207 0.0
-15.3107 0.0
-15.300699999999999 0.0
-15.2907 0.0
-15.2807 0.0
-15.2707 0.0
-15.2607 0.0
-15.2507 0.0
-15.2407 0.0
-15.230699999999999 0.0
-15.2207 0.0
-15.2107 0.0
-15.2007 0.0
-15.1907 0.0
-15.1807 0.0
-15.1707 0.0
-15.1607 0.0
-15.1507 0.0
-15.140699999999999 0.0
-15.1307 0.0
-15.1207 0.0
-15.1107 0.0
-15.1007 0.0
-15.0907 0.0
-15.0807 0.0
-15.0707 0.0
-15.0607 0.0
-15.050699999999999 0.0
-15.0407 0.0
-15.0307 0.0
-15.0207 0.0
-15.0107 0.0
-15.0007 0.0
-14.9907 0.0
-14.980699999999999 0.0
-14.9707 0.0
-14.9607 0.0
-14.9507 0.0
-14.9407 0.0
-14.9307 0.0
-14.9207 0.0
-14.9107 0.0
-14.9007 0.0
-14.890699999999999 0.0
-14.8807 0.0
-14.8707 0.0
-14.8607 0.0
-14.8507 0.0
-14.8407 0.0
-14.8307 0.0
-14.8207 0.0
-14.8107 0.0
-14.800699999999999 0.0
-14.7907 0.0
-14.7807 0.0
-14.7707 0.0
-14.7607 0.0
-14.7507 0.0
-14.7407 0.0
-14.730699999999999 0.0
-14.7207 0.0
-14.7107 0.0
-14.7007 0.0
-14.6907 0.0
-14.6807 0.0
-14.6707 0.0
-14.6607 0.0
-14.6507 0.0
-14.640699999999999 0.0
-14.6307 0.0
-14.6207 0.0
-14.6107 0.0
-14.6007 0.0
-14.5907 0.0
-14.5807 0.0
-14.5707 0.0
-14.5607 0.0
-14.550699999999999 0.0
-14.5407 0.0
-14.5307 0.0
-14.5207 0.0
-14.5107 0.0
-14.5007 0.0
-14.4907 0.0
-14.4807 0.0
-14.470699999999999 0.0
-14.4607 0.0
-14.4507 0.0
-14.4407 0.0
-14.4307 0.0
-14.4207 0.0
-14.4107 0.0
-14.4007 0.0
-14.390699999999999 0.0
-14.3807 0.0
-14.3707 0.0
-14.3607 0.0
-14.3507 0.0
-14.3407 0.0
-14.3307 0.0
-14.3207 0.0
-14.3107 0.0
-14.300699999999999 0.0
-14.2907 0.0
-14.2807 0.0
-14.2707 0.0
-14.2607 0.0
-14.2507 0.0
-14.2407 0.0
-14.2307 0.0
-14.220699999999999 0.0
-14.2107 0.0
-14.2007 0.0
-14.1907 0.0
-14.1807 0.0
-14.1707 0.0
-14.1607 0.0
-14.1507 0.0
-14.140699999999999 0.0
-14.1307 0.0
-14.1207 0.0
-14.1107 0.0
-14.1007 0.0
-14.0907 0.0
-14.0807 0.0
-14.0707 0.0
-14.0607 0.0
-14.050699999999999 0.0
-14.0407 0.0
-14.0307 0.0
-14.0207 0.0
-14.0107 0.0
-14.0007 0.0
-13.9907 0.0
-13.9807 0.0
-13.970699999999999 0.0
-13.9607 0.0
-13.9507 0.0
-13.9407 0.0
-13.9307 0.0
-13.9207 0.0
-13.9107 0.0
-13.9007 0.0
-13.890699999999999 0.0
-13.8807 0.0
-13.8707 0.0
-13.8607 0.0
-13.8507 0.0
-13.8407 0.0
-13.8307 0.0
-13.8207 0.0
-13.8107 0.0
-13.800699999999999 0.0
-13.7907 0.0
-13.7807 0.0
-13.7707 0.0
-13.7607 0.0
-13.7507 0.0
-13.7407 0.0
-13.7307 0.0
-13.720699999999999 0.0
-13.7107 0.0
-13.7007 0.0
-13.6907 0.0
-13.6807 0.0
-13.6707 0.0
-13.6607 0.0
-13.6507 0.0
-13.640699999999999 0.0
-13.6307 0.0
-13.6207 0.0
-13.6107 0.0
-13.6007 0.0
-13.5907 0.0
-13.5807 0.0
-13.5707 0.0
-13.5607 0.0
-13.550699999999999 0.0
-13.5407 0.0
-13.5307 0.0
-13.5207 0.0
-13.5107 0.0
-13.5007 0.0
-13.4907 0.0
-13.4807 0.0
-13.470699999999999 0.0
-13.4607 0.0
-13.4507 0.0
-13.4407 0.0
-13.4307 0.0
-13.4207 0.0
-13.4107 0.0
-13.4007 0.0
-13.390699999999999 0.0
-13.3807 0.0
-13.3707 0.0
-13.3607 0.0
-13.3507 0.0
-13.3407 0.0
-13.3307 0.0
-13.3207 0.0
-13.3107 0.0
-13.300699999999999 0.0
-13.2907 0.0
-13.2807 0.0
-13.2707 0.0
-13.2607 0.0
-13.2507 0.0
-13.2407 0.0
-13.2307 0.0
-13.220699999999999 0.0
-13.2107 0.0
-13.2007 0.0
-13.1907 0.0
-13.1807 0.0
-13.1707 0.0
-13.1607 0.0
-13.1507 0.0
-13.140699999999999 0.0
-13.1307 0.0
-13.1207 0.0
-13.1107 0.0
-13.1007 0.0
-13.0907 0.0
-13.0807 0.0
-13.0707 0.0
-13.0607 0.0
-13.050699999999999 0.0
-13.0407 0.0
-13.0307 0.0
-13.0207 0.0
-13.0107 0.0
-13.0007 0.0
-12.9907 0.0
-12.9807 0.0
-12.970699999999999 0.0
-12.9607 0.0
-12.9507 0.0
-12.9407 0.0
-12.9307 0.0
-12.9207 0.0
-12.9107 0.0
-12.9007 0.0
-12.890699999999999 0.0
-12.8807 0.0
-12.8707 0.0
-12.8607 0.0
-12.8507 0.0
-12.8407 0.0
-12.8307 0.0
-12.8207 0.0
-12.8107 0.0
-12.800699999999999 0.0
-12.7907 0.0
-12.7807 0.0
-12.7707 0.0
-12.7607 1.9356e-13
-12.7507 6.787000000000002e-13
-12.7407 1.4118e-12
-12.7307 3.652199999999999e-12
-12.720699999999999 7.758e-12
-12.7107 1.6001999999999997e-11
-12.7007 3.2225e-11
-12.6907 6.4237e-11
-12.6807 1.2799e-10
-12.6707 2.5141e-10
-12.6607 4.861e-10
-12.6507 9.264000000000001e-10
-12.640699999999999 1.7524000000000005e-09
-12.6307 3.2795999999999993e-09
-12.6207 6.073700000000001e-09
-12.6107 1.1120999999999999e-08
-12.6007 2.0181000000000004e-08
-12.5907 3.6201e-08
-12.5807 6.432000000000001e-08
-12.5707 1.1314999999999999e-07
-12.5607 1.9673999999999997e-07
-12.550699999999999 3.3915e-07
-12.5407 5.788300000000001e-07
-12.5307 9.777e-07
-12.5207 1.6307999999999997e-06
-12.5107 2.7046999999999997e-06
-12.5007 4.425799999999999e-06
-12.4907 7.171800000000001e-06
-12.480699999999999 1.1526000000000001e-05
-12.4707 1.8312e-05
-12.4607 2.879100000000001e-05
-12.4507 4.484999999999999e-05
-12.4407 6.918999999999999e-05
-12.4307 0.00010570999999999998
-12.4207 0.00015977999999999996
-12.4107 0.00023944000000000005
-12.4007 0.0003545699999999999
-12.390699999999999 0.00052068
-12.3807 0.0007568100000000002
-12.3707 0.0010899
-12.3607 0.0015549
-12.3507 0.0021929999999999996
-12.3407 0.0030708000000000003
-12.3307 0.0042528
-12.3207 0.005831100000000002
-12.3107 0.007925999999999999
-12.300699999999999 0.010676999999999999
-12.2907 0.014226999999999997
-12.2807 0.018789000000000004
-12.2707 0.024563000000000005
-12.2607 0.03185200000000001
-12.2507 0.040940000000000004
-12.2407 0.052014
-12.230699999999999 0.065581
-12.2207 0.08192400000000001
-12.2107 0.10125
-12.2007 0.1242
-12.1907 0.15108000000000002
-12.1807 0.18180000000000002
-12.1707 0.21678
-12.1607 0.25687999999999994
-12.1507 0.30062999999999995
-12.140699999999999 0.3494699999999999
-12.1307 0.4027499999999999
-12.1207 0.4598
-12.1107 0.5203499999999999
-12.1007 0.5848
-12.0907 0.6510600000000001
-12.0807 0.7198999999999998
-12.0707 0.7890000000000001
-12.0607 0.8587
-12.050699999999999 0.9279000000000001
-12.0407 0.9948
-12.0307 1.0581000000000003
-12.0207 1.1214000000000002
-12.0107 1.1796000000000002
-12.0007 1.233
-11.9907 1.284
-11.980699999999999 1.3283999999999998
-11.9707 1.3698000000000001
-11.9607 1.4046000000000003
-11.9507 1.4357999999999997
-11.9407 1.4633
-11.9307 1.4868000000000001
-11.9207 1.5084
-11.9107 1.5233999999999999
-11.9007 1.5363
-11.890699999999999 1.5474
-11.8807 1.5565999999999998
-11.8707 1.5633
-11.8607 1.5695999999999999
-11.8507 1.5720000000000003
-11.8407 1.5732
-11.8307 1.5722999999999996
-11.8207 1.5699
-11.8107 1.5658999999999996
-11.800699999999999 1.56
-11.7907 1.5525
-11.7807 1.5431
-11.7707 1.532
-11.7607 1.5196
-11.7507 1.5053999999999998
-11.7407 1.4901000000000002
-11.730699999999999 1.4738999999999998
-11.7207 1.4560999999999995
-11.7107 1.4379000000000002
-11.7007 1.419
-11.6907 1.3994999999999997
-11.6807 1.3796999999999997
-11.6707 1.3593000000000002
-11.6607 1.3395
-11.6507 1.3193
-11.640699999999999 1.2996
-11.6307 1.2796000000000003
-11.6207 1.2602
-11.6107 1.2409
-11.6007 1.2227000000000001
-11.5907 1.2044999999999997
-11.5807 1.187
-11.5707 1.1699
-11.5607 1.1534000000000002
-11.550699999999999 1.1380000000000001
-11.5407 1.1227999999999998
-11.5307 1.1085000000000003
-11.5207 1.0951
-11.5107 1.0819
-11.5007 1.0695
-11.4907 1.0574999999999999
-11.480699999999999 1.0454999999999999
-11.4707 1.0341
-11.4607 1.0230000000000001
-11.4507 1.0113
-11.4407 0.9999000000000002
-11.4307 0.9884000000000001
-11.4207 0.9770999999999999
-11.4107 0.9651000000000001
-11.4007 0.9531000000000001
-11.390699999999999 0.9414
-11.3807 0.9294000000000001
-11.3707 0.9174000000000001
-11.3607 0.9057
-11.3507 0.8938999999999999
-11.3407 0.882
-11.3307 0.8705999999999999
-11.3207 0.8591000000000002
-11.3107 0.8473000000000002
-11.300699999999999 0.8360000000000001
-11.2907 0.8239
-11.2807 0.8114999999999999
-11.2707 0.7979999999999999
-11.2607 0.7842999999999999
-11.2507 0.7687999999999999
-11.2407 0.7526999999999999
-11.230699999999999 0.7349999999999999
-11.2207 0.7167
-11.2107 0.6968
-11.2007 0.6755999999999999
-11.1907 0.6542
-11.1807 0.6315000000000001
-11.1707 0.609
-11.1607 0.5859
-11.1507 0.5630999999999999
-11.140699999999999 0.5409
-11.1307 0.5196000000000001
-11.1207 0.49889999999999995
-11.1107 0.47990000000000005
-11.1007 0.4623
-11.0907 0.44609999999999994
-11.0807 0.432
-11.0707 0.4188
-11.0607 0.40769999999999995
-11.050699999999999 0.39780000000000004
-11.0407 0.3891
-11.0307 0.38249999999999995
-11.0207 0.37649999999999995
-11.0107 0.3716
-11.0007 0.3669
-10.9907 0.3629
-10.980699999999999 0.3585000000000001
-10.9707 0.3551
-10.9607 0.35039999999999993
-10.9507 0.34590000000000004
-10.9407 0.3408
-10.9307 0.33449999999999996
-10.9207 0.32789999999999997
-10.9107 0.32010000000000005
-10.9007 0.3116999999999999
-10.890699999999999 0.3018
-10.8807 0.29159999999999997
-10.8707 0.2799
-10.8607 0.26789999999999997
-10.8507 0.2553
-10.8407 0.2427
-10.8307 0.2295
-10.8207 0.216
-10.8107 0.20306000000000002
-10.800699999999999 0.19025999999999998
-10.7907 0.17802999999999997
-10.7807 0.16638
-10.7707 0.15553999999999998
-10.7607 0.14556
-10.7507 0.13649999999999998
-10.7407 0.12834
-10.730699999999999 0.12119999999999997
-10.7207 0.11502
-10.7107 0.10974
-10.7007 0.1054
-10.6907 0.10194999999999997
-10.6807 0.09923999999999998
-10.6707 0.09725999999999999
-10.6607 0.09594
-10.6507 0.09520999999999999
-10.640699999999999 0.09501000000000002
-10.6307 0.09518000000000001
-10.6207 0.09570000000000001
-10.6107 0.09657000000000002
-10.6007 0.09759
-10.5907 0.09867
-10.5807 0.09978
-10.5707 0.10083000000000002
-10.5607 0.10169
-10.550699999999999 0.10226000000000002
-10.5407 0.10253
-10.5307 0.10232999999999998
-10.5207 0.10171000000000001
-10.5107 0.10057
-10.5007 0.09882
-10.4907 0.09652999999999999
-10.480699999999999 0.09364999999999997
-10.4707 0.09028
-10.4607 0.08639
-10.4507 0.08207000000000002
-10.4407 0.0774
-10.4307 0.07250999999999999
-10.4207 0.06744000000000001
-10.4107 0.062279999999999995
-10.4007 0.057089999999999995
-10.390699999999999 0.05201999999999999
-10.3807 0.04716
-10.3707 0.04254
-10.3607 0.03825
-10.3507 0.03426
-10.3407 0.030689999999999995
-10.3307 0.027480000000000004
-10.3207 0.024630000000000003
-10.3107 0.022140000000000003
-10.300699999999999 0.020024
-10.2907 0.018229000000000002
-10.2807 0.016712999999999995
-10.2707 0.015416999999999998
-10.2607 0.014339000000000001
-10.2507 0.013419
-10.2407 0.012621000000000004
-10.230699999999999 0.011912999999999998
-10.2207 0.011267999999999999
-10.2107 0.010665
-10.2007 0.010088
-10.1907 0.009512999999999999
-10.1807 0.008936999999999999
-10.1707 0.008362000000000001
-10.1607 0.007776999999999999
-10.1507 0.007187000000000001
-10.140699999999999 0.006598999999999999
-10.1307 0.006008999999999999
-10.1207 0.005430999999999998
-10.1107 0.004875000000000001
-10.1007 0.004331999999999999
-10.0907 0.003822
-10.0807 0.003339
-10.0707 0.0028950000000000004
-10.0607 0.002484
-10.050699999999999 0.002115
-10.0407 0.0017872999999999995
-10.0307 0.0014923
-10.0207 0.0012358999999999998
-10.0107 0.001014
-10.0007 0.0008243999999999999
-9.9907 0.0006639
-9.980699999999999 0.0005292
-9.9707 0.0004182
-9.9607 0.00032760000000000005
-9.9507 0.0002541
-9.9407 0.00019526000000000002
-9.9307 0.00014858000000000002
-9.9207 0.00011231000000000003
-9.9107 8.460000000000001e-05
-9.9007 6.393e-05
-9.890699999999999 4.9199999999999997e-05
-9.8807 3.9800000000000005e-05
-9.8707 3.545e-05
-9.8607 3.652800000000001e-05
-9.8507 4.3972999999999994e-05
-9.8407 5.9927000000000004e-05
-9.8307 8.784000000000003e-05
-9.8207 0.00013241899999999997
-9.8107 0.00020222100000000004
-9.800699999999999 0.000308008
-9.7907 0.0004661800000000001
-9.7807 0.0006992119999999999
-9.7707 0.0010377770000000001
-9.7607 0.0015291500000000002
-9.7507 0.0022256299999999997
-9.7407 0.003203940000000001
-9.730699999999999 0.004568549999999999
-9.7207 0.006441649999999999
-9.7107 0.009002860000000001
-9.7007 0.012421300000000001
-9.6907 0.0169981
-9.6807 0.023005699999999994
-9.6707 0.0307937
-9.6607 0.040839499999999994
-9.6507 0.05354699999999999
-9.640699999999999 0.06962750000000002
-9.6307 0.08926329999999998
-9.6207 0.113641
-9.6107 0.14328999999999995
-9.6007 0.17831100000000008
-9.5907 0.22016699999999997
-9.5807 0.268891
-9.570699999999999 0.3252220000000001
-9.5607 0.389365
-9.550699999999999 0.461587
-9.540700000000001 0.542024
-9.5307 0.6300539999999999
-9.5207 0.7237500000000001
-9.5107 0.8277060000000003
-9.5007 0.9355399999999999
-9.4907 1.0450100000000004
-9.480699999999999 1.1588100000000001
-9.4707 1.2725400000000002
-9.4607 1.3860300000000003
-9.4507 1.4981900000000004
-9.4407 1.6008100000000003
-9.4307 1.69977
-9.4207 1.79253
-9.410699999999999 1.8723900000000004
-9.4007 1.9439900000000003
-9.390699999999999 2.00229
-9.380700000000001 2.0522
-9.3707 2.0900400000000006
-9.3607 2.11782
-9.3507 2.1368699999999996
-9.3407 2.1463200000000007
-9.3307 2.1528000000000005
-9.320699999999999 2.150550000000001
-9.3107 2.1488599999999995
-9.300699999999999 2.1389299999999998
-9.290700000000001 2.1361299999999996
-9.2807 2.1317899999999996
-9.2707 2.1289099999999994
-9.2607 2.1303900000000007
-9.2507 2.13206
-9.2407 2.1444300000000007
-9.230699999999999 2.15409
-9.2207 2.1667500000000004
-9.2107 2.18241
-9.2007 2.2004400000000004
-9.1907 2.21814
-9.1807 2.2318599999999993
-9.1707 2.2447999999999997
-9.160699999999999 2.2503000000000006
-9.1507 2.25765
-9.140699999999999 2.25171
-9.130700000000001 2.2444200000000007
-9.1207 2.23298
-9.1107 2.21409
-9.1007 2.19141
-9.0907 2.16474
-9.0807 2.1286099999999997
-9.070699999999999 2.09505
-9.0607 2.0613599999999996
-9.050699999999999 2.0247
-9.040700000000001 1.9917100000000003
-9.0307 1.9611200000000004
-9.0207 1.9302300000000001
-9.0107 1.9082600000000003
-9.0007 1.8842399999999997
-8.9907 1.8673800000000003
-8.980699999999999 1.8604800000000001
-8.9707 1.8548300000000002
-8.9607 1.8564199999999997
-8.9507 1.85898
-8.9407 1.8687400000000007
-8.9307 1.8826100000000003
-8.9207 1.8975000000000002
-8.910699999999999 1.9198099999999996
-8.9007 1.9429799999999993
-8.890699999999999 1.9697700000000005
-8.880700000000001 1.9990200000000005
-8.8707 2.0313900000000005
-8.8607 2.0637000000000003
-8.8507 2.1027
-8.8407 2.1384000000000003
-8.8307 2.1773999999999996
-8.820699999999999 2.2161
-8.8107 2.2551000000000005
-8.800699999999999 2.2944
-8.790700000000001 2.3333999999999997
-8.7807 2.3693999999999997
-8.7707 2.3997
-8.7607 2.4297000000000004
-8.7507 2.4597
-8.7407 2.4757000000000002
-8.730699999999999 2.4926999999999992
-8.7207 2.507399999999999
-8.7107 2.515100000000001
-8.7007 2.5187999999999997
-8.6907 2.5119000000000002
-8.6807 2.5049999999999994
-8.6707 2.4944000000000006
-8.660699999999999 2.4792
-8.6507 2.4569999999999994
-8.640699999999999 2.434499999999999
-8.630700000000001 2.412
-8.6207 2.3832000000000004
-8.6107 2.3511
-8.6007 2.3189999999999995
-8.5907 2.2865999999999995
-8.5807 2.2542000000000004
-8.570699999999999 2.2155000000000005
-8.5607 2.1827999999999994
-8.550699999999999 2.1437999999999993
-8.540700000000001 2.1078
-8.5307 2.0685000000000002
-8.5207 2.0321999999999996
-8.5107 1.9865999999999997
-8.5007 1.9500000000000002
-8.4907 1.9101000000000006
-8.480699999999999 1.8674999999999997
-8.4707 1.8270000000000002
-8.4607 1.7832000000000001
-8.4507 1.7397000000000005
-8.4407 1.6968
-8.4307 1.6573
-8.4207 1.6149000000000007
-8.410699999999999 1.5675000000000008
-8.4007 1.5266999999999997
-8.390699999999999 1.4858999999999996
-8.380700000000001 1.4423999999999997
-8.3707 1.4009999999999998
-8.3607 1.35998
-8.3507 1.32005
-8.3407 1.28091
-8.3307 1.24596
-8.320699999999999 1.2093
-8.3107 1.17995
-8.300699999999999 1.1494799999999996
-8.290700000000001 1.12332
-8.2807 1.1029499999999999
-8.2707 1.0844
-8.2607 1.06849
-8.2507 1.0610899999999996
-8.2407 1.0568300000000002
-8.230699999999999 1.0551000000000001
-8.2207 1.0589
-8.2107 1.0682
-8.2007 1.0773000000000001
-8.1907 1.0935000000000001
-8.1807 1.1105999999999998
-8.1707 1.1295000000000002
-8.160699999999999 1.1516000000000002
-8.1507 1.1716
-8.140699999999999 1.1915999999999998
-8.130700000000001 1.209
-8.1207 1.2229999999999999
-8.1107 1.2395999999999998
-8.1007 1.246
-8.0907 1.2519
-8.0807 1.2533700000000003
-8.070699999999999 1.25028
-8.0607 1.24029
-8.050699999999999 1.2253399999999999
-8.040700000000001 1.2054299999999998
-8.0307 1.1844599999999998
-8.0207 1.1556300000000002
-8.0107 1.1249099999999999
-8.0007 1.0869
-7.9906999999999995 1.0518
-7.9807 1.0094400000000001
-7.9707 0.9664099999999999
-7.9607 0.9218099999999998
-7.950699999999999 0.8766600000000002
-7.9407 0.8309800000000002
-7.9307 0.7863999999999999
-7.9207 0.7431500000000002
-7.910699999999999 0.7018500000000002
-7.9007 0.6639000000000002
-7.8907 0.6294000000000001
-7.8807 0.59952
-7.870699999999999 0.57489
-7.8607 0.5555599999999999
-7.8507 0.54273
-7.8407 0.5358299999999999
-7.8307 0.5354399999999999
-7.8206999999999995 0.5409900000000002
-7.8107 0.55335
-7.8007 0.57105
-7.7907 0.59373
-7.7806999999999995 0.6204200000000001
-7.7707 0.65073
-7.7607 0.6832099999999999
-7.7507 0.7171
-7.7406999999999995 0.7518
-7.7307 0.7851
-7.7207 0.8168999999999998
-7.7107 0.8457999999999999
-7.700699999999999 0.8714000000000001
-7.6907 0.8924999999999998
-7.6807 0.9083
-7.6707 0.9224999999999998
-7.660699999999999 0.9284999999999999
-7.6507 0.9305999999999999
-7.6407 0.9273000000000001
-7.6307 0.9208999999999999
-7.620699999999999 0.9119000000000002
-7.6107 0.8995
-7.6007 0.8853000000000001
-7.5907 0.8705999999999999
-7.5807 0.8571
-7.5706999999999995 0.8441999999999998
-7.5607 0.8343999999999999
-7.5507 0.8288000000000001
-7.5407 0.8278000000000001
-7.5306999999999995 0.8327000000000001
-7.5207 0.8441000000000001
-7.5107 0.8631
-7.5007 0.8896999999999999
-7.4906999999999995 0.9242999999999999
-7.4807 0.9652000000000001
-7.4707 1.0163999999999997
-7.4607 1.0758
-7.450699999999999 1.1391
-7.4407 1.2092
-7.4307 1.2822999999999998
-7.4207 1.3612000000000002
-7.410699999999999 1.441
-7.4007 1.5206
-7.3907 1.5964000000000003
-7.3807 1.6715000000000002
-7.370699999999999 1.7416999999999998
-7.3607 1.8056000000000005
-7.3507 1.8627999999999998
-7.3407 1.9121000000000001
-7.3307 1.9535999999999998
-7.3206999999999995 1.9866000000000001
-7.3107 2.0103
-7.3007 2.0307
-7.2907 2.0461
-7.2806999999999995 2.0575
-7.2707 2.061
-7.2607 2.0690999999999997
-7.2507 2.0781
-7.2406999999999995 2.0912999999999995
-7.2307 2.1107000000000005
-7.2207 2.1332999999999998
-7.2107 2.1716999999999995
-7.200699999999999 2.2123
-7.1907 2.2672
-7.1807 2.3297
-7.1707 2.4097
-7.160699999999999 2.4960999999999998
-7.1507 2.5945999999999994
-7.1407 2.7048
-7.1307 2.8248000000000006
-7.120699999999999 2.9446000000000003
-7.1107 3.0809999999999995
-7.1007 3.2137
-7.0907 3.3558999999999997
-7.0807 3.4989000000000003
-7.0706999999999995 3.642
-7.0607 3.7856
-7.0507 3.9267
-7.0407 4.0623000000000005
-7.0306999999999995 4.1979
-7.0207 4.323000000000001
-7.0107 4.446000000000001
-7.0007 4.5600000000000005
-6.9906999999999995 4.662000000000001
-6.9807 4.757999999999999
-6.9707 4.844
-6.9607 4.92
-6.950699999999999 4.982
-6.9407 5.033
-6.9307 5.076000000000001
-6.9207 5.103000000000001
-6.910699999999999 5.117999999999999
-6.9007 5.1240000000000006
-6.8907 5.127000000000001
-6.8807 5.115
-6.870699999999999 5.0969999999999995
-6.8607 5.079
-6.8507 5.043
-6.8407 5.016000000000001
-6.8307 4.982999999999999
-6.8206999999999995 4.952
-6.8107 4.922999999999998
-6.8007 4.892999999999999
-6.7907 4.864999999999998
-6.7806999999999995 4.845
-6.7707 4.827
-6.7607 4.812
-6.7507 4.803
-6.7406999999999995 4.797
-6.7307 4.7940000000000005
-6.7207 4.793999999999999
-6.7107 4.797000000000001
-6.700699999999999 4.803
-6.6907 4.812
-6.6807 4.821
-6.6707 4.833
-6.660699999999999 4.851
-6.6507 4.8660000000000005
-6.6407 4.893
-6.6307 4.922
-6.620699999999999 4.953000000000001
-6.6107 4.997999999999999
-6.6007 5.0440000000000005
-6.5907 5.101
-6.5807 5.165
-6.5706999999999995 5.2379999999999995
-6.5607 5.318
-6.5507 5.404
-6.5407 5.4990000000000006
-6.5306999999999995 5.601999999999999
-6.5207 5.705
-6.5107 5.810999999999999
-6.5007 5.928
-6.4906999999999995 6.039000000000001
-6.4807 6.15
-6.4707 6.258
-6.4607 6.357000000000001
-6.450699999999999 6.4510000000000005
-6.4407 6.544
-6.4307 6.627000000000002
-6.4207 6.702999999999999
-6.410699999999999 6.770000000000001
-6.4007 6.828
-6.3907 6.8790000000000004
-6.3807 6.924000000000001
-6.370699999999999 6.957000000000001
-6.3607 6.988
-6.3507 7.005000000000001
-6.3407 7.019
-6.3307 7.0249999999999995
-6.3206999999999995 7.023
-6.3107 7.014
-6.3007 7.005
-6.2907 6.983
-6.2806999999999995 6.959999999999999
-6.2707 6.922999999999999
-6.2607 6.888000000000001
-6.2507 6.846000000000001
-6.2406999999999995 6.798000000000001
-6.2307 6.7459999999999996
-6.2207 6.6930000000000005
-6.2107 6.635000000000001
-6.200699999999999 6.572999999999999
-6.1907 6.513
-6.1807 6.447
-6.1707 6.3839999999999995
-6.160699999999999 6.3180000000000005
-6.1507 6.255
-6.1407 6.191999999999998
-6.1307 6.126000000000001
-6.120699999999999 6.063
-6.1107 6.003
-6.1007 5.950999999999999
-6.0907 5.895
-6.0807 5.847000000000001
-6.0706999999999995 5.8020000000000005
-6.0607 5.7540000000000004
-6.0507 5.714999999999999
-6.0407 5.678999999999999
-6.0306999999999995 5.652000000000001
-6.0207 5.625
-6.0107 5.604
-6.0007 5.582999999999999
-5.9906999999999995 5.57
-5.9807 5.559
-5.9707 5.553000000000001
-5.9607 5.55
-5.950699999999999 5.547
-5.9407 5.55
-5.9307 5.562
-5.9207 5.576999999999999
-5.910699999999999 5.589
-5.9007 5.6129999999999995
-5.8907 5.634
-5.8807 5.654000000000002
-5.870699999999999 5.680000000000001
-5.8607 5.706000000000001
-5.8507 5.7330000000000005
-5.8407 5.753999999999999
-5.8307 5.78
-5.8206999999999995 5.799
-5.8107 5.808
-5.8007 5.822
-5.7907 5.835
-5.7806999999999995 5.835999999999999
-5.7707 5.837000000000001
-5.7607 5.835000000000001
-5.7507 5.829
-5.7406999999999995 5.826
-5.7307 5.8229999999999995
-5.7207 5.813999999999999
-5.7107 5.814
-5.700699999999999 5.817
-5.6907 5.82
-5.6807 5.832000000000001
-5.6707 5.847
-5.660699999999999 5.865
-5.6507 5.8950000000000005
-5.6407 5.930000000000001
-5.6307 5.961
-5.620699999999999 5.997
-5.6107 6.042
-5.6007 6.0809999999999995
-5.5907 6.119
-5.5807 6.153
-5.5707 6.188999999999999
-5.560700000000001 6.215000000000001
-5.550699999999999 6.242
-5.540699999999999 6.258000000000001
-5.5306999999999995 6.27
-5.5207 6.28
-5.5107 6.279000000000001
-5.5007 6.276
-5.4907 6.269999999999999
-5.480700000000001 6.2669999999999995
-5.470699999999999 6.267000000000001
-5.460699999999999 6.266000000000001
-5.450699999999999 6.269999999999999
-5.4407 6.285
-5.4307 6.303000000000001
-5.4207 6.329
-5.4107 6.365000000000001
-5.4007000000000005 6.4110000000000005
-5.390699999999999 6.471000000000001
-5.380699999999999 6.535999999999999
-5.370699999999999 6.6129999999999995
-5.3607 6.696
-5.3507 6.786
-5.3407 6.882
-5.3307 6.9750000000000005
-5.3207 7.077
-5.310700000000001 7.179
-5.300699999999999 7.277999999999999
-5.290699999999999 7.380000000000001
-5.2806999999999995 7.473
-5.2707 7.566000000000002
-5.2607 7.651000000000001
-5.2507 7.735000000000001
-5.2407 7.809
-5.230700000000001 7.881
-5.220699999999999 7.939000000000001
-5.210699999999999 7.998
-5.200699999999999 8.043
-5.1907 8.082
-5.1807 8.105999999999998
-5.1707 8.13
-5.1607 8.139000000000003
-5.1507000000000005 8.138
-5.140699999999999 8.136000000000001
-5.130699999999999 8.118
-5.120699999999999 8.097
-5.1107 8.066000000000003
-5.1007 8.030999999999999
-5.0907 7.989000000000001
-5.0807 7.949000000000002
-5.0707 7.904
-5.060700000000001 7.857
-5.050699999999999 7.821
-5.040699999999999 7.776000000000001
-5.0306999999999995 7.736999999999999
-5.0207 7.701
-5.0107 7.674
-5.0007 7.647000000000001
-4.9907 7.6320000000000014
-4.980700000000001 7.6160000000000005
-4.970699999999999 7.614000000000001
-4.960699999999999 7.6049999999999995
-4.950699999999999 7.604999999999999
-4.9407 7.605
-4.9307 7.606
-4.9207 7.607999999999999
-4.9107 7.6019999999999985
-4.9007000000000005 7.602
-4.890699999999999 7.603999999999999
-4.880699999999999 7.5889999999999995
-4.870699999999999 7.581000000000001
-4.8607 7.564999999999999
-4.8507 7.545000000000003
-4.8407 7.529999999999999
-4.8307 7.510000000000001
-4.8207 7.487999999999999
-4.810700000000001 7.464
-4.800699999999999 7.44
-4.790699999999999 7.416
-4.7806999999999995 7.393999999999998
-4.7707 7.3740000000000006
-4.7607 7.35
-4.7507 7.334999999999998
-4.7407 7.32
-4.730700000000001 7.307999999999998
-4.720699999999999 7.2940000000000005
-4.710699999999999 7.289999999999999
-4.700699999999999 7.282
-4.6907 7.278
-4.6807 7.276999999999999
-4.6707 7.268999999999999
-4.6607 7.278
-4.6507000000000005 7.277999999999999
-4.640699999999999 7.287000000000001
-4.630699999999999 7.2989999999999995
-4.620699999999999 7.311
-4.6107 7.3340000000000005
-4.6007 7.359
-4.5907 7.388999999999999
-4.5807 7.427
-4.5707 7.47
-4.560700000000001 7.518
-4.550699999999999 7.572000000000001
-4.540699999999999 7.632000000000001
-4.5306999999999995 7.693999999999999
-4.5207 7.767
-4.5107 7.836000000000001
-4.5007 7.905
-4.4907 7.977000000000001
-4.480700000000001 8.043
-4.470699999999999 8.106
-4.460699999999999 8.159999999999998
-4.450699999999999 8.211
-4.4407 8.253
-4.4307 8.281
-4.4207 8.306999999999999
-4.4107 8.318999999999999
-4.4007000000000005 8.318999999999999
-4.390699999999999 8.312999999999999
-4.380699999999999 8.297
-4.370699999999999 8.275
-4.3607 8.247
-4.3507 8.22
-4.3407 8.181999999999999
-4.3307 8.148
-4.3207 8.116999999999999
-4.310700000000001 8.081999999999999
-4.300699999999999 8.058
-4.290699999999999 8.034999999999998
-4.2806999999999995 8.022
-4.2707 8.016
-4.2607 8.011
-4.2507 8.016
-4.2407 8.031
-4.230700000000001 8.046000000000003
-4.220699999999999 8.068000000000001
-4.210699999999999 8.097000000000001
-4.200699999999999 8.129
-4.1907 8.169
-4.1807 8.205
-4.1707 8.253000000000002
-4.1607 8.298
-4.1507000000000005 8.350000000000001
-4.140699999999999 8.406
-4.130699999999999 8.461000000000002
-4.120699999999999 8.52
-4.1107 8.582999999999998
-4.1007 8.657999999999998
-4.0907 8.732999999999999
-4.0807 8.808
-4.0707 8.896
-4.060700000000001 8.987
-4.050699999999999 9.09
-4.040699999999999 9.195
-4.0306999999999995 9.306000000000001
-4.0207 9.429000000000002
-4.0107 9.558
-4.0007 9.688
-3.9907000000000004 9.822000000000001
-3.9807000000000006 9.967000000000002
-3.970699999999999 10.108999999999998
-3.960699999999999 10.26
-3.9506999999999994 10.412999999999997
-3.9406999999999996 10.567
-3.9307 10.725000000000001
-3.9207 10.886000000000001
-3.9107000000000003 11.049999999999997
-3.9007000000000005 11.211000000000002
-3.890699999999999 11.376
-3.880699999999999 11.544
-3.8706999999999994 11.711
-3.8606999999999996 11.883
-3.8507 12.054000000000002
-3.8407 12.225
-3.8307 12.399
-3.8207000000000004 12.570000000000002
-3.8107000000000006 12.738000000000001
-3.800699999999999 12.912999999999998
-3.7906999999999993 13.073999999999998
-3.7806999999999995 13.242
-3.7706999999999997 13.397
-3.7607 13.549999999999999
-3.7507 13.686000000000002
-3.7407000000000004 13.822
-3.7307000000000006 13.946999999999997
-3.720699999999999 14.061000000000002
-3.710699999999999 14.163000000000002
-3.7006999999999994 14.250000000000002
-3.6906999999999996 14.325000000000001
-3.6807 14.388000000000003
-3.6707 14.433
-3.6607000000000003 14.469000000000001
-3.6507000000000005 14.490000000000004
-3.640699999999999 14.494000000000002
-3.630699999999999 14.483999999999998
-3.6206999999999994 14.466999999999999
-3.6106999999999996 14.434999999999999
-3.6007 14.388000000000003
-3.5907 14.325
-3.5807 14.252999999999998
-3.5707000000000004 14.167999999999997
-3.5607000000000006 14.072000000000001
-3.550699999999999 13.960999999999999
-3.5406999999999993 13.838999999999997
-3.5306999999999995 13.707000000000003
-3.5206999999999997 13.566999999999998
-3.5107 13.414
-3.5007 13.245000000000001
-3.4907000000000004 13.071999999999997
-3.4807000000000006 12.882
-3.470699999999999 12.687000000000001
-3.460699999999999 12.48
-3.4506999999999994 12.27
-3.4406999999999996 12.051000000000002
-3.4307 11.823999999999998
-3.4207 11.592
-3.4107000000000003 11.355999999999998
-3.4007000000000005 11.115
-3.390699999999999 10.876999999999999
-3.380699999999999 10.626000000000001
-3.3706999999999994 10.383000000000001
-3.3606999999999996 10.134
-3.3507 9.888000000000002
-3.3407 9.645000000000001
-3.3307 9.4
-3.3207000000000004 9.155
-3.3107000000000006 8.915
-3.300699999999999 8.681000000000001
-3.2906999999999993 8.451
-3.2806999999999995 8.228000000000002
-3.2706999999999997 8.008000000000001
-3.2607 7.803999999999999
-3.2507 7.6049999999999995
-3.2407000000000004 7.422000000000001
-3.2307000000000006 7.245
-3.220699999999999 7.083000000000001
-3.210699999999999 6.933000000000001
-3.2006999999999994 6.793000000000001
-3.1906999999999996 6.669999999999998
-3.1807 6.548000000000001
-3.1707 6.444000000000002
-3.1607000000000003 6.347999999999999
-3.1507000000000005 6.258
-3.140699999999999 6.173
-3.130699999999999 6.096
-3.1206999999999994 6.016000000000001
-3.1106999999999996 5.944
-3.1007 5.871
-3.0907 5.797
-3.0807 5.727
-3.0707000000000004 5.661
-3.0607000000000006 5.588
-3.050699999999999 5.522
-3.0406999999999993 5.452
-3.0306999999999995 5.385000000000001
-3.0206999999999997 5.322000000000001
-3.0107 5.259
-3.0007 5.198
-2.9907000000000004 5.1339999999999995
-2.9807000000000006 5.077
-2.970699999999999 5.019000000000001
-2.960699999999999 4.961
-2.9506999999999994 4.901999999999999
-2.9406999999999996 4.845000000000001
-2.9307 4.79
-2.9207 4.727999999999999
-2.9107000000000003 4.671
-2.9007000000000005 4.614
-2.890699999999999 4.557000000000001
-2.880699999999999 4.503000000000001
-2.8706999999999994 4.449999999999999
-2.8606999999999996 4.401000000000001
-2.8507 4.363
-2.8407 4.326
-2.8307 4.305000000000001
-2.8207000000000004 4.29
-2.8107000000000006 4.287
-2.800699999999999 4.299
-2.7906999999999993 4.32
-2.7806999999999995 4.356
-2.7706999999999997 4.404000000000001
-2.7607 4.458
-2.7507 4.5329999999999995
-2.7407000000000004 4.614000000000001
-2.7307000000000006 4.711
-2.720699999999999 4.809000000000002
-2.710699999999999 4.917
-2.7006999999999994 5.025
-2.6906999999999996 5.148
-2.6807 5.2620000000000005
-2.6707 5.38
-2.6607000000000003 5.490999999999999
-2.6507000000000005 5.600999999999999
-2.640699999999999 5.708
-2.630699999999999 5.814
-2.6206999999999994 5.906000000000001
-2.6106999999999996 5.991
-2.6007 6.072
-2.5907 6.147000000000001
-2.5807 6.213000000000001
-2.5707000000000004 6.274
-2.5607000000000006 6.333
-2.550699999999999 6.387000000000002
-2.5406999999999993 6.434
-2.5306999999999995 6.478
-2.5206999999999997 6.521999999999999
-2.5107 6.562000000000001
-2.5007 6.598
-2.4907000000000004 6.6359999999999975
-2.4807000000000006 6.670000000000001
-2.470699999999999 6.711
-2.460699999999999 6.744000000000001
-2.4506999999999994 6.776999999999999
-2.4406999999999996 6.815000000000001
-2.4307 6.855
-2.4207 6.893999999999999
-2.4107000000000003 6.939
-2.4007000000000005 6.984000000000001
-2.390699999999999 7.028999999999999
-2.380699999999999 7.080999999999999
-2.3706999999999994 7.1370000000000005
-2.3606999999999996 7.197
-2.3507 7.254
-2.3407 7.314
-2.3307 7.376999999999999
-2.3207000000000004 7.434000000000001
-2.3107000000000006 7.498999999999999
-2.300699999999999 7.551
-2.2906999999999993 7.597000000000002
-2.2806999999999995 7.638999999999999
-2.2706999999999997 7.678000000000001
-2.2607 7.6979999999999995
-2.2507 7.704
-2.2407000000000004 7.710000000000001
-2.2307000000000006 7.694999999999999
-2.220699999999999 7.664999999999999
-2.210699999999999 7.629
-2.2006999999999994 7.573
-2.1906999999999996 7.505999999999998
-2.1807 7.429000000000001
-2.1707 7.335000000000001
-2.1607000000000003 7.239000000000001
-2.1507000000000005 7.128
-2.140699999999999 7.008000000000001
-2.130699999999999 6.883000000000003
-2.1206999999999994 6.747000000000001
-2.1106999999999996 6.613
-2.1007 6.465
-2.0907 6.312000000000001
-2.0807 6.153999999999999
-2.0707000000000004 5.984999999999999
-2.0607000000000006 5.817000000000001
-2.050699999999999 5.642999999999998
-2.0406999999999993 5.462999999999998
-2.0306999999999995 5.277
-2.0206999999999997 5.085000000000002
-2.0107 4.892999999999999
-2.0007 4.701
-1.9907000000000004 4.506
-1.9807000000000006 4.313000000000001
-1.970699999999999 4.1248
-1.9606999999999992 3.942
-1.9506999999999994 3.7697999999999996
-1.9406999999999996 3.6015
-1.9306999999999999 3.4469999999999996
-1.9207 3.306
-1.9107000000000003 3.1841999999999993
-1.9007000000000005 3.0753000000000004
-1.890699999999999 2.9859000000000013
-1.8806999999999992 2.915700000000001
-1.8706999999999994 2.865
-1.8606999999999996 2.8337000000000003
-1.8506999999999998 2.818600000000001
-1.8407 2.8255999999999997
-1.8307000000000002 2.8486000000000007
-1.8207000000000004 2.8806000000000003
-1.8107000000000006 2.9293
-1.800699999999999 2.9848
-1.7906999999999993 3.0495
-1.7806999999999995 3.1168
-1.7706999999999997 3.1800999999999995
-1.7607 3.2411000000000003
-1.7507000000000001 3.2963999999999993
-1.7407000000000004 3.3388
-1.7307000000000006 3.364899999999999
-1.720699999999999 3.3775000000000004
-1.7106999999999992 3.369
-1.7006999999999994 3.3428999999999998
-1.6906999999999996 3.2922999999999987
-1.6806999999999999 3.2200999999999995
-1.6707 3.1274000000000006
-1.6607000000000003 3.0131999999999994
-1.6507000000000005 2.8808000000000002
-1.640699999999999 2.7305000000000006
-1.6306999999999992 2.5667999999999993
-1.6206999999999994 2.3927
-1.6106999999999996 2.2093799999999995
-1.6006999999999998 2.0240999999999993
-1.5907 1.8362200000000002
-1.5807000000000002 1.6530000000000002
-1.5707000000000004 1.4724199999999996
-1.5607000000000006 1.30188
-1.550699999999999 1.13607
-1.5406999999999993 0.9837199999999999
-1.5306999999999995 0.8442899999999999
-1.5206999999999997 0.7164999999999999
-1.5107 0.60342
-1.5007000000000001 0.5027799999999999
-1.4907000000000004 0.4146599999999999
-1.4807000000000006 0.33854999999999996
-1.470699999999999 0.27371
-1.4606999999999992 0.21923900000000004
-1.4506999999999994 0.17356699999999997
-1.4406999999999996 0.13598999999999997
-1.4306999999999999 0.10563800000000002
-1.4207 0.081085
-1.4107000000000003 0.06182399999999999
-1.4007000000000005 0.046526000000000005
-1.390699999999999 0.03467900000000001
-1.3806999999999992 0.025580000000000002
-1.3706999999999994 0.018667600000000003
-1.3606999999999996 0.013494600000000002
-1.3506999999999998 0.0096507
-1.3407 0.006825400000000001
-1.3307000000000002 0.0047749
-1.3207000000000004 0.0033093000000000007
-1.3107000000000006 0.0022680400000000002
-1.300699999999999 0.00153877
-1.2906999999999993 0.0010317599999999998
-1.2806999999999995 0.0006863499999999999
-1.2706999999999997 0.00045119
-1.2607 0.00029346
-1.2507000000000001 0.00018895300000000003
-1.2407000000000004 0.00012043099999999999
-1.2307000000000006 7.576e-05
-1.220699999999999 4.7232e-05
-1.2106999999999992 2.9154000000000006e-05
-1.2006999999999994 1.77936e-05
-1.1906999999999996 1.07439e-05
-1.1806999999999999 6.4216000000000005e-06
-1.1707 3.796600000000001e-06
-1.1607000000000003 2.22021e-06
-1.1507000000000005 1.2844199999999999e-06
-1.140699999999999 7.3535e-07
-1.1306999999999992 4.171000000000001e-07
-1.1206999999999994 2.3377299999999993e-07
-1.1106999999999996 1.2966e-07
-1.1006999999999998 7.1231e-08
-1.0907 3.8625000000000003e-08
-1.0807000000000002 2.0741999999999995e-08
-1.0707000000000004 1.1016800000000001e-08
-1.0607000000000006 5.7927000000000005e-09
-1.050699999999999 3.012e-09
-1.0406999999999993 1.5496400000000002e-09
-1.0306999999999995 7.8947e-10
-1.0206999999999997 3.9696000000000004e-10
-1.0107 1.9763500000000006e-10
-1.0007000000000001 9.746900000000003e-11
-0.9907000000000004 4.6849000000000016e-11
-0.9807000000000006 2.20344e-11
-0.970699999999999 8.5388e-12
-0.9606999999999992 1.7192100000000001e-12
-0.9506999999999994 0.0
-0.9406999999999996 0.0
-0.9306999999999999 0.0
-0.9207000000000001 0.0
-0.9107000000000003 0.0
-0.9007000000000005 0.0
-0.8906999999999989 0.0
-0.8806999999999992 0.0
-0.8706999999999994 0.0
-0.8606999999999996 0.0
-0.8506999999999998 0.0
-0.8407 0.0
-0.8307000000000002 0.0
-0.8207000000000004 0.0
-0.8107000000000006 0.0
-0.8006999999999991 0.0
-0.7906999999999993 0.0
-0.7806999999999995 0.0
-0.7706999999999997 0.0
-0.7606999999999999 0.0
-0.7507000000000001 0.0
-0.7407000000000004 0.0
-0.7307000000000006 0.0
-0.720699999999999 0.0
-0.7106999999999992 0.0
-0.7006999999999994 0.0
-0.6906999999999996 0.0
-0.6806999999999999 0.0
-0.6707000000000001 0.0
-0.6607000000000003 0.0
-0.6507000000000005 0.0
-0.6406999999999989 0.0
-0.6306999999999992 0.0
-0.6206999999999994 3.8088e-14
-0.6106999999999996 4.0727000000000004e-13
-0.6006999999999998 1.2555e-12
-0.5907 3.1943999999999994e-12
-0.5807000000000002 6.630300000000001e-12
-0.5707000000000004 1.3548000000000002e-11
-0.5607000000000006 2.7360000000000003e-11
-0.5506999999999991 5.473999999999999e-11
-0.5406999999999993 1.0829999999999998e-10
-0.5306999999999995 2.1219e-10
-0.5206999999999997 4.1052e-10
-0.5106999999999999 7.866000000000001e-10
-0.5007000000000001 1.4897999999999998e-09
-0.49070000000000036 2.7948e-09
-0.48070000000000057 5.182000000000001e-09
-0.470699999999999 9.509999999999999e-09
-0.4606999999999992 1.7268e-08
-0.45069999999999943 3.098500000000001e-08
-0.44069999999999965 5.510400000000001e-08
-0.43069999999999986 9.684e-08
-0.4207000000000001 1.6845999999999996e-07
-0.4107000000000003 2.900400000000001e-07
-0.4007000000000005 4.942200000000001e-07
-0.39069999999999894 8.334999999999999e-07
-0.38069999999999915 1.3884e-06
-0.37069999999999936 2.2896e-06
-0.3606999999999996 3.7377000000000002e-06
-0.3506999999999998 6.0369e-06
-0.3407 9.654e-06
-0.3307000000000002 1.5234000000000002e-05
-0.32070000000000043 2.3849999999999997e-05
-0.31070000000000064 3.691e-05
-0.3006999999999991 5.6565000000000005e-05
-0.2906999999999993 8.589e-05
-0.2806999999999995 0.00012849
-0.2706999999999997 0.00019086999999999997
-0.26069999999999993 0.00028029
-0.25070000000000014 0.00040752999999999997
-0.24070000000000036 0.0005859
-0.23070000000000057 0.0008351
-0.220699999999999 0.0011760000000000002
-0.21069999999999922 0.0016386
-0.20069999999999943 0.0022611
-0.19069999999999965 0.0030851999999999997
-0.18069999999999986 0.0041754
-0.17070000000000007 0.005582400000000001
-0.1607000000000003 0.007400999999999999
-0.1507000000000005 0.009693
-0.14069999999999894 0.012606000000000003
-0.13069999999999915 0.016206
-0.12069999999999936 0.020619
-0.11069999999999958 0.02598
-0.10069999999999979 0.03243000000000001
-0.0907 0.040145999999999994
-0.08070000000000022 0.04916700000000001
-0.07070000000000043 0.059621999999999994
-0.06070000000000064 0.0717
-0.05069999999999908 0.08556000000000001
-0.04069999999999929 0.10082999999999999
-0.030699999999999505 0.11812
-0.02069999999999972 0.13721999999999998
-0.010699999999999932 0.15783
-0.000700000000000145 0.18030000000000002
0.009299999999999642 0.20432999999999996
0.01929999999999943 0.22956000000000004
0.029300000000000992 0.25617000000000006
0.03930000000000078 0.28416
0.049300000000000566 0.31267
0.05930000000000035 0.34181999999999996
0.06930000000000014 0.3708000000000001
0.07929999999999993 0.40062
0.08929999999999971 0.4297800000000001
0.0992999999999995 0.4588499999999999
0.10930000000000106 0.4872499999999999
0.11930000000000085 0.5151900000000001
0.12930000000000064 0.5418999999999999
0.13930000000000042 0.5676899999999999
0.1493000000000002 0.5916999999999999
0.1593 0.61536
0.16929999999999978 0.6368800000000001
0.17929999999999957 0.6576299999999999
0.18929999999999936 0.6767699999999999
0.19930000000000092 0.6952299999999999
0.2093000000000007 0.7119
0.2193000000000005 0.7279500000000001
0.22930000000000028 0.7431400000000001
0.23930000000000007 0.7581400000000001
0.24929999999999986 0.77254
0.25929999999999964 0.7866099999999999
0.26929999999999943 0.8013100000000001
0.279300000000001 0.8159399999999999
0.2893000000000008 0.8319600000000001
0.29930000000000057 0.8486400000000001
0.30930000000000035 0.8669399999999999
0.31930000000000014 0.88579
0.3292999999999999 0.9063599999999998
0.3392999999999997 0.92808
0.3492999999999995 0.9514199999999999
0.35930000000000106 0.9765900000000002
0.36930000000000085 1.0030199999999998
0.37930000000000064 1.0277999999999998
0.3893000000000004 1.0566
0.3993000000000002 1.0826999999999998
0.4093 1.113
0.4192999999999998 1.1412
0.42929999999999957 1.1658000000000002
0.43929999999999936 1.1928
0.4493000000000009 1.2156
0.4593000000000007 1.2377999999999998
0.4693000000000005 1.2555
0.4793000000000003 1.2741
0.48930000000000007 1.2852
0.49929999999999986 1.2939
0.5092999999999996 1.3008000000000002
0.5192999999999994 1.3017
0.529300000000001 1.3007
0.5393000000000008 1.2942
0.5493000000000006 1.2855
0.5593000000000004 1.2708000000000002
0.5693000000000001 1.257
0.5792999999999999 1.239
0.5892999999999997 1.2172800000000001
0.5992999999999995 1.1985000000000001
0.6093000000000011 1.1740199999999998
0.6193000000000008 1.1535
0.6293000000000006 1.13181
0.6393000000000004 1.10901
0.6493000000000002 1.0902300000000003
0.6593 1.07216
0.6692999999999998 1.0586
0.6792999999999996 1.04838
0.6892999999999994 1.03881
0.6993000000000009 1.03266
0.7093000000000007 1.03323
0.7193000000000005 1.0336500000000002
0.7293000000000003 1.03716
0.7393000000000001 1.04556
0.7492999999999999 1.05585
0.7592999999999996 1.0677299999999998
0.7692999999999994 1.08054
0.779300000000001 1.0948799999999999
0.7893000000000008 1.10804
0.7993000000000006 1.12002
0.8093000000000004 1.13409
0.8193000000000001 1.14543
0.8292999999999999 1.15349
0.8392999999999997 1.16181
0.8492999999999995 1.16392
0.8593000000000011 1.1652
0.8693000000000008 1.1602800000000002
0.8793000000000006 1.15533
0.8893000000000004 1.1464499999999997
0.8993000000000002 1.13427
0.9093 1.1187
0.9192999999999998 1.1043
0.9292999999999996 1.0854
0.9392999999999994 1.0656999999999999
0.9493000000000009 1.0458
0.9593000000000007 1.0215
0.9693000000000005 1.0011
0.9793000000000003 0.9789000000000002
0.9893000000000001 0.9571000000000001
0.9992999999999999 0.9359999999999998
1.0092999999999996 0.9157000000000001
1.0192999999999994 0.8963999999999999
1.029300000000001 0.8784000000000001
1.0393000000000008 0.8623200000000001
1.0493000000000006 0.84747
1.0593000000000004 0.83532
1.0693000000000001 0.82473
1.0793 0.8170699999999999
1.0892999999999997 0.8120399999999999
1.0992999999999995 0.8094699999999999
1.109300000000001 0.80913
1.1193000000000008 0.8122699999999999
1.1293000000000006 0.8178300000000002
1.1393000000000004 0.82592
1.1493000000000002 0.8363700000000001
1.1593 0.84903
1.1692999999999998 0.86352
1.1792999999999996 0.8802
1.1892999999999994 0.8976000000000001
1.199300000000001 0.9156000000000001
1.2093000000000007 0.9342
1.2193000000000005 0.9528999999999997
1.2293000000000003 0.9712999999999997
1.2393 0.9888000000000001
1.2492999999999999 1.0059
1.2592999999999996 1.0209000000000001
1.2692999999999994 1.0353
1.279300000000001 1.0473
1.2893000000000008 1.0577999999999999
1.2993000000000006 1.0648000000000002
1.3093000000000004 1.0707
1.3193000000000001 1.0741999999999998
1.3293 1.0749
1.3392999999999997 1.0725
1.3492999999999995 1.0676999999999999
1.359300000000001 1.0598999999999998
1.3693000000000008 1.0491
1.3793000000000006 1.0347
1.3893000000000004 1.0169999999999997
1.3993000000000002 0.9969999999999999
1.4093 0.9726
1.4192999999999998 0.9453
1.4292999999999996 0.9163
1.4392999999999994 0.8841000000000001
1.449300000000001 0.8509
1.4593000000000007 0.8157
1.4693000000000005 0.7805999999999997
1.4793000000000003 0.7455
1.4893 0.7121999999999999
1.4992999999999999 0.6806
1.5092999999999996 0.6518999999999999
1.5192999999999994 0.6282
1.529300000000001 0.6080999999999999
1.5393000000000008 0.5930999999999998
1.5493000000000006 0.5844
1.5593000000000004 0.5817
1.5693000000000001 0.5856
1.5793 0.5955
1.5892999999999997 0.6119000000000001
1.5992999999999995 0.6336
1.609300000000001 0.6608999999999999
1.6193000000000008 0.6933
1.6293000000000006 0.7287
1.6393000000000004 0.7692
1.6493000000000002 0.8115000000000001
1.6593 0.8558999999999998
1.6692999999999998 0.9012000000000001
1.6792999999999996 0.9471
1.6892999999999994 0.9935999999999998
1.699300000000001 1.0401000000000002
1.7093000000000007 1.0862
1.7193000000000005 1.1300999999999999
1.7293000000000003 1.1763
1.7393 1.2183
1.7492999999999999 1.2596999999999998
1.7592999999999996 1.3005000000000002
1.7692999999999994 1.3434
1.779300000000001 1.3827
1.7893000000000008 1.4187
1.7993000000000006 1.4601000000000002
1.8093000000000004 1.4949
1.8193000000000001 1.5293999999999999
1.8293 1.5663
1.8392999999999997 1.5999
1.8492999999999995 1.6300000000000001
1.859300000000001 1.6626
1.8693000000000008 1.6884
1.8793000000000006 1.7167
1.8893000000000004 1.7414999999999998
1.8993000000000002 1.7624999999999997
1.9093 1.7826000000000002
1.9192999999999998 1.7957999999999998
1.9292999999999996 1.8113999999999997
1.9392999999999994 1.8197999999999999
1.949300000000001 1.8276000000000003
1.9593000000000007 1.8311999999999997
1.9693000000000005 1.8315
1.9793000000000003 1.8243999999999998
1.9893 1.8198
1.9992999999999999 1.8117
2.0092999999999996 1.797
2.0192999999999994 1.7814
2.029300000000001 1.7657999999999996
2.039300000000001 1.7438999999999998
2.0493000000000006 1.7215999999999994
2.0593000000000004 1.6990999999999998
2.0693 1.6764
2.0793 1.6516000000000002
2.0892999999999997 1.6277000000000001
2.0992999999999995 1.6043
2.109300000000001 1.578
2.119300000000001 1.5546
2.1293000000000006 1.5306000000000002
2.1393000000000004 1.5066000000000004
2.1493 1.4817000000000002
2.1593 1.4571
2.1693 1.4372
2.1792999999999996 1.4142000000000001
2.1892999999999994 1.3923
2.199300000000001 1.3706999999999998
2.2093000000000007 1.3507
2.2193000000000005 1.3311000000000002
2.2293000000000003 1.3121999999999998
2.2393 1.2938999999999998
2.2493 1.2771
2.2592999999999996 1.2615
2.2692999999999994 1.2468
2.279300000000001 1.2339
2.289300000000001 1.2216
2.2993000000000006 1.2117
2.3093000000000004 1.2035
2.3193 1.1963999999999997
2.3293 1.1913
2.3392999999999997 1.1874
2.3492999999999995 1.1847
2.359300000000001 1.1825999999999999
2.369300000000001 1.1817
2.3793000000000006 1.1805999999999996
2.3893000000000004 1.1793
2.3993 1.1774999999999998
2.4093000000000018 1.1751
2.4193 1.1714999999999998
2.4293000000000013 1.1658
2.4392999999999994 1.1574000000000002
2.449300000000001 1.1474999999999997
2.459299999999999 1.1358000000000001
2.4693000000000005 1.1204999999999998
2.4792999999999985 1.1034000000000002
2.4893 1.0836000000000001
2.4993000000000016 1.0622999999999998
2.5092999999999996 1.0393
2.519300000000001 1.0155
2.529299999999999 0.9909000000000001
2.539300000000001 0.9666000000000001
2.549299999999999 0.9423000000000001
2.5593000000000004 0.9201000000000001
2.569300000000002 0.8989000000000001
2.5793 0.8802
2.5893000000000015 0.8643000000000002
2.5992999999999995 0.852
2.609300000000001 0.8424
2.619299999999999 0.8364
2.6293000000000006 0.834
2.6392999999999986 0.8337
2.6493 0.8372999999999998
2.6593000000000018 0.8439000000000002
2.6693 0.8519999999999999
2.6793000000000013 0.8625000000000002
2.6892999999999994 0.8742000000000002
2.699300000000001 0.8877
2.709299999999999 0.9008999999999998
2.7193000000000005 0.9155999999999999
2.7292999999999985 0.9296999999999996
2.7393 0.9434999999999999
2.7493000000000016 0.9572999999999998
2.7592999999999996 0.9699
2.769300000000001 0.9819
2.779299999999999 0.9933000000000002
2.789300000000001 1.0035
2.799299999999999 1.0142999999999998
2.8093000000000004 1.0248000000000002
2.819300000000002 1.0347
2.8293 1.0452
2.8393000000000015 1.056
2.8492999999999995 1.0683
2.859300000000001 1.0817999999999999
2.869299999999999 1.0974
2.8793000000000006 1.1139000000000001
2.8892999999999986 1.1337
2.8993 1.1546999999999998
2.9093000000000018 1.1787000000000003
2.9193 1.2043
2.9293000000000013 1.2315
2.9392999999999994 1.2598000000000003
2.949300000000001 1.2896999999999998
2.959299999999999 1.3191
2.9693000000000005 1.3482
2.9792999999999985 1.3761
2.9893 1.4016
2.9993000000000016 1.4249999999999996
3.0092999999999996 1.4448
3.019300000000001 1.4609999999999999
3.029299999999999 1.4724
3.039300000000001 1.4796
3.049299999999999 1.4814
3.0593000000000004 1.4787000000000001
3.069300000000002 1.4714999999999998
3.0793 1.4594999999999998
3.0893000000000015 1.4433000000000002
3.0992999999999995 1.4238
3.109300000000001 1.4013
3.119299999999999 1.3773000000000002
3.1293000000000006 1.3505999999999998
3.1392999999999986 1.3242
3.1493 1.2975999999999999
3.1593000000000018 1.2714000000000003
3.1693 1.2468
3.1793000000000013 1.224
3.1892999999999994 1.2036000000000002
3.199300000000001 1.1859
3.209299999999999 1.1717
3.2193000000000005 1.1607000000000003
3.2292999999999985 1.1531999999999998
3.2393 1.1505
3.2493000000000016 1.1505
3.2592999999999996 1.1551000000000002
3.269300000000001 1.1635
3.279299999999999 1.1763000000000001
3.289300000000001 1.1927999999999999
3.299299999999999 1.2134999999999998
3.3093000000000004 1.2375
3.319300000000002 1.2660000000000002
3.3293 1.2972000000000001
3.3393000000000015 1.3312000000000002
3.3492999999999995 1.369
3.359300000000001 1.4088999999999996
3.369299999999999 1.4514
3.3793000000000006 1.4956999999999998
3.3892999999999986 1.5411000000000004
3.3993 1.5882000000000003
3.4093000000000018 1.6346999999999996
3.4193 1.6802999999999997
3.4293000000000013 1.7272000000000003
3.4392999999999994 1.7728000000000002
3.449300000000001 1.8159
3.459299999999999 1.8534
3.4693000000000005 1.8930000000000002
3.4792999999999985 1.9260000000000002
3.4893 1.9590000000000003
3.4993000000000016 1.9830000000000003
3.5092999999999996 2.0130000000000003
3.519300000000001 2.0280000000000005
3.529299999999999 2.0460000000000003
3.539300000000001 2.0610000000000004
3.549299999999999 2.0730000000000004
3.5593000000000004 2.079
3.569300000000002 2.0850000000000004
3.5793 2.0880000000000005
3.5893000000000015 2.091
3.5992999999999995 2.0970000000000004
3.609300000000001 2.1000000000000005
3.619299999999999 2.103
3.6293000000000006 2.109
3.6392999999999986 2.1119999999999997
3.6493 2.1209999999999996
3.6593000000000018 2.1300000000000003
3.6693 2.137
3.6793000000000013 2.148
3.6892999999999994 2.16
3.699300000000001 2.172
3.709299999999999 2.181
3.7193000000000005 2.191
3.7292999999999985 2.1969999999999996
3.7393 2.198
3.7493000000000016 2.201
3.7592999999999996 2.1990000000000003
3.769300000000001 2.1870000000000003
3.779299999999999 2.178
3.789300000000001 2.158
3.799299999999999 2.136
3.8093000000000004 2.1090000000000004
3.819300000000002 2.0760000000000005
3.8293 2.0380000000000007
3.8393000000000015 2.0040000000000004
3.8492999999999995 1.9560000000000006
3.859300000000001 1.9036
3.869299999999999 1.8547000000000002
3.8793000000000006 1.8039999999999998
3.8892999999999986 1.7492999999999999
3.8993 1.6918000000000002
3.9093000000000018 1.6333
3.9193 1.5736999999999999
3.9293000000000013 1.5131000000000003
3.9392999999999994 1.4515000000000002
3.949300000000001 1.3903
3.959299999999999 1.3287
3.9693000000000005 1.2671
3.9792999999999985 1.2058999999999997
3.9893 1.1451999999999998
3.9993000000000016 1.0852
4.0093 1.0257999999999998
4.019300000000001 0.9675000000000002
4.029299999999999 0.9107000000000001
4.039300000000001 0.855
4.049299999999999 0.8008
4.0593 0.7481
4.069300000000002 0.6973
4.0793 0.6486
4.0893000000000015 0.6015000000000001
4.0992999999999995 0.5569
4.109300000000001 0.5140000000000001
4.119299999999999 0.4735
4.129300000000001 0.4351
4.139299999999999 0.3987
4.1493 0.3643
4.159300000000002 0.3322
4.1693 0.3023
4.179300000000001 0.27449999999999997
4.189299999999999 0.24819999999999998
4.199300000000001 0.22409999999999997
4.209299999999999 0.202
4.2193000000000005 0.18113000000000004
4.2292999999999985 0.16208
4.2393 0.14436000000000002
4.249300000000002 0.12822999999999998
4.2593 0.11342
4.269300000000001 0.09990000000000002
4.279299999999999 0.08758
4.289300000000001 0.07636999999999998
4.299299999999999 0.06625
4.3093 0.05712999999999999
4.319300000000002 0.04901000000000001
4.3293 0.04175999999999999
4.3393000000000015 0.035269999999999996
4.3492999999999995 0.02962
4.359300000000001 0.024650000000000002
4.369299999999999 0.020413999999999998
4.379300000000001 0.016754
4.389299999999999 0.013617000000000002
4.3993 0.010976999999999999
4.409300000000002 0.008771000000000001
4.4193 0.006947
4.429300000000001 0.005448
4.439299999999999 0.004234
4.449300000000001 0.0032589999999999993
4.459299999999999 0.0024839999999999992
4.4693000000000005 0.0018757000000000001
4.4792999999999985 0.0014006000000000001
4.4893 0.0010358999999999998
4.499300000000002 0.0007588999999999999
4.5093 0.0005498
4.519300000000001 0.0003945
4.529299999999999 0.0002799
4.539300000000001 0.00019663
4.549299999999999 0.00013691999999999998
4.5593 9.423e-05
4.569300000000002 6.414999999999999e-05
4.5793 4.323e-05
4.5893000000000015 2.8800000000000002e-05
4.5992999999999995 1.9003999999999996e-05
4.609300000000001 1.2409999999999998e-05
4.619299999999999 8.013999999999998e-06
4.629300000000001 5.12e-06
