-23.6007 -8.069e-05
-23.5907 -5.2962000000000006e-05
-23.5807 -3.440399999999999e-05
-23.570700000000002 -2.2149e-05
-23.5607 -1.4115999999999998e-05
-23.5507 -8.904300000000002e-06
-23.5407 -5.559599999999999e-06
-23.5307 -3.437399999999999e-06
-23.520699999999998 -2.1029999999999996e-06
-23.5107 -1.2740000000000002e-06
-23.500700000000002 -7.642799999999999e-07
-23.4907 -4.533499999999999e-07
-23.4807 -2.6671999999999994e-07
-23.4707 -1.5497999999999995e-07
-23.4607 -8.920800000000001e-08
-23.450699999999998 -5.0767999999999995e-08
-23.4407 -2.8650000000000002e-08
-23.4307 -1.5982000000000007e-08
-23.4207 -8.837800000000002e-09
-23.4107 -4.8339e-09
-23.4007 -2.6147999999999985e-09
-23.3907 -1.3999000000000003e-09
-23.380699999999997 -7.4203e-10
-23.3707 -3.8918000000000005e-10
-23.3607 -2.0187999999999998e-10
-23.3507 -1.0384e-10
-23.3407 -5.262599999999999e-11
-23.3307 -2.6369000000000006e-11
-23.320700000000002 -1.2973000000000003e-11
-23.3107 -6.2156e-12
-23.3007 -2.861299999999999e-12
-23.2907 -1.2525e-12
-23.2807 -5.353999999999999e-13
-23.270699999999998 -2.0891999999999998e-13
-23.2607 -4.176599999999999e-14
-23.250700000000002 -0.0
-23.2407 -0.0
-23.2307 -0.0
-23.2207 -0.0
-23.2107 -0.0
-23.200699999999998 -0.0
-23.1907 -0.0
-23.1807 -0.0
-23.1707 -0.0
-23.1607 -0.0
-23.1507 -0.0
-23.1407 -0.0
-23.130699999999997 -0.0
-23.1207 -0.0
-23.1107 -0.0
-23.1007 -0.0
-23.0907 -0.0
-23.0807 -0.0
-23.070700000000002 -0.0
-23.0607 -0.0
-23.0507 -0.0
-23.0407 -0.0
-23.0307 -0.0
-23.020699999999998 -0.0
-23.0107 -0.0
-23.000700000000002 -0.0
-22.9907 -0.0
-22.9807 -0.0
-22.9707 -0.0
-22.9607 -0.0
-22.950699999999998 -0.0
-22.9407 -0.0
-22.9307 -0.0
-22.9207 -0.0
-22.9107 -0.0
-22.9007 -0.0
-22.8907 -0.0
-22.880699999999997 -0.0
-22.8707 -0.0
-22.8607 -0.0
-22.8507 -0.0
-22.8407 -0.0
-22.8307 -0.0
-22.820700000000002 -0.0
-22.8107 -0.0
-22.8007 -0.0
-22.7907 -0.0
-22.7807 -0.0
-22.770699999999998 -0.0
-22.7607 -0.0
-22.750700000000002 -0.0
-22.7407 -0.0
-22.7307 -0.0
-22.7207 -0.0
-22.7107 -0.0
-22.700699999999998 -0.0
-22.6907 -0.0
-22.6807 -0.0
-22.6707 -0.0
-22.6607 -0.0
-22.6507 -0.0
-22.6407 -0.0
-22.630699999999997 -0.0
-22.6207 -0.0
-22.6107 -0.0
-22.6007 -0.0
-22.5907 -0.0
-22.5807 -0.0
-22.570700000000002 -0.0
-22.5607 -0.0
-22.5507 -0.0
-22.5407 -0.0
-22.5307 -0.0
-22.520699999999998 -0.0
-22.5107 -0.0
-22.500700000000002 -0.0
-22.4907 -0.0
-22.4807 -0.0
-22.4707 -0.0
-22.4607 -0.0
-22.450699999999998 -0.0
-22.4407 -0.0
-22.4307 -0.0
-22.4207 -0.0
-22.4107 -0.0
-22.4007 -0.0
-22.3907 -0.0
-22.380699999999997 -0.0
-22.3707 -0.0
-22.3607 -0.0
-22.3507 -0.0
-22.3407 -0.0
-22.3307 -0.0
-22.320700000000002 -0.0
-22.3107 -0.0
-22.3007 -0.0
-22.2907 -0.0
-22.2807 -0.0
-22.270699999999998 -0.0
-22.2607 -0.0
-22.250700000000002 -0.0
-22.2407 -0.0
-22.2307 -0.0
-22.2207 -0.0
-22.2107 -0.0
-22.200699999999998 -0.0
-22.1907 -0.0
-22.1807 -0.0
-22.1707 -0.0
-22.1607 -0.0
-22.1507 -0.0
-22.1407 -0.0
-22.130699999999997 -0.0
-22.1207 -0.0
-22.1107 -0.0
-22.1007 -0.0
-22.0907 -0.0
-22.0807 -0.0
-22.070700000000002 -0.0
-22.0607 -0.0
-22.0507 -0.0
-22.0407 -0.0
-22.0307 -0.0
-22.020699999999998 -0.0
-22.0107 -0.0
-22.000700000000002 -0.0
-21.9907 -0.0
-21.9807 -0.0
-21.9707 -0.0
-21.9607 -0.0
-21.950699999999998 -0.0
-21.9407 -0.0
-21.9307 -0.0
-21.9207 -0.0
-21.9107 -0.0
-21.9007 -0.0
-21.8907 -0.0
-21.880699999999997 -0.0
-21.8707 -0.0
-21.8607 -0.0
-21.8507 -0.0
-21.8407 -0.0
-21.8307 -0.0
-21.820700000000002 -0.0
-21.8107 -0.0
-21.8007 -0.0
-21.7907 -0.0
-21.7807 -0.0
-21.770699999999998 -0.0
-21.7607 -0.0
-21.750700000000002 -0.0
-21.7407 -0.0
-21.7307 -0.0
-21.7207 -0.0
-21.7107 -0.0
-21.700699999999998 -0.0
-21.6907 -0.0
-21.6807 -0.0
-21.6707 -0.0
-21.6607 -0.0
-21.6507 -0.0
-21.6407 -0.0
-21.630699999999997 -0.0
-21.6207 -0.0
-21.6107 -0.0
-21.6007 -0.0
-21.5907 -0.0
-21.5807 -0.0
-21.5707 -0.0
-21.5607 -1.6560261999999995e-13
-21.5507 -3.4583870000000003e-13
-21.5407 -1.0584304e-12
-21.5307 -2.1821039999999996e-12
-21.520699999999998 -4.441442e-12
-21.5107 -9.127340999999998e-12
-21.500700000000002 -1.8211649999999997e-11
-21.4907 -3.59487e-11
-21.4807 -7.020338999999999e-11
-21.4707 -1.3634370000000003e-10
-21.4607 -2.6092319999999995e-10
-21.450699999999998 -4.952048999999999e-10
-21.4407 -9.277696000000002e-10
-21.4307 -1.7207219999999994e-09
-21.4207 -3.15675e-09
-21.4107 -5.723885999999998e-09
-21.4007 -1.0288169e-08
-21.3907 -1.8310450000000004e-08
-21.3807 -3.216054e-08
-21.3707 -5.600607999999998e-08
-21.3607 -9.643139999999997e-08
-21.3507 -1.6451050000000002e-07
-21.3407 -2.774056000000001e-07
-21.3307 -4.6303520000000005e-07
-21.3207 -7.65465e-07
-21.3107 -1.2530970000000003e-06
-21.3007 -2.026855e-06
-21.2907 -3.249923e-06
-21.2807 -5.155338999999999e-06
-21.270699999999998 -8.097353e-06
-21.2607 -1.2593700000000001e-05
-21.250700000000002 -1.9388250000000005e-05
-21.2407 -2.9548679999999996e-05
-21.2307 -4.4609339999999996e-05
-21.2207 -6.660217000000001e-05
-21.2107 -9.853620000000001e-05
-21.200699999999998 -0.0001442247
-21.1907 -0.00020961290000000003
-21.1807 -0.0003014895
-21.1707 -0.0004293385999999999
-21.1607 -0.0006053056
-21.1507 -0.0008464579999999999
-21.1407 -0.0011737440000000002
-21.1307 -0.0016101990000000003
-21.1207 -0.0021887890000000004
-21.1107 -0.0029499710000000013
-21.1007 -0.003944234
-21.0907 -0.0052212579999999995
-21.0807 -0.006857884
-21.0707 -0.008931049999999998
-21.0607 -0.01153524
-21.0507 -0.014771240000000003
-21.0407 -0.018742770000000006
-21.0307 -0.023627620000000002
-21.020699999999998 -0.029504039999999995
-21.0107 -0.036578869999999986
-21.000700000000002 -0.044921329999999995
-20.9907 -0.05479596
-20.9807 -0.06633714999999998
-20.9707 -0.0795809
-20.9607 -0.09478819999999999
-20.950699999999998 -0.11191970000000002
-20.9407 -0.1311866
-20.9307 -0.1525096
-20.9207 -0.17578899999999997
-20.9107 -0.2013727
-20.9007 -0.2286351
-20.8907 -0.2574306
-20.8807 -0.28784820000000005
-20.8707 -0.31936970000000015
-20.8607 -0.35127529999999996
-20.8507 -0.3840011
-20.8407 -0.41668460000000007
-20.8307 -0.4487144000000001
-20.8207 -0.4801074999999999
-20.8107 -0.5108879000000001
-20.8007 -0.539838
-20.7907 -0.568041
-20.7807 -0.594602
-20.770699999999998 -0.6198069999999999
-20.7607 -0.6443769999999999
-20.750700000000002 -0.6685559999999998
-20.7407 -0.6921469999999998
-20.7307 -0.7159509999999999
-20.7207 -0.7407810000000001
-20.7107 -0.7672359999999999
-20.700699999999998 -0.7954189999999998
-20.6907 -0.8257320000000001
-20.6807 -0.8585809999999999
-20.6707 -0.8941590000000004
-20.6607 -0.9324719999999999
-20.6507 -0.973509
-20.6407 -1.0162700000000002
-20.6307 -1.060953
-20.6207 -1.1063370000000001
-20.6107 -1.151823
-20.6007 -1.196401
-20.5907 -1.239638
-20.5807 -1.279696
-20.5707 -1.3171760000000001
-20.5607 -1.3523079999999998
-20.5507 -1.3820520000000003
-20.5407 -1.404418
-20.5307 -1.4277309999999999
-20.520699999999998 -1.4460030000000004
-20.5107 -1.456741
-20.500700000000002 -1.466478
-20.4907 -1.4781659999999999
-20.4807 -1.4867950000000003
-20.4707 -1.49621
-20.4607 -1.507455
-20.450699999999998 -1.5243389999999999
-20.4407 -1.5408709999999999
-20.4307 -1.5660580000000002
-20.4207 -1.5966289999999996
-20.4107 -1.633368
-20.4007 -1.6761870000000005
-20.3907 -1.7281830000000002
-20.3807 -1.7839689999999997
-20.3707 -1.8457610000000002
-20.3607 -1.9116760000000002
-20.3507 -1.9784250000000003
-20.3407 -2.0489699999999997
-20.3307 -2.116182
-20.3207 -2.1890839999999994
-20.3107 -2.2552129999999995
-20.3007 -2.3242790000000007
-20.2907 -2.3836450000000005
-20.2807 -2.4387480000000004
-20.270699999999998 -2.4906100000000007
-20.2607 -2.53538
-20.250700000000002 -2.5773899999999994
-20.2407 -2.6123
-20.2307 -2.6447699999999994
-20.2207 -2.67176
-20.2107 -2.69929
-20.200699999999998 -2.72744
-20.1907 -2.74923
-20.1807 -2.7706700000000004
-20.1707 -2.7937100000000004
-20.1607 -2.8181800000000004
-20.1507 -2.8480799999999995
-20.1407 -2.875149999999999
-20.1307 -2.905379999999999
-20.1207 -2.9387100000000004
-20.1107 -2.97037
-20.1007 -3.0069300000000005
-20.0907 -3.0484500000000008
-20.0807 -3.09288
-20.0707 -3.1323000000000008
-20.0607 -3.17577
-20.0507 -3.2182700000000013
-20.0407 -3.2697700000000003
-20.0307 -3.30927
-20.020699999999998 -3.3577200000000005
-20.0107 -3.4021400000000006
-20.000700000000002 -3.4436
-19.9907 -3.4820100000000016
-19.9807 -3.5203800000000003
-19.9707 -3.5557900000000013
-19.9607 -3.57806
-19.950699999999998 -3.60327
-19.9407 -3.6194800000000003
-19.9307 -3.633569999999999
-19.9207 -3.6435999999999997
-19.9107 -3.6456299999999993
-19.9007 -3.6486299999999994
-19.8907 -3.64054
-19.8807 -3.63639
-19.8707 -3.6272699999999998
-19.8607 -3.614100000000001
-19.8507 -3.606909999999999
-19.8407 -3.59676
-19.8307 -3.590640000000001
-19.8207 -3.5844899999999993
-19.8107 -3.5814299999999997
-19.8007 -3.5823599999999995
-19.7907 -3.5843600000000007
-19.7807 -3.5923499999999997
-19.770699999999998 -3.59934
-19.7607 -3.6104
-19.750700000000002 -3.627370000000001
-19.7407 -3.6294
-19.7307 -3.6383999999999994
-19.7207 -3.6493400000000005
-19.7107 -3.6502100000000004
-19.700699999999998 -3.6530900000000006
-19.6907 -3.64689
-19.6807 -3.6375300000000004
-19.6707 -3.6222000000000008
-19.6607 -3.603750000000001
-19.6507 -3.5822999999999996
-19.6407 -3.5598200000000007
-19.6307 -3.5302099999999994
-19.6207 -3.5066500000000005
-19.6107 -3.48111
-19.6007 -3.4565400000000013
-19.5907 -3.432000000000001
-19.5807 -3.4194299999999993
-19.5707 -3.3999400000000004
-19.5607 -3.395509999999998
-19.5507 -3.3941100000000004
-19.5407 -3.3938099999999993
-19.5307 -3.4035400000000005
-19.520699999999998 -3.4182699999999993
-19.5107 -3.4421199999999983
-19.500700000000002 -3.4759099999999994
-19.4907 -3.5098499999999997
-19.4807 -3.560790000000001
-19.4707 -3.6217900000000007
-19.4607 -3.6887900000000022
-19.450699999999998 -3.77388
-19.4407 -3.875000000000001
-19.4307 -3.995240000000001
-19.4207 -4.13351
-19.4107 -4.297840000000001
-19.4007 -4.484319999999999
-19.3907 -4.69689
-19.3807 -4.936539999999999
-19.3707 -5.208290000000001
-19.3607 -5.503099999999999
-19.3507 -5.826
-19.3407 -6.175000000000001
-19.3307 -6.548960000000001
-19.3207 -6.940040000000001
-19.3107 -7.350089999999998
-19.3007 -7.774150000000001
-19.2907 -8.20619
-19.2807 -8.645089999999998
-19.270699999999998 -9.086990000000002
-19.2607 -9.5228
-19.250700000000002 -9.95948
-19.2407 -10.377089999999999
-19.2307 -10.781560000000002
-19.2207 -11.183949999999998
-19.2107 -11.559170000000002
-19.200699999999998 -11.915350000000002
-19.1907 -12.275409999999997
-19.1807 -12.577350000000001
-19.1707 -12.907280000000002
-19.1607 -13.178079999999998
-19.1507 -13.422809999999998
-19.1407 -13.66459
-19.1307 -13.908269999999998
-19.1207 -14.14691
-19.1107 -14.32258
-19.1007 -14.523189999999998
-19.0907 -14.66885
-19.0807 -14.782429999999996
-19.0707 -14.960020000000007
-19.0607 -15.048599999999997
-19.0507 -15.108180000000003
-19.0407 -15.163700000000002
-19.0307 -15.19122
-19.020699999999998 -15.166710000000005
-19.0107 -15.149080000000001
-19.000700000000002 -15.07048
-18.9907 -14.952740000000002
-18.9807 -14.81596
-18.9707 -14.603120000000004
-18.9607 -14.386160000000002
-18.950699999999998 -14.109160000000005
-18.9407 -13.831140000000003
-18.9307 -13.465939999999996
-18.9207 -13.106709999999998
-18.9107 -12.701450000000008
-18.9007 -12.266220000000002
-18.8907 -11.847840000000001
-18.8807 -11.406539999999996
-18.8707 -10.958169999999996
-18.8607 -10.507909999999999
-18.8507 -10.072603999999998
-18.8407 -9.650439
-18.8307 -9.255322999999997
-18.8207 -8.888311
-18.8107 -8.551404999999999
-18.8007 -8.256575999999999
-18.7907 -7.997869999999998
-18.7807 -7.785316
-18.770699999999998 -7.613862
-18.7607 -7.484506
-18.750700000000002 -7.393302000000001
-18.7407 -7.340161999999999
-18.7307 -7.319076
-18.7207 -7.326702000000003
-18.7107 -7.354751
-18.700699999999998 -7.403173000000002
-18.6907 -7.481397999999999
-18.6807 -7.538608000000003
-18.6707 -7.611650000000002
-18.6607 -7.700665000000001
-18.6507 -7.775223999999999
-18.6407 -7.856756000000001
-18.6307 -7.95
-18.6207 -8.026663000000001
-18.6107 -8.113527
-18.6007 -8.175867
-18.5907 -8.238874
-18.5807 -8.304351
-18.5707 -8.371079999999997
-18.5607 -8.412572
-18.5507 -8.452566000000001
-18.5407 -8.466587
-18.5307 -8.481702
-18.520699999999998 -8.467453999999998
-18.5107 -8.421970000000002
-18.500700000000002 -8.351047600000001
-18.4907 -8.2683795
-18.4807 -8.116285699999999
-18.4707 -7.9434202
-18.4607 -7.716329299999999
-18.450699999999998 -7.445809400000001
-18.4407 -7.1452409999999995
-18.4307 -6.8128618
-18.4207 -6.4316598
-18.4107 -6.0331703999999995
-18.4007 -5.590250599999999
-18.3907 -5.162346100000001
-18.3807 -4.715886800000001
-18.3707 -4.269981400000002
-18.3607 -3.8308207
-18.3507 -3.4047488000000006
-18.3407 -2.9990543999999995
-18.3307 -2.6158371000000002
-18.3207 -2.2580026999999996
-18.3107 -1.9316201999999998
-18.3007 -1.637042
-18.2907 -1.3724772
-18.2807 -1.1393565300000001
-18.270699999999998 -0.9372944499999999
-18.2607 -0.76302618
-18.250700000000002 -0.61386921
-18.2407 -0.49013867000000005
-18.2307 -0.38692109999999996
-18.2207 -0.30228165999999995
-18.2107 -0.23376386000000002
-18.200699999999998 -0.17909672999999998
-18.1907 -0.13561068000000004
-18.1807 -0.10172914300000001
-18.1707 -0.075470632
-18.1607 -0.055469842
-18.1507 -0.04028037600000001
-18.1407 -0.028974207999999998
-18.1307 -0.020631103999999994
-18.1207 -0.014536128700000001
-18.1107 -0.0101392756
-18.1007 -0.006992922500000002
-18.0907 -0.0047729654
-18.0807 -0.0032234898
-18.0707 -0.0021557523
-18.0607 -0.00142596489
-18.0507 -0.00093412023
-18.0407 -0.0006045470599999999
-18.0307 -0.00038754409
-18.020699999999998 -0.00024583773
-18.0107 -0.000154353814
-18.000700000000002 -9.584235899999998e-05
-17.9907 -5.887708700000002e-05
-17.9807 -3.5778728e-05
-17.9707 -2.1509783e-05
-17.9607 -1.28245841e-05
-17.950699999999998 -7.548066500000001e-06
-17.9407 -4.395418300000001e-06
-17.9307 -2.5351221999999997e-06
-17.9207 -1.4459965600000002e-06
-17.9107 -8.1701372e-07
-17.9007 -4.5577814999999993e-07
-17.8907 -2.5206301e-07
-17.8807 -1.3775020600000003e-07
-17.8707 -7.4481725e-08
-17.8607 -3.9861838e-08
-17.8507 -2.1116512999999997e-08
-17.8407 -1.10621261e-08
-17.8307 -5.7333365e-09
-17.8207 -2.9397765999999997e-09
-17.8107 -1.4874148100000003e-09
-17.8007 -7.4663919e-10
-17.7907 -3.7076987e-10
-17.7807 -1.8165629800000002e-10
-17.770699999999998 -8.6899337e-11
-17.7607 -3.7803576000000004e-11
-17.750700000000002 -1.5473152200000003e-11
-17.7407 -3.7551570999999995e-12
-17.7307 -0.0
-17.7207 -0.0
-17.7107 -0.0
-17.700699999999998 -0.0
-17.6907 -0.0
-17.6807 -0.0
-17.6707 -0.0
-17.6607 -0.0
-17.6507 -0.0
-17.6407 -0.0
-17.6307 -0.0
-17.6207 -0.0
-17.6107 -0.0
-17.6007 -0.0
-17.5907 -0.0
-17.5807 -0.0
-17.5707 -0.0
-17.5607 -0.0
-17.5507 -0.0
-17.5407 -0.0
-17.5307 -0.0
-17.520699999999998 -0.0
-17.5107 -0.0
-17.5007 -0.0
-17.4907 -0.0
-17.4807 -0.0
-17.4707 -0.0
-17.4607 -0.0
-17.4507 -0.0
-17.4407 -0.0
-17.4307 -0.0
-17.4207 -0.0
-17.4107 -0.0
-17.4007 -0.0
-17.3907 -0.0
-17.3807 -0.0
-17.3707 -0.0
-17.3607 -0.0
-17.3507 -0.0
-17.3407 -0.0
-17.3307 -0.0
-17.3207 -0.0
-17.3107 -0.0
-17.3007 -0.0
-17.2907 -0.0
-17.2807 -0.0
-17.270699999999998 -0.0
-17.2607 -0.0
-17.2507 -0.0
-17.2407 -0.0
-17.2307 -0.0
-17.2207 -0.0
-17.2107 -0.0
-17.2007 -0.0
-17.1907 -0.0
-17.1807 -0.0
-17.1707 -0.0
-17.1607 -0.0
-17.1507 -0.0
-17.1407 -0.0
-17.1307 -0.0
-17.1207 -0.0
-17.1107 -0.0
-17.1007 -0.0
-17.0907 -0.0
-17.0807 -0.0
-17.0707 -0.0
-17.0607 -0.0
-17.0507 -0.0
-17.0407 -0.0
-17.0307 -0.0
-17.020699999999998 -0.0
-17.0107 -0.0
-17.0007 -0.0
-16.9907 -0.0
-16.9807 -0.0
-16.9707 -0.0
-16.9607 -0.0
-16.9507 -0.0
-16.9407 -0.0
-16.9307 -0.0
-16.9207 -0.0
-16.9107 -0.0
-16.9007 -0.0
-16.8907 -0.0
-16.8807 -0.0
-16.8707 -0.0
-16.8607 -0.0
-16.8507 -0.0
-16.8407 -0.0
-16.8307 -0.0
-16.8207 -0.0
-16.8107 -0.0
-16.8007 -0.0
-16.7907 -0.0
-16.7807 -0.0
-16.770699999999998 -0.0
-16.7607 -0.0
-16.7507 -0.0
-16.7407 -0.0
-16.7307 -0.0
-16.7207 -0.0
-16.7107 -0.0
-16.7007 -0.0
-16.6907 -0.0
-16.6807 -0.0
-16.6707 -0.0
-16.6607 -0.0
-16.6507 -0.0
-16.6407 -0.0
-16.6307 -0.0
-16.6207 -0.0
-16.6107 -0.0
-16.6007 -0.0
-16.5907 -0.0
-16.5807 -0.0
-16.5707 -0.0
-16.5607 -0.0
-16.5507 -0.0
-16.5407 -0.0
-16.5307 -0.0
-16.520699999999998 -0.0
-16.5107 -0.0
-16.5007 -0.0
-16.4907 -0.0
-16.4807 -0.0
-16.4707 -0.0
-16.4607 -0.0
-16.4507 -0.0
-16.4407 -0.0
-16.4307 -0.0
-16.4207 -0.0
-16.4107 -0.0
-16.4007 -0.0
-16.3907 -0.0
-16.3807 -0.0
-16.3707 -0.0
-16.3607 -0.0
-16.3507 -0.0
-16.3407 -0.0
-16.3307 -0.0
-16.3207 -0.0
-16.3107 -0.0
-16.3007 -0.0
-16.2907 -0.0
-16.2807 -0.0
-16.270699999999998 -0.0
-16.2607 -0.0
-16.2507 -0.0
-16.2407 -0.0
-16.2307 -0.0
-16.2207 -0.0
-16.2107 -0.0
-16.2007 -0.0
-16.1907 -0.0
-16.1807 -0.0
-16.1707 -0.0
-16.1607 -0.0
-16.1507 -0.0
-16.1407 -0.0
-16.1307 -0.0
-16.1207 -0.0
-16.1107 -0.0
-16.1007 -0.0
-16.0907 -0.0
-16.0807 -0.0
-16.0707 -0.0
-16.0607 -0.0
-16.0507 -0.0
-16.0407 -0.0
-16.0307 -0.0
-16.020699999999998 -0.0
-16.0107 -0.0
-16.0007 -0.0
-15.9907 -0.0
-15.980699999999999 -0.0
-15.9707 -0.0
-15.9607 -0.0
-15.9507 -0.0
-15.9407 -0.0
-15.9307 -0.0
-15.9207 -0.0
-15.9107 -0.0
-15.9007 -0.0
-15.890699999999999 -0.0
-15.8807 -0.0
-15.8707 -0.0
-15.8607 -0.0
-15.8507 -0.0
-15.8407 -0.0
-15.8307 -0.0
-15.8207 -0.0
-15.8107 -0.0
-15.800699999999999 -0.0
-15.7907 -0.0
-15.7807 -0.0
-15.7707 -0.0
-15.7607 -0.0
-15.7507 -0.0
-15.7407 -0.0
-15.730699999999999 -0.0
-15.7207 -0.0
-15.7107 -0.0
-15.7007 -0.0
-15.6907 -0.0
-15.6807 -0.0
-15.6707 -0.0
-15.6607 -0.0
-15.6507 -0.0
-15.640699999999999 -0.0
-15.6307 -0.0
-15.6207 -0.0
-15.6107 -0.0
-15.6007 -0.0
-15.5907 -0.0
-15.5807 -0.0
-15.5707 -0.0
-15.5607 -0.0
-15.550699999999999 -0.0
-15.5407 -0.0
-15.5307 -0.0
-15.5207 -0.0
-15.5107 -0.0
-15.5007 -0.0
-15.4907 -0.0
-15.480699999999999 -0.0
-15.4707 -0.0
-15.4607 -0.0
-15.4507 -0.0
-15.4407 -0.0
-15.4307 -0.0
-15.4207 -0.0
-15.4107 -0.0
-15.4007 -0.0
-15.390699999999999 -0.0
-15.3807 -0.0
-15.3707 -0.0
-15.3607 -0.0
-15.3507 -0.0
-15.3407 -0.0
-15.3307 -0.0
-15.3207 -0.0
-15.3107 -0.0
-15.300699999999999 -0.0
-15.2907 -0.0
-15.2807 -0.0
-15.2707 -0.0
-15.2607 -0.0
-15.2507 -0.0
-15.2407 -0.0
-15.230699999999999 -0.0
-15.2207 -0.0
-15.2107 -0.0
-15.2007 -0.0
-15.1907 -0.0
-15.1807 -0.0
-15.1707 -0.0
-15.1607 -0.0
-15.1507 -0.0
-15.140699999999999 -0.0
-15.1307 -0.0
-15.1207 -0.0
-15.1107 -0.0
-15.1007 -0.0
-15.0907 -0.0
-15.0807 -0.0
-15.0707 -0.0
-15.0607 -0.0
-15.050699999999999 -0.0
-15.0407 -0.0
-15.0307 -0.0
-15.0207 -0.0
-15.0107 -0.0
-15.0007 -0.0
-14.9907 -0.0
-14.980699999999999 -0.0
-14.9707 -0.0
-14.9607 -0.0
-14.9507 -0.0
-14.9407 -0.0
-14.9307 -0.0
-14.9207 -0.0
-14.9107 -0.0
-14.9007 -0.0
-14.890699999999999 -0.0
-14.8807 -0.0
-14.8707 -0.0
-14.8607 -0.0
-14.8507 -0.0
-14.8407 -0.0
-14.8307 -0.0
-14.8207 -0.0
-14.8107 -0.0
-14.800699999999999 -0.0
-14.7907 -0.0
-14.7807 -0.0
-14.7707 -0.0
-14.7607 -0.0
-14.7507 -0.0
-14.7407 -0.0
-14.730699999999999 -0.0
-14.7207 -0.0
-14.7107 -0.0
-14.7007 -0.0
-14.6907 -0.0
-14.6807 -0.0
-14.6707 -0.0
-14.6607 -0.0
-14.6507 -0.0
-14.640699999999999 -0.0
-14.6307 -0.0
-14.6207 -0.0
-14.6107 -0.0
-14.6007 -0.0
-14.5907 -0.0
-14.5807 -0.0
-14.5707 -0.0
-14.5607 -0.0
-14.550699999999999 -0.0
-14.5407 -0.0
-14.5307 -0.0
-14.5207 -0.0
-14.5107 -0.0
-14.5007 -0.0
-14.4907 -0.0
-14.4807 -0.0
-14.470699999999999 -0.0
-14.4607 -0.0
-14.4507 -0.0
-14.4407 -0.0
-14.4307 -0.0
-14.4207 -0.0
-14.4107 -0.0
-14.4007 -0.0
-14.390699999999999 -0.0
-14.3807 -0.0
-14.3707 -0.0
-14.3607 -0.0
-14.3507 -0.0
-14.3407 -0.0
-14.3307 -0.0
-14.3207 -0.0
-14.3107 -0.0
-14.300699999999999 -0.0
-14.2907 -0.0
-14.2807 -0.0
-14.2707 -0.0
-14.2607 -0.0
-14.2507 -0.0
-14.2407 -0.0
-14.2307 -0.0
-14.220699999999999 -0.0
-14.2107 -0.0
-14.2007 -0.0
-14.1907 -0.0
-14.1807 -0.0
-14.1707 -0.0
-14.1607 -0.0
-14.1507 -0.0
-14.140699999999999 -0.0
-14.1307 -0.0
-14.1207 -0.0
-14.1107 -0.0
-14.1007 -0.0
-14.0907 -0.0
-14.0807 -0.0
-14.0707 -0.0
-14.0607 -0.0
-14.050699999999999 -0.0
-14.0407 -0.0
-14.0307 -0.0
-14.0207 -0.0
-14.0107 -0.0
-14.0007 -0.0
-13.9907 -0.0
-13.9807 -0.0
-13.970699999999999 -0.0
-13.9607 -0.0
-13.9507 -0.0
-13.9407 -0.0
-13.9307 -0.0
-13.9207 -0.0
-13.9107 -0.0
-13.9007 -0.0
-13.890699999999999 -0.0
-13.8807 -0.0
-13.8707 -0.0
-13.8607 -0.0
-13.8507 -0.0
-13.8407 -0.0
-13.8307 -0.0
-13.8207 -0.0
-13.8107 -0.0
-13.800699999999999 -0.0
-13.7907 -0.0
-13.7807 -0.0
-13.7707 -0.0
-13.7607 -0.0
-13.7507 -0.0
-13.7407 -0.0
-13.7307 -0.0
-13.720699999999999 -0.0
-13.7107 -0.0
-13.7007 -0.0
-13.6907 -0.0
-13.6807 -0.0
-13.6707 -0.0
-13.6607 -0.0
-13.6507 -0.0
-13.640699999999999 -0.0
-13.6307 -0.0
-13.6207 -0.0
-13.6107 -0.0
-13.6007 -0.0
-13.5907 -0.0
-13.5807 -0.0
-13.5707 -0.0
-13.5607 -0.0
-13.550699999999999 -0.0
-13.5407 -0.0
-13.5307 -0.0
-13.5207 -0.0
-13.5107 -0.0
-13.5007 -0.0
-13.4907 -0.0
-13.4807 -0.0
-13.470699999999999 -0.0
-13.4607 -0.0
-13.4507 -0.0
-13.4407 -0.0
-13.4307 -0.0
-13.4207 -0.0
-13.4107 -0.0
-13.4007 -0.0
-13.390699999999999 -0.0
-13.3807 -0.0
-13.3707 -0.0
-13.3607 -0.0
-13.3507 -0.0
-13.3407 -0.0
-13.3307 -0.0
-13.3207 -0.0
-13.3107 -0.0
-13.300699999999999 -0.0
-13.2907 -0.0
-13.2807 -0.0
-13.2707 -0.0
-13.2607 -0.0
-13.2507 -0.0
-13.2407 -0.0
-13.2307 -0.0
-13.220699999999999 -0.0
-13.2107 -0.0
-13.2007 -0.0
-13.1907 -0.0
-13.1807 -0.0
-13.1707 -0.0
-13.1607 -0.0
-13.1507 -0.0
-13.140699999999999 -0.0
-13.1307 -0.0
-13.1207 -0.0
-13.1107 -0.0
-13.1007 -0.0
-13.0907 -0.0
-13.0807 -0.0
-13.0707 -0.0
-13.0607 -0.0
-13.050699999999999 -0.0
-13.0407 -0.0
-13.0307 -0.0
-13.0207 -0.0
-13.0107 -0.0
-13.0007 -0.0
-12.9907 -0.0
-12.9807 -0.0
-12.970699999999999 -0.0
-12.9607 -0.0
-12.9507 -0.0
-12.9407 -0.0
-12.9307 -0.0
-12.9207 -0.0
-12.9107 -0.0
-12.9007 -0.0
-12.890699999999999 -0.0
-12.8807 -0.0
-12.8707 -0.0
-12.8607 -0.0
-12.8507 -0.0
-12.8407 -0.0
-12.8307 -0.0
-12.8207 -0.0
-12.8107 -0.0
-12.800699999999999 -0.0
-12.7907 -0.0
-12.7807 -0.0
-12.7707 -0.0
-12.7607 -2.4122e-13
-12.7507 -8.533400000000001e-13
-12.7407 -1.7687400000000008e-12
-12.7307 -4.5715e-12
-12.720699999999999 -9.702599999999998e-12
-12.7107 -2.0045e-11
-12.7007 -4.0231e-11
-12.6907 -8.0629e-11
-12.6807 -1.60067e-10
-12.6707 -3.1272300000000006e-10
-12.6607 -6.042500000000001e-10
-12.6507 -1.15375e-09
-12.640699999999999 -2.1756e-09
-12.6307 -4.0671000000000006e-09
-12.6207 -7.5239e-09
-12.6107 -1.3758499999999999e-08
-12.6007 -2.4932799999999995e-08
-12.5907 -4.471000000000001e-08
-12.5807 -7.934100000000001e-08
-12.5707 -1.39547e-07
-12.5607 -2.4232699999999994e-07
-12.550699999999999 -4.1733000000000005e-07
-12.5407 -7.110899999999999e-07
-12.5307 -1.1986500000000002e-06
-12.5207 -2.00217e-06
-12.5107 -3.30756e-06
-12.5007 -5.4102e-06
-12.4907 -8.7642e-06
-12.480699999999999 -1.4067e-05
-12.4707 -2.23027e-05
-12.4607 -3.505140000000001e-05
-12.4507 -5.453999999999999e-05
-12.4407 -8.407500000000001e-05
-12.4307 -0.00012833200000000002
-12.4207 -0.00019368400000000007
-12.4107 -0.00028990900000000003
-12.4007 -0.000429041
-12.390699999999999 -0.0006291599999999999
-12.3807 -0.0009138
-12.3707 -0.00131331
-12.3607 -0.00187192
-12.3507 -0.0026403600000000004
-12.3407 -0.0036897300000000004
-12.3307 -0.005104199999999999
-12.3207 -0.006993299999999999
-12.3107 -0.009492599999999997
-12.300699999999999 -0.012768299999999998
-12.2907 -0.017002999999999997
-12.2807 -0.022437
-12.2707 -0.0293322
-12.2607 -0.037981000000000015
-12.2507 -0.048721
-12.2407 -0.061881
-12.230699999999999 -0.077911
-12.2207 -0.09719700000000002
-12.2107 -0.12010799999999999
-12.2007 -0.14734900000000004
-12.1907 -0.17882799999999996
-12.1807 -0.21471899999999997
-12.1707 -0.25600799999999996
-12.1607 -0.302976
-12.1507 -0.3542309999999999
-12.140699999999999 -0.411648
-12.1307 -0.47363999999999995
-12.1207 -0.5404199999999999
-12.1107 -0.61184
-12.1007 -0.6863
-12.0907 -0.7638899999999998
-12.0807 -0.8438399999999998
-12.0707 -0.92532
-12.0607 -1.0060499999999999
-12.050699999999999 -1.08693
-12.0407 -1.1655300000000002
-12.0307 -1.24106
-12.0207 -1.3143399999999998
-12.0107 -1.3836199999999999
-12.0007 -1.4471100000000006
-11.9907 -1.5074500000000002
-11.980699999999999 -1.5625399999999998
-11.9707 -1.6101900000000007
-11.9607 -1.65456
-11.9507 -1.6944699999999997
-11.9407 -1.7312
-11.9307 -1.7631000000000003
-11.9207 -1.79136
-11.9107 -1.8171000000000002
-11.9007 -1.8389000000000006
-11.890699999999999 -1.858800000000001
-11.8807 -1.8732
-11.8707 -1.8911999999999995
-11.8607 -1.9029
-11.8507 -1.9155000000000006
-11.8407 -1.9242
-11.8307 -1.9315999999999993
-11.8207 -1.9357999999999997
-11.8107 -1.9388999999999996
-11.800699999999999 -1.9394999999999993
-11.7907 -1.9378999999999995
-11.7807 -1.9333999999999998
-11.7707 -1.9274999999999998
-11.7607 -1.9190999999999998
-11.7507 -1.9091999999999998
-11.7407 -1.8975000000000004
-11.730699999999999 -1.8847000000000003
-11.7207 -1.8696
-11.7107 -1.8537999999999992
-11.7007 -1.8375
-11.6907 -1.8194
-11.6807 -1.8014
-11.6707 -1.7829000000000002
-11.6607 -1.7643000000000002
-11.6507 -1.7448000000000001
-11.640699999999999 -1.7261000000000006
-11.6307 -1.7069999999999999
-11.6207 -1.6880999999999995
-11.6107 -1.6695000000000004
-11.6007 -1.6515000000000002
-11.5907 -1.6331999999999993
-11.5807 -1.6163999999999998
-11.5707 -1.6001999999999998
-11.5607 -1.5841999999999998
-11.550699999999999 -1.5687
-11.5407 -1.5536999999999996
-11.5307 -1.5408999999999997
-11.5207 -1.5274999999999996
-11.5107 -1.5147000000000002
-11.5007 -1.5023000000000002
-11.4907 -1.4910000000000003
-11.480699999999999 -1.4787000000000003
-11.4707 -1.4679999999999997
-11.4607 -1.4560000000000002
-11.4507 -1.4442
-11.4407 -1.4325
-11.4307 -1.4202000000000004
-11.4207 -1.4072999999999998
-11.4107 -1.3944
-11.4007 -1.381
-11.390699999999999 -1.3682000000000003
-11.3807 -1.3547000000000002
-11.3707 -1.3407
-11.3607 -1.3275
-11.3507 -1.3146000000000002
-11.3407 -1.3016999999999999
-11.3307 -1.2882
-11.3207 -1.2755999999999998
-11.3107 -1.2624000000000002
-11.300699999999999 -1.2490999999999999
-11.2907 -1.2350999999999999
-11.2807 -1.2201999999999997
-11.2707 -1.2042000000000002
-11.2607 -1.1862000000000001
-11.2507 -1.1666999999999998
-11.2407 -1.1451000000000002
-11.230699999999999 -1.1211
-11.2207 -1.0953
-11.2107 -1.0665000000000004
-11.2007 -1.0365
-11.1907 -1.005
-11.1807 -0.9710000000000001
-11.1707 -0.9370000000000002
-11.1607 -0.903
-11.1507 -0.8686
-11.140699999999999 -0.8342999999999996
-11.1307 -0.8019000000000001
-11.1207 -0.7709099999999998
-11.1107 -0.74121
-11.1007 -0.7137000000000001
-11.0907 -0.6890500000000002
-11.0807 -0.6669899999999997
-11.0707 -0.64755
-11.0607 -0.6310000000000002
-11.050699999999999 -0.6163300000000002
-11.0407 -0.6033199999999999
-11.0307 -0.59281
-11.0207 -0.5841
-11.0107 -0.5769499999999999
-11.0007 -0.57069
-10.9907 -0.5647500000000002
-10.980699999999999 -0.5598
-10.9707 -0.55401
-10.9607 -0.54831
-10.9507 -0.54165
-10.9407 -0.5337799999999999
-10.9307 -0.5252699999999999
-10.9207 -0.51489
-10.9107 -0.5031599999999999
-10.9007 -0.4904100000000001
-10.890699999999999 -0.47541000000000005
-10.8807 -0.4596800000000001
-10.8707 -0.4425900000000001
-10.8607 -0.42388
-10.8507 -0.4039199999999999
-10.8407 -0.3838500000000001
-10.8307 -0.36344000000000004
-10.8207 -0.34268999999999994
-10.8107 -0.32272999999999996
-10.800699999999999 -0.30282
-10.7907 -0.2838
-10.7807 -0.26546
-10.7707 -0.24885999999999994
-10.7607 -0.23321
-10.7507 -0.21917
-10.7407 -0.20664000000000005
-10.730699999999999 -0.19568000000000002
-10.7207 -0.18630000000000002
-10.7107 -0.17844000000000002
-10.7007 -0.17199
-10.6907 -0.16698
-10.6807 -0.16325000000000003
-10.6707 -0.16069000000000006
-10.6607 -0.15915
-10.6507 -0.15863000000000002
-10.640699999999999 -0.15888000000000002
-10.6307 -0.15990999999999997
-10.6207 -0.16144999999999998
-10.6107 -0.16340000000000002
-10.6007 -0.16571999999999998
-10.5907 -0.16815000000000002
-10.5807 -0.17052999999999996
-10.5707 -0.17274
-10.5607 -0.17459999999999995
-10.550699999999999 -0.17610000000000003
-10.5407 -0.17686999999999994
-10.5307 -0.17698
-10.5207 -0.17607000000000003
-10.5107 -0.17436
-10.5007 -0.17163000000000003
-10.4907 -0.16790000000000002
-10.480699999999999 -0.16311
-10.4707 -0.15739999999999996
-10.4607 -0.15080999999999997
-10.4507 -0.14349
-10.4407 -0.13549000000000003
-10.4307 -0.12709
-10.4207 -0.11838
-10.4107 -0.10947
-10.4007 -0.10062000000000004
-10.390699999999999 -0.09199
-10.3807 -0.08357999999999999
-10.3707 -0.07571999999999998
-10.3607 -0.06833
-10.3507 -0.06153000000000002
-10.3407 -0.05543999999999997
-10.3307 -0.04997700000000001
-10.3207 -0.04521
-10.3107 -0.041049
-10.300699999999999 -0.037434000000000016
-10.2907 -0.034473000000000004
-10.2807 -0.031919
-10.2707 -0.029789999999999994
-10.2607 -0.027965999999999998
-10.2507 -0.026426999999999996
-10.2407 -0.025082999999999998
-10.230699999999999 -0.023861
-10.2207 -0.022740999999999997
-10.2107 -0.021653999999999993
-10.2007 -0.020579000000000004
-10.1907 -0.019506999999999993
-10.1807 -0.018405999999999995
-10.1707 -0.017274
-10.1607 -0.016113000000000002
-10.1507 -0.014931000000000003
-10.140699999999999 -0.013736999999999997
-10.1307 -0.012545999999999998
-10.1207 -0.011359999999999997
-10.1107 -0.010206
-10.1007 -0.009089999999999999
-10.0907 -0.008024
-10.0807 -0.007029
-10.0707 -0.006105000000000001
-10.0607 -0.005246000000000001
-10.050699999999999 -0.004473
-10.0407 -0.003777300000000001
-10.0307 -0.0031617
-10.0207 -0.0026218000000000005
-10.0107 -0.0021531
-10.0007 -0.0017519999999999997
-9.9907 -0.0014129
-9.980699999999999 -0.0011278999999999998
-9.9707 -0.0008922
-9.9607 -0.0006986999999999999
-9.9507 -0.0005424
-9.9407 -0.00041699
-9.9307 -0.00031737
-9.9207 -0.00023960000000000002
-9.9107 -0.00017970000000000003
-9.9007 -0.00013437
-9.890699999999999 -0.00010115999999999999
-9.8807 -7.801999999999999e-05
-9.8707 -6.380999999999997e-05
-9.8607 -5.8209999999999986e-05
-9.8507 -6.1694e-05
-9.8407 -7.611400000000001e-05
-9.8307 -0.00010486200000000001
-9.8207 -0.00015332300000000002
-9.8107 -0.00023023
-9.800699999999999 -0.00034731700000000004
-9.7907 -0.000522954
-9.7807 -0.0007810129999999998
-9.7707 -0.001157299
-9.7607 -0.00169588
-9.7507 -0.0024651729999999993
-9.7407 -0.003540625000000001
-9.730699999999999 -0.005036010999999999
-9.7207 -0.00709197
-9.7107 -0.009881479999999998
-9.7007 -0.013593900000000004
-9.6907 -0.018563529999999998
-9.6807 -0.02505503
-9.6707 -0.03345933999999999
-9.6607 -0.04422689999999999
-9.6507 -0.05789845000000001
-9.640699999999999 -0.0750402
-9.6307 -0.0961611
-9.6207 -0.12204339999999995
-9.6107 -0.1534228
-9.6007 -0.19037579999999998
-9.5907 -0.23457859999999997
-9.5807 -0.28577840000000004
-9.570699999999999 -0.3447433
-9.5607 -0.41184380000000004
-9.550699999999999 -0.4872433
-9.540700000000001 -0.5706450000000001
-9.5307 -0.660512
-9.5207 -0.7591680000000001
-9.5107 -0.864843
-9.5007 -0.9751659999999999
-9.4907 -1.0896409999999999
-9.480699999999999 -1.2016429999999996
-9.4707 -1.320077
-9.4607 -1.4352330000000002
-9.4507 -1.547445
-9.4407 -1.6500540000000001
-9.4307 -1.7507510000000002
-9.4207 -1.8401550000000002
-9.410699999999999 -1.921557
-9.4007 -1.9892970000000003
-9.390699999999999 -2.049565
-9.380700000000001 -2.0968500000000003
-9.3707 -2.1337390000000003
-9.3607 -2.1603649999999996
-9.3507 -2.1776130000000005
-9.3407 -2.1881339999999994
-9.3307 -2.189402
-9.320699999999999 -2.1881570000000004
-9.3107 -2.1844379999999997
-9.300699999999999 -2.181381
-9.290700000000001 -2.173519
-9.2807 -2.173412
-9.2707 -2.171690000000001
-9.2607 -2.1741960000000002
-9.2507 -2.179104
-9.2407 -2.18925
-9.230699999999999 -2.2029499999999995
-9.2207 -2.2195199999999997
-9.2107 -2.2328900000000007
-9.2007 -2.248940000000001
-9.1907 -2.2702199999999992
-9.1807 -2.2847100000000005
-9.1707 -2.29493
-9.160699999999999 -2.30894
-9.1507 -2.308440000000001
-9.140699999999999 -2.3085900000000006
-9.130700000000001 -2.30124
-9.1207 -2.2834800000000004
-9.1107 -2.2674399999999997
-9.1007 -2.2412400000000003
-9.0907 -2.21129
-9.0807 -2.1777800000000003
-9.070699999999999 -2.1437999999999997
-9.0607 -2.1096999999999997
-9.050699999999999 -2.0758400000000004
-9.040700000000001 -2.03933
-9.0307 -2.0066900000000003
-9.0207 -1.9807599999999996
-9.0107 -1.95279
-9.0007 -1.93806
-8.9907 -1.92146
-8.980699999999999 -1.9140700000000002
-8.9707 -1.91009
-8.9607 -1.9061099999999995
-8.9507 -1.9155600000000002
-8.9407 -1.9261200000000003
-8.9307 -1.94111
-8.9207 -1.9569600000000003
-8.910699999999999 -1.9804499999999996
-8.9007 -2.00499
-8.890699999999999 -2.0324100000000005
-8.880700000000001 -2.06598
-8.8707 -2.099790000000001
-8.8607 -2.1368400000000003
-8.8507 -2.1711000000000005
-8.8407 -2.2114499999999997
-8.8307 -2.25215
-8.820699999999999 -2.289629999999999
-8.8107 -2.3367
-8.800699999999999 -2.3775299999999997
-8.790700000000001 -2.41531
-8.7807 -2.45336
-8.7707 -2.4849900000000003
-8.7607 -2.51592
-8.7507 -2.542060000000001
-8.7407 -2.56746
-8.730699999999999 -2.5797199999999996
-8.7207 -2.5965000000000003
-8.7107 -2.6030999999999995
-8.7007 -2.6065799999999997
-8.6907 -2.600280000000001
-8.6807 -2.5941899999999998
-8.6707 -2.5816800000000004
-8.660699999999999 -2.56891
-8.6507 -2.5437600000000002
-8.640699999999999 -2.5243800000000003
-8.630700000000001 -2.4986699999999997
-8.6207 -2.4669299999999996
-8.6107 -2.4380900000000003
-8.6007 -2.405859999999999
-8.5907 -2.3739899999999996
-8.5807 -2.3412599999999992
-8.570699999999999 -2.3026399999999994
-8.5607 -2.2699799999999994
-8.550699999999999 -2.2330999999999994
-8.540700000000001 -2.19189
-8.5307 -2.1530400000000007
-8.5207 -2.11356
-8.5107 -2.07738
-8.5007 -2.0376600000000002
-8.4907 -1.99392
-8.480699999999999 -1.9582499999999992
-8.4707 -1.9129800000000001
-8.4607 -1.8686300000000007
-8.4507 -1.82895
-8.4407 -1.7861099999999999
-8.4307 -1.7418700000000005
-8.4207 -1.70193
-8.410699999999999 -1.6545300000000003
-8.4007 -1.6103100000000001
-8.390699999999999 -1.56691
-8.380700000000001 -1.5258699999999996
-8.3707 -1.4843719999999996
-8.3607 -1.443618
-8.3507 -1.4040439999999998
-8.3407 -1.3682380000000005
-8.3307 -1.3302300000000002
-8.320699999999999 -1.2971789999999996
-8.3107 -1.265867
-8.300699999999999 -1.2392180000000004
-8.290700000000001 -1.2150279999999998
-8.2807 -1.1957240000000002
-8.2707 -1.179226
-8.2607 -1.168414
-8.2507 -1.1604479999999997
-8.2407 -1.1587879999999997
-8.230699999999999 -1.1629239999999996
-8.2207 -1.1703860000000001
-8.2107 -1.1799709999999999
-8.2007 -1.1956550000000004
-8.1907 -1.2163020000000002
-8.1807 -1.2341759999999995
-8.1707 -1.2583769999999999
-8.160699999999999 -1.282788
-8.1507 -1.3032789999999996
-8.140699999999999 -1.322487
-8.130700000000001 -1.3434719999999998
-8.1207 -1.359468
-8.1107 -1.3734819999999999
-8.1007 -1.3826459999999998
-8.0907 -1.3870870000000002
-8.0807 -1.383669
-8.070699999999999 -1.3752980000000001
-8.0607 -1.364631
-8.050699999999999 -1.342225
-8.040700000000001 -1.318773
-8.0307 -1.2924550000000004
-8.0207 -1.257868
-8.0107 -1.221378
-8.0007 -1.179735
-7.9906999999999995 -1.1344859999999999
-7.9807 -1.086051
-7.9707 -1.0365189999999997
-7.9607 -0.9858239999999999
-7.950699999999999 -0.934182
-7.9407 -0.8833599999999997
-7.9307 -0.832884
-7.9207 -0.7845400000000001
-7.910699999999999 -0.7386779999999998
-7.9007 -0.6966500000000001
-7.8907 -0.6587459999999999
-7.8807 -0.625379
-7.870699999999999 -0.597862
-7.8607 -0.576569
-7.8507 -0.5617110000000001
-7.8407 -0.5533309999999999
-7.8307 -0.5523780000000001
-7.8206999999999995 -0.5573159999999999
-7.8107 -0.569065
-7.8007 -0.586632
-7.7907 -0.609656
-7.7806999999999995 -0.636643
-7.7707 -0.666932
-7.7607 -0.7001579999999997
-7.7507 -0.7345800000000001
-7.7406999999999995 -0.7694510000000001
-7.7307 -0.8030660000000001
-7.7207 -0.8352679999999998
-7.7107 -0.864351
-7.700699999999999 -0.8901249999999998
-7.6907 -0.9112860000000002
-7.6807 -0.927224
-7.6707 -0.9386199999999998
-7.660699999999999 -0.9470609999999999
-7.6507 -0.9492870000000002
-7.6407 -0.9454999999999999
-7.6307 -0.9385289999999997
-7.620699999999999 -0.9281139999999999
-7.6107 -0.9151889999999997
-7.6007 -0.9008670000000003
-7.5907 -0.885576
-7.5807 -0.8713879999999998
-7.5706999999999995 -0.8588779999999998
-7.5607 -0.8490500000000001
-7.5507 -0.8434440000000002
-7.5407 -0.8430300000000002
-7.5306999999999995 -0.8483800000000001
-7.5207 -0.8607560000000004
-7.5107 -0.8808039999999999
-7.5007 -0.9085270000000003
-7.4906999999999995 -0.944686
-7.4807 -0.9900540000000002
-7.4707 -1.040057
-7.4607 -1.1006070000000001
-7.450699999999999 -1.1659560000000002
-7.4407 -1.238788
-7.4307 -1.3166100000000005
-7.4207 -1.3945499999999997
-7.410699999999999 -1.4771989999999997
-7.4007 -1.5578610000000002
-7.3907 -1.6382290000000002
-7.3807 -1.7135899999999997
-7.370699999999999 -1.7835999999999996
-7.3607 -1.8496699999999997
-7.3507 -1.9069600000000007
-7.3407 -1.9576500000000001
-7.3307 -1.99826
-7.3206999999999995 -2.03182
-7.3107 -2.05575
-7.3007 -2.0759899999999996
-7.2907 -2.0889000000000006
-7.2806999999999995 -2.09988
-7.2707 -2.10458
-7.2607 -2.11269
-7.2507 -2.121620000000001
-7.2406999999999995 -2.13601
-7.2307 -2.15047
-7.2207 -2.17565
-7.2107 -2.21187
-7.200699999999999 -2.25642
-7.1907 -2.3085000000000004
-7.1807 -2.3776499999999996
-7.1707 -2.45748
-7.160699999999999 -2.54608
-7.1507 -2.6435999999999997
-7.1407 -2.758260000000001
-7.1307 -2.8815999999999993
-7.120699999999999 -3.0046100000000004
-7.1107 -3.1428100000000003
-7.1007 -3.2803700000000005
-7.0907 -3.425309999999999
-7.0807 -3.5747899999999997
-7.0706999999999995 -3.72195
-7.0607 -3.8707900000000013
-7.0507 -4.01542
-7.0407 -4.158400000000001
-7.0306999999999995 -4.2972600000000005
-7.0207 -4.434600000000001
-7.0107 -4.555620000000001
-7.0007 -4.675490000000003
-6.9906999999999995 -4.785180000000002
-6.9807 -4.884660000000001
-6.9707 -4.974909999999999
-6.9607 -5.05584
-6.950699999999999 -5.119580000000001
-6.9407 -5.175710000000001
-6.9307 -5.2146799999999995
-6.9207 -5.2470300000000005
-6.910699999999999 -5.2691300000000005
-6.9007 -5.275919999999999
-6.8907 -5.27322
-6.8807 -5.267380000000001
-6.870699999999999 -5.252099999999998
-6.8607 -5.22459
-6.8507 -5.201999999999999
-6.8407 -5.169999999999999
-6.8307 -5.1349800000000005
-6.8206999999999995 -5.100929999999999
-6.8107 -5.069909999999999
-6.8007 -5.041830000000001
-6.7907 -5.01683
-6.7806999999999995 -4.991859999999999
-6.7707 -4.97299
-6.7607 -4.953199999999999
-6.7507 -4.94554
-6.7406999999999995 -4.93802
-6.7307 -4.934560000000001
-6.7207 -4.934220000000001
-6.7107 -4.9310599999999996
-6.700699999999999 -4.936980000000001
-6.6907 -4.9429799999999995
-6.6807 -4.95217
-6.6707 -4.96447
-6.660699999999999 -4.9859100000000005
-6.6507 -5.0004800000000005
-6.6407 -5.023230000000001
-6.6307 -5.054189999999998
-6.620699999999999 -5.08833
-6.6107 -5.125709999999998
-6.6007 -5.17831
-6.5907 -5.23513
-6.5807 -5.299259999999999
-6.5706999999999995 -5.375640000000001
-6.5607 -5.455940000000001
-6.5507 -5.546750000000001
-6.5407 -5.644790000000003
-6.5306999999999995 -5.750820000000002
-6.5207 -5.855939999999999
-6.5107 -5.972209999999999
-6.5007 -6.087520000000001
-6.4906999999999995 -6.201630000000001
-6.4807 -6.313019999999996
-6.4707 -6.424159999999998
-6.4607 -6.533199999999998
-6.450699999999999 -6.631029999999997
-6.4407 -6.727930000000002
-6.4307 -6.8136
-6.4207 -6.8924400000000015
-6.410699999999999 -6.961319999999999
-6.4007 -7.02654
-6.3907 -7.078430000000002
-6.3807 -7.12266
-6.370699999999999 -7.156859999999997
-6.3607 -7.188060000000001
-6.3507 -7.210260000000002
-6.3407 -7.219800000000002
-6.3307 -7.228609999999999
-6.3206999999999995 -7.22709
-6.3107 -7.224579999999999
-6.3007 -7.210019999999999
-6.2907 -7.191840000000003
-6.2806999999999995 -7.1678999999999995
-6.2707 -7.13466
-6.2607 -7.095360000000001
-6.2507 -7.05303
-6.2406999999999995 -7.004670000000002
-6.2307 -6.957249999999998
-6.2207 -6.898469999999999
-6.2107 -6.843730000000001
-6.200699999999999 -6.782700000000002
-6.1907 -6.715920000000001
-6.1807 -6.65184
-6.1707 -6.5847599999999975
-6.160699999999999 -6.520830000000001
-6.1507 -6.4508399999999995
-6.1407 -6.389880000000002
-6.1307 -6.32219
-6.120699999999999 -6.258020000000001
-6.1107 -6.19434
-6.1007 -6.14235
-6.0907 -6.083730000000002
-6.0807 -6.035100000000001
-6.0706999999999995 -5.986260000000001
-6.0607 -5.940419999999997
-6.0507 -5.903219999999999
-6.0407 -5.862650000000001
-6.0306999999999995 -5.8364400000000005
-6.0207 -5.8089
-6.0107 -5.78447
-6.0007 -5.76331
-5.9906999999999995 -5.74849
-5.9807 -5.74139
-5.9707 -5.7273
-5.9607 -5.7308
-5.950699999999999 -5.73069
-5.9407 -5.734189999999999
-5.9307 -5.7463799999999985
-5.9207 -5.75484
-5.910699999999999 -5.767999999999998
-5.9007 -5.792150000000001
-5.8907 -5.81361
-5.8807 -5.831640000000003
-5.870699999999999 -5.860870000000001
-5.8607 -5.889169999999998
-5.8507 -5.913120000000001
-5.8407 -5.9337599999999995
-5.8307 -5.960760000000001
-5.8206999999999995 -5.980449999999999
-5.8107 -5.9955300000000005
-5.8007 -6.004230000000001
-5.7907 -6.011360000000001
-5.7806999999999995 -6.014810000000001
-5.7707 -6.016680000000001
-5.7607 -6.01287
-5.7507 -6.00809
-5.7406999999999995 -6.000270000000002
-5.7307 -5.99811
-5.7207 -5.98948
-5.7107 -5.98761
-5.700699999999999 -5.99312
-5.6907 -5.998979999999999
-5.6807 -6.00402
-5.6707 -6.0209899999999985
-5.660699999999999 -6.0430199999999985
-5.6507 -6.07014
-5.6407 -6.098959999999997
-5.6307 -6.13613
-5.620699999999999 -6.1733
-5.6107 -6.21717
-5.6007 -6.256289999999998
-5.5907 -6.29481
-5.5807 -6.3315800000000015
-5.5707 -6.3599700000000015
-5.560700000000001 -6.391159999999999
-5.550699999999999 -6.41244
-5.540699999999999 -6.428989999999998
-5.5306999999999995 -6.436380000000001
-5.5207 -6.443690000000002
-5.5107 -6.441570000000001
-5.5007 -6.436110000000002
-5.4907 -6.433890000000002
-5.480700000000001 -6.422369999999999
-5.470699999999999 -6.413549999999999
-5.460699999999999 -6.414059999999999
-5.450699999999999 -6.414630000000001
-5.4407 -6.427319999999999
-5.4307 -6.4400400000000015
-5.4207 -6.464940000000001
-5.4107 -6.502550000000002
-5.4007000000000005 -6.545729999999999
-5.390699999999999 -6.604629999999999
-5.380699999999999 -6.672680000000001
-5.370699999999999 -6.7431800000000015
-5.3607 -6.828120000000002
-5.3507 -6.91788
-5.3407 -7.014329999999999
-5.3307 -7.107310000000001
-5.3207 -7.210259999999998
-5.310700000000001 -7.312709999999999
-5.300699999999999 -7.41282
-5.290699999999999 -7.512390000000001
-5.2806999999999995 -7.606559999999997
-5.2707 -7.69953
-5.2607 -7.79057
-5.2507 -7.873860000000002
-5.2407 -7.945909999999999
-5.230700000000001 -8.017009999999999
-5.220699999999999 -8.083930000000002
-5.210699999999999 -8.137939999999999
-5.200699999999999 -8.18778
-5.1907 -8.230679999999998
-5.1807 -8.25425
-5.1707 -8.280119999999997
-5.1607 -8.289719999999999
-5.1507000000000005 -8.286990000000001
-5.140699999999999 -8.283559999999998
-5.130699999999999 -8.269799999999998
-5.120699999999999 -8.249030000000001
-5.1107 -8.221969999999999
-5.1007 -8.18582
-5.0907 -8.140710000000002
-5.0807 -8.09826
-5.0707 -8.056200000000002
-5.060700000000001 -8.01399
-5.050699999999999 -7.971830000000002
-5.040699999999999 -7.9303899999999965
-5.0306999999999995 -7.888239999999999
-5.0207 -7.854399999999999
-5.0107 -7.823970000000003
-5.0007 -7.800210000000003
-4.9907 -7.785089999999999
-4.980700000000001 -7.770320000000001
-4.970699999999999 -7.761400000000002
-4.960699999999999 -7.75542
-4.950699999999999 -7.75863
-4.9407 -7.7557800000000015
-4.9307 -7.761899999999999
-4.9207 -7.755690000000001
-4.9107 -7.756750000000002
-4.9007000000000005 -7.75239
-4.890699999999999 -7.748989999999998
-4.880699999999999 -7.739549999999998
-4.870699999999999 -7.72998
-4.8607 -7.71138
-4.8507 -7.6983999999999995
-4.8407 -7.679670000000002
-4.8307 -7.656560000000003
-4.8207 -7.631679999999999
-4.810700000000001 -7.604489999999999
-4.800699999999999 -7.582230000000001
-4.790699999999999 -7.559929999999998
-4.7806999999999995 -7.531770000000004
-4.7707 -7.51248
-4.7607 -7.4951399999999975
-4.7507 -7.476129999999999
-4.7407 -7.458779999999999
-4.730700000000001 -7.44746
-4.720699999999999 -7.434149999999999
-4.710699999999999 -7.4239500000000005
-4.700699999999999 -7.416740000000001
-4.6907 -7.41557
-4.6807 -7.405380000000001
-4.6707 -7.406319999999998
-4.6607 -7.406249999999999
-4.6507000000000005 -7.408260000000001
-4.640699999999999 -7.41639
-4.630699999999999 -7.42461
-4.620699999999999 -7.4419
-4.6107 -7.459400000000002
-4.6007 -7.483989999999999
-4.5907 -7.51575
-4.5807 -7.550630000000001
-4.5707 -7.593690000000003
-4.560700000000001 -7.642859999999999
-4.550699999999999 -7.693169999999999
-4.540699999999999 -7.756620000000001
-4.5306999999999995 -7.820209999999999
-4.5207 -7.889919999999997
-4.5107 -7.959629999999999
-4.5007 -8.029439999999997
-4.4907 -8.103410000000002
-4.480700000000001 -8.169059999999998
-4.470699999999999 -8.235030000000002
-4.460699999999999 -8.287599999999998
-4.450699999999999 -8.34252
-4.4407 -8.380090000000001
-4.4307 -8.41266
-4.4207 -8.434109999999999
-4.4107 -8.449259999999999
-4.4007000000000005 -8.44665
-4.390699999999999 -8.437650000000001
-4.380699999999999 -8.425920000000001
-4.370699999999999 -8.404800000000002
-4.3607 -8.374589999999998
-4.3507 -8.34447
-4.3407 -8.305169999999999
-4.3307 -8.274909999999998
-4.3207 -8.23854
-4.310700000000001 -8.208179999999999
-4.300699999999999 -8.183760000000001
-4.290699999999999 -8.162339999999999
-4.2806999999999995 -8.146860000000002
-4.2707 -8.137409999999997
-4.2607 -8.134929999999997
-4.2507 -8.140419999999999
-4.2407 -8.15088
-4.230700000000001 -8.171310000000004
-4.220699999999999 -8.19573
-4.210699999999999 -8.21708
-4.200699999999999 -8.255459999999998
-4.1907 -8.28976
-4.1807 -8.33304
-4.1707 -8.37434
-4.1607 -8.419539999999998
-4.1507000000000005 -8.468759999999998
-4.140699999999999 -8.52199
-4.130699999999999 -8.581159999999999
-4.120699999999999 -8.642349999999999
-4.1107 -8.705579999999998
-4.1007 -8.770789999999998
-4.0907 -8.844030000000002
-4.0807 -8.92533
-4.0707 -9.0117
-4.060700000000001 -9.10304
-4.050699999999999 -9.199469999999998
-4.040699999999999 -9.309929999999996
-4.0306999999999995 -9.420460000000004
-4.0207 -9.537030000000001
-4.0107 -9.667620000000003
-4.0007 -9.792310000000002
-3.9907000000000004 -9.92998
-3.9807000000000006 -10.072770000000004
-3.970699999999999 -10.21754
-3.960699999999999 -10.36739
-3.9506999999999994 -10.520259999999997
-3.9406999999999996 -10.675140000000003
-3.9307 -10.83408
-3.9207 -10.99702
-3.9107000000000003 -11.157990000000002
-3.9007000000000005 -11.319990000000002
-3.890699999999999 -11.48696
-3.880699999999999 -11.659010000000002
-3.8706999999999994 -11.82705
-3.8606999999999996 -11.995119999999998
-3.8507 -12.169179999999999
-3.8407 -12.34024
-3.8307 -12.514240000000001
-3.8207000000000004 -12.685310000000003
-3.8107000000000006 -12.856290000000003
-3.800699999999999 -13.025319999999995
-3.7906999999999993 -13.195230000000002
-3.7806999999999995 -13.35409
-3.7706999999999997 -13.508929999999998
-3.7607 -13.6567
-3.7507 -13.80036
-3.7407000000000004 -13.931899999999997
-3.7307000000000006 -14.057340000000007
-3.720699999999999 -14.167739999999997
-3.710699999999999 -14.263989999999998
-3.7006999999999994 -14.352079999999997
-3.6906999999999996 -14.426100000000003
-3.6807 -14.48499
-3.6707 -14.532739999999999
-3.6607000000000003 -14.563470000000004
-3.6507000000000005 -14.584000000000005
-3.640699999999999 -14.583449999999997
-3.630699999999999 -14.577829999999997
-3.6206999999999994 -14.551169999999999
-3.6106999999999996 -14.518460000000001
-3.6007 -14.466630000000004
-3.5907 -14.406860000000004
-3.5807 -14.329029999999998
-3.5707000000000004 -14.247230000000002
-3.5607000000000006 -14.145429999999998
-3.550699999999999 -14.037719999999998
-3.5406999999999993 -13.916039999999994
-3.5306999999999995 -13.785509999999997
-3.5206999999999997 -13.634980000000002
-3.5107 -13.481570000000001
-3.5007 -13.31734
-3.4907000000000004 -13.143259999999998
-3.4807000000000006 -12.956309999999997
-3.470699999999999 -12.757490000000006
-3.460699999999999 -12.55286
-3.4506999999999994 -12.340349999999997
-3.4406999999999996 -12.121049999999995
-3.4307 -11.895839999999994
-3.4207 -11.665780000000003
-3.4107000000000003 -11.42594
-3.4007000000000005 -11.19013
-3.390699999999999 -10.946440000000003
-3.380699999999999 -10.701829999999998
-3.3706999999999994 -10.457290000000002
-3.3606999999999996 -10.211779999999997
-3.3507 -9.9663
-3.3407 -9.723779999999998
-3.3307 -9.47739
-3.3207000000000004 -9.23989
-3.3107000000000006 -9.000460000000002
-3.300699999999999 -8.764990000000001
-3.2906999999999993 -8.53944
-3.2806999999999995 -8.312980000000003
-3.2706999999999997 -8.10452
-3.2607 -7.897070000000002
-3.2507 -7.70167
-3.2407000000000004 -7.512319999999997
-3.2307000000000006 -7.337019999999998
-3.220699999999999 -7.177849999999995
-3.210699999999999 -7.023730000000002
-3.2006999999999994 -6.890749999999998
-3.1906999999999996 -6.76177
-3.1807 -6.647910000000001
-3.1707 -6.54511
-3.1607000000000003 -6.44937
-3.1507000000000005 -6.36069
-3.140699999999999 -6.271949999999999
-3.130699999999999 -6.1931899999999995
-3.1206999999999994 -6.119539999999998
-3.1106999999999996 -6.044880000000001
-3.1007 -5.970869999999999
-3.0907 -5.90292
-3.0807 -5.826270000000002
-3.0707000000000004 -5.754049999999999
-3.0607000000000006 -5.68504
-3.050699999999999 -5.611060000000001
-3.0406999999999993 -5.551779999999999
-3.0306999999999995 -5.478380000000001
-3.0206999999999997 -5.417040000000001
-3.0107 -5.35123
-3.0007 -5.288729999999999
-2.9907000000000004 -5.230759999999999
-2.9807000000000006 -5.16971
-2.970699999999999 -5.111220000000002
-2.960699999999999 -5.053920000000001
-2.9506999999999994 -4.994179999999999
-2.9406999999999996 -4.9353000000000025
-2.9307 -4.880229999999998
-2.9207 -4.81581
-2.9107000000000003 -4.757280000000001
-2.9007000000000005 -4.697659999999999
-2.890699999999999 -4.636920000000001
-2.880699999999999 -4.58107
-2.8706999999999994 -4.528260000000002
-2.8606999999999996 -4.48242
-2.8507 -4.43473
-2.8407 -4.406160000000001
-2.8307 -4.3797500000000005
-2.8207000000000004 -4.363640000000001
-2.8107000000000006 -4.360779999999999
-2.800699999999999 -4.3722
-2.7906999999999993 -4.3959
-2.7806999999999995 -4.434989999999999
-2.7706999999999997 -4.480440000000001
-2.7607 -4.54308
-2.7507 -4.614139999999997
-2.7407000000000004 -4.70545
-2.7307000000000006 -4.796940000000001
-2.720699999999999 -4.90068
-2.710699999999999 -5.0135700000000005
-2.7006999999999994 -5.124670000000002
-2.6906999999999996 -5.241739999999999
-2.6807 -5.359899999999999
-2.6707 -5.478020000000002
-2.6607000000000003 -5.59613
-2.6507000000000005 -5.710139999999998
-2.640699999999999 -5.81703
-2.630699999999999 -5.914799999999999
-2.6206999999999994 -6.015450000000001
-2.6106999999999996 -6.106949999999999
-2.6007 -6.18627
-2.5907 -6.263439999999999
-2.5807 -6.33546
-2.5707000000000004 -6.39336
-2.5607000000000006 -6.454140000000001
-2.550699999999999 -6.5058
-2.5406999999999993 -6.555339999999999
-2.5306999999999995 -6.602880000000002
-2.5206999999999997 -6.6433
-2.5107 -6.682639999999998
-2.5007 -6.720879999999998
-2.4907000000000004 -6.757080000000002
-2.4807000000000006 -6.793200000000001
-2.470699999999999 -6.828200000000001
-2.460699999999999 -6.865169999999999
-2.4506999999999994 -6.901019999999998
-2.4406999999999996 -6.9387799999999995
-2.4307 -6.97848
-2.4207 -7.020060000000003
-2.4107000000000003 -7.056520000000002
-2.4007000000000005 -7.104890000000001
-2.390699999999999 -7.151259999999999
-2.380699999999999 -7.203470000000001
-2.3706999999999994 -7.257639999999999
-2.3606999999999996 -7.312739999999999
-2.3507 -7.370779999999998
-2.3407 -7.4337699999999955
-2.3307 -7.489739999999999
-2.3207000000000004 -7.551689999999999
-2.3107000000000006 -7.610580000000001
-2.300699999999999 -7.663449999999998
-2.2906999999999993 -7.713270000000001
-2.2806999999999995 -7.755130000000002
-2.2706999999999997 -7.785870000000001
-2.2607 -7.806610000000001
-2.2507 -7.816299999999999
-2.2407000000000004 -7.813960000000002
-2.2307000000000006 -7.801529999999997
-2.220699999999999 -7.770179999999999
-2.210699999999999 -7.725730000000001
-2.2006999999999994 -7.67116
-2.1906999999999996 -7.600710000000001
-2.1807 -7.524149999999999
-2.1707 -7.425660000000001
-2.1607000000000003 -7.327139999999999
-2.1507000000000005 -7.210649999999999
-2.140699999999999 -7.0870999999999995
-2.130699999999999 -6.961600000000001
-2.1206999999999994 -6.825139999999999
-2.1106999999999996 -6.682590000000001
-2.1007 -6.53716
-2.0907 -6.37962
-2.0807 -6.21612
-2.0707000000000004 -6.055560000000001
-2.0607000000000006 -5.877
-2.050699999999999 -5.70426
-2.0406999999999993 -5.525549999999998
-2.0306999999999995 -5.331720000000001
-2.0206999999999997 -5.141860000000001
-2.0107 -4.94794
-2.0007 -4.7499
-1.9907000000000004 -4.5558700000000005
-1.9807000000000006 -4.362760000000001
-1.970699999999999 -4.175190000000001
-1.9606999999999992 -3.98835
-1.9506999999999994 -3.810809999999999
-1.9406999999999996 -3.640308000000001
-1.9306999999999999 -3.4902599999999997
-1.9207 -3.347647
-1.9107000000000003 -3.223742000000001
-1.9007000000000005 -3.1164850000000004
-1.890699999999999 -3.0255480000000006
-1.8806999999999992 -2.957356999999999
-1.8706999999999994 -2.9087219999999996
-1.8606999999999996 -2.876796
-1.8506999999999998 -2.867526
-1.8407 -2.8710819999999995
-1.8307000000000002 -2.8938450000000002
-1.8207000000000004 -2.932888
-1.8107000000000006 -2.9806210000000006
-1.800699999999999 -3.0391690000000002
-1.7906999999999993 -3.1011810000000004
-1.7806999999999995 -3.1692850000000004
-1.7706999999999997 -3.232913999999999
-1.7607 -3.2941689999999992
-1.7507000000000001 -3.3435099999999993
-1.7407000000000004 -3.3859740000000005
-1.7307000000000006 -3.4115809999999995
-1.720699999999999 -3.420528
-1.7106999999999992 -3.411102000000001
-1.7006999999999994 -3.37791
-1.6906999999999996 -3.3231849999999996
-1.6806999999999999 -3.2495770000000004
-1.6707 -3.149251
-1.6607000000000003 -3.0321479999999994
-1.6507000000000005 -2.8943290000000004
-1.640699999999999 -2.7420299999999993
-1.6306999999999992 -2.5756340000000004
-1.6206999999999994 -2.395684
-1.6106999999999996 -2.2135029999999993
-1.6006999999999998 -2.0224090000000006
-1.5907 -1.8346079999999996
-1.5807000000000002 -1.6474520000000004
-1.5707000000000004 -1.4673880999999998
-1.5607000000000006 -1.2918688
-1.550699999999999 -1.1277059000000003
-1.5406999999999993 -0.9776484000000001
-1.5306999999999995 -0.8357852
-1.5206999999999997 -0.7100026000000002
-1.5107 -0.5961973
-1.5007000000000001 -0.49606220000000006
-1.4907000000000004 -0.40852710000000003
-1.4807000000000006 -0.3331974999999999
-1.470699999999999 -0.26891269999999995
-1.4606999999999992 -0.21492679999999997
-1.4506999999999994 -0.1701719
-1.4406999999999996 -0.13335294000000003
-1.4306999999999999 -0.1032918
-1.4207 -0.07931230000000002
-1.4107000000000003 -0.060267520000000005
-1.4007000000000005 -0.04531898999999999
-1.390699999999999 -0.033725579999999984
-1.3806999999999992 -0.02484001000000001
-1.3706999999999994 -0.018094439999999996
-1.3606999999999996 -0.013049889
-1.3506999999999998 -0.009321186
-1.3407 -0.006589286
-1.3307000000000002 -0.004606341999999999
-1.3207000000000004 -0.0031861100000000002
-1.3107000000000006 -0.002182096999999999
-1.300699999999999 -0.0014786293999999999
-1.2906999999999993 -0.0009904383
-1.2806999999999995 -0.0006574349999999999
-1.2706999999999997 -0.000431452
-1.2607 -0.00028033089999999995
-1.2507000000000001 -0.00018007793
-1.2407000000000004 -0.00011456067
-1.2307000000000006 -7.211286000000002e-05
-1.220699999999999 -4.488464e-05
-1.2106999999999992 -2.763835e-05
-1.2006999999999994 -1.6840846000000002e-05
-1.1906999999999996 -1.0164898000000001e-05
-1.1806999999999999 -6.064127999999999e-06
-1.1707 -3.579171999999999e-06
-1.1607000000000003 -2.090442e-06
-1.1507000000000005 -1.2090209999999997e-06
-1.140699999999999 -6.911524e-07
-1.1306999999999992 -3.910638000000001e-07
-1.1206999999999994 -2.1895400000000002e-07
-1.1106999999999996 -1.2118310000000003e-07
-1.1006999999999998 -6.643548000000002e-08
-1.0907 -3.6004269999999996e-08
-1.0807000000000002 -1.9302275e-08
-1.0707000000000004 -1.0253176999999998e-08
-1.0607000000000006 -5.378238000000001e-09
-1.050699999999999 -2.792819e-09
-1.0406999999999993 -1.4344019999999995e-09
-1.0306999999999995 -7.29457e-10
-1.0206999999999997 -3.6586690000000004e-10
-1.0107 -1.8207728999999998e-10
-1.0007000000000001 -8.98264e-11
-0.9907000000000004 -4.308320999999999e-11
-0.9807000000000006 -2.0240001000000003e-11
-0.970699999999999 -7.831985000000002e-12
-0.9606999999999992 -1.2234177999999998e-12
-0.9506999999999994 -0.0
-0.9406999999999996 -0.0
-0.9306999999999999 -0.0
-0.9207000000000001 -0.0
-0.9107000000000003 -0.0
-0.9007000000000005 -0.0
-0.8906999999999989 -0.0
-0.8806999999999992 -0.0
-0.8706999999999994 -0.0
-0.8606999999999996 -0.0
-0.8506999999999998 -0.0
-0.8407 -0.0
-0.8307000000000002 -0.0
-0.8207000000000004 -0.0
-0.8107000000000006 -0.0
-0.8006999999999991 -0.0
-0.7906999999999993 -0.0
-0.7806999999999995 -0.0
-0.7706999999999997 -0.0
-0.7606999999999999 -0.0
-0.7507000000000001 -0.0
-0.7407000000000004 -0.0
-0.7307000000000006 -0.0
-0.720699999999999 -0.0
-0.7106999999999992 -0.0
-0.7006999999999994 -0.0
-0.6906999999999996 -0.0
-0.6806999999999999 -0.0
-0.6707000000000001 -0.0
-0.6607000000000003 -0.0
-0.6507000000000005 -0.0
-0.6406999999999989 -0.0
-0.6306999999999992 -0.0
-0.6206999999999994 -0.0
-0.6106999999999996 -3.613199999999998e-13
-0.6006999999999998 -1.2686200000000001e-12
-0.5907 -3.328439999999999e-12
-0.5807000000000002 -7.0289999999999984e-12
-0.5707000000000004 -1.43925e-11
-0.5607000000000006 -2.91018e-11
-0.5506999999999991 -5.8419e-11
-0.5406999999999993 -1.1590899999999993e-10
-0.5306999999999995 -2.2726700000000006e-10
-0.5206999999999997 -4.413210000000001e-10
-0.5106999999999999 -8.4654e-10
-0.5007000000000001 -1.6066599999999993e-09
-0.49070000000000036 -3.0209600000000007e-09
-0.48070000000000057 -5.611799999999998e-09
-0.470699999999999 -1.0313800000000005e-08
-0.4606999999999992 -1.8780100000000002e-08
-0.45069999999999943 -3.3849599999999994e-08
-0.44069999999999965 -6.025100000000001e-08
-0.43069999999999986 -1.0606500000000002e-07
-0.4207000000000001 -1.8514499999999995e-07
-0.4107000000000003 -3.193080000000001e-07
-0.4007000000000005 -5.449e-07
-0.39069999999999894 -9.204899999999998e-07
-0.38069999999999915 -1.5386499999999999e-06
-0.37069999999999936 -2.54339e-06
-0.3606999999999996 -4.1548199999999984e-06
-0.3506999999999998 -6.728700000000001e-06
-0.3407 -1.0775999999999998e-05
-0.3307000000000002 -1.7060399999999997e-05
-0.32070000000000043 -2.6759999999999998e-05
-0.31070000000000064 -4.152450000000001e-05
-0.3006999999999991 -6.374800000000001e-05
-0.2906999999999993 -9.6812e-05
-0.2806999999999995 -0.00014555400000000002
-0.2706999999999997 -0.00021622499999999993
-0.26069999999999993 -0.00031880600000000004
-0.25070000000000014 -0.00046376100000000003
-0.24070000000000036 -0.00066852
-0.23070000000000057 -0.0009533300000000002
-0.220699999999999 -0.0013450800000000005
-0.21069999999999922 -0.0018794399999999996
-0.20069999999999943 -0.00259871
-0.19069999999999965 -0.003554999999999999
-0.18069999999999986 -0.0048176
-0.17070000000000007 -0.0064521
-0.1607000000000003 -0.0085707
-0.1507000000000005 -0.011241899999999997
-0.14069999999999894 -0.014627300000000003
-0.13069999999999915 -0.0188641
-0.12069999999999936 -0.024029099999999994
-0.11069999999999958 -0.030325099999999997
-0.10069999999999979 -0.037893
-0.0907 -0.046900899999999995
-0.08070000000000022 -0.057558000000000026
-0.07070000000000043 -0.069916
-0.06070000000000064 -0.084153
-0.05069999999999908 -0.10038100000000004
-0.04069999999999929 -0.11862000000000002
-0.030699999999999505 -0.13892300000000002
-0.02069999999999972 -0.16163699999999995
-0.010699999999999932 -0.186122
-0.000700000000000145 -0.21227099999999993
0.009299999999999642 -0.24061999999999995
0.01929999999999943 -0.270111
0.029300000000000992 -0.30163200000000007
0.03930000000000078 -0.334333
0.049300000000000566 -0.36757800000000007
0.05930000000000035 -0.40151400000000004
0.06930000000000014 -0.43558499999999994
0.07929999999999993 -0.4695340000000002
0.08929999999999971 -0.5032239999999999
0.0992999999999995 -0.5365229999999999
0.10930000000000106 -0.5688799999999999
0.11930000000000085 -0.5997080000000001
0.12930000000000064 -0.629695
0.13930000000000042 -0.658202
0.1493000000000002 -0.6849999999999998
0.1593 -0.7109310000000001
0.16929999999999978 -0.7339140000000001
0.17929999999999957 -0.7557539999999998
0.18929999999999936 -0.7762510000000006
0.19930000000000092 -0.795278
0.2093000000000007 -0.812965
0.2193000000000005 -0.8293049999999998
0.22930000000000028 -0.8447099999999997
0.23930000000000007 -0.8595599999999999
0.24929999999999986 -0.8744300000000004
0.25929999999999964 -0.8893699999999999
0.26929999999999943 -0.9039299999999997
0.279300000000001 -0.9187500000000001
0.2893000000000008 -0.9351300000000001
0.29930000000000057 -0.9522
0.30930000000000035 -0.9712199999999999
0.31930000000000014 -0.9913500000000001
0.3292999999999999 -1.0131299999999999
0.3392999999999997 -1.0378200000000002
0.3492999999999995 -1.0630799999999998
0.35930000000000106 -1.0865699999999996
0.36930000000000085 -1.1150099999999998
0.37930000000000064 -1.1442599999999998
0.3893000000000004 -1.17573
0.3993000000000002 -1.20516
0.4093 -1.2345600000000003
0.4192999999999998 -1.2645300000000002
0.42929999999999957 -1.2931000000000004
0.43929999999999936 -1.3219899999999998
0.4493000000000009 -1.34553
0.4593000000000007 -1.3683900000000004
0.4693000000000005 -1.3863299999999998
0.4793000000000003 -1.4014799999999998
0.48930000000000007 -1.4155799999999996
0.49929999999999986 -1.42359
0.5092999999999996 -1.4286899999999996
0.5192999999999994 -1.42806
0.529300000000001 -1.4248799999999997
0.5393000000000008 -1.41624
0.5493000000000006 -1.4050799999999997
0.5593000000000004 -1.3888500000000001
0.5693000000000001 -1.3731900000000001
0.5792999999999999 -1.3527600000000004
0.5892999999999997 -1.3288499999999999
0.5992999999999995 -1.3080399999999996
0.6093000000000011 -1.2849100000000002
0.6193000000000008 -1.2604799999999998
0.6293000000000006 -1.2376799999999997
0.6393000000000004 -1.2181699999999998
0.6493000000000002 -1.1990399999999999
0.6593 -1.18336
0.6692999999999998 -1.1718300000000001
0.6792999999999996 -1.1614799999999998
0.6892999999999994 -1.1581199999999998
0.6993000000000009 -1.15662
0.7093000000000007 -1.1588700000000003
0.7193000000000005 -1.16835
0.7293000000000003 -1.1778300000000002
0.7393000000000001 -1.1921099999999998
0.7492999999999999 -1.2086699999999997
0.7592999999999996 -1.2277499999999997
0.7692999999999994 -1.2481499999999999
0.779300000000001 -1.2706699999999997
0.7893000000000008 -1.2916399999999997
0.7993000000000006 -1.3122399999999999
0.8093000000000004 -1.3329800000000003
0.8193000000000001 -1.34781
0.8292999999999999 -1.3620900000000002
0.8392999999999997 -1.37542
0.8492999999999995 -1.38573
0.8593000000000011 -1.3918199999999996
0.8693000000000008 -1.3912800000000005
0.8793000000000006 -1.3923799999999997
0.8893000000000004 -1.3837499999999996
0.8993000000000002 -1.3768599999999998
0.9093 -1.3666800000000003
0.9192999999999998 -1.3499100000000004
0.9292999999999996 -1.3330700000000004
0.9392999999999994 -1.3140099999999997
0.9493000000000009 -1.2949799999999996
0.9593000000000007 -1.2740600000000002
0.9693000000000005 -1.2506400000000002
0.9793000000000003 -1.2291600000000005
0.9893000000000001 -1.2061200000000003
0.9992999999999999 -1.1830800000000004
1.0092999999999996 -1.1599800000000002
1.0192999999999994 -1.1386499999999997
1.029300000000001 -1.1169900000000001
1.0393000000000008 -1.09811
1.0493000000000006 -1.08013
1.0593000000000004 -1.0638999999999996
1.0693000000000001 -1.0501199999999997
1.0793 -1.03884
1.0892999999999997 -1.0295899999999998
1.0992999999999995 -1.0235299999999998
1.109300000000001 -1.0190999999999997
1.1193000000000008 -1.0187700000000002
1.1293000000000006 -1.02084
1.1393000000000004 -1.0266599999999997
1.1493000000000002 -1.0345500000000005
1.1593 -1.0451400000000004
1.1692999999999998 -1.0581299999999998
1.1792999999999996 -1.0727399999999998
1.1892999999999994 -1.089
1.199300000000001 -1.1068199999999997
1.2093000000000007 -1.1246399999999994
1.2193000000000005 -1.1429099999999999
1.2293000000000003 -1.1616000000000002
1.2393 -1.1786400000000004
1.2492999999999999 -1.1960399999999998
1.2592999999999996 -1.21164
1.2692999999999994 -1.2260599999999997
1.279300000000001 -1.23921
1.2893000000000008 -1.2496200000000002
1.2993000000000006 -1.2579900000000002
1.3093000000000004 -1.2643499999999999
1.3193000000000001 -1.2688799999999996
1.3293 -1.2701699999999994
1.3392999999999997 -1.26879
1.3492999999999995 -1.2644100000000003
1.359300000000001 -1.2576399999999999
1.3693000000000008 -1.2461700000000002
1.3793000000000006 -1.23171
1.3893000000000004 -1.2142899999999996
1.3993000000000002 -1.1912500000000001
1.4093 -1.1656200000000003
1.4192999999999998 -1.1362799999999997
1.4292999999999996 -1.1033099999999998
1.4392999999999994 -1.0681199999999997
1.449300000000001 -1.02981
1.4593000000000007 -0.9896700000000004
1.4693000000000005 -0.9496299999999996
1.4793000000000003 -0.9090900000000002
1.4893 -0.8694299999999998
1.4992999999999999 -0.8326799999999998
1.5092999999999996 -0.7995599999999998
1.5192999999999994 -0.76986
1.529300000000001 -0.7458299999999999
1.5393000000000008 -0.7284599999999998
1.5493000000000006 -0.7176799999999997
1.5593000000000004 -0.71407
1.5693000000000001 -0.71832
1.5793 -0.73017
1.5892999999999997 -0.7494299999999998
1.5992999999999995 -0.7752299999999999
1.609300000000001 -0.8082299999999998
1.6193000000000008 -0.84672
1.6293000000000006 -0.8898299999999998
1.6393000000000004 -0.9375600000000003
1.6493000000000002 -0.9879900000000001
1.6593 -1.0412700000000001
1.6692999999999998 -1.09575
1.6792999999999996 -1.1509800000000001
1.6892999999999994 -1.2067199999999998
1.699300000000001 -1.2613900000000002
1.7093000000000007 -1.3162899999999997
1.7193000000000005 -1.3678200000000003
1.7293000000000003 -1.42152
1.7393 -1.4704500000000003
1.7492999999999999 -1.52172
1.7592999999999996 -1.5690899999999999
1.7692999999999994 -1.6155000000000004
1.779300000000001 -1.6613
1.7893000000000008 -1.705500000000001
1.7993000000000006 -1.7495999999999996
1.8093000000000004 -1.7897999999999998
1.8193000000000001 -1.8318000000000005
1.8293 -1.8708000000000011
1.8392999999999997 -1.9086000000000003
1.8492999999999995 -1.9468000000000005
1.859300000000001 -1.9793999999999996
1.8693000000000008 -2.0157
1.8793000000000006 -2.0451000000000006
1.8893000000000004 -2.0732999999999997
1.8993000000000002 -2.1003000000000003
1.9093 -2.1234
1.9192999999999998 -2.1393999999999997
1.9292999999999996 -2.1551
1.9392999999999994 -2.1687999999999996
1.949300000000001 -2.1822
1.9593000000000007 -2.1853
1.9693000000000005 -2.1876000000000007
1.9793000000000003 -2.1894
1.9893 -2.184599999999999
1.9992999999999999 -2.1752000000000002
2.0092999999999996 -2.1696000000000004
2.0192999999999994 -2.157
2.029300000000001 -2.138699999999999
2.039300000000001 -2.1257999999999995
2.0493000000000006 -2.1066000000000007
2.0593000000000004 -2.0874
2.0693 -2.0679
2.0793 -2.0457
2.0892999999999997 -2.0254999999999996
2.0992999999999995 -2.0024999999999995
2.109300000000001 -1.9791999999999996
2.119300000000001 -1.9571999999999998
2.1293000000000006 -1.9359000000000002
2.1393000000000004 -1.9128000000000005
2.1493 -1.8926999999999998
2.1593 -1.8677000000000001
2.1693 -1.8422999999999996
2.1792999999999996 -1.8213000000000004
2.1892999999999994 -1.7958
2.199300000000001 -1.7741999999999996
2.2093000000000007 -1.7517000000000003
2.2193000000000005 -1.7299000000000004
2.2293000000000003 -1.7074
2.2393 -1.6859000000000002
2.2493 -1.6659
2.2592999999999996 -1.6467
2.2692999999999994 -1.6290000000000002
2.279300000000001 -1.6132
2.289300000000001 -1.5995000000000004
2.2993000000000006 -1.5870000000000002
2.3093000000000004 -1.5768
2.3193 -1.5686999999999998
2.3293 -1.5621
2.3392999999999997 -1.5579
2.3492999999999995 -1.5546000000000004
2.359300000000001 -1.5528000000000002
2.369300000000001 -1.5515999999999999
2.3793000000000006 -1.5510000000000004
2.3893000000000004 -1.5506999999999995
2.3993 -1.5486
2.4093000000000018 -1.5459
2.4193 -1.5411
2.4293000000000013 -1.5342
2.4392999999999994 -1.5240000000000005
2.449300000000001 -1.5110999999999999
2.459299999999999 -1.4951999999999994
2.4693000000000005 -1.4746000000000001
2.4792999999999985 -1.4514000000000002
2.4893 -1.4244
2.4993000000000016 -1.3959
2.5092999999999996 -1.3649
2.519300000000001 -1.3319999999999996
2.529299999999999 -1.2975
2.539300000000001 -1.2636999999999998
2.549299999999999 -1.2306000000000001
2.5593000000000004 -1.1985000000000003
2.569300000000002 -1.1688999999999996
2.5793 -1.1418
2.5893000000000015 -1.1181999999999999
2.5992999999999995 -1.0989000000000002
2.609300000000001 -1.0829999999999997
2.619299999999999 -1.0725
2.6293000000000006 -1.0658999999999998
2.6392999999999986 -1.0631999999999997
2.6493 -1.0643999999999998
2.6593000000000018 -1.0691000000000002
2.6693 -1.0776
2.6793000000000013 -1.0878000000000003
2.6892999999999994 -1.1001999999999998
2.699300000000001 -1.1154000000000002
2.709299999999999 -1.1300999999999997
2.7193000000000005 -1.1469999999999998
2.7292999999999985 -1.1622999999999997
2.7393 -1.1784
2.7493000000000016 -1.1933999999999996
2.7592999999999996 -1.2072
2.769300000000001 -1.2213000000000003
2.779299999999999 -1.2342
2.789300000000001 -1.2462
2.799299999999999 -1.2579
2.8093000000000004 -1.2696000000000005
2.819300000000002 -1.2810000000000001
2.8293 -1.293
2.8393000000000015 -1.3065
2.8492999999999995 -1.3197
2.859300000000001 -1.3361999999999998
2.869299999999999 -1.3547999999999993
2.8793000000000006 -1.3746
2.8892999999999986 -1.3976999999999995
2.8993 -1.4238
2.9093000000000018 -1.4520000000000006
2.9193 -1.4826000000000001
2.9293000000000013 -1.5156000000000003
2.9392999999999994 -1.5496999999999999
2.949300000000001 -1.5851999999999993
2.959299999999999 -1.6211999999999995
2.9693000000000005 -1.6563000000000003
2.9792999999999985 -1.6899000000000006
2.9893 -1.7217
2.9993000000000016 -1.7492999999999996
3.0092999999999996 -1.7730000000000001
3.019300000000001 -1.7918999999999998
3.029299999999999 -1.8056999999999996
3.039300000000001 -1.8125999999999995
3.049299999999999 -1.814999999999999
3.0593000000000004 -1.8106999999999998
3.069300000000002 -1.8003
3.0793 -1.7841
3.0893000000000015 -1.7629
3.0992999999999995 -1.7372999999999998
3.109300000000001 -1.7086000000000003
3.119299999999999 -1.6764000000000001
3.1293000000000006 -1.6425999999999996
3.1392999999999986 -1.6082999999999994
3.1493 -1.5735000000000003
3.1593000000000018 -1.5393000000000003
3.1693 -1.5060999999999996
3.1793000000000013 -1.4756999999999996
3.1892999999999994 -1.449
3.199300000000001 -1.4244000000000003
3.209299999999999 -1.4037000000000002
3.2193000000000005 -1.3877000000000002
3.2292999999999985 -1.3754999999999997
3.2393 -1.3678
3.2493000000000016 -1.3655999999999995
3.2592999999999996 -1.3670999999999998
3.269300000000001 -1.3739999999999994
3.279299999999999 -1.3848599999999998
3.289300000000001 -1.4012400000000003
3.299299999999999 -1.4217799999999996
3.3093000000000004 -1.44594
3.319300000000002 -1.47529
3.3293 -1.5077999999999998
3.3393000000000015 -1.5440999999999998
3.3492999999999995 -1.5836999999999999
3.359300000000001 -1.6265999999999998
3.369299999999999 -1.6716
3.3793000000000006 -1.7184000000000001
3.3892999999999986 -1.7670000000000003
3.3993 -1.8168
3.4093000000000018 -1.8665999999999996
3.4193 -1.9148999999999998
3.4293000000000013 -1.9647000000000001
3.4392999999999994 -2.0115
3.449300000000001 -2.0578999999999996
3.459299999999999 -2.0967
3.4693000000000005 -2.1373999999999995
3.4792999999999985 -2.1708000000000003
3.4893 -2.2038
3.4993000000000016 -2.2272000000000007
3.5092999999999996 -2.2529999999999997
3.519300000000001 -2.2695000000000003
3.529299999999999 -2.2851
3.539300000000001 -2.295000000000001
3.549299999999999 -2.306100000000001
3.5593000000000004 -2.308800000000001
3.569300000000002 -2.308200000000001
3.5793 -2.3106
3.5893000000000015 -2.3087
3.5992999999999995 -2.3061000000000003
3.609300000000001 -2.3109
3.619299999999999 -2.3072000000000004
3.6293000000000006 -2.3124000000000002
3.6392999999999986 -2.3141000000000003
3.6493 -2.3178000000000005
3.6593000000000018 -2.3242000000000003
3.6693 -2.32931
3.6793000000000013 -2.33796
3.6892999999999994 -2.3467499999999997
3.699300000000001 -2.357319999999999
3.709299999999999 -2.3634600000000003
3.7193000000000005 -2.3702199999999998
3.7292999999999985 -2.37731
3.7393 -2.37504
3.7493000000000016 -2.37612
3.7592999999999996 -2.37075
3.769300000000001 -2.3572600000000006
3.779299999999999 -2.3446100000000007
3.789300000000001 -2.3238100000000004
3.799299999999999 -2.29681
3.8093000000000004 -2.26669
3.819300000000002 -2.2302800000000005
3.8293 -2.1897100000000003
3.8393000000000015 -2.15099
3.8492999999999995 -2.0991500000000007
3.859300000000001 -2.04779
3.869299999999999 -1.9917100000000003
3.8793000000000006 -1.9339700000000004
3.8892999999999986 -1.87568
3.8993 -1.81407
3.9093000000000018 -1.7512599999999998
3.9193 -1.68695
3.9293000000000013 -1.62193
3.9392999999999994 -1.5564999999999998
3.949300000000001 -1.49068
3.959299999999999 -1.4245500000000002
3.9693000000000005 -1.3589600000000006
3.9792999999999985 -1.2930899999999996
3.9893 -1.2280699999999998
3.9993000000000016 -1.1638700000000002
4.0093 -1.1004500000000002
4.019300000000001 -1.0381800000000003
4.029299999999999 -0.9775000000000001
4.039300000000001 -0.9178099999999993
4.049299999999999 -0.85998
4.0593 -0.8037800000000002
4.069300000000002 -0.7494599999999999
4.0793 -0.6972900000000001
4.0893000000000015 -0.64722
4.0992999999999995 -0.59909
4.109300000000001 -0.5530499999999999
4.119299999999999 -0.5092800000000001
4.129300000000001 -0.4681400000000003
4.139299999999999 -0.4293
4.1493 -0.39244
4.159300000000002 -0.35780999999999996
4.1693 -0.325843
4.179300000000001 -0.2954719999999999
4.189299999999999 -0.267875
4.199300000000001 -0.24147599999999997
4.209299999999999 -0.21749499999999997
4.2193000000000005 -0.19533899999999998
4.2292999999999985 -0.17467
4.2393 -0.15554199999999999
4.249300000000002 -0.13811500000000002
4.2593 -0.12216800000000001
4.269300000000001 -0.10753500000000002
4.279299999999999 -0.094269
4.289300000000001 -0.08220800000000002
4.299299999999999 -0.071285
4.3093 -0.06146400000000002
4.319300000000002 -0.05269700000000001
4.3293 -0.04485600000000001
4.3393000000000015 -0.03793
4.3492999999999995 -0.0318348
4.359300000000001 -0.026508399999999994
4.369299999999999 -0.021926899999999992
4.379300000000001 -0.017975600000000005
4.389299999999999 -0.014619100000000001
4.3993 -0.011782499999999998
4.409300000000002 -0.0094122
4.4193 -0.007451900000000001
4.429300000000001 -0.0058458
4.439299999999999 -0.004541399999999998
4.449300000000001 -0.0034959500000000007
4.459299999999999 -0.00266701
4.4693000000000005 -0.0020080600000000003
4.4792999999999985 -0.0015023699999999996
4.4893 -0.0011112000000000001
4.499300000000002 -0.0008137099999999999
4.5093 -0.0005899
4.519300000000001 -0.0004228659999999999
4.529299999999999 -0.00030031
4.539300000000001 -0.000211225
4.549299999999999 -0.00014683699999999998
4.5593 -0.00010105699999999998
4.569300000000002 -6.8806e-05
4.5793 -4.6382000000000004e-05
4.5893000000000015 -3.092600000000001e-05
4.5992999999999995 -2.040029999999999e-05
4.609300000000001 -1.33171e-05
4.619299999999999 -8.6001e-06
4.629300000000001 -5.494999999999999e-06
