-23.6007 3.759000000000001e-05
-23.5907 2.4568e-05
-23.5807 1.585e-05
-23.570700000000002 1.0150999999999998e-05
-23.5607 6.431000000000002e-06
-23.5507 4.038e-06
-23.5407 2.505e-06
-23.5307 1.5408e-06
-23.520699999999998 9.383999999999998e-07
-23.5107 5.657e-07
-23.500700000000002 3.377e-07
-23.4907 1.9947000000000005e-07
-23.4807 1.167e-07
-23.4707 6.756e-08
-23.4607 3.874e-08
-23.450699999999998 2.1985999999999996e-08
-23.4407 1.2345e-08
-23.4307 6.8669999999999996e-09
-23.4207 3.7770000000000005e-09
-23.4107 2.0586e-09
-23.4007 1.1098e-09
-23.3907 5.92e-10
-23.380699999999997 3.1267e-10
-23.3707 1.6328e-10
-23.3607 8.442e-11
-23.3507 4.326000000000001e-11
-23.3407 2.1815000000000004e-11
-23.3307 1.0846999999999999e-11
-23.320700000000002 5.289e-12
-23.3107 2.4984e-12
-23.3007 1.1286000000000003e-12
-23.2907 4.875000000000001e-13
-23.2807 2.1966000000000002e-13
-23.270699999999998 8.100999999999999e-14
-23.2607 8.181500000000001e-15
-23.250700000000002 0.0
-23.2407 0.0
-23.2307 0.0
-23.2207 0.0
-23.2107 0.0
-23.200699999999998 0.0
-23.1907 0.0
-23.1807 0.0
-23.1707 0.0
-23.1607 0.0
-23.1507 0.0
-23.1407 0.0
-23.130699999999997 0.0
-23.1207 0.0
-23.1107 0.0
-23.1007 0.0
-23.0907 0.0
-23.0807 0.0
-23.070700000000002 0.0
-23.0607 0.0
-23.0507 0.0
-23.0407 0.0
-23.0307 0.0
-23.020699999999998 0.0
-23.0107 0.0
-23.000700000000002 0.0
-22.9907 0.0
-22.9807 0.0
-22.9707 0.0
-22.9607 0.0
-22.950699999999998 0.0
-22.9407 0.0
-22.9307 0.0
-22.9207 0.0
-22.9107 0.0
-22.9007 0.0
-22.8907 0.0
-22.880699999999997 0.0
-22.8707 0.0
-22.8607 0.0
-22.8507 0.0
-22.8407 0.0
-22.8307 0.0
-22.820700000000002 0.0
-22.8107 0.0
-22.8007 0.0
-22.7907 0.0
-22.7807 0.0
-22.770699999999998 0.0
-22.7607 0.0
-22.750700000000002 0.0
-22.7407 0.0
-22.7307 0.0
-22.7207 0.0
-22.7107 0.0
-22.700699999999998 0.0
-22.6907 0.0
-22.6807 0.0
-22.6707 0.0
-22.6607 0.0
-22.6507 0.0
-22.6407 0.0
-22.630699999999997 0.0
-22.6207 0.0
-22.6107 0.0
-22.6007 0.0
-22.5907 0.0
-22.5807 0.0
-22.570700000000002 0.0
-22.5607 0.0
-22.5507 0.0
-22.5407 0.0
-22.5307 0.0
-22.520699999999998 0.0
-22.5107 0.0
-22.500700000000002 0.0
-22.4907 0.0
-22.4807 0.0
-22.4707 0.0
-22.4607 0.0
-22.450699999999998 0.0
-22.4407 0.0
-22.4307 0.0
-22.4207 0.0
-22.4107 0.0
-22.4007 0.0
-22.3907 0.0
-22.380699999999997 0.0
-22.3707 0.0
-22.3607 0.0
-22.3507 0.0
-22.3407 0.0
-22.3307 0.0
-22.320700000000002 0.0
-22.3107 0.0
-22.3007 0.0
-22.2907 0.0
-22.2807 0.0
-22.270699999999998 0.0
-22.2607 0.0
-22.250700000000002 0.0
-22.2407 0.0
-22.2307 0.0
-22.2207 0.0
-22.2107 0.0
-22.200699999999998 0.0
-22.1907 0.0
-22.1807 0.0
-22.1707 0.0
-22.1607 0.0
-22.1507 0.0
-22.1407 0.0
-22.130699999999997 0.0
-22.1207 0.0
-22.1107 0.0
-22.1007 0.0
-22.0907 0.0
-22.0807 0.0
-22.070700000000002 0.0
-22.0607 0.0
-22.0507 0.0
-22.0407 0.0
-22.0307 0.0
-22.020699999999998 0.0
-22.0107 0.0
-22.000700000000002 0.0
-21.9907 0.0
-21.9807 0.0
-21.9707 0.0
-21.9607 0.0
-21.950699999999998 0.0
-21.9407 0.0
-21.9307 0.0
-21.9207 0.0
-21.9107 0.0
-21.9007 0.0
-21.8907 0.0
-21.880699999999997 0.0
-21.8707 0.0
-21.8607 0.0
-21.8507 0.0
-21.8407 0.0
-21.8307 0.0
-21.820700000000002 0.0
-21.8107 0.0
-21.8007 0.0
-21.7907 0.0
-21.7807 0.0
-21.770699999999998 0.0
-21.7607 0.0
-21.750700000000002 0.0
-21.7407 0.0
-21.7307 0.0
-21.7207 0.0
-21.7107 0.0
-21.700699999999998 0.0
-21.6907 0.0
-21.6807 0.0
-21.6707 0.0
-21.6607 0.0
-21.6507 0.0
-21.6407 0.0
-21.630699999999997 0.0
-21.6207 0.0
-21.6107 0.0
-21.6007 0.0
-21.5907 0.0
-21.5807 0.0
-21.5707 0.0
-21.5607 1.5604999999999998e-13
-21.5507 3.2600999999999994e-13
-21.5407 9.95e-13
-21.5307 2.0502000000000003e-12
-21.520699999999998 4.1747999999999995e-12
-21.5107 8.589e-12
-21.500700000000002 1.7128999999999998e-11
-21.4907 3.3866999999999995e-11
-21.4807 6.617e-11
-21.4707 1.2864e-10
-21.4607 2.4650000000000003e-10
-21.450699999999998 4.6824e-10
-21.4407 8.777999999999998e-10
-21.4307 1.6283999999999999e-09
-21.4207 2.9867999999999997e-09
-21.4107 5.431e-09
-21.4007 9.758e-09
-21.3907 1.7390000000000002e-08
-21.3807 3.0588e-08
-21.3707 5.3210000000000005e-08
-21.3607 9.177000000000001e-08
-21.3507 1.5651e-07
-21.3407 2.6448e-07
-21.3307 4.4178000000000003e-07
-21.3207 7.31e-07
-21.3107 1.1977000000000002e-06
-21.3007 1.9385e-06
-21.2907 3.107899999999999e-06
-21.2807 4.9377e-06
-21.270699999999998 7.757e-06
-21.2607 1.2059000000000003e-05
-21.250700000000002 1.8591000000000002e-05
-21.2407 2.8382999999999996e-05
-21.2307 4.2851e-05
-21.2207 6.408e-05
-21.2107 9.488e-05
-21.200699999999998 0.00013913000000000003
-21.1907 0.0002022
-21.1807 0.00029081999999999996
-21.1707 0.00041456000000000007
-21.1607 0.000585
-21.1507 0.0008181999999999998
-21.1407 0.0011346
-21.1307 0.0015577999999999998
-21.1207 0.0021219000000000003
-21.1107 0.0028593000000000004
-21.1007 0.0038216999999999995
-21.0907 0.0050673
-21.0807 0.006661
-21.0707 0.008681000000000001
-21.0607 0.011218999999999998
-21.0507 0.014348999999999999
-21.0407 0.018269
-21.0307 0.022983000000000003
-21.020699999999998 0.028743000000000005
-21.0107 0.03567699999999999
-21.000700000000002 0.043877
-20.9907 0.053570999999999994
-20.9807 0.06479
-20.9707 0.07781999999999999
-20.9607 0.09271999999999998
-20.950699999999998 0.10965
-20.9407 0.12840000000000001
-20.9307 0.14944000000000002
-20.9207 0.17269
-20.9107 0.19779000000000005
-20.9007 0.22454000000000002
-20.8907 0.25286999999999993
-20.8807 0.28321999999999997
-20.8707 0.31422
-20.8607 0.34593999999999997
-20.8507 0.37815
-20.8407 0.41075000000000006
-20.8307 0.44269
-20.8207 0.47457
-20.8107 0.50508
-20.8007 0.5339900000000002
-20.7907 0.5619600000000001
-20.7807 0.58829
-20.770699999999998 0.6141
-20.7607 0.6383
-20.750700000000002 0.6624000000000002
-20.7407 0.6854
-20.7307 0.7098000000000001
-20.7207 0.7341
-20.7107 0.7601
-20.700699999999998 0.7880999999999999
-20.6907 0.8177999999999999
-20.6807 0.8503000000000001
-20.6707 0.8856
-20.6607 0.9230999999999998
-20.6507 0.9629000000000001
-20.6407 1.0055999999999998
-20.6307 1.0491000000000004
-20.6207 1.0942999999999998
-20.6107 1.1391
-20.6007 1.1831999999999998
-20.5907 1.2258000000000002
-20.5807 1.2667000000000002
-20.5707 1.3041999999999998
-20.5607 1.3357000000000006
-20.5507 1.3647999999999998
-20.5407 1.3902
-20.5307 1.4103999999999999
-20.520699999999998 1.4285000000000003
-20.5107 1.4424000000000001
-20.500700000000002 1.4549000000000003
-20.4907 1.4634000000000003
-20.4807 1.472
-20.4707 1.4811999999999996
-20.4607 1.4909999999999997
-20.450699999999998 1.5085
-20.4407 1.5249000000000001
-20.4307 1.5501999999999996
-20.4207 1.5801
-20.4107 1.6163
-20.4007 1.6551999999999996
-20.3907 1.7037000000000002
-20.3807 1.7586000000000004
-20.3707 1.8185
-20.3607 1.8804
-20.3507 1.9472999999999998
-20.3407 2.0199
-20.3307 2.0892
-20.3207 2.1582
-20.3107 2.2237999999999998
-20.3007 2.2897
-20.2907 2.3503
-20.2807 2.405
-20.270699999999998 2.4581
-20.2607 2.5043999999999995
-20.250700000000002 2.5439
-20.2407 2.5805
-20.2307 2.6137
-20.2207 2.6412
-20.2107 2.6705
-20.200699999999998 2.6934
-20.1907 2.7171000000000003
-20.1807 2.7422999999999997
-20.1707 2.7659
-20.1607 2.7902
-20.1507 2.8179000000000003
-20.1407 2.8427
-20.1307 2.8705000000000003
-20.1207 2.9042999999999997
-20.1107 2.9386
-20.1007 2.9738000000000007
-20.0907 3.013
-20.0807 3.054
-20.0707 3.0970000000000013
-20.0607 3.137
-20.0507 3.184
-20.0407 3.2270000000000003
-20.0307 3.2740000000000005
-20.020699999999998 3.3180000000000005
-20.0107 3.362
-20.000700000000002 3.401
-19.9907 3.4419999999999997
-19.9807 3.476
-19.9707 3.5100000000000007
-19.9607 3.535
-19.950699999999998 3.5639999999999996
-19.9407 3.5829999999999993
-19.9307 3.5940000000000007
-19.9207 3.601999999999999
-19.9107 3.6069999999999993
-19.9007 3.6069999999999998
-19.8907 3.603
-19.8807 3.5940000000000003
-19.8707 3.5850000000000004
-19.8607 3.579
-19.8507 3.5709999999999993
-19.8407 3.5639999999999996
-19.8307 3.5550000000000006
-19.8207 3.549000000000001
-19.8107 3.5449999999999995
-19.8007 3.5479999999999996
-19.7907 3.5520000000000005
-19.7807 3.557000000000001
-19.770699999999998 3.5639999999999996
-19.7607 3.576
-19.750700000000002 3.5850000000000004
-19.7407 3.5910000000000006
-19.7307 3.6029999999999993
-19.7207 3.6120000000000005
-19.7107 3.609000000000001
-19.700699999999998 3.612
-19.6907 3.6059999999999994
-19.6807 3.5960000000000005
-19.6707 3.587
-19.6607 3.57
-19.6507 3.5450000000000004
-19.6407 3.5200000000000005
-19.6307 3.4959999999999996
-19.6207 3.471
-19.6107 3.441
-19.6007 3.4170000000000003
-19.5907 3.396
-19.5807 3.3809999999999993
-19.5707 3.3650000000000007
-19.5607 3.3560000000000003
-19.5507 3.356
-19.5407 3.36
-19.5307 3.3680000000000008
-19.520699999999998 3.383
-19.5107 3.402999999999999
-19.500700000000002 3.4369999999999994
-19.4907 3.472
-19.4807 3.523
-19.4707 3.578
-19.4607 3.645
-19.450699999999998 3.732
-19.4407 3.83
-19.4307 3.948
-19.4207 4.081
-19.4107 4.242999999999999
-19.4007 4.427
-19.3907 4.638
-19.3807 4.876999999999999
-19.3707 5.141
-19.3607 5.433000000000001
-19.3507 5.752999999999999
-19.3407 6.100999999999999
-19.3307 6.472
-19.3207 6.859000000000002
-19.3107 7.271000000000001
-19.3007 7.690000000000002
-19.2907 8.125
-19.2807 8.565999999999999
-19.270699999999998 9.001999999999999
-19.2607 9.444
-19.250700000000002 9.873999999999999
-19.2407 10.292000000000002
-19.2307 10.716000000000001
-19.2207 11.097000000000001
-19.2107 11.497
-19.200699999999998 11.856
-19.1907 12.184000000000001
-19.1807 12.535
-19.1707 12.818999999999997
-19.1607 13.121000000000002
-19.1507 13.365000000000002
-19.1407 13.607999999999997
-19.1307 13.848999999999997
-19.1207 14.089999999999998
-19.1107 14.267
-19.1007 14.455999999999998
-19.0907 14.599999999999998
-19.0807 14.768999999999998
-19.0707 14.872
-19.0607 15.008999999999999
-19.0507 15.067000000000002
-19.0407 15.106000000000003
-19.0307 15.151
-19.020699999999998 15.149999999999997
-19.0107 15.116000000000001
-19.000700000000002 15.035999999999998
-18.9907 14.938000000000002
-18.9807 14.789000000000001
-18.9707 14.581
-18.9607 14.36
-18.950699999999998 14.114
-18.9407 13.788000000000004
-18.9307 13.479000000000001
-18.9207 13.113999999999999
-18.9107 12.730000000000002
-18.9007 12.298
-18.8907 11.865
-18.8807 11.435
-18.8707 10.991000000000001
-18.8607 10.552999999999997
-18.8507 10.116
-18.8407 9.702
-18.8307 9.313
-18.8207 8.947
-18.8107 8.611
-18.8007 8.315999999999999
-18.7907 8.063000000000002
-18.7807 7.849000000000001
-18.770699999999998 7.678
-18.7607 7.545999999999999
-18.750700000000002 7.452
-18.7407 7.396
-18.7307 7.3709999999999996
-18.7207 7.375700000000001
-18.7107 7.400899999999999
-18.700699999999998 7.4454
-18.6907 7.504700000000001
-18.6807 7.560199999999999
-18.6707 7.662499999999999
-18.6607 7.718100000000001
-18.6507 7.819199999999999
-18.6407 7.8703
-18.6307 7.9622
-18.6207 8.0512
-18.6107 8.104899999999999
-18.6007 8.1629
-18.5907 8.227199999999998
-18.5807 8.312499999999998
-18.5707 8.358899999999998
-18.5607 8.4291
-18.5507 8.439999999999998
-18.5407 8.4803
-18.5307 8.4954
-18.520699999999998 8.451299999999998
-18.5107 8.405100000000001
-18.500700000000002 8.333269999999999
-18.4907 8.252170000000001
-18.4807 8.10137
-18.4707 7.898439999999999
-18.4607 7.663680000000001
-18.450699999999998 7.402399999999999
-18.4407 7.07908
-18.4307 6.744000000000001
-18.4207 6.34325
-18.4107 5.944330000000001
-18.4007 5.520010000000001
-18.3907 5.079929999999999
-18.3807 4.63409
-18.3707 4.188960000000001
-18.3607 3.7518700000000007
-18.3507 3.32983
-18.3407 2.9269400000000005
-18.3307 2.5484700000000005
-18.3207 2.1975300000000004
-18.3107 1.8769
-18.3007 1.5879030000000005
-18.2907 1.3282669999999999
-18.2807 1.101731
-18.270699999999998 0.9042509999999997
-18.2607 0.7336139999999999
-18.250700000000002 0.5913619999999999
-18.2407 0.4699439999999999
-18.2307 0.3705490000000001
-18.2207 0.28888400000000003
-18.2107 0.22309690000000001
-18.200699999999998 0.1704264
-18.1907 0.1289992
-18.1807 0.09653000000000002
-18.1707 0.07148
-18.1607 0.05247560000000001
-18.1507 0.038023600000000005
-18.1407 0.0273024
-18.1307 0.01940206
-18.1207 0.013632580000000002
-18.1107 0.00948439
-18.1007 0.006540500000000001
-18.0907 0.00445509
-18.0807 0.0030045200000000005
-18.0707 0.002004517
-18.0607 0.0013230670000000003
-18.0507 0.000865591
-18.0407 0.000559556
-18.0307 0.0003577080000000001
-18.020699999999998 0.0002263011
-18.0107 0.0001418566
-18.000700000000002 8.784199999999999e-05
-17.9907 5.39148e-05
-17.9807 3.27088e-05
-17.9707 1.9633889999999998e-05
-17.9607 1.1654230000000003e-05
-17.950699999999998 6.85401e-06
-17.9407 3.987679999999999e-06
-17.9307 2.2957399999999993e-06
-17.9207 1.307682e-06
-17.9107 7.360650000000001e-07
-17.9007 4.1038800000000006e-07
-17.8907 2.2655719999999997e-07
-17.8807 1.235275e-07
-17.8707 6.66997e-08
-17.8607 3.563579999999999e-08
-17.8507 1.8825139999999996e-08
-17.8407 9.852489999999999e-09
-17.8307 5.0930700000000005e-09
-17.8207 2.6059890000000005e-09
-17.8107 1.3168690000000001e-09
-17.8007 6.59193e-10
-17.7907 3.2702490000000004e-10
-17.7807 1.573727e-10
-17.770699999999998 7.63622e-11
-17.7607 3.314218e-11
-17.750700000000002 1.0892190000000001e-11
-17.7407 2.8706280000000003e-12
-17.7307 0.0
-17.7207 0.0
-17.7107 0.0
-17.700699999999998 0.0
-17.6907 0.0
-17.6807 0.0
-17.6707 0.0
-17.6607 0.0
-17.6507 0.0
-17.6407 0.0
-17.6307 0.0
-17.6207 0.0
-17.6107 0.0
-17.6007 0.0
-17.5907 0.0
-17.5807 0.0
-17.5707 0.0
-17.5607 0.0
-17.5507 0.0
-17.5407 0.0
-17.5307 0.0
-17.520699999999998 0.0
-17.5107 0.0
-17.5007 0.0
-17.4907 0.0
-17.4807 0.0
-17.4707 0.0
-17.4607 0.0
-17.4507 0.0
-17.4407 0.0
-17.4307 0.0
-17.4207 0.0
-17.4107 0.0
-17.4007 0.0
-17.3907 0.0
-17.3807 0.0
-17.3707 0.0
-17.3607 0.0
-17.3507 0.0
-17.3407 0.0
-17.3307 0.0
-17.3207 0.0
-17.3107 0.0
-17.3007 0.0
-17.2907 0.0
-17.2807 0.0
-17.270699999999998 0.0
-17.2607 0.0
-17.2507 0.0
-17.2407 0.0
-17.2307 0.0
-17.2207 0.0
-17.2107 0.0
-17.2007 0.0
-17.1907 0.0
-17.1807 0.0
-17.1707 0.0
-17.1607 0.0
-17.1507 0.0
-17.1407 0.0
-17.1307 0.0
-17.1207 0.0
-17.1107 0.0
-17.1007 0.0
-17.0907 0.0
-17.0807 0.0
-17.0707 0.0
-17.0607 0.0
-17.0507 0.0
-17.0407 0.0
-17.0307 0.0
-17.020699999999998 0.0
-17.0107 0.0
-17.0007 0.0
-16.9907 0.0
-16.9807 0.0
-16.9707 0.0
-16.9607 0.0
-16.9507 0.0
-16.9407 0.0
-16.9307 0.0
-16.9207 0.0
-16.9107 0.0
-16.9007 0.0
-16.8907 0.0
-16.8807 0.0
-16.8707 0.0
-16.8607 0.0
-16.8507 0.0
-16.8407 0.0
-16.8307 0.0
-16.8207 0.0
-16.8107 0.0
-16.8007 0.0
-16.7907 0.0
-16.7807 0.0
-16.770699999999998 0.0
-16.7607 0.0
-16.7507 0.0
-16.7407 0.0
-16.7307 0.0
-16.7207 0.0
-16.7107 0.0
-16.7007 0.0
-16.6907 0.0
-16.6807 0.0
-16.6707 0.0
-16.6607 0.0
-16.6507 0.0
-16.6407 0.0
-16.6307 0.0
-16.6207 0.0
-16.6107 0.0
-16.6007 0.0
-16.5907 0.0
-16.5807 0.0
-16.5707 0.0
-16.5607 0.0
-16.5507 0.0
-16.5407 0.0
-16.5307 0.0
-16.520699999999998 0.0
-16.5107 0.0
-16.5007 0.0
-16.4907 0.0
-16.4807 0.0
-16.4707 0.0
-16.4607 0.0
-16.4507 0.0
-16.4407 0.0
-16.4307 0.0
-16.4207 0.0
-16.4107 0.0
-16.4007 0.0
-16.3907 0.0
-16.3807 0.0
-16.3707 0.0
-16.3607 0.0
-16.3507 0.0
-16.3407 0.0
-16.3307 0.0
-16.3207 0.0
-16.3107 0.0
-16.3007 0.0
-16.2907 0.0
-16.2807 0.0
-16.270699999999998 0.0
-16.2607 0.0
-16.2507 0.0
-16.2407 0.0
-16.2307 0.0
-16.2207 0.0
-16.2107 0.0
-16.2007 0.0
-16.1907 0.0
-16.1807 0.0
-16.1707 0.0
-16.1607 0.0
-16.1507 0.0
-16.1407 0.0
-16.1307 0.0
-16.1207 0.0
-16.1107 0.0
-16.1007 0.0
-16.0907 0.0
-16.0807 0.0
-16.0707 0.0
-16.0607 0.0
-16.0507 0.0
-16.0407 0.0
-16.0307 0.0
-16.020699999999998 0.0
-16.0107 0.0
-16.0007 0.0
-15.9907 0.0
-15.980699999999999 0.0
-15.9707 0.0
-15.9607 0.0
-15.9507 0.0
-15.9407 0.0
-15.9307 0.0
-15.9207 0.0
-15.9107 0.0
-15.9007 0.0
-15.890699999999999 0.0
-15.8807 0.0
-15.8707 0.0
-15.8607 0.0
-15.8507 0.0
-15.8407 0.0
-15.8307 0.0
-15.8207 0.0
-15.8107 0.0
-15.800699999999999 0.0
-15.7907 0.0
-15.7807 0.0
-15.7707 0.0
-15.7607 0.0
-15.7507 0.0
-15.7407 0.0
-15.730699999999999 0.0
-15.7207 0.0
-15.7107 0.0
-15.7007 0.0
-15.6907 0.0
-15.6807 0.0
-15.6707 0.0
-15.6607 0.0
-15.6507 0.0
-15.640699999999999 0.0
-15.6307 0.0
-15.6207 0.0
-15.6107 0.0
-15.6007 0.0
-15.5907 0.0
-15.5807 0.0
-15.5707 0.0
-15.5607 0.0
-15.550699999999999 0.0
-15.5407 0.0
-15.5307 0.0
-15.5207 0.0
-15.5107 0.0
-15.5007 0.0
-15.4907 0.0
-15.480699999999999 0.0
-15.4707 0.0
-15.4607 0.0
-15.4507 0.0
-15.4407 0.0
-15.4307 0.0
-15.4207 0.0
-15.4107 0.0
-15.4007 0.0
-15.390699999999999 0.0
-15.3807 0.0
-15.3707 0.0
-15.3607 0.0
-15.3507 0.0
-15.3407 0.0
-15.3307 0.0
-15.3207 0.0
-15.3107 0.0
-15.300699999999999 0.0
-15.2907 0.0
-15.2807 0.0
-15.2707 0.0
-15.2607 0.0
-15.2507 0.0
-15.2407 0.0
-15.230699999999999 0.0
-15.2207 0.0
-15.2107 0.0
-15.2007 0.0
-15.1907 0.0
-15.1807 0.0
-15.1707 0.0
-15.1607 0.0
-15.1507 0.0
-15.140699999999999 0.0
-15.1307 0.0
-15.1207 0.0
-15.1107 0.0
-15.1007 0.0
-15.0907 0.0
-15.0807 0.0
-15.0707 0.0
-15.0607 0.0
-15.050699999999999 0.0
-15.0407 0.0
-15.0307 0.0
-15.0207 0.0
-15.0107 0.0
-15.0007 0.0
-14.9907 0.0
-14.980699999999999 0.0
-14.9707 0.0
-14.9607 0.0
-14.9507 0.0
-14.9407 0.0
-14.9307 0.0
-14.9207 0.0
-14.9107 0.0
-14.9007 0.0
-14.890699999999999 0.0
-14.8807 0.0
-14.8707 0.0
-14.8607 0.0
-14.8507 0.0
-14.8407 0.0
-14.8307 0.0
-14.8207 0.0
-14.8107 0.0
-14.800699999999999 0.0
-14.7907 0.0
-14.7807 0.0
-14.7707 0.0
-14.7607 0.0
-14.7507 0.0
-14.7407 0.0
-14.730699999999999 0.0
-14.7207 0.0
-14.7107 0.0
-14.7007 0.0
-14.6907 0.0
-14.6807 0.0
-14.6707 0.0
-14.6607 0.0
-14.6507 0.0
-14.640699999999999 0.0
-14.6307 0.0
-14.6207 0.0
-14.6107 0.0
-14.6007 0.0
-14.5907 0.0
-14.5807 0.0
-14.5707 0.0
-14.5607 0.0
-14.550699999999999 0.0
-14.5407 0.0
-14.5307 0.0
-14.5207 0.0
-14.5107 0.0
-14.5007 0.0
-14.4907 0.0
-14.4807 0.0
-14.470699999999999 0.0
-14.4607 0.0
-14.4507 0.0
-14.4407 0.0
-14.4307 0.0
-14.4207 0.0
-14.4107 0.0
-14.4007 0.0
-14.390699999999999 0.0
-14.3807 0.0
-14.3707 0.0
-14.3607 0.0
-14.3507 0.0
-14.3407 0.0
-14.3307 0.0
-14.3207 0.0
-14.3107 0.0
-14.300699999999999 0.0
-14.2907 0.0
-14.2807 0.0
-14.2707 0.0
-14.2607 0.0
-14.2507 0.0
-14.2407 0.0
-14.2307 0.0
-14.220699999999999 0.0
-14.2107 0.0
-14.2007 0.0
-14.1907 0.0
-14.1807 0.0
-14.1707 0.0
-14.1607 0.0
-14.1507 0.0
-14.140699999999999 0.0
-14.1307 0.0
-14.1207 0.0
-14.1107 0.0
-14.1007 0.0
-14.0907 0.0
-14.0807 0.0
-14.0707 0.0
-14.0607 0.0
-14.050699999999999 0.0
-14.0407 0.0
-14.0307 0.0
-14.0207 0.0
-14.0107 0.0
-14.0007 0.0
-13.9907 0.0
-13.9807 0.0
-13.970699999999999 0.0
-13.9607 0.0
-13.9507 0.0
-13.9407 0.0
-13.9307 0.0
-13.9207 0.0
-13.9107 0.0
-13.9007 0.0
-13.890699999999999 0.0
-13.8807 0.0
-13.8707 0.0
-13.8607 0.0
-13.8507 0.0
-13.8407 0.0
-13.8307 0.0
-13.8207 0.0
-13.8107 0.0
-13.800699999999999 0.0
-13.7907 0.0
-13.7807 0.0
-13.7707 0.0
-13.7607 0.0
-13.7507 0.0
-13.7407 0.0
-13.7307 0.0
-13.720699999999999 0.0
-13.7107 0.0
-13.7007 0.0
-13.6907 0.0
-13.6807 0.0
-13.6707 0.0
-13.6607 0.0
-13.6507 0.0
-13.640699999999999 0.0
-13.6307 0.0
-13.6207 0.0
-13.6107 0.0
-13.6007 0.0
-13.5907 0.0
-13.5807 0.0
-13.5707 0.0
-13.5607 0.0
-13.550699999999999 0.0
-13.5407 0.0
-13.5307 0.0
-13.5207 0.0
-13.5107 0.0
-13.5007 0.0
-13.4907 0.0
-13.4807 0.0
-13.470699999999999 0.0
-13.4607 0.0
-13.4507 0.0
-13.4407 0.0
-13.4307 0.0
-13.4207 0.0
-13.4107 0.0
-13.4007 0.0
-13.390699999999999 0.0
-13.3807 0.0
-13.3707 0.0
-13.3607 0.0
-13.3507 0.0
-13.3407 0.0
-13.3307 0.0
-13.3207 0.0
-13.3107 0.0
-13.300699999999999 0.0
-13.2907 0.0
-13.2807 0.0
-13.2707 0.0
-13.2607 0.0
-13.2507 0.0
-13.2407 0.0
-13.2307 0.0
-13.220699999999999 0.0
-13.2107 0.0
-13.2007 0.0
-13.1907 0.0
-13.1807 0.0
-13.1707 0.0
-13.1607 0.0
-13.1507 0.0
-13.140699999999999 0.0
-13.1307 0.0
-13.1207 0.0
-13.1107 0.0
-13.1007 0.0
-13.0907 0.0
-13.0807 0.0
-13.0707 0.0
-13.0607 0.0
-13.050699999999999 0.0
-13.0407 0.0
-13.0307 0.0
-13.0207 0.0
-13.0107 0.0
-13.0007 0.0
-12.9907 0.0
-12.9807 0.0
-12.970699999999999 0.0
-12.9607 0.0
-12.9507 0.0
-12.9407 0.0
-12.9307 0.0
-12.9207 0.0
-12.9107 0.0
-12.9007 0.0
-12.890699999999999 0.0
-12.8807 0.0
-12.8707 0.0
-12.8607 0.0
-12.8507 0.0
-12.8407 0.0
-12.8307 0.0
-12.8207 0.0
-12.8107 0.0
-12.800699999999999 0.0
-12.7907 0.0
-12.7807 0.0
-12.7707 0.0
-12.7607 3.3127000000000004e-14
-12.7507 1.1813000000000002e-13
-12.7407 2.4613e-13
-12.7307 6.237000000000001e-13
-12.720699999999999 1.3234999999999998e-12
-12.7107 2.7252e-12
-12.7007 5.4758e-12
-12.6907 1.0899e-11
-12.6807 2.1698000000000002e-11
-12.6707 4.2472e-11
-12.6607 8.215e-11
-12.6507 1.5672e-10
-12.640699999999999 2.9601000000000005e-10
-12.6307 5.5326e-10
-12.6207 1.0227e-09
-12.6107 1.8737000000000003e-09
-12.6007 3.3956999999999998e-09
-12.5907 6.087e-09
-12.5807 1.0798000000000002e-08
-12.5707 1.9017e-08
-12.5607 3.301e-08
-12.550699999999999 5.6825999999999995e-08
-12.5407 9.672999999999999e-08
-12.5307 1.6340999999999998e-07
-12.5207 2.7262e-07
-12.5107 4.5051e-07
-12.5007 7.371000000000001e-07
-12.4907 1.1935e-06
-12.480699999999999 1.914900000000001e-06
-12.4707 3.0407e-06
-12.4607 4.776500000000001e-06
-12.4507 7.428000000000001e-06
-12.4407 1.1439000000000002e-05
-12.4307 1.7458e-05
-12.4207 2.6384999999999996e-05
-12.4107 3.9434e-05
-12.4007 5.839499999999999e-05
-12.390699999999999 8.564e-05
-12.3807 0.00012449000000000002
-12.3707 0.00017873999999999996
-12.3607 0.00025481999999999995
-12.3507 0.00035930999999999995
-12.3407 0.0005018400000000001
-12.3307 0.0006942999999999999
-12.3207 0.0009526000000000002
-12.3107 0.0012918
-12.300699999999999 0.0017377999999999994
-12.2907 0.0023141999999999998
-12.2807 0.0030556
-12.2707 0.003992099999999999
-12.2607 0.005172899999999999
-12.2507 0.006635
-12.2407 0.008436000000000003
-12.230699999999999 0.010625
-12.2207 0.013281
-12.2107 0.016399999999999998
-12.2007 0.020112
-12.1907 0.02443799999999999
-12.1807 0.029409
-12.1707 0.035115
-12.1607 0.041528
-12.1507 0.04873399999999999
-12.140699999999999 0.05666399999999999
-12.1307 0.06534
-12.1207 0.07476000000000002
-12.1107 0.08474999999999999
-12.1007 0.09542999999999999
-12.0907 0.10655999999999999
-12.0807 0.11793
-12.0707 0.12993000000000005
-12.0607 0.14191
-12.050699999999999 0.15386
-12.0407 0.16635
-12.0307 0.17779
-12.0207 0.18984
-12.0107 0.20099999999999998
-12.0007 0.21264000000000002
-11.9907 0.22326
-11.980699999999999 0.23376000000000002
-11.9707 0.24357
-11.9607 0.25329
-11.9507 0.2628
-11.9407 0.27203999999999995
-11.9307 0.28104000000000007
-11.9207 0.2898
-11.9107 0.2988
-11.9007 0.30720000000000003
-11.890699999999999 0.3159
-11.8807 0.32430000000000003
-11.8707 0.3327
-11.8607 0.3405
-11.8507 0.34859999999999997
-11.8407 0.3560999999999999
-11.8307 0.36330000000000007
-11.8207 0.3708
-11.8107 0.3768
-11.800699999999999 0.3831
-11.7907 0.3887999999999999
-11.7807 0.3942
-11.7707 0.39899999999999997
-11.7607 0.40349999999999997
-11.7507 0.40740000000000004
-11.7407 0.4103999999999999
-11.730699999999999 0.41339999999999993
-11.7207 0.41609999999999997
-11.7107 0.4185
-11.7007 0.4205999999999999
-11.6907 0.4224
-11.6807 0.42390000000000005
-11.6707 0.42510000000000003
-11.6607 0.426
-11.6507 0.4272
-11.640699999999999 0.42749999999999994
-11.6307 0.42780000000000007
-11.6207 0.42810000000000004
-11.6107 0.4287
-11.6007 0.4292999999999999
-11.5907 0.4292
-11.5807 0.4295999999999999
-11.5707 0.4296000000000001
-11.5607 0.4296000000000001
-11.550699999999999 0.4299
-11.5407 0.42989999999999995
-11.5307 0.43019999999999997
-11.5207 0.43050000000000005
-11.5107 0.4307999999999999
-11.5007 0.43079999999999996
-11.4907 0.43140000000000006
-11.480699999999999 0.43139999999999995
-11.4707 0.43170000000000003
-11.4607 0.4320000000000001
-11.4507 0.4314
-11.4407 0.43159999999999993
-11.4307 0.4311
-11.4207 0.4304999999999999
-11.4107 0.4296
-11.4007 0.42899999999999994
-11.390699999999999 0.4281000000000001
-11.3807 0.4269
-11.3707 0.42599999999999993
-11.3607 0.4254
-11.3507 0.4242000000000001
-11.3407 0.423
-11.3307 0.4215
-11.3207 0.42030000000000006
-11.3107 0.4184999999999999
-11.300699999999999 0.41669999999999996
-11.2907 0.41490000000000005
-11.2807 0.4113
-11.2707 0.408
-11.2607 0.40380000000000005
-11.2507 0.3984
-11.2407 0.39209999999999995
-11.230699999999999 0.3852
-11.2207 0.3774
-11.2107 0.3685
-11.2007 0.3588
-11.1907 0.3483000000000001
-11.1807 0.3374999999999999
-11.1707 0.32610000000000006
-11.1607 0.31439999999999996
-11.1507 0.3024
-11.140699999999999 0.29100000000000004
-11.1307 0.2798399999999999
-11.1207 0.26928
-11.1107 0.25938
-11.1007 0.25046999999999997
-11.0907 0.24195000000000005
-11.0807 0.23472
-11.0707 0.22845000000000004
-11.0607 0.22287
-11.050699999999999 0.21810000000000004
-11.0407 0.21431999999999998
-11.0307 0.21146999999999996
-11.0207 0.20847
-11.0107 0.20651999999999995
-11.0007 0.20469999999999997
-10.9907 0.20328000000000002
-10.980699999999999 0.20148
-10.9707 0.19986
-10.9607 0.19806
-10.9507 0.19613999999999998
-10.9407 0.19368000000000002
-10.9307 0.19051
-10.9207 0.18732
-10.9107 0.18333
-10.9007 0.17835000000000004
-10.890699999999999 0.17321999999999999
-10.8807 0.16735
-10.8707 0.16134
-10.8607 0.15462
-10.8507 0.14748000000000003
-10.8407 0.14057999999999998
-10.8307 0.13305
-10.8207 0.12591000000000002
-10.8107 0.11856000000000004
-10.800699999999999 0.11148000000000001
-10.7907 0.10473
-10.7807 0.09831000000000002
-10.7707 0.09243
-10.7607 0.08702999999999998
-10.7507 0.08218
-10.7407 0.07794
-10.730699999999999 0.07418999999999999
-10.7207 0.07113
-10.7107 0.06860999999999999
-10.7007 0.06663000000000001
-10.6907 0.06516000000000001
-10.6807 0.06414
-10.6707 0.06359
-10.6607 0.06348000000000001
-10.6507 0.06366
-10.640699999999999 0.06415999999999998
-10.6307 0.06498
-10.6207 0.06596999999999999
-10.6107 0.06710999999999999
-10.6007 0.06836999999999999
-10.5907 0.0696
-10.5807 0.07089
-10.5707 0.072
-10.5607 0.07304999999999999
-10.550699999999999 0.07382999999999999
-10.5407 0.07434000000000002
-10.5307 0.07449
-10.5207 0.07431
-10.5107 0.07373000000000002
-10.5007 0.07266
-10.4907 0.07115999999999999
-10.480699999999999 0.06925
-10.4707 0.06693999999999999
-10.4607 0.06420000000000001
-10.4507 0.06123000000000001
-10.4407 0.05792000000000001
-10.4307 0.054450000000000005
-10.4207 0.05082
-10.4107 0.04709999999999999
-10.4007 0.04338
-10.390699999999999 0.03975
-10.3807 0.0363
-10.3707 0.03305999999999999
-10.3607 0.030000000000000006
-10.3507 0.027209999999999995
-10.3407 0.024659999999999998
-10.3307 0.022407000000000003
-10.3207 0.020479000000000004
-10.3107 0.018810999999999998
-10.300699999999999 0.017369999999999997
-10.2907 0.016146
-10.2807 0.015141999999999997
-10.2707 0.014304000000000002
-10.2607 0.013598999999999998
-10.2507 0.012971999999999997
-10.2407 0.012431
-10.230699999999999 0.011928000000000001
-10.2207 0.011441999999999997
-10.2107 0.010965000000000003
-10.2007 0.010479000000000002
-10.1907 0.009977000000000001
-10.1807 0.009447
-10.1707 0.008895
-10.1607 0.008319
-10.1507 0.007730999999999999
-10.140699999999999 0.007127999999999999
-10.1307 0.0065190000000000005
-10.1207 0.005919000000000002
-10.1107 0.005325
-10.1007 0.004752
-10.0907 0.0042
-10.0807 0.0036810000000000002
-10.0707 0.003201
-10.0607 0.002754
-10.050699999999999 0.002346
-10.0407 0.001989
-10.0307 0.0016646999999999999
-10.0207 0.0013812000000000002
-10.0107 0.0011358
-10.0007 0.0009252
-9.9907 0.0007461000000000002
-9.980699999999999 0.0005964
-9.9707 0.0004719000000000001
-9.9607 0.0003695999999999999
-9.9507 0.0002871
-9.9407 0.0002205
-9.9307 0.00016810000000000002
-9.9207 0.00012663000000000003
-9.9107 9.447e-05
-9.9007 6.984000000000001e-05
-9.890699999999999 5.1120000000000005e-05
-9.8807 3.702000000000001e-05
-9.8707 2.664e-05
-9.8607 1.9005e-05
-9.8507 1.3559999999999999e-05
-9.8407 9.759000000000001e-06
-9.8307 7.23e-06
-9.8207 5.748e-06
-9.8107 5.152e-06
-9.800699999999999 5.4059999999999996e-06
-9.7907 6.575999999999999e-06
-9.7807 8.846e-06
-9.7707 1.2489000000000002e-05
-9.7607 1.8041999999999998e-05
-9.7507 2.6133000000000005e-05
-9.7407 3.7637e-05
-9.730699999999999 5.3865000000000014e-05
-9.7207 7.634e-05
-9.7107 0.00010726
-9.7007 0.00014894
-9.6907 0.00020495000000000002
-9.6807 0.00027901000000000005
-9.6707 0.00037612
-9.6607 0.00050216
-9.6507 0.0006633399999999999
-9.640699999999999 0.0008680000000000001
-9.6307 0.0011240999999999998
-9.6207 0.0014408
-9.6107 0.0018279
-9.6007 0.0022973
-9.5907 0.0028553000000000007
-9.5807 0.0035183999999999997
-9.570699999999999 0.0042948000000000005
-9.5607 0.0051937
-9.550699999999999 0.006218
-9.540700000000001 0.0073739999999999995
-9.5307 0.008668
-9.5207 0.010098
-9.5107 0.011628000000000001
-9.5007 0.013316999999999999
-9.4907 0.015099000000000005
-9.480699999999999 0.016939000000000003
-9.4707 0.018879
-9.4607 0.020900999999999996
-9.4507 0.022949999999999995
-9.4407 0.024968999999999998
-9.4307 0.026951999999999993
-9.4207 0.028899999999999995
-9.410699999999999 0.03083499999999999
-9.4007 0.03264
-9.390699999999999 0.03438
-9.380700000000001 0.035955
-9.3707 0.037464
-9.3607 0.03882599999999999
-9.3507 0.04012200000000001
-9.3407 0.04123800000000001
-9.3307 0.042324999999999995
-9.320699999999999 0.04331899999999999
-9.3107 0.04422000000000001
-9.300699999999999 0.04510300000000001
-9.290700000000001 0.045968999999999996
-9.2807 0.04678800000000001
-9.2707 0.047616000000000006
-9.2607 0.048485999999999994
-9.2507 0.04935900000000001
-9.2407 0.050219999999999994
-9.230699999999999 0.05112
-9.2207 0.05205000000000001
-9.2107 0.0529
-9.2007 0.05382
-9.1907 0.05458999999999999
-9.1807 0.05532000000000001
-9.1707 0.055999999999999994
-9.160699999999999 0.05654999999999999
-9.1507 0.05694000000000001
-9.140699999999999 0.05727
-9.130700000000001 0.057450000000000015
-9.1207 0.057510000000000006
-9.1107 0.0574
-9.1007 0.05718000000000001
-9.0907 0.056929999999999994
-9.0807 0.05655
-9.070699999999999 0.056160000000000015
-9.0607 0.055740000000000005
-9.050699999999999 0.055380000000000006
-9.040700000000001 0.05505
-9.0307 0.054720000000000005
-9.0207 0.05457
-9.0107 0.05447
-9.0007 0.05451
-8.9907 0.05466
-8.980699999999999 0.05493
-8.9707 0.05534
-8.9607 0.05584
-8.9507 0.05648999999999999
-8.9407 0.05723999999999999
-8.9307 0.05808000000000002
-8.9207 0.05897999999999999
-8.910699999999999 0.05999999999999999
-8.9007 0.061200000000000004
-8.890699999999999 0.06239999999999999
-8.880700000000001 0.06373999999999999
-8.8707 0.0651
-8.8607 0.06658
-8.8507 0.06816000000000001
-8.8407 0.06979999999999999
-8.8307 0.07151999999999999
-8.820699999999999 0.07325
-8.8107 0.07503000000000001
-8.800699999999999 0.07680000000000001
-8.790700000000001 0.07861999999999998
-8.7807 0.08036999999999998
-8.7707 0.08208000000000001
-8.7607 0.08362000000000001
-8.7507 0.08508999999999999
-8.7407 0.08646000000000001
-8.730699999999999 0.08771000000000001
-8.7207 0.08882000000000001
-8.7107 0.08977000000000002
-8.7007 0.09059999999999999
-8.6907 0.09122999999999999
-8.6807 0.09174
-8.6707 0.09213
-8.660699999999999 0.09240999999999999
-8.6507 0.09263999999999999
-8.640699999999999 0.0927
-8.630700000000001 0.09281999999999999
-8.6207 0.09287999999999999
-8.6107 0.09288000000000002
-8.6007 0.09287999999999996
-8.5907 0.09290999999999999
-8.5807 0.09294000000000002
-8.570699999999999 0.09294
-8.5607 0.09305999999999999
-8.550699999999999 0.09311000000000001
-8.540700000000001 0.09321000000000002
-8.5307 0.09330000000000001
-8.5207 0.09344999999999999
-8.5107 0.09363
-8.5007 0.09377999999999999
-8.4907 0.09396
-8.480699999999999 0.09409999999999999
-8.4707 0.09424
-8.4607 0.09437000000000001
-8.4507 0.09450000000000001
-8.4407 0.09457
-8.4307 0.09464999999999998
-8.4207 0.0947
-8.410699999999999 0.09473999999999999
-8.4007 0.09477000000000001
-8.390699999999999 0.09476000000000001
-8.380700000000001 0.09474
-8.3707 0.09473700000000002
-8.3607 0.094745
-8.3507 0.09481799999999999
-8.3407 0.09488200000000001
-8.3307 0.09505200000000001
-8.320699999999999 0.095391
-8.3107 0.09584599999999999
-8.300699999999999 0.09642000000000002
-8.290700000000001 0.09726699999999999
-8.2807 0.09831299999999998
-8.2707 0.099652
-8.2607 0.10134000000000001
-8.2507 0.10295399999999999
-8.2407 0.10520199999999999
-8.230699999999999 0.10772700000000002
-8.2207 0.110349
-8.2107 0.11330400000000002
-8.2007 0.11638500000000002
-8.1907 0.11950200000000002
-8.1807 0.122671
-8.1707 0.12526900000000002
-8.160699999999999 0.128481
-8.1507 0.13107000000000002
-8.140699999999999 0.133309
-8.130700000000001 0.135192
-8.1207 0.13638699999999995
-8.1107 0.136895
-8.1007 0.13698000000000002
-8.0907 0.13630799999999998
-8.0807 0.13461599999999999
-8.070699999999999 0.132493
-8.0607 0.12958800000000004
-8.050699999999999 0.12598399999999998
-8.040700000000001 0.12165299999999998
-8.0307 0.11695500000000002
-8.0207 0.11153099999999999
-8.0107 0.10604100000000002
-8.0007 0.099625
-7.9906999999999995 0.09375599999999999
-7.9807 0.087144
-7.9707 0.080659
-7.9607 0.07424400000000002
-7.950699999999999 0.067992
-7.9407 0.06185800000000001
-7.9307 0.05600099999999999
-7.9207 0.050431
-7.910699999999999 0.04521000000000001
-7.9007 0.040431
-7.8907 0.036024
-7.8807 0.032080000000000004
-7.870699999999999 0.028563000000000005
-7.8607 0.025495000000000004
-7.8507 0.022890999999999998
-7.8407 0.020737
-7.8307 0.019026000000000005
-7.8206999999999995 0.017639000000000002
-7.8107 0.016652999999999994
-7.8007 0.015972
-7.7907 0.015581999999999999
-7.7806999999999995 0.015440999999999998
-7.7707 0.015510000000000003
-7.7607 0.015717000000000002
-7.7507 0.016109000000000002
-7.7406999999999995 0.016520999999999997
-7.7307 0.017066
-7.7207 0.017538
-7.7107 0.018052
-7.700699999999999 0.018491999999999998
-7.6907 0.01889
-7.6807 0.019200000000000002
-7.6707 0.019430999999999997
-7.660699999999999 0.019570999999999998
-7.6507 0.019599
-7.6407 0.019514999999999994
-7.6307 0.019348
-7.620699999999999 0.019167
-7.6107 0.018911999999999998
-7.6007 0.018619
-7.5907 0.018331
-7.5807 0.018045
-7.5706999999999995 0.017835
-7.5607 0.017705999999999996
-7.5507 0.017667
-7.5407 0.017814000000000003
-7.5306999999999995 0.018028
-7.5207 0.018473999999999997
-7.5107 0.019088999999999995
-7.5007 0.019939
-7.4906999999999995 0.020998000000000003
-7.4807 0.022262999999999998
-7.4707 0.023739
-7.4607 0.025385999999999992
-7.450699999999999 0.027203
-7.4407 0.029165999999999997
-7.4307 0.031238999999999996
-7.4207 0.033372
-7.410699999999999 0.035581
-7.4007 0.037715
-7.3907 0.039804
-7.3807 0.04175999999999999
-7.370699999999999 0.04362
-7.3607 0.04523999999999999
-7.3507 0.046689999999999995
-7.3407 0.04792000000000001
-7.3307 0.048909999999999995
-7.3206999999999995 0.04968
-7.3107 0.05025
-7.3007 0.05064000000000001
-7.2907 0.050820000000000004
-7.2806999999999995 0.050910000000000004
-7.2707 0.05093
-7.2607 0.05100000000000001
-7.2507 0.05106
-7.2406999999999995 0.05121
-7.2307 0.05149999999999999
-7.2207 0.052000000000000005
-7.2107 0.05271
-7.200699999999999 0.053669999999999995
-7.1907 0.05493
-7.1807 0.05652
-7.1707 0.05838
-7.160699999999999 0.06054
-7.1507 0.06303
-7.1407 0.06577000000000001
-7.1307 0.06879
-7.120699999999999 0.07207000000000001
-7.1107 0.07559
-7.1007 0.07925
-7.0907 0.08305000000000001
-7.0807 0.08706000000000001
-7.0706999999999995 0.09111999999999998
-7.0607 0.09526000000000003
-7.0507 0.09946
-7.0407 0.10363000000000001
-7.0306999999999995 0.10778
-7.0207 0.11189999999999997
-7.0107 0.11588999999999999
-7.0007 0.11974
-6.9906999999999995 0.1234
-6.9807 0.12686
-6.9707 0.13002999999999998
-6.9607 0.13294999999999998
-6.950699999999999 0.13563
-6.9407 0.13776
-6.9307 0.13962999999999998
-6.9207 0.141
-6.910699999999999 0.14205
-6.9007 0.1428
-6.8907 0.14312999999999998
-6.8807 0.14325000000000002
-6.870699999999999 0.14289
-6.8607 0.14237000000000002
-6.8507 0.14175000000000001
-6.8407 0.14075999999999997
-6.8307 0.1397
-6.8206999999999995 0.13866
-6.8107 0.13758
-6.8007 0.13656
-6.7907 0.13551
-6.7806999999999995 0.13455000000000003
-6.7707 0.13365
-6.7607 0.13283999999999999
-6.7507 0.13220999999999997
-6.7406999999999995 0.13166999999999998
-6.7307 0.13127
-6.7207 0.131
-6.7107 0.13083
-6.700699999999999 0.13077000000000003
-6.6907 0.13084
-6.6807 0.13102
-6.6707 0.13137
-6.660699999999999 0.13186
-6.6507 0.13245999999999997
-6.6407 0.13326000000000002
-6.6307 0.13421000000000002
-6.620699999999999 0.13539
-6.6107 0.13682000000000002
-6.6007 0.13843000000000003
-6.5907 0.14030999999999996
-6.5807 0.14245
-6.5706999999999995 0.14484
-6.5607 0.14714
-6.5507 0.14997000000000002
-6.5407 0.15285
-6.5306999999999995 0.15620999999999996
-6.5207 0.15904000000000001
-6.5107 0.1626
-6.5007 0.16590999999999997
-6.4906999999999995 0.16899
-6.4807 0.17221000000000003
-6.4707 0.17523999999999998
-6.4607 0.1782
-6.450699999999999 0.1809
-6.4407 0.18363
-6.4307 0.18627000000000002
-6.4207 0.18831000000000003
-6.410699999999999 0.19055999999999998
-6.4007 0.19249
-6.3907 0.19440000000000002
-6.3807 0.1953
-6.370699999999999 0.19681
-6.3607 0.19806
-6.3507 0.19893999999999998
-6.3407 0.19946999999999998
-6.3307 0.20061
-6.3206999999999995 0.20112
-6.3107 0.20127000000000003
-6.3007 0.20169
-6.2907 0.20152999999999996
-6.2806999999999995 0.2016
-6.2707 0.20134999999999995
-6.2607 0.20133
-6.2507 0.20069999999999996
-6.2406999999999995 0.20063999999999999
-6.2307 0.19962
-6.2207 0.19913999999999998
-6.2107 0.19841999999999996
-6.200699999999999 0.19737000000000002
-6.1907 0.19629000000000002
-6.1807 0.19584
-6.1707 0.1947
-6.160699999999999 0.19343999999999995
-6.1507 0.19218000000000002
-6.1407 0.19149
-6.1307 0.18992999999999996
-6.120699999999999 0.18894000000000005
-6.1107 0.18825
-6.1007 0.18688999999999997
-6.0907 0.18555
-6.0807 0.18497
-6.0706999999999995 0.18378999999999998
-6.0607 0.18324
-6.0507 0.18234
-6.0407 0.18145
-6.0306999999999995 0.18123999999999998
-6.0207 0.18075000000000002
-6.0107 0.1803
-6.0007 0.1802
-5.9906999999999995 0.18009999999999998
-5.9807 0.18027
-5.9707 0.18017999999999998
-5.9607 0.18069
-5.950699999999999 0.18059999999999998
-5.9407 0.18108
-5.9307 0.18129
-5.9207 0.18174
-5.910699999999999 0.18192000000000003
-5.9007 0.18208000000000002
-5.8907 0.18253999999999998
-5.8807 0.18258000000000002
-5.870699999999999 0.18284999999999998
-5.8607 0.18311000000000002
-5.8507 0.18246
-5.8407 0.18273999999999999
-5.8307 0.18269999999999997
-5.8206999999999995 0.18240000000000003
-5.8107 0.18150000000000002
-5.8007 0.18119
-5.7907 0.18033
-5.7806999999999995 0.17976
-5.7707 0.17859000000000005
-5.7607 0.17781000000000002
-5.7507 0.17700999999999997
-5.7406999999999995 0.17628
-5.7307 0.17501999999999998
-5.7207 0.17439000000000002
-5.7107 0.17352000000000004
-5.700699999999999 0.17304
-5.6907 0.17289
-5.6807 0.17193000000000003
-5.6707 0.17193
-5.660699999999999 0.17195999999999997
-5.6507 0.17168
-5.6407 0.1719
-5.6307 0.17193
-5.620699999999999 0.17223000000000002
-5.6107 0.17208
-5.6007 0.1722
-5.5907 0.17173000000000002
-5.5807 0.1713
-5.5707 0.17090999999999998
-5.560700000000001 0.17006999999999997
-5.550699999999999 0.16874999999999998
-5.540699999999999 0.16757
-5.5306999999999995 0.16596000000000002
-5.5207 0.16427000000000003
-5.5107 0.16218
-5.5007 0.15999999999999998
-5.4907 0.15780000000000002
-5.480700000000001 0.15497999999999998
-5.470699999999999 0.15249
-5.460699999999999 0.14997
-5.450699999999999 0.14757
-5.4407 0.14523000000000003
-5.4307 0.14300000000000002
-5.4207 0.14088000000000003
-5.4107 0.13950000000000004
-5.4007000000000005 0.13767
-5.390699999999999 0.13662000000000002
-5.380699999999999 0.13565
-5.370699999999999 0.13515
-5.3607 0.13505999999999999
-5.3507 0.13481999999999997
-5.3407 0.13528
-5.3307 0.13527
-5.3207 0.13623
-5.310700000000001 0.13668000000000002
-5.300699999999999 0.13778999999999997
-5.290699999999999 0.13835
-5.2806999999999995 0.13959
-5.2707 0.14051999999999998
-5.2607 0.14187
-5.2507 0.14286
-5.2407 0.14391
-5.230700000000001 0.14505000000000004
-5.220699999999999 0.14612999999999995
-5.210699999999999 0.14698
-5.200699999999999 0.14787000000000003
-5.1907 0.14871
-5.1807 0.14958
-5.1707 0.15018
-5.1607 0.15075
-5.1507000000000005 0.15102000000000002
-5.140699999999999 0.15159
-5.130699999999999 0.15166
-5.120699999999999 0.15206999999999998
-5.1107 0.15201
-5.1007 0.15188999999999994
-5.0907 0.15176
-5.0807 0.15133999999999997
-5.0707 0.1512
-5.060700000000001 0.15102
-5.050699999999999 0.1509
-5.040699999999999 0.15044
-5.0306999999999995 0.1503
-5.0207 0.15046000000000004
-5.0107 0.15006
-5.0007 0.15028
-4.9907 0.15014999999999998
-4.980700000000001 0.15036000000000002
-4.970699999999999 0.15057
-4.960699999999999 0.15051
-4.950699999999999 0.15069
-4.9407 0.15087
-4.9307 0.15099
-4.9207 0.15079
-4.9107 0.15084
-4.9007000000000005 0.15048
-4.890699999999999 0.15009999999999998
-4.880699999999999 0.14961
-4.870699999999999 0.14907
-4.8607 0.14845999999999998
-4.8507 0.14776999999999998
-4.8407 0.14673000000000003
-4.8307 0.14592000000000002
-4.8207 0.14475
-4.810700000000001 0.14351
-4.800699999999999 0.14225
-4.790699999999999 0.14123999999999998
-4.7806999999999995 0.13985
-4.7707 0.13851
-4.7607 0.13748999999999997
-4.7507 0.13613999999999998
-4.7407 0.13479000000000002
-4.730700000000001 0.13347000000000003
-4.720699999999999 0.13212000000000002
-4.710699999999999 0.13096
-4.700699999999999 0.12975
-4.6907 0.12856
-4.6807 0.12739
-4.6707 0.12630000000000002
-4.6607 0.12523
-4.6507000000000005 0.12428999999999998
-4.640699999999999 0.12341999999999999
-4.630699999999999 0.12263000000000002
-4.620699999999999 0.12194999999999998
-4.6107 0.12140000000000001
-4.6007 0.12096000000000001
-4.5907 0.12074999999999998
-4.5807 0.12066000000000002
-4.5707 0.12069000000000002
-4.560700000000001 0.12093000000000001
-4.550699999999999 0.12123000000000002
-4.540699999999999 0.12167999999999998
-4.5306999999999995 0.12227999999999997
-4.5207 0.12296999999999997
-4.5107 0.1237
-4.5007 0.12451999999999999
-4.4907 0.12549
-4.480700000000001 0.12612000000000004
-4.470699999999999 0.12705
-4.460699999999999 0.12767
-4.450699999999999 0.12857999999999997
-4.4407 0.12918000000000002
-4.4307 0.12971999999999997
-4.4207 0.13019999999999998
-4.4107 0.13035000000000002
-4.4007000000000005 0.13071
-4.390699999999999 0.13074
-4.380699999999999 0.13098
-4.370699999999999 0.13090000000000004
-4.3607 0.1308
-4.3507 0.13052999999999998
-4.3407 0.13032000000000002
-4.3307 0.12999
-4.3207 0.12966
-4.310700000000001 0.12928
-4.300699999999999 0.12888
-4.290699999999999 0.12846
-4.2806999999999995 0.12798000000000004
-4.2707 0.12753
-4.2607 0.12701
-4.2507 0.12645000000000003
-4.2407 0.12593999999999997
-4.230700000000001 0.12532999999999997
-4.220699999999999 0.12474999999999999
-4.210699999999999 0.12411000000000004
-4.200699999999999 0.12345
-4.1907 0.12277999999999999
-4.1807 0.12200999999999998
-4.1707 0.12126
-4.1607 0.12051000000000002
-4.1507000000000005 0.11972999999999999
-4.140699999999999 0.11888999999999998
-4.130699999999999 0.11810999999999998
-4.120699999999999 0.11733000000000002
-4.1107 0.11652
-4.1007 0.11574
-4.0907 0.11503999999999999
-4.0807 0.11427999999999999
-4.0707 0.11363999999999999
-4.060700000000001 0.11301000000000001
-4.050699999999999 0.11241000000000004
-4.040699999999999 0.11195
-4.0306999999999995 0.11145
-4.0207 0.11105000000000001
-4.0107 0.11066000000000004
-4.0007 0.11030999999999999
-3.9907000000000004 0.11006999999999997
-3.9807000000000006 0.10983
-3.970699999999999 0.10958000000000004
-3.960699999999999 0.10944000000000001
-3.9506999999999994 0.10926
-3.9406999999999996 0.10919999999999998
-3.9307 0.10911000000000001
-3.9207 0.10908
-3.9107000000000003 0.10902
-3.9007000000000005 0.10903000000000003
-3.890699999999999 0.10901999999999999
-3.880699999999999 0.10907000000000001
-3.8706999999999994 0.10906999999999999
-3.8606999999999996 0.10915000000000001
-3.8507 0.10923
-3.8407 0.10926999999999999
-3.8307 0.10929000000000001
-3.8207000000000004 0.10933999999999999
-3.8107000000000006 0.10935000000000002
-3.800699999999999 0.10932000000000001
-3.7906999999999993 0.10923999999999998
-3.7806999999999995 0.10917000000000002
-3.7706999999999997 0.10894000000000001
-3.7607 0.10871
-3.7507 0.10837999999999998
-3.7407000000000004 0.10794000000000002
-3.7307000000000006 0.10739999999999998
-3.720699999999999 0.10677
-3.710699999999999 0.10601999999999999
-3.7006999999999994 0.10513000000000002
-3.6906999999999996 0.10411
-3.6807 0.10299999999999998
-3.6707 0.10176
-3.6607000000000003 0.10047
-3.6507000000000005 0.09902999999999998
-3.640699999999999 0.09749999999999999
-3.630699999999999 0.09584999999999999
-3.6206999999999994 0.09418
-3.6106999999999996 0.09243
-3.6007 0.09062999999999999
-3.5907 0.08884
-3.5807 0.08697
-3.5707000000000004 0.08518
-3.5607000000000006 0.08339999999999999
-3.550699999999999 0.0817
-3.5406999999999993 0.07995000000000001
-3.5306999999999995 0.07839000000000002
-3.5206999999999997 0.07691999999999999
-3.5107 0.07557000000000001
-3.5007 0.07429
-3.4907000000000004 0.07317
-3.4807000000000006 0.07220999999999998
-3.470699999999999 0.07139999999999999
-3.460699999999999 0.07074
-3.4506999999999994 0.07027
-3.4406999999999996 0.06992999999999999
-3.4307 0.06975
-3.4207 0.06969999999999998
-3.4107000000000003 0.06984
-3.4007000000000005 0.06999000000000001
-3.390699999999999 0.07032000000000001
-3.380699999999999 0.07071
-3.3706999999999994 0.07115
-3.3606999999999996 0.07164
-3.3507 0.07218
-3.3407 0.07275000000000001
-3.3307 0.07326
-3.3207000000000004 0.0738
-3.3107000000000006 0.07434
-3.300699999999999 0.07482
-3.2906999999999993 0.07533000000000001
-3.2806999999999995 0.07587000000000002
-3.2706999999999997 0.07637
-3.2607 0.07694
-3.2507 0.07754
-3.2407000000000004 0.07818
-3.2307000000000006 0.07896
-3.220699999999999 0.07974
-3.210699999999999 0.08063999999999999
-3.2006999999999994 0.0816
-3.1906999999999996 0.08265
-3.1807 0.08378999999999999
-3.1707 0.08505
-3.1607000000000003 0.08627999999999998
-3.1507000000000005 0.08766
-3.140699999999999 0.08892
-3.130699999999999 0.09021000000000001
-3.1206999999999994 0.09156
-3.1106999999999996 0.09287999999999999
-3.1007 0.09393000000000001
-3.0907 0.09501
-3.0807 0.09639
-3.0707000000000004 0.09731
-3.0607000000000006 0.09813000000000001
-3.050699999999999 0.09915
-3.0406999999999993 0.09988
-3.0306999999999995 0.10053
-3.0206999999999997 0.1011
-3.0107 0.10140000000000002
-3.0007 0.10182000000000001
-2.9907000000000004 0.10192000000000001
-2.9807000000000006 0.10185999999999999
-2.970699999999999 0.1014
-2.960699999999999 0.10113
-2.9506999999999994 0.10032
-2.9406999999999996 0.09948
-2.9307 0.09842999999999999
-2.9207 0.09696
-2.9107000000000003 0.09552000000000001
-2.9007000000000005 0.09387
-2.890699999999999 0.09213000000000002
-2.880699999999999 0.09033000000000001
-2.8706999999999994 0.08847
-2.8606999999999996 0.08665
-2.8507 0.08494000000000002
-2.8407 0.08331999999999999
-2.8307 0.08196000000000002
-2.8207000000000004 0.08079
-2.8107000000000006 0.07986
-2.800699999999999 0.07928999999999999
-2.7906999999999993 0.07901
-2.7806999999999995 0.07907
-2.7706999999999997 0.0794
-2.7607 0.08013
-2.7507 0.08112000000000001
-2.7407000000000004 0.08235999999999999
-2.7307000000000006 0.08391000000000001
-2.720699999999999 0.08564999999999999
-2.710699999999999 0.08757
-2.7006999999999994 0.08960000000000001
-2.6906999999999996 0.0917
-2.6807 0.09386999999999998
-2.6707 0.09599
-2.6607000000000003 0.09806999999999999
-2.6507000000000005 0.1001
-2.640699999999999 0.10203
-2.630699999999999 0.10378999999999998
-2.6206999999999994 0.10542000000000001
-2.6106999999999996 0.10695000000000002
-2.6007 0.10824
-2.5907 0.10941
-2.5807 0.11043
-2.5707000000000004 0.11139
-2.5607000000000006 0.11216999999999998
-2.550699999999999 0.11284000000000001
-2.5406999999999993 0.11341999999999999
-2.5306999999999995 0.11394
-2.5206999999999997 0.1143
-2.5107 0.11465999999999998
-2.5007 0.11493
-2.4907000000000004 0.11513999999999999
-2.4807000000000006 0.11526999999999996
-2.470699999999999 0.11528999999999999
-2.460699999999999 0.11527
-2.4506999999999994 0.11513999999999999
-2.4406999999999996 0.11487000000000001
-2.4307 0.11457000000000002
-2.4207 0.11411999999999999
-2.4107000000000003 0.11367000000000002
-2.4007000000000005 0.11304
-2.390699999999999 0.11235
-2.380699999999999 0.11153999999999997
-2.3706999999999994 0.11076000000000001
-2.3606999999999996 0.10983000000000002
-2.3507 0.10887
-2.3407 0.10789000000000001
-2.3307 0.10683
-2.3207000000000004 0.10573000000000002
-2.3107000000000006 0.10463999999999998
-2.300699999999999 0.10349000000000001
-2.2906999999999993 0.10233
-2.2806999999999995 0.10111999999999999
-2.2706999999999997 0.09983999999999998
-2.2607 0.09854999999999998
-2.2507 0.09726000000000003
-2.2407000000000004 0.09590999999999998
-2.2307000000000006 0.09449999999999999
-2.220699999999999 0.09307
-2.210699999999999 0.09159
-2.2006999999999994 0.09015000000000001
-2.1906999999999996 0.08861999999999999
-2.1807 0.08705999999999998
-2.1707 0.08555999999999998
-2.1607000000000003 0.08406000000000001
-2.1507000000000005 0.08255000000000003
-2.140699999999999 0.08103
-2.130699999999999 0.07955999999999999
-2.1206999999999994 0.07801
-2.1106999999999996 0.07658999999999999
-2.1007 0.07508
-2.0907 0.07358999999999999
-2.0807 0.07207
-2.0707000000000004 0.07053
-2.0607000000000006 0.06894000000000002
-2.050699999999999 0.0673
-2.0406999999999993 0.06558
-2.0306999999999995 0.06378
-2.0206999999999997 0.061879999999999984
-2.0107 0.059969999999999996
-2.0007 0.05793
-1.9907000000000004 0.05594999999999999
-1.9807000000000006 0.05385
-1.970699999999999 0.05179
-1.9606999999999992 0.04971000000000001
-1.9506999999999994 0.04770000000000001
-1.9406999999999996 0.045737
-1.9306999999999999 0.04391899999999999
-1.9207 0.04218899999999999
-1.9107000000000003 0.040677000000000005
-1.9007000000000005 0.039333
-1.890699999999999 0.038163
-1.8806999999999992 0.037235000000000004
-1.8706999999999994 0.036493
-1.8606999999999996 0.036030000000000006
-1.8506999999999998 0.035755999999999996
-1.8407 0.035712
-1.8307000000000002 0.035851
-1.8207000000000004 0.036143999999999996
-1.8107000000000006 0.036617000000000004
-1.800699999999999 0.037129999999999996
-1.7906999999999993 0.037773
-1.7806999999999995 0.03837700000000001
-1.7706999999999997 0.03902900000000001
-1.7607 0.039597
-1.7507000000000001 0.04001800000000001
-1.7407000000000004 0.040365000000000005
-1.7307000000000006 0.04049200000000001
-1.720699999999999 0.040451999999999995
-1.7106999999999992 0.040145999999999994
-1.7006999999999994 0.039626999999999996
-1.6906999999999996 0.03880499999999999
-1.6806999999999999 0.037807
-1.6707 0.036534000000000004
-1.6607000000000003 0.035064
-1.6507000000000005 0.033347999999999996
-1.640699999999999 0.031512000000000005
-1.6306999999999992 0.029494999999999997
-1.6206999999999994 0.027391999999999996
-1.6106999999999996 0.025239
-1.6006999999999998 0.023034
-1.5907 0.020837999999999995
-1.5807000000000002 0.018688
-1.5707000000000004 0.0165801
-1.5607000000000006 0.014625699999999998
-1.550699999999999 0.012738100000000002
-1.5406999999999993 0.011026000000000001
-1.5306999999999995 0.009419200000000003
-1.5206999999999997 0.007989
-1.5107 0.0067204000000000005
-1.5007000000000001 0.0055817
-1.4907000000000004 0.0045997
-1.4807000000000006 0.0037514999999999996
-1.470699999999999 0.0030292000000000006
-1.4606999999999992 0.0024230999999999996
-1.4506999999999994 0.0019170999999999997
-1.4406999999999996 0.0015027299999999996
-1.4306999999999999 0.0011682300000000001
-1.4207 0.00089605
-1.4107000000000003 0.0006817800000000002
-1.4007000000000005 0.0005123799999999999
-1.390699999999999 0.00038181999999999995
-1.3806999999999992 0.00028155
-1.3706999999999994 0.00020544999999999998
-1.3606999999999996 0.00014829199999999996
-1.3506999999999998 0.00010597900000000002
-1.3407 7.5059e-05
-1.3307000000000002 5.253400000000001e-05
-1.3207000000000004 3.6408e-05
-1.3107000000000006 2.4972000000000004e-05
-1.300699999999999 1.69434e-05
-1.2906999999999993 1.1384e-05
-1.2806999999999995 7.550599999999999e-06
-1.2706999999999997 4.967799999999999e-06
-1.2607 3.2324e-06
-1.2507000000000001 2.0807000000000003e-06
-1.2407000000000004 1.32496e-06
-1.2307000000000006 8.349100000000001e-07
-1.220699999999999 5.210200000000001e-07
-1.2106999999999992 3.2134999999999995e-07
-1.2006999999999994 1.9610999999999997e-07
-1.1906999999999996 1.1880099999999998e-07
-1.1806999999999999 7.088699999999999e-08
-1.1707 4.1923000000000004e-08
-1.1607000000000003 2.453e-08
-1.1507000000000005 1.4206800000000004e-08
-1.140699999999999 8.1403e-09
-1.1306999999999992 4.614199999999999e-09
-1.1206999999999994 2.5870999999999995e-09
-1.1106999999999996 1.43577e-09
-1.1006999999999998 7.872699999999999e-10
-1.0907 4.278599999999999e-10
-1.0807000000000002 2.2989999999999998e-10
-1.0707000000000004 1.2218300000000004e-10
-1.0607000000000006 6.435e-11
-1.050699999999999 3.343e-11
-1.0406999999999993 1.72324e-11
-1.0306999999999995 8.773799999999999e-12
-1.0206999999999997 4.411699999999999e-12
-1.0107 2.1969199999999995e-12
-1.0007000000000001 1.0837599999999998e-12
-0.9907000000000004 5.2228e-13
-0.9807000000000006 2.4605099999999997e-13
-0.970699999999999 9.795999999999999e-14
-0.9606999999999992 1.9347299999999998e-14
-0.9506999999999994 0.0
-0.9406999999999996 0.0
-0.9306999999999999 0.0
-0.9207000000000001 0.0
-0.9107000000000003 0.0
-0.9007000000000005 0.0
-0.8906999999999989 0.0
-0.8806999999999992 0.0
-0.8706999999999994 0.0
-0.8606999999999996 0.0
-0.8506999999999998 0.0
-0.8407 0.0
-0.8307000000000002 0.0
-0.8207000000000004 0.0
-0.8107000000000006 0.0
-0.8006999999999991 0.0
-0.7906999999999993 0.0
-0.7806999999999995 0.0
-0.7706999999999997 0.0
-0.7606999999999999 0.0
-0.7507000000000001 0.0
-0.7407000000000004 0.0
-0.7307000000000006 0.0
-0.720699999999999 0.0
-0.7106999999999992 0.0
-0.7006999999999994 0.0
-0.6906999999999996 0.0
-0.6806999999999999 0.0
-0.6707000000000001 0.0
-0.6607000000000003 0.0
-0.6507000000000005 0.0
-0.6406999999999989 0.0
-0.6306999999999992 0.0
-0.6206999999999994 8.208e-15
-0.6106999999999996 1.0229999999999999e-13
-0.6006999999999998 3.2139000000000006e-13
-0.5907 7.812599999999999e-13
-0.5807000000000002 1.6224e-12
-0.5707000000000004 3.3134e-12
-0.5607000000000006 6.6807e-12
-0.5506999999999991 1.3358999999999998e-11
-0.5406999999999993 2.6439000000000002e-11
-0.5306999999999995 5.171000000000001e-11
-0.5206999999999997 1.0008000000000002e-10
-0.5106999999999999 1.9139999999999995e-10
-0.5007000000000001 3.6261000000000005e-10
-0.49070000000000036 6.8034e-10
-0.48070000000000057 1.2606e-09
-0.470699999999999 2.3089e-09
-0.4606999999999992 4.1922e-09
-0.45069999999999943 7.524600000000001e-09
-0.44069999999999965 1.3340999999999998e-08
-0.43069999999999986 2.3481999999999995e-08
-0.4207000000000001 4.0796e-08
-0.4107000000000003 7.024800000000001e-08
-0.4007000000000005 1.1937000000000002e-07
-0.39069999999999894 2.0104000000000003e-07
-0.38069999999999915 3.3475e-07
-0.37069999999999936 5.5165e-07
-0.3606999999999996 9.006e-07
-0.3506999999999998 1.4505e-06
-0.3407 2.3181e-06
-0.3307000000000002 3.6587999999999996e-06
-0.32070000000000043 5.716499999999999e-06
-0.31070000000000064 8.829299999999999e-06
-0.3006999999999991 1.3519e-05
-0.2906999999999993 2.0478000000000003e-05
-0.2806999999999995 3.066300000000001e-05
-0.2706999999999997 4.542600000000001e-05
-0.26069999999999993 6.657599999999998e-05
-0.25070000000000014 9.675e-05
-0.24070000000000036 0.00013866
-0.23070000000000057 0.00019731
-0.220699999999999 0.00027711
-0.21069999999999922 0.00038577
-0.20069999999999943 0.00053133
-0.19069999999999965 0.0007239500000000001
-0.18069999999999986 0.0009746999999999999
-0.17070000000000007 0.0013053000000000001
-0.1607000000000003 0.0017212999999999998
-0.1507000000000005 0.0022506000000000006
-0.14069999999999894 0.0029121999999999998
-0.13069999999999915 0.0037309999999999995
-0.12069999999999936 0.0047322
-0.11069999999999958 0.005946300000000001
-0.10069999999999979 0.007380300000000002
-0.0907 0.0090873
-0.08070000000000022 0.011100000000000002
-0.07070000000000043 0.013389000000000002
-0.06070000000000064 0.016013
-0.05069999999999908 0.018936000000000005
-0.04069999999999929 0.022232999999999996
-0.030699999999999505 0.025823
-0.02069999999999972 0.02975999999999999
-0.010699999999999932 0.033965
-0.000700000000000145 0.038459999999999994
0.009299999999999642 0.043136999999999995
0.01929999999999943 0.047992999999999994
0.029300000000000992 0.052955
0.03930000000000078 0.057953
0.049300000000000566 0.062955
0.05930000000000035 0.06784799999999999
0.06930000000000014 0.072606
0.07929999999999993 0.077133
0.08929999999999971 0.081396
0.0992999999999995 0.085632
0.10930000000000106 0.08904600000000001
0.11930000000000085 0.09239100000000003
0.12930000000000064 0.09523699999999997
0.13930000000000042 0.09766100000000001
0.1493000000000002 0.09957600000000001
0.1593 0.10135499999999999
0.16929999999999978 0.102468
0.17929999999999957 0.103455
0.18929999999999936 0.104052
0.19930000000000092 0.104556
0.2093000000000007 0.10464299999999997
0.2193000000000005 0.10494400000000001
0.22930000000000028 0.10457999999999999
0.23930000000000007 0.10475999999999999
0.24929999999999986 0.10455
0.25929999999999964 0.10464
0.26929999999999943 0.1047
0.279300000000001 0.10508999999999998
0.2893000000000008 0.10545
0.29930000000000057 0.10611
0.30930000000000035 0.10746000000000001
0.31930000000000014 0.10826999999999999
0.3292999999999999 0.10974
0.3392999999999997 0.11186
0.3492999999999995 0.11343
0.35930000000000106 0.11564999999999999
0.36930000000000085 0.11736
0.37930000000000064 0.11970000000000001
0.3893000000000004 0.12180000000000002
0.3993000000000002 0.1239
0.4093 0.12573000000000004
0.4192999999999998 0.12749999999999997
0.42929999999999957 0.129
0.43929999999999936 0.13035
0.4493000000000009 0.1311
0.4593000000000007 0.13143
0.4693000000000005 0.13137000000000001
0.4793000000000003 0.13115999999999997
0.48930000000000007 0.13055999999999998
0.49929999999999986 0.12921000000000002
0.5092999999999996 0.12747
0.5192999999999994 0.12525
0.529300000000001 0.12310000000000001
0.5393000000000008 0.12066
0.5493000000000006 0.1179
0.5593000000000004 0.11544
0.5693000000000001 0.11298
0.5792999999999999 0.11024999999999997
0.5892999999999997 0.10818000000000001
0.5992999999999995 0.10622999999999999
0.6093000000000011 0.10472999999999998
0.6193000000000008 0.10400999999999999
0.6293000000000006 0.1038
0.6393000000000004 0.10449
0.6493000000000002 0.10539
0.6593 0.10713
0.6692999999999998 0.10983
0.6792999999999996 0.11339999999999999
0.6892999999999994 0.11757000000000004
0.6993000000000009 0.12264
0.7093000000000007 0.12822999999999998
0.7193000000000005 0.13464
0.7293000000000003 0.14093999999999998
0.7393000000000001 0.14833
0.7492999999999999 0.15550000000000003
0.7592999999999996 0.16306
0.7692999999999994 0.17067000000000002
0.779300000000001 0.17791
0.7893000000000008 0.18538000000000002
0.7993000000000006 0.19248000000000004
0.8093000000000004 0.19913999999999998
0.8193000000000001 0.20544000000000007
0.8292999999999999 0.21161999999999997
0.8392999999999997 0.21659999999999996
0.8492999999999995 0.22194000000000005
0.8593000000000011 0.22631999999999997
0.8693000000000008 0.23036999999999996
0.8793000000000006 0.23355000000000004
0.8893000000000004 0.23697000000000001
0.8993000000000002 0.23915999999999998
0.9093 0.24165000000000003
0.9192999999999998 0.24317999999999998
0.9292999999999996 0.24438
0.9392999999999994 0.24528
0.9493000000000009 0.24611999999999998
0.9593000000000007 0.24572999999999998
0.9693000000000005 0.24588000000000004
0.9793000000000003 0.24480000000000007
0.9893000000000001 0.24396000000000004
0.9992999999999999 0.24219000000000002
1.0092999999999996 0.24042
1.0192999999999994 0.23829000000000006
1.029300000000001 0.23552999999999993
1.0393000000000008 0.23247
1.0493000000000006 0.22935
1.0593000000000004 0.22566000000000003
1.0693000000000001 0.22224000000000005
1.0793 0.21854000000000004
1.0892999999999997 0.21545999999999998
1.0992999999999995 0.21207
1.109300000000001 0.20871000000000003
1.1193000000000008 0.20562
1.1293000000000006 0.20322
1.1393000000000004 0.20109
1.1493000000000002 0.19868999999999998
1.1593 0.19719
1.1692999999999998 0.19574999999999998
1.1792999999999996 0.19461000000000003
1.1892999999999994 0.19347
1.199300000000001 0.19329
1.2093000000000007 0.19251
1.2193000000000005 0.19236000000000003
1.2293000000000003 0.19196999999999997
1.2393 0.19221
1.2492999999999999 0.19247999999999998
1.2592999999999996 0.19224
1.2692999999999994 0.19233000000000003
1.279300000000001 0.19340999999999997
1.2893000000000008 0.19358999999999998
1.2993000000000006 0.19388999999999998
1.3093000000000004 0.19448999999999997
1.3193000000000001 0.19485
1.3293 0.19554000000000002
1.3392999999999997 0.19564
1.3492999999999995 0.19601999999999997
1.359300000000001 0.19581
1.3693000000000008 0.19578
1.3793000000000006 0.19482
1.3893000000000004 0.19437000000000004
1.3993000000000002 0.19203
1.4093 0.18989999999999999
1.4192999999999998 0.18684000000000003
1.4292999999999996 0.18353999999999998
1.4392999999999994 0.17888999999999997
1.449300000000001 0.17421
1.4593000000000007 0.16896000000000003
1.4693000000000005 0.16355999999999998
1.4793000000000003 0.15792
1.4893 0.15216000000000002
1.4992999999999999 0.14687999999999998
1.5092999999999996 0.14204999999999998
1.5192999999999994 0.13757999999999998
1.529300000000001 0.13398
1.5393000000000008 0.13172999999999999
1.5493000000000006 0.13013999999999998
1.5593000000000004 0.13005
1.5693000000000001 0.13107999999999997
1.5793 0.13341
1.5892999999999997 0.1371
1.5992999999999995 0.14171999999999998
1.609300000000001 0.14784
1.6193000000000008 0.15456999999999999
1.6293000000000006 0.16235
1.6393000000000004 0.17079
1.6493000000000002 0.17984999999999998
1.6593 0.18908999999999998
1.6692999999999998 0.19827000000000003
1.6792999999999996 0.2073
1.6892999999999994 0.21681
1.699300000000001 0.22578999999999996
1.7093000000000007 0.23480999999999994
1.7193000000000005 0.24291000000000001
1.7293000000000003 0.25074
1.7393 0.25823999999999997
1.7492999999999999 0.26543999999999995
1.7592999999999996 0.27208
1.7692999999999994 0.27858999999999995
1.779300000000001 0.2847
1.7893000000000008 0.29040000000000005
1.7993000000000006 0.2958
1.8093000000000004 0.3012
1.8193000000000001 0.30600000000000005
1.8293 0.3108
1.8392999999999997 0.31529999999999997
1.8492999999999995 0.3192
1.859300000000001 0.32370000000000004
1.8693000000000008 0.3273
1.8793000000000006 0.3312
1.8893000000000004 0.33419999999999994
1.8993000000000002 0.3375000000000001
1.9093 0.34109999999999996
1.9192999999999998 0.34380000000000005
1.9292999999999996 0.3465000000000001
1.9392999999999994 0.34890000000000004
1.949300000000001 0.35100000000000003
1.9593000000000007 0.35369999999999996
1.9693000000000005 0.35580000000000006
1.9793000000000003 0.3582
1.9893 0.36069999999999997
1.9992999999999999 0.3633
2.0092999999999996 0.36600000000000005
2.0192999999999994 0.369
2.029300000000001 0.3717
2.039300000000001 0.3747
2.0493000000000006 0.378
2.0593000000000004 0.3816000000000001
2.0693 0.3845999999999999
2.0793 0.38789999999999997
2.0892999999999997 0.39089999999999997
2.0992999999999995 0.3936
2.109300000000001 0.3969
2.119300000000001 0.3992000000000001
2.1293000000000006 0.4010999999999999
2.1393000000000004 0.4025999999999999
2.1493 0.40380000000000005
2.1593 0.4043999999999999
2.1693 0.40430000000000005
2.1792999999999996 0.40379999999999994
2.1892999999999994 0.4020000000000001
2.199300000000001 0.4008
2.2093000000000007 0.39840000000000003
2.2193000000000005 0.3959999999999999
2.2293000000000003 0.39300000000000007
2.2393 0.3903000000000001
2.2493 0.3873
2.2592999999999996 0.38460000000000005
2.2692999999999994 0.3818999999999999
2.279300000000001 0.3792
2.289300000000001 0.37620000000000003
2.2993000000000006 0.37409999999999993
2.3093000000000004 0.37289999999999995
2.3193 0.3716999999999999
2.3293 0.3707999999999999
2.3392999999999997 0.3696
2.3492999999999995 0.36989999999999995
2.359300000000001 0.3702
2.369300000000001 0.3698
2.3793000000000006 0.3705
2.3893000000000004 0.3708
2.3993 0.3705
2.4093000000000018 0.3702000000000001
2.4193 0.3693
2.4293000000000013 0.3678
2.4392999999999994 0.3657
2.449300000000001 0.36229999999999996
2.459299999999999 0.35819999999999996
2.4693000000000005 0.3531
2.4792999999999985 0.3468
2.4893 0.3405
2.4993000000000016 0.33240000000000003
2.5092999999999996 0.3243
2.519300000000001 0.31529999999999997
2.529299999999999 0.306
2.539300000000001 0.29640000000000005
2.549299999999999 0.2871000000000001
2.5593000000000004 0.27780000000000005
2.569300000000002 0.2688
2.5793 0.2607
2.5893000000000015 0.2532
2.5992999999999995 0.24630000000000005
2.609300000000001 0.24029999999999999
2.619299999999999 0.23580000000000004
2.6293000000000006 0.23190000000000002
2.6392999999999986 0.22890000000000002
2.6493 0.22680000000000003
2.6593000000000018 0.22590000000000007
2.6693 0.22560000000000002
2.6793000000000013 0.22560000000000002
2.6892999999999994 0.2262
2.699300000000001 0.22800000000000006
2.709299999999999 0.22920000000000001
2.7193000000000005 0.2313
2.7292999999999985 0.23249999999999993
2.7393 0.2349
2.7493000000000016 0.23670000000000002
2.7592999999999996 0.2376
2.769300000000001 0.24000000000000002
2.779299999999999 0.2415
2.789300000000001 0.24300000000000002
2.799299999999999 0.24389999999999998
2.8093000000000004 0.24510000000000004
2.819300000000002 0.24690000000000006
2.8293 0.2484
2.8393000000000015 0.25020000000000003
2.8492999999999995 0.252
2.859300000000001 0.2544
2.869299999999999 0.2574
2.8793000000000006 0.26039999999999996
2.8892999999999986 0.2646
2.8993 0.2685
2.9093000000000018 0.273
2.9193 0.2784
2.9293000000000013 0.2841
2.9392999999999994 0.2898
2.949300000000001 0.2967
2.959299999999999 0.3027000000000001
2.9693000000000005 0.3087
2.9792999999999985 0.3144
2.9893 0.3198000000000001
2.9993000000000016 0.3243
3.0092999999999996 0.3282
3.019300000000001 0.3309
3.029299999999999 0.3327
3.039300000000001 0.3338
3.049299999999999 0.3333
3.0593000000000004 0.33120000000000005
3.069300000000002 0.32850000000000007
3.0793 0.3242999999999999
3.0893000000000015 0.3198
3.0992999999999995 0.31359999999999993
3.109300000000001 0.30660000000000004
3.119299999999999 0.29910000000000003
3.1293000000000006 0.29129999999999995
3.1392999999999986 0.2835
3.1493 0.27540000000000003
3.1593000000000018 0.2671
3.1693 0.2592
3.1793000000000013 0.2514
3.1892999999999994 0.2445
3.199300000000001 0.2376
3.209299999999999 0.23190000000000002
3.2193000000000005 0.22649999999999998
3.2292999999999985 0.22200000000000003
3.2393 0.2178
3.2493000000000016 0.21479999999999996
3.2592999999999996 0.21180000000000002
3.269300000000001 0.21
3.279299999999999 0.20858999999999997
3.289300000000001 0.20813999999999996
3.299299999999999 0.20811
3.3093000000000004 0.20847
3.319300000000002 0.20951999999999996
3.3293 0.21090000000000006
3.3393000000000015 0.21280000000000002
3.3492999999999995 0.2145
3.359300000000001 0.21750000000000005
3.369299999999999 0.21990000000000004
3.3793000000000006 0.22229999999999994
3.3892999999999986 0.2256
3.3993 0.22860000000000005
3.4093000000000018 0.2316
3.4193 0.2346
3.4293000000000013 0.23729999999999998
3.4392999999999994 0.23910000000000003
3.449300000000001 0.24150000000000002
3.459299999999999 0.2427
3.4693000000000005 0.24390000000000003
3.4792999999999985 0.24450000000000005
3.4893 0.24480000000000007
3.4993000000000016 0.2442
3.5092999999999996 0.243
3.519300000000001 0.24150000000000005
3.529299999999999 0.23939999999999995
3.539300000000001 0.23700000000000002
3.549299999999999 0.2334
3.5593000000000004 0.23029999999999998
3.569300000000002 0.2265
3.5793 0.22260000000000002
3.5893000000000015 0.219
3.5992999999999995 0.2151
3.609300000000001 0.21119999999999997
3.619299999999999 0.207
3.6293000000000006 0.20339999999999994
3.6392999999999986 0.2001
3.6493 0.19660000000000005
3.6593000000000018 0.1938
3.6693 0.19133999999999998
3.6793000000000013 0.18879000000000004
3.6892999999999994 0.18665000000000007
3.699300000000001 0.18431
3.709299999999999 0.18241000000000002
3.7193000000000005 0.18019
3.7292999999999985 0.17827
3.7393 0.17602000000000004
3.7493000000000016 0.17414
3.7592999999999996 0.17176999999999998
3.769300000000001 0.16924999999999998
3.779299999999999 0.16661
3.789300000000001 0.16382
3.799299999999999 0.16083
3.8093000000000004 0.15764999999999998
3.819300000000002 0.15423000000000003
3.8293 0.15070000000000003
3.8393000000000015 0.14696
3.8492999999999995 0.14311
3.859300000000001 0.13916
3.869299999999999 0.1351
3.8793000000000006 0.13099000000000002
3.8892999999999986 0.12679000000000004
3.8993 0.12251999999999999
3.9093000000000018 0.11828999999999998
3.9193 0.11394000000000001
3.9293000000000013 0.10963000000000002
3.9392999999999994 0.10532
3.949300000000001 0.10101000000000002
3.959299999999999 0.09668999999999998
3.9693000000000005 0.09237999999999999
3.9792999999999985 0.08812
3.9893 0.08390999999999998
3.9993000000000016 0.07972000000000001
4.0093 0.07558999999999999
4.019300000000001 0.07154
4.029299999999999 0.06752999999999999
4.039300000000001 0.06363999999999999
4.049299999999999 0.059820000000000005
4.0593 0.05613
4.069300000000002 0.05251
4.0793 0.04902000000000001
4.0893000000000015 0.04568
4.0992999999999995 0.04242
4.109300000000001 0.03929
4.119299999999999 0.0363
4.129300000000001 0.033460000000000004
4.139299999999999 0.03074
4.1493 0.02814
4.159300000000002 0.025730000000000003
4.1693 0.023424
4.179300000000001 0.021284
4.189299999999999 0.019243
4.199300000000001 0.017346000000000004
4.209299999999999 0.015601000000000002
4.2193000000000005 0.013965
4.2292999999999985 0.012458000000000002
4.2393 0.011068
4.249300000000002 0.009792
4.2593 0.008626999999999998
4.269300000000001 0.007561000000000001
4.279299999999999 0.0065980000000000006
4.289300000000001 0.00572
4.299299999999999 0.004941999999999999
4.3093 0.004237
4.319300000000002 0.0036149999999999997
4.3293 0.0030620000000000005
4.3393000000000015 0.0025789999999999997
4.3492999999999995 0.0021533999999999998
4.359300000000001 0.0017854000000000001
4.369299999999999 0.0014712999999999998
4.379300000000001 0.0012005
4.389299999999999 0.0009727
4.3993 0.0007811999999999999
4.409300000000002 0.0006220999999999999
4.4193 0.0004909999999999999
4.429300000000001 0.000384
4.439299999999999 0.0002976
4.449300000000001 0.00022867999999999999
4.459299999999999 0.00017359000000000002
4.4693000000000005 0.00013073999999999998
4.4792999999999985 9.755000000000001e-05
4.4893 7.203000000000001e-05
4.499300000000002 5.267e-05
4.5093 3.811e-05
4.519300000000001 2.7323e-05
4.529299999999999 1.9366e-05
4.539300000000001 1.3589000000000002e-05
4.549299999999999 9.435e-06
4.5593 6.4879999999999995e-06
4.569300000000002 4.412999999999999e-06
4.5793 2.9699999999999995e-06
4.5893000000000015 1.9787000000000002e-06
4.5992999999999995 1.3055e-06
4.609300000000001 8.510000000000001e-07
4.619299999999999 5.492e-07
4.629300000000001 3.509e-07
