-22.402900000000002 0.5528
-22.3929 0.39880000000000004
-22.3829 0.2848
-22.3729 0.20129999999999998
-22.362900000000003 0.1409
-22.352899999999998 0.09759999999999999
-22.3429 0.067
-22.332900000000002 0.04543
-22.3229 0.03052
-22.3129 0.020309999999999998
-22.3029 0.01337
-22.292900000000003 0.008709999999999999
-22.2829 0.005617
-22.2729 0.003587
-22.262900000000002 0.002268
-22.2529 0.001418
-22.2429 0.000877
-22.2329 0.0005379
-22.222900000000003 0.00032620000000000007
-22.2129 0.0001959
-22.2029 0.00011630000000000002
-22.1929 6.84e-05
-22.1829 3.982e-05
-22.1729 2.2930000000000002e-05
-22.1629 1.307e-05
-22.152900000000002 7.37e-06
-22.1429 4.118e-06
-22.1329 2.2750000000000002e-06
-22.1229 1.245e-06
-22.112900000000003 6.75e-07
-22.102899999999998 3.6090000000000006e-07
-22.0929 1.914e-07
-22.082900000000002 1.004e-07
-22.0729 5.209e-08
-22.0629 2.674e-08
-22.0529 1.357e-08
-22.042900000000003 6.830000000000001e-09
-22.0329 3.3720000000000003e-09
-22.0229 1.611e-09
-22.012900000000002 7.44e-10
-22.0029 3.1639999999999996e-10
-21.9929 1.302e-10
-21.9829 5.151e-11
-21.972900000000003 7.86e-12
-21.9629 0.0
-21.9529 0.0
-21.9429 0.0
-21.9329 0.0
-21.9229 0.0
-21.9129 0.0
-21.902900000000002 0.0
-21.8929 0.0
-21.8829 0.0
-21.8729 0.0
-21.862900000000003 0.0
-21.852899999999998 0.0
-21.8429 0.0
-21.832900000000002 0.0
-21.8229 0.0
-21.8129 0.0
-21.8029 0.0
-21.792900000000003 0.0
-21.7829 0.0
-21.7729 0.0
-21.762900000000002 0.0
-21.7529 0.0
-21.7429 0.0
-21.7329 0.0
-21.722900000000003 0.0
-21.7129 0.0
-21.7029 0.0
-21.6929 0.0
-21.6829 0.0
-21.6729 0.0
-21.6629 0.0
-21.652900000000002 0.0
-21.6429 0.0
-21.6329 0.0
-21.6229 0.0
-21.612900000000003 0.0
-21.602899999999998 0.0
-21.5929 0.0
-21.582900000000002 0.0
-21.5729 0.0
-21.5629 0.0
-21.5529 0.0
-21.542900000000003 0.0
-21.5329 0.0
-21.5229 0.0
-21.512900000000002 0.0
-21.5029 0.0
-21.4929 0.0
-21.4829 0.0
-21.472900000000003 0.0
-21.4629 0.0
-21.4529 0.0
-21.4429 0.0
-21.4329 0.0
-21.4229 0.0
-21.4129 0.0
-21.402900000000002 0.0
-21.3929 0.0
-21.3829 0.0
-21.3729 0.0
-21.362900000000003 0.0
-21.352899999999998 0.0
-21.3429 0.0
-21.332900000000002 0.0
-21.3229 0.0
-21.3129 0.0
-21.3029 0.0
-21.292900000000003 0.0
-21.2829 0.0
-21.2729 0.0
-21.262900000000002 0.0
-21.2529 0.0
-21.2429 0.0
-21.2329 0.0
-21.222900000000003 0.0
-21.2129 0.0
-21.2029 0.0
-21.1929 0.0
-21.1829 0.0
-21.1729 0.0
-21.1629 0.0
-21.152900000000002 0.0
-21.1429 0.0
-21.1329 0.0
-21.1229 0.0
-21.112900000000003 0.0
-21.102899999999998 0.0
-21.0929 0.0
-21.082900000000002 0.0
-21.0729 0.0
-21.0629 0.0
-21.0529 0.0
-21.042900000000003 0.0
-21.0329 0.0
-21.0229 0.0
-21.012900000000002 0.0
-21.0029 0.0
-20.9929 0.0
-20.9829 0.0
-20.972900000000003 0.0
-20.9629 0.0
-20.9529 0.0
-20.9429 0.0
-20.9329 0.0
-20.9229 0.0
-20.9129 0.0
-20.902900000000002 0.0
-20.8929 0.0
-20.8829 0.0
-20.8729 0.0
-20.862900000000003 0.0
-20.852899999999998 0.0
-20.8429 0.0
-20.832900000000002 0.0
-20.8229 0.0
-20.8129 0.0
-20.8029 0.0
-20.792900000000003 0.0
-20.7829 0.0
-20.7729 0.0
-20.762900000000002 0.0
-20.7529 0.0
-20.7429 0.0
-20.7329 0.0
-20.722900000000003 0.0
-20.7129 0.0
-20.7029 0.0
-20.6929 0.0
-20.6829 0.0
-20.6729 0.0
-20.6629 0.0
-20.652900000000002 0.0
-20.6429 0.0
-20.6329 0.0
-20.6229 0.0
-20.612900000000003 0.0
-20.602899999999998 0.0
-20.5929 0.0
-20.582900000000002 0.0
-20.5729 0.0
-20.5629 0.0
-20.5529 0.0
-20.542900000000003 0.0
-20.5329 0.0
-20.5229 0.0
-20.512900000000002 0.0
-20.5029 0.0
-20.4929 0.0
-20.4829 0.0
-20.472900000000003 0.0
-20.4629 0.0
-20.4529 0.0
-20.4429 0.0
-20.4329 0.0
-20.4229 0.0
-20.4129 0.0
-20.402900000000002 0.0
-20.3929 0.0
-20.3829 0.0
-20.3729 0.0
-20.3629 0.0
-20.3529 0.0
-20.3429 0.0
-20.332900000000002 0.0
-20.3229 0.0
-20.3129 0.0
-20.3029 0.0
-20.2929 0.0
-20.2829 0.0
-20.2729 0.0
-20.262900000000002 6.479700000000001e-18
-20.2529 1.35851e-17
-20.2429 2.82037e-17
-20.2329 2.0729999999999999e-16
-20.222900000000003 4.304e-16
-20.2129 8.840000000000001e-16
-20.2029 1.797e-15
-20.1929 3.614e-15
-20.1829 7.196e-15
-20.1729 1.416e-14
-20.1629 2.87e-14
-20.152900000000002 5.593e-14
-20.1429 1.081e-13
-20.1329 2.072e-13
-20.1229 3.8969999999999994e-13
-20.1129 7.259e-13
-20.1029 1.337e-12
-20.0929 2.4389999999999996e-12
-20.082900000000002 4.409e-12
-20.0729 7.9e-12
-20.0629 1.3980000000000001e-11
-20.0529 2.4529999999999998e-11
-20.0429 4.263e-11
-20.0329 7.335000000000001e-11
-20.0229 1.251e-10
-20.012900000000002 2.1149999999999997e-10
-20.0029 3.539e-10
-19.9929 5.86e-10
-19.9829 9.64e-10
-19.972900000000003 1.569e-09
-19.9629 2.531e-09
-19.9529 4.048e-09
-19.9429 6.419e-09
-19.9329 1.008e-08
-19.9229 1.568e-08
-19.9129 2.423e-08
-19.902900000000002 3.706e-08
-19.8929 5.627e-08
-19.8829 8.45e-08
-19.8729 1.262e-07
-19.8629 1.867e-07
-19.8529 2.7390000000000004e-07
-19.8429 3.985e-07
-19.832900000000002 5.751e-07
-19.8229 8.220000000000001e-07
-19.8129 1.167e-06
-19.8029 1.6409999999999998e-06
-19.7929 2.288e-06
-19.7829 3.166e-06
-19.7729 4.342e-06
-19.762900000000002 5.898000000000001e-06
-19.7529 7.96e-06
-19.7429 1.066e-05
-19.7329 1.4140000000000002e-05
-19.722900000000003 1.858e-05
-19.7129 2.4240000000000002e-05
-19.7029 3.1339999999999995e-05
-19.6929 4.019e-05
-19.6829 5.109e-05
-19.6729 6.450000000000001e-05
-19.6629 8.06e-05
-19.652900000000002 9.979999999999999e-05
-19.6429 0.0001227
-19.6329 0.0001494
-19.6229 0.0001809
-19.6129 0.00021700000000000002
-19.6029 0.0002583
-19.5929 0.00030510000000000004
-19.582900000000002 0.0003577
-19.5729 0.0004163
-19.5629 0.0004812
-19.5529 0.0005522
-19.5429 0.000628
-19.5329 0.000713
-19.5229 0.0008030000000000001
-19.512900000000002 0.0009029999999999999
-19.5029 0.001006
-19.4929 0.001117
-19.4829 0.001236
-19.472900000000003 0.001362
-19.4629 0.0014969999999999998
-19.4529 0.001639
-19.4429 0.0017909999999999998
-19.4329 0.001957
-19.4229 0.0021309999999999996
-19.4129 0.00232
-19.402900000000002 0.002523
-19.3929 0.002739
-19.3829 0.002971
-19.3729 0.0032179999999999995
-19.3629 0.003484
-19.3529 0.0037639999999999996
-19.3429 0.0040609999999999995
-19.332900000000002 0.004371
-19.3229 0.004696
-19.3129 0.005033
-19.3029 0.00538
-19.2929 0.005736
-19.2829 0.0060999999999999995
-19.2729 0.0064600000000000005
-19.262900000000002 0.00684
-19.2529 0.0072
-19.2429 0.00756
-19.2329 0.00791
-19.222900000000003 0.00826
-19.2129 0.00862
-19.2029 0.00895
-19.1929 0.009290000000000001
-19.1829 0.00961
-19.1729 0.009940000000000001
-19.1629 0.010260000000000002
-19.152900000000002 0.0106
-19.1429 0.01094
-19.1329 0.01132
-19.1229 0.01169
-19.1129 0.0121
-19.1029 0.01253
-19.0929 0.01302
-19.082900000000002 0.01355
-19.0729 0.01412
-19.0629 0.014750000000000001
-19.0529 0.015449999999999998
-19.0429 0.0162
-19.0329 0.017009999999999997
-19.0229 0.0179
-19.012900000000002 0.01883
-19.0029 0.01984
-18.9929 0.020900000000000002
-18.9829 0.021990000000000003
-18.972900000000003 0.02314
-18.9629 0.02431
-18.9529 0.02549
-18.9429 0.02672
-18.9329 0.027909999999999997
-18.9229 0.02912
-18.9129 0.03031
-18.902900000000002 0.03147
-18.8929 0.032619999999999996
-18.8829 0.03374
-18.8729 0.03482
-18.8629 0.03589
-18.8529 0.036879999999999996
-18.8429 0.03787
-18.832900000000002 0.03882
-18.8229 0.03975
-18.8129 0.04065
-18.8029 0.04153
-18.7929 0.042390000000000004
-18.7829 0.04323
-18.7729 0.04407
-18.762900000000002 0.0449
-18.7529 0.04573000000000001
-18.7429 0.046560000000000004
-18.7329 0.04739
-18.722900000000003 0.04821999999999999
-18.7129 0.049060000000000006
-18.7029 0.049890000000000004
-18.6929 0.05071
-18.6829 0.05151
-18.6729 0.052300000000000006
-18.6629 0.05307
-18.652900000000002 0.053810000000000004
-18.6429 0.05448
-18.6329 0.05511
-18.6229 0.05569
-18.6129 0.05623000000000001
-18.6029 0.0567
-18.5929 0.057109999999999994
-18.582900000000002 0.05745
-18.5729 0.05775
-18.5629 0.05798
-18.5529 0.05816999999999999
-18.5429 0.05833
-18.5329 0.058429999999999996
-18.5229 0.058510000000000006
-18.512900000000002 0.05862
-18.5029 0.05854
-18.4929 0.05859
-18.4829 0.05878
-18.472900000000003 0.05869
-18.4629 0.05876
-18.4529 0.058929999999999996
-18.4429 0.058980000000000005
-18.4329 0.05915
-18.4229 0.05936
-18.4129 0.059609999999999996
-18.402900000000002 0.05979000000000001
-18.3929 0.060200000000000004
-18.3829 0.06053000000000001
-18.3729 0.06099
-18.3629 0.06136
-18.3529 0.06183999999999999
-18.3429 0.062229999999999994
-18.332900000000002 0.06271
-18.3229 0.06308
-18.3129 0.06352
-18.3029 0.0638
-18.2929 0.064
-18.2829 0.0644
-18.2729 0.0645
-18.262900000000002 0.0644
-18.2529 0.06440000000000001
-18.2429 0.06420000000000001
-18.2329 0.064
-18.222900000000003 0.0638
-18.2129 0.0633
-18.2029 0.0629
-18.1929 0.062470000000000005
-18.1829 0.06219000000000001
-18.1729 0.06171
-18.1629 0.06155000000000001
-18.152900000000002 0.06133
-18.1429 0.06126
-18.1329 0.06135
-18.1229 0.06172000000000001
-18.1129 0.062259999999999996
-18.1029 0.063
-18.0929 0.0641
-18.082900000000002 0.0654
-18.0729 0.06699999999999999
-18.0629 0.069
-18.0529 0.07120000000000001
-18.0429 0.074
-18.0329 0.0769
-18.0229 0.0802
-18.012900000000002 0.08410000000000001
-18.0029 0.08829999999999999
-17.9929 0.093
-17.9829 0.09809999999999999
-17.972900000000003 0.1037
-17.9629 0.10980000000000001
-17.9529 0.11630000000000001
-17.9429 0.12329999999999999
-17.9329 0.1306
-17.9229 0.1386
-17.9129 0.14679999999999999
-17.902900000000002 0.15539999999999998
-17.8929 0.1643
-17.8829 0.1735
-17.8729 0.18269999999999997
-17.8629 0.1922
-17.8529 0.2016
-17.8429 0.21109999999999998
-17.832900000000002 0.2203
-17.8229 0.2294
-17.8129 0.23839999999999997
-17.8029 0.24680000000000005
-17.7929 0.2552
-17.7829 0.2632
-17.7729 0.2707
-17.762900000000002 0.278
-17.7529 0.2851
-17.7429 0.2918
-17.7329 0.2983
-17.722900000000003 0.3048
-17.7129 0.3114
-17.7029 0.3181
-17.6929 0.32510000000000006
-17.6829 0.33240000000000003
-17.6729 0.34009999999999996
-17.6629 0.3484
-17.652900000000002 0.3572
-17.6429 0.3669
-17.6329 0.3769
-17.6229 0.38759999999999994
-17.6129 0.39899999999999997
-17.6029 0.41100000000000003
-17.5929 0.4233
-17.582900000000002 0.4361
-17.5729 0.4491
-17.5629 0.462
-17.5529 0.47470000000000007
-17.5429 0.48710000000000003
-17.5329 0.499
-17.5229 0.51
-17.512900000000002 0.5199
-17.5029 0.5284
-17.4929 0.5356
-17.4829 0.5409
-17.472900000000003 0.5441
-17.4629 0.5448
-17.4529 0.5433
-17.4429 0.5392
-17.4329 0.5320999999999999
-17.4229 0.5222
-17.4129 0.5096
-17.402900000000002 0.4944
-17.3929 0.4761
-17.3829 0.45570000000000005
-17.3729 0.43279999999999996
-17.3629 0.40820000000000006
-17.3529 0.382
-17.3429 0.3547
-17.332900000000002 0.3266
-17.3229 0.2983
-17.3129 0.2701
-17.3029 0.2426
-17.2929 0.21599999999999997
-17.2829 0.1904
-17.2729 0.1664
-17.262900000000002 0.144
-17.2529 0.12369999999999999
-17.2429 0.105
-17.2329 0.0884
-17.222900000000003 0.0738
-17.2129 0.06094
-17.2029 0.0498
-17.1929 0.04033
-17.1829 0.03234
-17.1729 0.025679999999999998
-17.1629 0.02019
-17.152900000000002 0.015710000000000002
-17.1429 0.0121
-17.1329 0.00924
-17.1229 0.006969999999999999
-17.1129 0.005214
-17.1029 0.00386
-17.0929 0.0028280000000000002
-17.082900000000002 0.00205
-17.0729 0.001472
-17.0629 0.001046
-17.0529 0.000736
-17.0429 0.0005127
-17.0329 0.0003533
-17.0229 0.00024100000000000003
-17.012900000000002 0.0001628
-17.0029 0.0001088
-16.9929 7.2e-05
-16.9829 4.7149999999999994e-05
-16.972900000000003 3.056e-05
-16.9629 1.961e-05
-16.9529 1.243e-05
-16.9429 7.82e-06
-16.9329 4.865e-06
-16.9229 2.996e-06
-16.9129 1.826e-06
-16.902900000000002 1.1e-06
-16.8929 6.57e-07
-16.8829 3.8799999999999993e-07
-16.8729 2.269e-07
-16.8629 1.3119999999999998e-07
-16.8529 7.520000000000001e-08
-16.8429 4.261e-08
-16.832900000000002 2.3899999999999996e-08
-16.8229 1.325e-08
-16.8129 7.3e-09
-16.8029 3.964e-09
-16.7929 2.1330000000000004e-09
-16.7829 1.135e-09
-16.7729 5.984e-10
-16.762900000000002 3.123e-10
-16.7529 1.612e-10
-16.7429 8.229999999999999e-11
-16.7329 4.159e-11
-16.722900000000003 2.07e-11
-16.7129 1.0039999999999998e-11
-16.7029 4.732999999999999e-12
-16.6929 1.9990000000000003e-12
-16.6829 8.79e-13
-16.6729 3.3539999999999996e-13
-16.6629 8.8e-14
-16.652900000000002 1.2100000000000002e-14
-16.6429 0.0
-16.6329 0.0
-16.6229 0.0
-16.6129 0.0
-16.6029 0.0
-16.5929 0.0
-16.582900000000002 0.0
-16.5729 0.0
-16.5629 0.0
-16.5529 0.0
-16.5429 0.0
-16.5329 0.0
-16.5229 0.0
-16.512900000000002 0.0
-16.5029 0.0
-16.4929 0.0
-16.4829 0.0
-16.472900000000003 0.0
-16.4629 0.0
-16.4529 0.0
-16.4429 0.0
-16.4329 0.0
-16.4229 0.0
-16.4129 0.0
-16.402900000000002 0.0
-16.3929 0.0
-16.3829 0.0
-16.3729 0.0
-16.3629 0.0
-16.3529 0.0
-16.3429 0.0
-16.332900000000002 0.0
-16.3229 0.0
-16.3129 0.0
-16.3029 0.0
-16.2929 0.0
-16.2829 0.0
-16.2729 0.0
-16.262900000000002 0.0
-16.2529 0.0
-16.2429 0.0
-16.2329 0.0
-16.2229 0.0
-16.2129 0.0
-16.2029 0.0
-16.1929 0.0
-16.1829 0.0
-16.172900000000002 0.0
-16.1629 0.0
-16.152900000000002 0.0
-16.1429 0.0
-16.1329 0.0
-16.1229 0.0
-16.1129 0.0
-16.1029 0.0
-16.0929 0.0
-16.082900000000002 0.0
-16.0729 0.0
-16.0629 0.0
-16.0529 0.0
-16.0429 0.0
-16.0329 0.0
-16.0229 0.0
-16.012900000000002 0.0
-16.0029 0.0
-15.9929 0.0
-15.9829 0.0
-15.972900000000001 0.0
-15.962900000000001 0.0
-15.9529 0.0
-15.942900000000002 0.0
-15.9329 0.0
-15.9229 0.0
-15.9129 0.0
-15.9029 0.0
-15.892900000000001 0.0
-15.882900000000001 0.0
-15.872900000000001 0.0
-15.8629 0.0
-15.852900000000002 0.0
-15.8429 0.0
-15.8329 0.0
-15.8229 0.0
-15.8129 0.0
-15.802900000000001 0.0
-15.792900000000001 0.0
-15.782900000000001 0.0
-15.7729 0.0
-15.7629 0.0
-15.7529 0.0
-15.7429 0.0
-15.7329 0.0
-15.722900000000001 0.0
-15.712900000000001 0.0
-15.7029 0.0
-15.692900000000002 0.0
-15.6829 0.0
-15.6729 0.0
-15.6629 0.0
-15.6529 0.0
-15.642900000000001 0.0
-15.632900000000001 0.0
-15.622900000000001 0.0
-15.6129 0.0
-15.602900000000002 0.0
-15.5929 0.0
-15.5829 0.0
-15.5729 0.0
-15.5629 0.0
-15.552900000000001 0.0
-15.542900000000001 0.0
-15.532900000000001 0.0
-15.5229 0.0
-15.5129 0.0
-15.5029 0.0
-15.4929 0.0
-15.4829 0.0
-15.472900000000001 0.0
-15.462900000000001 0.0
-15.4529 0.0
-15.442900000000002 0.0
-15.4329 0.0
-15.4229 0.0
-15.4129 0.0
-15.4029 0.0
-15.392900000000001 0.0
-15.382900000000001 0.0
-15.372900000000001 0.0
-15.3629 0.0
-15.352900000000002 0.0
-15.3429 0.0
-15.3329 0.0
-15.3229 0.0
-15.3129 0.0
-15.302900000000001 0.0
-15.292900000000001 0.0
-15.282900000000001 0.0
-15.2729 0.0
-15.2629 0.0
-15.2529 0.0
-15.2429 0.0
-15.2329 0.0
-15.222900000000001 0.0
-15.212900000000001 0.0
-15.2029 0.0
-15.192900000000002 0.0
-15.1829 0.0
-15.1729 0.0
-15.1629 0.0
-15.1529 0.0
-15.142900000000001 0.0
-15.132900000000001 0.0
-15.122900000000001 0.0
-15.1129 0.0
-15.102900000000002 0.0
-15.0929 0.0
-15.0829 0.0
-15.0729 0.0
-15.0629 0.0
-15.052900000000001 0.0
-15.042900000000001 0.0
-15.032900000000001 0.0
-15.0229 0.0
-15.0129 0.0
-15.0029 0.0
-14.9929 0.0
-14.9829 0.0
-14.972900000000001 0.0
-14.962900000000001 0.0
-14.9529 0.0
-14.942900000000002 0.0
-14.9329 0.0
-14.9229 0.0
-14.9129 0.0
-14.9029 0.0
-14.892900000000001 0.0
-14.882900000000001 0.0
-14.872900000000001 0.0
-14.8629 0.0
-14.852900000000002 0.0
-14.8429 0.0
-14.8329 0.0
-14.8229 0.0
-14.8129 0.0
-14.802900000000001 0.0
-14.792900000000001 0.0
-14.782900000000001 0.0
-14.7729 0.0
-14.7629 0.0
-14.7529 0.0
-14.7429 0.0
-14.7329 0.0
-14.722900000000001 0.0
-14.712900000000001 0.0
-14.7029 0.0
-14.692900000000002 0.0
-14.6829 0.0
-14.6729 0.0
-14.6629 0.0
-14.6529 0.0
-14.642900000000001 0.0
-14.632900000000001 0.0
-14.622900000000001 0.0
-14.6129 0.0
-14.602900000000002 0.0
-14.5929 0.0
-14.5829 0.0
-14.5729 0.0
-14.5629 0.0
-14.552900000000001 0.0
-14.542900000000001 0.0
-14.532900000000001 0.0
-14.5229 0.0
-14.5129 0.0
-14.5029 0.0
-14.4929 0.0
-14.4829 0.0
-14.472900000000001 0.0
-14.462900000000001 0.0
-14.4529 0.0
-14.442900000000002 0.0
-14.4329 0.0
-14.4229 0.0
-14.4129 0.0
-14.4029 0.0
-14.392900000000001 0.0
-14.382900000000001 0.0
-14.372900000000001 0.0
-14.3629 0.0
-14.3529 0.0
-14.3429 0.0
-14.3329 0.0
-14.3229 0.0
-14.3129 0.0
-14.302900000000001 0.0
-14.292900000000001 0.0
-14.282900000000001 0.0
-14.2729 0.0
-14.2629 0.0
-14.2529 0.0
-14.2429 0.0
-14.2329 0.0
-14.222900000000001 0.0
-14.212900000000001 0.0
-14.202900000000001 0.0
-14.192900000000002 0.0
-14.1829 0.0
-14.1729 0.0
-14.1629 0.0
-14.1529 0.0
-14.142900000000001 0.0
-14.132900000000001 0.0
-14.122900000000001 0.0
-14.1129 0.0
-14.1029 0.0
-14.0929 0.0
-14.0829 0.0
-14.0729 0.0
-14.0629 0.0
-14.052900000000001 0.0
-14.042900000000001 0.0
-14.032900000000001 0.0
-14.0229 0.0
-14.0129 0.0
-14.0029 0.0
-13.9929 0.0
-13.9829 0.0
-13.972900000000001 0.0
-13.962900000000001 0.0
-13.952900000000001 0.0
-13.942900000000002 0.0
-13.9329 0.0
-13.9229 0.0
-13.9129 0.0
-13.9029 0.0
-13.892900000000001 0.0
-13.882900000000001 0.0
-13.872900000000001 0.0
-13.8629 0.0
-13.8529 0.0
-13.8429 0.0
-13.8329 0.0
-13.8229 0.0
-13.8129 0.0
-13.802900000000001 0.0
-13.792900000000001 0.0
-13.782900000000001 0.0
-13.7729 0.0
-13.7629 0.0
-13.7529 0.0
-13.7429 0.0
-13.7329 0.0
-13.722900000000001 0.0
-13.712900000000001 0.0
-13.702900000000001 0.0
-13.692900000000002 0.0
-13.6829 0.0
-13.6729 0.0
-13.6629 0.0
-13.6529 0.0
-13.642900000000001 0.0
-13.632900000000001 0.0
-13.622900000000001 0.0
-13.6129 0.0
-13.6029 0.0
-13.5929 0.0
-13.5829 0.0
-13.5729 0.0
-13.5629 0.0
-13.552900000000001 0.0
-13.542900000000001 0.0
-13.532900000000001 0.0
-13.5229 0.0
-13.5129 0.0
-13.5029 0.0
-13.4929 0.0
-13.4829 0.0
-13.472900000000001 0.0
-13.462900000000001 0.0
-13.452900000000001 0.0
-13.442900000000002 0.0
-13.4329 0.0
-13.4229 0.0
-13.4129 0.0
-13.4029 0.0
-13.392900000000001 0.0
-13.382900000000001 0.0
-13.372900000000001 0.0
-13.3629 0.0
-13.3529 0.0
-13.3429 0.0
-13.3329 0.0
-13.3229 0.0
-13.3129 0.0
-13.302900000000001 0.0
-13.292900000000001 0.0
-13.282900000000001 0.0
-13.2729 0.0
-13.2629 0.0
-13.2529 0.0
-13.2429 0.0
-13.2329 0.0
-13.222900000000001 0.0
-13.212900000000001 0.0
-13.202900000000001 0.0
-13.192900000000002 0.0
-13.1829 0.0
-13.1729 0.0
-13.1629 0.0
-13.1529 0.0
-13.142900000000001 0.0
-13.132900000000001 0.0
-13.122900000000001 0.0
-13.1129 0.0
-13.1029 0.0
-13.0929 0.0
-13.0829 0.0
-13.0729 0.0
-13.0629 0.0
-13.052900000000001 0.0
-13.042900000000001 0.0
-13.032900000000001 0.0
-13.0229 0.0
-13.0129 0.0
-13.0029 0.0
-12.9929 0.0
-12.9829 0.0
-12.972900000000001 0.0
-12.962900000000001 0.0
-12.952900000000001 0.0
-12.942900000000002 0.0
-12.9329 0.0
-12.9229 0.0
-12.9129 0.0
-12.9029 0.0
-12.892900000000001 0.0
-12.882900000000001 0.0
-12.872900000000001 0.0
-12.862900000000002 0.0
-12.8529 0.0
-12.8429 0.0
-12.8329 0.0
-12.8229 0.0
-12.8129 0.0
-12.802900000000001 0.0
-12.792900000000001 0.0
-12.782900000000001 0.0
-12.7729 0.0
-12.7629 0.0
-12.7529 0.0
-12.7429 0.0
-12.7329 0.0
-12.722900000000001 0.0
-12.712900000000001 0.0
-12.702900000000001 0.0
-12.6929 0.0
-12.6829 0.0
-12.6729 0.0
-12.6629 0.0
-12.6529 0.0
-12.642900000000001 0.0
-12.632900000000001 0.0
-12.622900000000001 0.0
-12.612900000000002 0.0
-12.6029 0.0
-12.5929 0.0
-12.5829 0.0
-12.5729 0.0
-12.5629 0.0
-12.552900000000001 0.0
-12.542900000000001 0.0
-12.532900000000001 0.0
-12.5229 0.0
-12.5129 0.0
-12.5029 0.0
-12.4929 0.0
-12.4829 0.0
-12.472900000000001 0.0
-12.462900000000001 0.0
-12.452900000000001 0.0
-12.4429 0.0
-12.4329 0.0
-12.4229 0.0
-12.4129 0.0
-12.4029 0.0
-12.392900000000001 0.0
-12.382900000000001 0.0
-12.372900000000001 0.0
-12.362900000000002 0.0
-12.3529 0.0
-12.3429 0.0
-12.3329 0.0
-12.3229 0.0
-12.3129 0.0
-12.302900000000001 0.0
-12.292900000000001 0.0
-12.282900000000001 0.0
-12.2729 0.0
-12.2629 0.0
-12.2529 0.0
-12.2429 0.0
-12.2329 0.0
-12.222900000000001 0.0
-12.212900000000001 0.0
-12.202900000000001 0.0
-12.1929 0.0
-12.1829 0.0
-12.1729 0.0
-12.1629 0.0
-12.1529 0.0
-12.142900000000001 0.0
-12.132900000000001 0.0
-12.122900000000001 0.0
-12.112900000000002 0.0
-12.1029 0.0
-12.0929 0.0
-12.0829 0.0
-12.0729 0.0
-12.0629 0.0
-12.052900000000001 0.0
-12.042900000000001 0.0
-12.032900000000001 0.0
-12.0229 0.0
-12.0129 0.0
-12.0029 0.0
-11.9929 0.0
-11.9829 0.0
-11.972900000000001 0.0
-11.962900000000001 0.0
-11.952900000000001 0.0
-11.9429 0.0
-11.9329 0.0
-11.9229 0.0
-11.9129 0.0
-11.9029 0.0
-11.892900000000001 0.0
-11.882900000000001 0.0
-11.872900000000001 0.0
-11.8629 0.0
-11.8529 0.0
-11.8429 0.0
-11.8329 0.0
-11.8229 0.0
-11.8129 0.0
-11.802900000000001 0.0
-11.792900000000001 0.0
-11.782900000000001 0.0
-11.7729 0.0
-11.7629 0.0
-11.7529 0.0
-11.7429 0.0
-11.7329 0.0
-11.722900000000001 0.0
-11.712900000000001 0.0
-11.702900000000001 0.0
-11.692900000000002 0.0
-11.6829 0.0
-11.6729 0.0
-11.6629 0.0
-11.6529 0.0
-11.642900000000001 0.0
-11.632900000000001 0.0
-11.622900000000001 0.0
-11.6129 0.0
-11.6029 0.0
-11.5929 0.0
-11.5829 0.0
-11.5729 0.0
-11.5629 0.0
-11.552900000000001 0.0
-11.542900000000001 0.0
-11.532900000000001 0.0
-11.5229 0.0
-11.5129 0.0
-11.5029 0.0
-11.4929 0.0
-11.4829 0.0
-11.472900000000001 0.0
-11.462900000000001 0.0
-11.452900000000001 0.0
-11.442900000000002 0.0
-11.4329 0.0
-11.4229 4.295999999999999e-16
-11.4129 8.99e-16
-11.4029 2.459e-15
-11.392900000000001 5.0769999999999995e-15
-11.382900000000001 1.125e-14
-11.372900000000001 2.32e-14
-11.3629 4.725000000000001e-14
-11.3529 9.389999999999998e-14
-11.3429 1.848e-13
-11.3329 3.6049999999999993e-13
-11.3229 6.970000000000001e-13
-11.3129 1.3289999999999997e-12
-11.302900000000001 2.511e-12
-11.292900000000001 4.695e-12
-11.282900000000001 8.69e-12
-11.2729 1.589e-11
-11.2629 2.8810000000000002e-11
-11.2529 5.1629999999999994e-11
-11.2429 9.16e-11
-11.2329 1.6079999999999998e-10
-11.222900000000001 2.7960000000000005e-10
-11.212900000000001 4.814e-10
-11.202900000000001 8.200000000000001e-10
-11.192900000000002 1.383e-09
-11.1829 2.306e-09
-11.1729 3.811e-09
-11.1629 6.23e-09
-11.1529 1.0080000000000002e-08
-11.142900000000001 1.618e-08
-11.132900000000001 2.567e-08
-11.122900000000001 4.0360000000000005e-08
-11.1129 6.28e-08
-11.1029 9.67e-08
-11.0929 1.477e-07
-11.0829 2.23e-07
-11.0729 3.336e-07
-11.0629 4.944e-07
-11.052900000000001 7.269999999999999e-07
-11.042900000000001 1.054e-06
-11.032900000000001 1.5199999999999998e-06
-11.0229 2.1680000000000002e-06
-11.0129 3.0650000000000003e-06
-11.0029 4.294e-06
-10.9929 5.955e-06
-10.9829 8.2e-06
-10.972900000000001 1.118e-05
-10.962900000000001 1.5090000000000001e-05
-10.952900000000001 2.0220000000000003e-05
-10.942900000000002 2.6830000000000002e-05
-10.9329 3.5329999999999995e-05
-10.9229 4.6099999999999996e-05
-10.9129 5.962e-05
-10.9029 7.650000000000002e-05
-10.892900000000001 9.750000000000001e-05
-10.882900000000001 0.000123
-10.872900000000001 0.000154
-10.8629 0.0001916
-10.8529 0.000236
-10.8429 0.0002887
-10.8329 0.00035039999999999995
-10.8229 0.00042209999999999996
-10.8129 0.0005045000000000001
-10.802900000000001 0.0005986
-10.792900000000001 0.000705
-10.782900000000001 0.000824
-10.7729 0.000955
-10.7629 0.001099
-10.7529 0.0012569999999999999
-10.7429 0.001425
-10.7329 0.001607
-10.722900000000001 0.0017970000000000002
-10.712900000000001 0.0019950000000000002
-10.702900000000001 0.002201
-10.692900000000002 0.002409
-10.6829 0.0026199999999999995
-10.6729 0.00283
-10.6629 0.003039
-10.6529 0.003239
-10.642900000000001 0.0034319999999999997
-10.632900000000001 0.0036119999999999998
-10.622900000000001 0.00378
-10.6129 0.003934
-10.6029 0.004071
-10.5929 0.004191
-10.5829 0.004292000000000001
-10.5729 0.004377000000000001
-10.5629 0.004446
-10.552900000000001 0.004497
-10.542900000000001 0.004532
-10.532900000000001 0.004556
-10.5229 0.0045650000000000005
-10.5129 0.004564
-10.5029 0.0045520000000000005
-10.4929 0.004535
-10.4829 0.004511
-10.472900000000001 0.00448
-10.462900000000001 0.0044469999999999996
-10.452900000000001 0.00441
-10.442900000000002 0.004369
-10.4329 0.004326
-10.4229 0.00428
-10.4129 0.004233
-10.4029 0.004183
-10.392900000000001 0.00413
-10.382900000000001 0.004075
-10.372900000000001 0.004016
-10.3629 0.003954
-10.352900000000002 0.003887999999999999
-10.3429 0.003821
-10.3329 0.0037510000000000004
-10.3229 0.0036759999999999996
-10.3129 0.003602
-10.302900000000001 0.003525
-10.292900000000001 0.0034490000000000002
-10.282900000000001 0.0033729999999999997
-10.2729 0.0033
-10.2629 0.003228
-10.2529 0.0031599999999999996
-10.2429 0.0030979999999999996
-10.2329 0.003039
-10.222900000000001 0.002986
-10.212900000000001 0.0029380000000000005
-10.2029 0.002897
-10.192900000000002 0.002863
-10.1829 0.002836
-10.1729 0.002814
-10.1629 0.002797
-10.1529 0.002786
-10.142900000000001 0.002778
-10.132900000000001 0.002773
-10.122900000000001 0.002772
-10.1129 0.0027689999999999998
-10.102900000000002 0.002768
-10.0929 0.002764
-10.0829 0.0027589999999999997
-10.0729 0.0027470000000000003
-10.0629 0.002732
-10.052900000000001 0.002712
-10.042900000000001 0.002683
-10.032900000000001 0.002647
-10.0229 0.0026049999999999997
-10.0129 0.0025540000000000003
-10.0029 0.0024950000000000003
-9.9929 0.0024289999999999997
-9.9829 0.002354
-9.972900000000001 0.0022760000000000002
-9.962900000000001 0.002192
-9.9529 0.002105
-9.942900000000002 0.0020150000000000003
-9.9329 0.001925
-9.9229 0.0018369999999999999
-9.9129 0.0017490000000000001
-9.9029 0.001664
-9.892900000000001 0.001585
-9.882900000000001 0.001509
-9.872900000000001 0.001438
-9.8629 0.0013729999999999999
-9.852900000000002 0.001314
-9.8429 0.0012599999999999998
-9.8329 0.001211
-9.8229 0.001167
-9.8129 0.001129
-9.802900000000001 0.0010940000000000001
-9.792900000000001 0.001064
-9.782900000000001 0.0010350000000000001
-9.7729 0.00101
-9.7629 0.000987
-9.7529 0.000964
-9.7429 0.0009440000000000001
-9.7329 0.0009249999999999998
-9.722900000000001 0.000905
-9.712900000000001 0.0008860000000000001
-9.7029 0.000868
-9.692900000000002 0.000848
-9.6829 0.000828
-9.6729 0.0008070000000000001
-9.6629 0.000787
-9.6529 0.000763
-9.642900000000001 0.00074
-9.632900000000001 0.0007160000000000001
-9.622900000000001 0.000691
-9.6129 0.000665
-9.602900000000002 0.000636
-9.5929 0.0006084
-9.5829 0.0005788
-9.5729 0.0005489
-9.5629 0.0005189
-9.552900000000001 0.0004889
-9.542900000000001 0.0004592
-9.532900000000001 0.00043019999999999994
-9.5229 0.00040229999999999997
-9.5129 0.00037539999999999996
-9.5029 0.00035000000000000005
-9.4929 0.00032629999999999996
-9.4829 0.00030429999999999997
-9.472900000000001 0.0002844
-9.462900000000001 0.00026639999999999997
-9.4529 0.00025029999999999996
-9.442900000000002 0.0002361
-9.4329 0.0002236
-9.4229 0.0002127
-9.4129 0.0002034
-9.4029 0.0001953
-9.392900000000001 0.0001884
-9.382900000000001 0.0001823
-9.372900000000001 0.00017700000000000002
-9.3629 0.00017240000000000002
-9.352900000000002 0.0001682
-9.3429 0.00016439999999999998
-9.3329 0.0001611
-9.3229 0.000158
-9.3129 0.000155
-9.302900000000001 0.0001523
-9.292900000000001 0.0001498
-9.282900000000001 0.0001472
-9.2729 0.00014509999999999998
-9.2629 0.0001427
-9.2529 0.0001403
-9.2429 0.00013759999999999998
-9.2329 0.000135
-9.222900000000001 0.00013189999999999998
-9.212900000000001 0.0001286
-9.2029 0.000125
-9.192900000000002 0.00012080000000000001
-9.1829 0.0001162
-9.1729 0.0001114
-9.1629 0.00010580000000000001
-9.1529 0.0001002
-9.142900000000001 9.41e-05
-9.132900000000001 8.77e-05
-9.122900000000001 8.109999999999999e-05
-9.1129 7.46e-05
-9.102900000000002 6.82e-05
-9.0929 6.178e-05
-9.0829 5.56e-05
-9.0729 4.9680000000000005e-05
-9.0629 4.416e-05
-9.052900000000001 3.9030000000000004e-05
-9.042900000000001 3.433e-05
-9.032900000000001 3.0109999999999998e-05
-9.0229 2.6340000000000002e-05
-9.0129 2.3010000000000005e-05
-9.0029 2.0119999999999997e-05
-8.9929 1.762e-05
-8.9829 1.548e-05
-8.972900000000001 1.368e-05
-8.962900000000001 1.2160000000000002e-05
-8.9529 1.086e-05
-8.942900000000002 9.76e-06
-8.9329 8.83e-06
-8.9229 8.02e-06
-8.9129 7.33e-06
-8.9029 6.7e-06
-8.892900000000001 6.129e-06
-8.882900000000001 5.613e-06
-8.872900000000001 5.123e-06
-8.8629 4.661e-06
-8.852900000000002 4.226e-06
-8.8429 3.806e-06
-8.8329 3.4090000000000003e-06
-8.8229 3.031e-06
-8.8129 2.6760000000000003e-06
-8.802900000000001 2.344e-06
-8.792900000000001 2.038e-06
-8.782900000000001 1.758e-06
-8.7729 1.5029999999999998e-06
-8.7629 1.274e-06
-8.7529 1.071e-06
-8.7429 8.918999999999999e-07
-8.7329 7.372e-07
-8.722900000000001 6.04e-07
-8.712900000000001 4.898e-07
-8.7029 3.9479999999999996e-07
-8.692900000000002 3.149e-07
-8.6829 2.4899999999999997e-07
-8.6729 1.951e-07
-8.6629 1.5140000000000002e-07
-8.6529 1.164e-07
-8.642900000000001 8.885999999999999e-08
-8.632900000000001 6.703e-08
-8.622900000000001 5.0170000000000005e-08
-8.6129 3.725e-08
-8.602900000000002 2.7359999999999998e-08
-8.5929 1.993e-08
-8.5829 1.437e-08
-8.5729 1.0259e-08
-8.5629 7.254000000000001e-09
-8.552900000000001 5.077999999999999e-09
-8.542900000000001 3.5270000000000003e-09
-8.532900000000001 2.4230000000000004e-09
-8.5229 1.649e-09
-8.5129 1.1103999999999998e-09
-8.5029 7.423e-10
-8.4929 4.894e-10
-8.4829 3.201e-10
-8.472900000000001 2.072e-10
-8.462900000000001 1.328e-10
-8.4529 8.414e-11
-8.442900000000002 5.286e-11
-8.4329 3.288e-11
-8.4229 2.024e-11
-8.4129 1.2359000000000001e-11
-8.4029 7.547e-12
-8.392900000000001 4.6740000000000005e-12
-8.382900000000001 3.12e-12
-8.372900000000001 2.525e-12
-8.3629 2.811e-12
-8.352900000000002 4.184e-12
-8.3429 7.223999999999999e-12
-8.3329 1.3119999999999999e-11
-8.3229 2.404e-11
-8.3129 4.3849999999999996e-11
-8.302900000000001 7.938e-11
-8.2929 1.421e-10
-8.282900000000001 2.518e-10
-8.2729 4.421e-10
-8.262900000000002 7.681e-10
-8.2529 1.322e-09
-8.2429 2.2509999999999998e-09
-8.2329 3.7930000000000004e-09
-8.222900000000001 6.323e-09
-8.212900000000001 1.044e-08
-8.2029 1.709e-08
-8.192900000000002 2.766e-08
-8.1829 4.4310000000000004e-08
-8.1729 7.022e-08
-8.1629 1.1040000000000001e-07
-8.1529 1.717e-07
-8.142900000000001 2.645e-07
-8.132900000000001 4.029e-07
-8.122900000000001 6.087e-07
-8.1129 9.090000000000001e-07
-8.102900000000002 1.345e-06
-8.0929 1.9699999999999998e-06
-8.0829 2.8610000000000002e-06
-8.0729 4.11e-06
-8.0629 5.847e-06
-8.052900000000001 8.244000000000001e-06
-8.0429 1.152e-05
-8.032900000000001 1.59e-05
-8.0229 2.1770000000000003e-05
-8.012900000000002 2.9520000000000002e-05
-8.0029 3.9670000000000005e-05
-7.992900000000001 5.279e-05
-7.982900000000001 6.957e-05
-7.972900000000001 9.09e-05
-7.9629 0.0001174
-7.9529000000000005 0.0001507
-7.942900000000001 0.00019140000000000002
-7.932900000000001 0.000241
-7.9229 0.0003006
-7.9129000000000005 0.0003719
-7.902900000000001 0.0004556
-7.892900000000001 0.000554
-7.882900000000001 0.0006671
-7.8729000000000005 0.0007955
-7.862900000000001 0.000944
-7.852900000000001 0.001107
-7.842900000000001 0.00129
-7.8329 0.0014910000000000001
-7.822900000000001 0.001709
-7.812900000000001 0.0019450000000000001
-7.802900000000001 0.002196
-7.7929 0.002462
-7.782900000000001 0.0027380000000000004
-7.772900000000001 0.003025
-7.762900000000001 0.003321
-7.7529 0.003619
-7.742900000000001 0.003922
-7.732900000000001 0.00422
-7.722900000000001 0.004516
-7.7129 0.004804000000000001
-7.7029000000000005 0.0050799999999999994
-7.692900000000001 0.005347
-7.682900000000001 0.005601
-7.6729 0.005839
-7.6629000000000005 0.0060609999999999995
-7.652900000000001 0.006269
-7.642900000000001 0.006462000000000001
-7.632900000000001 0.006628
-7.6229000000000005 0.006779
-7.612900000000001 0.006914999999999999
-7.602900000000001 0.007048
-7.592900000000001 0.00715
-7.5829 0.00726
-7.572900000000001 0.00737
-7.562900000000001 0.00747
-7.552900000000001 0.00757
-7.5429 0.007670000000000001
-7.532900000000001 0.0077800000000000005
-7.522900000000001 0.00788
-7.512900000000001 0.008029999999999999
-7.5029 0.00818
-7.492900000000001 0.00834
-7.482900000000001 0.00852
-7.472900000000001 0.00872
-7.4629 0.00895
-7.4529000000000005 0.00916
-7.442900000000001 0.00943
-7.432900000000001 0.009699999999999999
-7.4229 0.00998
-7.4129000000000005 0.01027
-7.402900000000001 0.01057
-7.392900000000001 0.01087
-7.382900000000001 0.01119
-7.3729000000000005 0.0115
-7.362900000000001 0.011800000000000001
-7.352900000000001 0.01206
-7.342900000000001 0.01234
-7.3329 0.012580000000000001
-7.322900000000001 0.012790000000000001
-7.312900000000001 0.012999999999999998
-7.302900000000001 0.01315
-7.2929 0.01326
-7.282900000000001 0.013319999999999999
-7.272900000000001 0.01337
-7.262900000000001 0.01335
-7.2529 0.01329
-7.242900000000001 0.01318
-7.232900000000001 0.01303
-7.222900000000001 0.01282
-7.2129 0.012580000000000001
-7.2029000000000005 0.01229
-7.192900000000001 0.011970000000000001
-7.182900000000001 0.01162
-7.1729 0.01125
-7.1629000000000005 0.010839999999999999
-7.152900000000001 0.01042
-7.142900000000001 0.01
-7.132900000000001 0.00958
-7.1229000000000005 0.00915
-7.112900000000001 0.00873
-7.102900000000001 0.00832
-7.092900000000001 0.00793
-7.0829 0.007549999999999999
-7.072900000000001 0.00719
-7.062900000000001 0.00684
-7.052900000000001 0.006529999999999999
-7.0429 0.006228000000000001
-7.032900000000001 0.0059629999999999996
-7.022900000000001 0.005709
-7.012900000000001 0.005482000000000001
-7.0029 0.005285000000000001
-6.992900000000001 0.005105
-6.982900000000001 0.004948999999999999
-6.972900000000001 0.00481
-6.9629 0.004692
-6.9529000000000005 0.004589
-6.942900000000001 0.004501000000000001
-6.932900000000001 0.004422
-6.9229 0.004356
-6.9129000000000005 0.004295
-6.902900000000001 0.00424
-6.892900000000001 0.0041860000000000005
-6.882900000000001 0.004129
-6.8729000000000005 0.004069
-6.862900000000001 0.004003
-6.852900000000001 0.003931
-6.842900000000001 0.003849
-6.8329 0.0037560000000000002
-6.822900000000001 0.0036519999999999994
-6.812900000000001 0.003537
-6.802900000000001 0.0034119999999999997
-6.7929 0.0032749999999999997
-6.782900000000001 0.003132
-6.772900000000001 0.0029809999999999997
-6.762900000000001 0.002825
-6.7529 0.0026669999999999997
-6.742900000000001 0.002508
-6.732900000000001 0.00235
-6.722900000000001 0.002196
-6.7129 0.002048
-6.7029000000000005 0.0019099999999999998
-6.692900000000001 0.001778
-6.682900000000001 0.0016580000000000002
-6.6729 0.0015480000000000001
-6.6629000000000005 0.001449
-6.652900000000001 0.001362
-6.642900000000001 0.0012850000000000001
-6.632900000000001 0.001219
-6.6229000000000005 0.0011639999999999999
-6.612900000000001 0.001116
-6.602900000000001 0.001079
-6.592900000000001 0.001048
-6.5829 0.0010270000000000001
-6.572900000000001 0.00101
-6.562900000000001 0.0010010000000000002
-6.552900000000001 0.000997
-6.5429 0.0009989999999999999
-6.532900000000001 0.001007
-6.522900000000001 0.0010209999999999998
-6.512900000000001 0.0010400000000000001
-6.5029 0.001061
-6.492900000000001 0.001093
-6.482900000000001 0.001127
-6.472900000000001 0.0011660000000000002
-6.4629 0.001212
-6.4529000000000005 0.0012610000000000002
-6.442900000000001 0.001315
-6.432900000000001 0.001372
-6.4229 0.0014320000000000001
-6.4129000000000005 0.001495
-6.402900000000001 0.0015600000000000002
-6.392900000000001 0.001627
-6.382900000000001 0.0016959999999999998
-6.3729000000000005 0.0017649999999999999
-6.362900000000001 0.001834
-6.352900000000001 0.0019039999999999999
-6.342900000000001 0.0019720000000000002
-6.3329 0.002038
-6.322900000000001 0.002103
-6.312900000000001 0.002169
-6.302900000000001 0.00223
-6.2929 0.002289
-6.282900000000001 0.002347
-6.272900000000001 0.002405
-6.262900000000001 0.00246
-6.2529 0.002516
-6.242900000000001 0.002571
-6.232900000000001 0.002628
-6.222900000000001 0.0026890000000000004
-6.2129 0.0027540000000000004
-6.2029000000000005 0.002828
-6.192900000000001 0.0029099999999999994
-6.182900000000001 0.003005
-6.1729 0.003115
-6.1629000000000005 0.003242
-6.152900000000001 0.00339
-6.142900000000001 0.003558
-6.132900000000001 0.003749
-6.1229000000000005 0.003966
-6.112900000000001 0.004207
-6.102900000000001 0.004475
-6.092900000000001 0.004765999999999999
-6.0829 0.005083000000000001
-6.072900000000001 0.005415
-6.062900000000001 0.005775000000000001
-6.052900000000001 0.00614
-6.0429 0.00653
-6.032900000000001 0.00692
-6.022900000000001 0.0072900000000000005
-6.012900000000001 0.007679999999999999
-6.0029 0.00806
-5.992900000000001 0.008409999999999999
-5.982900000000001 0.00875
-5.972900000000001 0.00907
-5.9629 0.00934
-5.9529000000000005 0.00959
-5.942900000000001 0.0098
-5.932900000000001 0.009949999999999999
-5.9229 0.01006
-5.9129000000000005 0.010119999999999999
-5.902900000000001 0.01014
-5.892900000000001 0.010079999999999999
-5.882900000000001 0.009999999999999998
-5.8729000000000005 0.009839999999999998
-5.862900000000001 0.00965
-5.852900000000001 0.00942
-5.842900000000001 0.00916
-5.8329 0.00886
-5.822900000000001 0.008539999999999999
-5.812900000000001 0.00821
-5.802900000000001 0.00785
-5.7929 0.00752
-5.782900000000001 0.007169999999999999
-5.772900000000001 0.00686
-5.762900000000001 0.00658
-5.7529 0.00632
-5.742900000000001 0.0060799999999999995
-5.732900000000001 0.005894
-5.722900000000001 0.00575
-5.7129 0.005651
-5.7029000000000005 0.005598
-5.692900000000001 0.005589
-5.682900000000001 0.005625
-5.6729 0.005697
-5.6629000000000005 0.005816
-5.652900000000001 0.005961999999999999
-5.642900000000001 0.006153
-5.632900000000001 0.006358
-5.6229000000000005 0.006570000000000001
-5.612900000000001 0.00682
-5.602900000000001 0.00705
-5.592900000000001 0.007289999999999999
-5.5829 0.00756
-5.572900000000001 0.0078
-5.562900000000001 0.00804
-5.552900000000001 0.008249999999999999
-5.5429 0.00844
-5.532900000000001 0.00862
-5.522900000000001 0.0088
-5.512900000000001 0.00894
-5.5029 0.00906
-5.492900000000001 0.00918
-5.482900000000001 0.00927
-5.472900000000001 0.009349999999999999
-5.4629 0.00944
-5.4529000000000005 0.00949
-5.442900000000001 0.00958
-5.432900000000001 0.00966
-5.4229 0.00976
-5.4129000000000005 0.009870000000000002
-5.402900000000001 0.009989999999999999
-5.392900000000001 0.01014
-5.382900000000001 0.01029
-5.3729000000000005 0.01048
-5.362900000000001 0.01067
-5.352900000000001 0.01088
-5.342900000000001 0.01111
-5.3329 0.01135
-5.322900000000001 0.01157
-5.312900000000001 0.011800000000000001
-5.302900000000001 0.012020000000000001
-5.2929 0.01225
-5.282900000000001 0.01244
-5.272900000000001 0.01261
-5.262900000000001 0.01277
-5.2529 0.01291
-5.242900000000001 0.01302
-5.232900000000001 0.013110000000000002
-5.222900000000001 0.01317
-5.2129 0.01318
-5.2029000000000005 0.013179999999999999
-5.192900000000001 0.01317
-5.182900000000001 0.013130000000000001
-5.1729 0.013079999999999998
-5.1629000000000005 0.012989999999999998
-5.152900000000001 0.012870000000000001
-5.142900000000001 0.01278
-5.132900000000001 0.012659999999999998
-5.1229000000000005 0.012539999999999999
-5.112900000000001 0.012410000000000001
-5.102900000000001 0.012240000000000001
-5.092900000000001 0.012120000000000002
-5.0829 0.01195
-5.072900000000001 0.011789999999999998
-5.062900000000001 0.01164
-5.052900000000001 0.01149
-5.0429 0.01134
-5.032900000000001 0.011199999999999998
-5.022900000000001 0.01107
-5.012900000000001 0.010950000000000001
-5.0029 0.010849999999999999
-4.992900000000001 0.01076
-4.982900000000001 0.01069
-4.972900000000001 0.01065
-4.9629 0.01063
-4.9529000000000005 0.01063
-4.942900000000001 0.010669999999999999
-4.932900000000001 0.010730000000000002
-4.9229 0.010809999999999998
-4.9129000000000005 0.010930000000000002
-4.902900000000001 0.01108
-4.892900000000001 0.011260000000000001
-4.882900000000001 0.011439999999999999
-4.8729000000000005 0.01163
-4.862900000000001 0.01187
-4.852900000000001 0.01207
-4.842900000000001 0.01231
-4.8329 0.012539999999999999
-4.822900000000001 0.01273
-4.812900000000001 0.01294
-4.802900000000001 0.013130000000000001
-4.7929 0.013279999999999998
-4.782900000000001 0.01342
-4.772900000000001 0.013510000000000001
-4.762900000000001 0.013600000000000001
-4.7529 0.01364
-4.742900000000001 0.013659999999999999
-4.732900000000001 0.013649999999999999
-4.722900000000001 0.01361
-4.7129 0.01355
-4.7029000000000005 0.01346
-4.692900000000001 0.01337
-4.682900000000001 0.01327
-4.6729 0.01314
-4.6629000000000005 0.013019999999999999
-4.652900000000001 0.012879999999999999
-4.642900000000001 0.012750000000000001
-4.632900000000001 0.012620000000000001
-4.6229000000000005 0.0125
-4.612900000000001 0.012400000000000001
-4.602900000000001 0.01228
-4.592900000000001 0.01218
-4.5829 0.01209
-4.572900000000001 0.012
-4.562900000000001 0.01193
-4.552900000000001 0.011850000000000001
-4.5429 0.01179
-4.532900000000001 0.01174
-4.522900000000001 0.01169
-4.512900000000001 0.01163
-4.5029 0.01158
-4.492900000000001 0.011540000000000002
-4.482900000000001 0.011479999999999999
-4.472900000000001 0.011430000000000001
-4.4629 0.01139
-4.4529000000000005 0.01133
-4.442900000000001 0.01129
-4.432900000000001 0.01125
-4.4229 0.011210000000000001
-4.4129000000000005 0.01118
-4.402900000000001 0.01115
-4.392900000000001 0.01111
-4.382900000000001 0.011099999999999999
-4.372900000000001 0.01109
-4.3629000000000016 0.01109
-4.3529 0.011100000000000002
-4.3429 0.011099999999999999
-4.3329 0.01113
-4.322900000000001 0.01116
-4.312900000000001 0.01119
-4.302900000000001 0.01125
-4.292900000000001 0.01131
-4.2829000000000015 0.01138
-4.2729 0.011459999999999998
-4.2629 0.011549999999999998
-4.2529 0.01164
-4.242900000000001 0.01173
-4.232900000000001 0.01182
-4.222900000000001 0.011909999999999999
-4.212900000000001 0.012
-4.202900000000001 0.012090000000000002
-4.1929 0.01216
-4.1829 0.01222
-4.1729 0.01224
-4.1629000000000005 0.012289999999999999
-4.152900000000001 0.012310000000000001
-4.142900000000001 0.012320000000000001
-4.132900000000001 0.0123
-4.122900000000001 0.012270000000000001
-4.1129000000000016 0.012200000000000003
-4.1029 0.012130000000000002
-4.0929 0.012049999999999998
-4.0829 0.011930000000000001
-4.072900000000001 0.011809999999999998
-4.062900000000001 0.011689999999999999
-4.052900000000001 0.011540000000000002
-4.042900000000001 0.01137
-4.0329000000000015 0.01125
-4.0229 0.011090000000000001
-4.0129 0.010920000000000001
-4.0029 0.01077
-3.9929000000000006 0.010629999999999999
-3.9829000000000008 0.0105
-3.972900000000001 0.01038
-3.962900000000001 0.01028
-3.9529000000000014 0.01019
-3.9429 0.01011
-3.9329 0.01006
-3.9229000000000003 0.01001
-3.9129000000000005 0.00999
-3.9029000000000007 0.00998
-3.892900000000001 0.009989999999999999
-3.882900000000001 0.01002
-3.8729000000000013 0.010039999999999999
-3.8629000000000016 0.01006
-3.8529 0.01008
-3.8429 0.010119999999999999
-3.8329000000000004 0.01017
-3.8229000000000006 0.0102
-3.812900000000001 0.010230000000000001
-3.802900000000001 0.01026
-3.7929000000000013 0.01023
-3.7829000000000015 0.010239999999999999
-3.7729 0.01022
-3.7629 0.01017
-3.7529000000000003 0.01014
-3.7429000000000006 0.01008
-3.7329000000000008 0.010000000000000002
-3.722900000000001 0.00993
-3.712900000000001 0.00984
-3.7029000000000014 0.009739999999999999
-3.6929 0.009649999999999999
-3.6829 0.00956
-3.6729000000000003 0.009449999999999998
-3.6629000000000005 0.00939
-3.6529000000000007 0.00932
-3.642900000000001 0.009269999999999999
-3.632900000000001 0.00924
-3.6229000000000013 0.00921
-3.6129000000000016 0.00918
-3.6029 0.009210000000000001
-3.5929 0.00924
-3.5829000000000004 0.00929
-3.5729000000000006 0.00936
-3.562900000000001 0.00944
-3.552900000000001 0.009539999999999998
-3.5429000000000013 0.009630000000000001
-3.5329000000000015 0.00975
-3.5229 0.009850000000000001
-3.5129 0.00996
-3.5029000000000003 0.010079999999999999
-3.4929000000000006 0.01017
-3.4829000000000008 0.010270000000000001
-3.472900000000001 0.010369999999999999
-3.462900000000001 0.010450000000000001
-3.4529000000000014 0.01055
-3.4429 0.01064
-3.4329 0.01071
-3.4229000000000003 0.0108
-3.4129000000000005 0.010879999999999999
-3.4029000000000007 0.01098
-3.392900000000001 0.01108
-3.382900000000001 0.01119
-3.3729000000000013 0.011340000000000001
-3.3629000000000016 0.01149
-3.3529 0.011640000000000001
-3.3429 0.011819999999999997
-3.3329000000000004 0.01201
-3.3229000000000006 0.012220000000000002
-3.312900000000001 0.01245
-3.302900000000001 0.01269
-3.2929000000000013 0.01293
-3.2829000000000015 0.01317
-3.2729 0.01342
-3.2629 0.01368
-3.2529000000000003 0.013950000000000002
-3.2429000000000006 0.014190000000000001
-3.2329000000000008 0.01444
-3.222900000000001 0.014669999999999999
-3.212900000000001 0.01491
-3.2029000000000014 0.015119999999999998
-3.1929 0.01533
-3.1829 0.01551
-3.1729000000000003 0.0157
-3.1629000000000005 0.01585
-3.1529000000000007 0.01599
-3.142900000000001 0.0161
-3.132900000000001 0.016200000000000003
-3.1229000000000013 0.01629
-3.1129000000000016 0.01635
-3.1029 0.01635
-3.0929 0.01635
-3.0829000000000004 0.01633
-3.0729000000000006 0.01628
-3.062900000000001 0.01621
-3.052900000000001 0.01612
-3.0429000000000013 0.015969999999999998
-3.0329000000000015 0.01585
-3.0229 0.015700000000000002
-3.0129 0.01554
-3.0029000000000003 0.0154
-2.9929000000000006 0.01524
-2.9829000000000008 0.015099999999999999
-2.972900000000001 0.014969999999999997
-2.962900000000001 0.014859999999999998
-2.9529000000000014 0.014770000000000002
-2.9429 0.014700000000000001
-2.9329 0.01468
-2.9229000000000003 0.01468
-2.9129000000000005 0.014719999999999999
-2.9029000000000007 0.01481
-2.892900000000001 0.014920000000000001
-2.882900000000001 0.01508
-2.8729000000000013 0.01525
-2.8629000000000016 0.015479999999999999
-2.8529 0.01572
-2.8429 0.01598
-2.8329000000000004 0.016260000000000004
-2.8229000000000006 0.016569999999999998
-2.812900000000001 0.0169
-2.802900000000001 0.0172
-2.7929000000000013 0.01755
-2.7829000000000015 0.01787
-2.7729 0.018189999999999998
-2.7629 0.01849
-2.7529000000000003 0.01881
-2.7429000000000006 0.01909
-2.7329000000000008 0.01935
-2.722900000000001 0.01958
-2.712900000000001 0.019790000000000002
-2.7029000000000014 0.019979999999999998
-2.6929 0.02014
-2.6829 0.02027
-2.6729000000000003 0.02038
-2.6629000000000005 0.02045
-2.6529000000000007 0.020489999999999998
-2.642900000000001 0.02051
-2.632900000000001 0.02053
-2.6229000000000013 0.02054
-2.6129000000000016 0.02054
-2.6029 0.020550000000000002
-2.5929 0.020560000000000002
-2.5829000000000004 0.0206
-2.5729000000000006 0.020679999999999997
-2.562900000000001 0.02078
-2.552900000000001 0.020949999999999996
-2.5429000000000013 0.021140000000000003
-2.5329000000000015 0.021400000000000002
-2.5229 0.02171
-2.5129 0.022090000000000002
-2.5029000000000003 0.022520000000000002
-2.4929000000000006 0.023010000000000003
-2.4829000000000008 0.02358
-2.472900000000001 0.024159999999999997
-2.462900000000001 0.02481
-2.4529000000000014 0.02549
-2.4429 0.026179999999999995
-2.4329 0.02692
-2.4229000000000003 0.027649999999999997
-2.4129000000000005 0.02839
-2.4029000000000007 0.0291
-2.392900000000001 0.02983
-2.382900000000001 0.030520000000000002
-2.3729000000000013 0.03116
-2.3629000000000016 0.03179
-2.3529 0.03236
-2.3429 0.03289
-2.3329000000000004 0.03338
-2.3229000000000006 0.03381000000000001
-2.312900000000001 0.03419
-2.302900000000001 0.034519999999999995
-2.2929000000000013 0.03477
-2.2829000000000015 0.035
-2.2729 0.03516
-2.2629 0.03524
-2.2529000000000003 0.035269999999999996
-2.2429000000000006 0.03526000000000001
-2.2329000000000008 0.03517
-2.222900000000001 0.035050000000000005
-2.212900000000001 0.03486
-2.2029000000000014 0.0346
-2.1929 0.03428
-2.1829 0.03392
-2.1729000000000003 0.03347
-2.1629000000000005 0.032959999999999996
-2.1529000000000007 0.03239
-2.142900000000001 0.03179
-2.132900000000001 0.03107
-2.1229000000000013 0.03032
-2.1129000000000016 0.029500000000000002
-2.1029 0.02862
-2.0929 0.02768
-2.0829000000000004 0.02668
-2.0729000000000006 0.025639999999999996
-2.062900000000001 0.024569999999999998
-2.052900000000001 0.02345
-2.0429000000000013 0.02232
-2.0329000000000015 0.02119
-2.0229 0.020069999999999998
-2.0129 0.01894
-2.0029000000000003 0.017839999999999998
-1.9929000000000006 0.01678
-1.9829000000000008 0.015759999999999996
-1.972900000000001 0.01478
-1.9629000000000012 0.01388
-1.9529000000000014 0.01302
-1.9428999999999998 0.012240000000000001
-1.9329 0.011519999999999999
-1.9229000000000003 0.01089
-1.9129000000000005 0.01031
-1.9029000000000007 0.0098
-1.892900000000001 0.00935
-1.8829000000000011 0.00896
-1.8729000000000013 0.00863
-1.8629000000000016 0.00836
-1.8529 0.00813
-1.8429000000000002 0.00791
-1.8329000000000004 0.007749999999999999
-1.8229000000000006 0.007619999999999999
-1.8129000000000008 0.007510000000000001
-1.802900000000001 0.0074199999999999995
-1.7929000000000013 0.00734
-1.7829000000000015 0.00729
-1.7729 0.007239999999999999
-1.7629000000000001 0.007220000000000001
-1.7529000000000003 0.007160000000000001
-1.7429000000000006 0.007125
-1.7329000000000008 0.0070799999999999995
-1.722900000000001 0.007036000000000001
-1.7129000000000012 0.006991
-1.7029000000000014 0.006937
-1.6928999999999998 0.006872
-1.6829 0.006796
-1.6729000000000003 0.006699
-1.6629000000000005 0.0066110000000000006
-1.6529000000000007 0.006501
-1.642900000000001 0.0063820000000000005
-1.6329000000000011 0.006251
-1.6229000000000013 0.006122
-1.6129000000000016 0.005992
-1.6029 0.005864
-1.5929000000000002 0.005717999999999999
-1.5829000000000004 0.005583
-1.5729000000000006 0.005454
-1.5629000000000008 0.005326
-1.552900000000001 0.005213000000000001
-1.5429000000000013 0.0050929999999999994
-1.5329000000000015 0.004997999999999999
-1.5229 0.004913
-1.5129000000000001 0.0048400000000000006
-1.5029000000000003 0.00478
-1.4929000000000006 0.004733
-1.4829000000000008 0.004702
-1.472900000000001 0.004682
-1.4629000000000012 0.004677000000000001
-1.4529000000000014 0.004679999999999999
-1.4428999999999998 0.004693
-1.4329 0.0047139999999999994
-1.4229000000000003 0.004744
-1.4129000000000005 0.004774
-1.4029000000000007 0.004808
-1.392900000000001 0.004845
-1.3829000000000011 0.0048779999999999995
-1.3729000000000013 0.004913
-1.3629000000000016 0.004945000000000001
-1.3529 0.004974
-1.3429000000000002 0.005003
-1.3329000000000004 0.00503
-1.3229000000000006 0.005055
-1.3129000000000008 0.0050810000000000004
-1.302900000000001 0.005108
-1.2929000000000013 0.005136
-1.2829000000000015 0.005168
-1.2729 0.005203999999999999
-1.2629000000000001 0.005245
-1.2529000000000003 0.0052899999999999996
-1.2429000000000006 0.005340000000000001
-1.2329000000000008 0.005393
-1.222900000000001 0.005448
-1.2129000000000012 0.0055049999999999995
-1.2029000000000014 0.0055650000000000005
-1.1928999999999998 0.005622
-1.1829 0.005674
-1.1729000000000003 0.005723
-1.1629000000000005 0.005766
-1.1529000000000007 0.0058000000000000005
-1.142900000000001 0.0058249999999999994
-1.1329000000000011 0.00584
-1.1229000000000013 0.005844
-1.1129000000000016 0.0058379999999999994
-1.1029 0.005819
-1.0929000000000002 0.005789
-1.0829000000000004 0.005747
-1.0729000000000006 0.005694
-1.0629000000000008 0.005633
-1.052900000000001 0.005561999999999999
-1.0429000000000013 0.0054859999999999996
-1.0329000000000015 0.0054020000000000006
-1.0229 0.005313
-1.0129000000000001 0.00522
-1.0029000000000003 0.005126
-0.9929000000000006 0.005029
-0.9829000000000008 0.004932000000000001
-0.972900000000001 0.004835
-0.9629000000000012 0.004737
-0.9529000000000014 0.004643
-0.9428999999999998 0.0045520000000000005
-0.9329000000000001 0.004463
-0.9229000000000003 0.004378
-0.9129000000000005 0.004296
-0.9029000000000007 0.004217
-0.8929000000000009 0.004142
-0.8829000000000011 0.004072
-0.8729000000000013 0.004001
-0.8629000000000016 0.003934
-0.8529 0.003869
-0.8429000000000002 0.003804
-0.8329000000000004 0.003739
-0.8229000000000006 0.0036750000000000003
-0.8129000000000008 0.0036090000000000002
-0.8029000000000011 0.003539
-0.7929000000000013 0.0034660000000000003
-0.7829000000000015 0.0033919999999999996
-0.7728999999999999 0.003314
-0.7629000000000001 0.003228
-0.7529000000000003 0.00314
-0.7429000000000006 0.003045
-0.7329000000000008 0.0029449999999999997
-0.722900000000001 0.002839
-0.7129000000000012 0.0027289999999999997
-0.7029000000000014 0.002612
-0.6928999999999998 0.0024930000000000004
-0.6829000000000001 0.0023680000000000003
-0.6729000000000003 0.002239
-0.6629000000000005 0.002109
-0.6529000000000007 0.001977
-0.6429000000000009 0.001844
-0.6329000000000011 0.0017109999999999998
-0.6229000000000013 0.001579
-0.6129000000000016 0.0014479999999999999
-0.6029 0.001322
-0.5929000000000002 0.001199
-0.5829000000000004 0.00108
-0.5729000000000006 0.0009680000000000001
-0.5629000000000008 0.0008619999999999999
-0.5529000000000011 0.000762
-0.5429000000000013 0.0006691000000000001
-0.5329000000000015 0.0005834
-0.5228999999999999 0.0005063
-0.5129000000000001 0.00043569999999999997
-0.5029000000000003 0.0003722
-0.49290000000000056 0.0003156
-0.4829000000000008 0.0002658
-0.472900000000001 0.00022210000000000003
-0.4629000000000012 0.0001841
-0.4529000000000014 0.00015170000000000003
-0.44289999999999985 0.0001238
-0.43290000000000006 0.0001005
-0.4229000000000003 8.069999999999998e-05
-0.4129000000000005 6.439e-05
-0.4029000000000007 5.096e-05
-0.3929000000000009 3.9999999999999996e-05
-0.38290000000000113 3.112e-05
-0.37290000000000134 2.403e-05
-0.36290000000000155 1.839e-05
-0.3529 1.398e-05
-0.3429000000000002 1.051e-05
-0.3329000000000004 7.83e-06
-0.32290000000000063 5.7999999999999995e-06
-0.31290000000000084 4.245e-06
-0.30290000000000106 3.0839999999999996e-06
-0.29290000000000127 2.22e-06
-0.2829000000000015 1.582e-06
-0.2728999999999999 1.118e-06
-0.26290000000000013 7.83e-07
-0.25290000000000035 5.443e-07
-0.24290000000000056 3.7309999999999997e-07
-0.23290000000000077 2.539e-07
-0.222900000000001 1.71e-07
-0.2129000000000012 1.143e-07
-0.2029000000000014 7.56e-08
-0.19289999999999985 4.944e-08
-0.18290000000000006 3.205e-08
-0.17290000000000028 2.057e-08
-0.1629000000000005 1.307e-08
-0.1529000000000007 8.22e-09
-0.14290000000000092 5.1249999999999996e-09
-0.13290000000000113 3.16e-09
-0.12290000000000134 1.9290000000000003e-09
-0.11290000000000155 1.166e-09
-0.10289999999999999 6.979999999999999e-10
-0.0929000000000002 4.131e-10
-0.08290000000000042 2.4209999999999997e-10
-0.07290000000000063 1.404e-10
-0.06290000000000084 8.06e-11
-0.05290000000000106 4.583e-11
-0.04290000000000127 2.5770000000000002e-11
-0.032900000000001484 1.4340000000000002e-11
-0.02289999999999992 7.91e-12
-0.012900000000000134 4.308e-12
-0.0029000000000003467 2.3239999999999998e-12
0.00709999999999944 1.2399999999999998e-12
0.017099999999999227 6.543999999999999e-13
0.027099999999999014 3.419e-13
0.0370999999999988 1.765e-13
0.04709999999999859 9.01e-14
0.05710000000000015 4.523e-14
0.06709999999999994 2.2589999999999998e-14
0.07709999999999972 1.1219999999999999e-14
0.08709999999999951 5.336e-15
0.0970999999999993 2.5990000000000002e-15
0.10709999999999908 1.0900000000000002e-15
0.11709999999999887 3.966e-16
0.12709999999999866 0.0
0.13709999999999845 0.0
0.1471 0.0
0.1570999999999998 0.0
0.16709999999999958 0.0
0.17709999999999937 0.0
0.18709999999999916 0.0
0.19709999999999894 0.0
0.20709999999999873 0.0
0.21709999999999852 0.0
0.22710000000000008 0.0
0.23709999999999987 0.0
0.24709999999999965 0.0
0.25709999999999944 0.0
0.2670999999999992 0.0
0.277099999999999 0.0
0.2870999999999988 0.0
0.2970999999999986 0.0
0.30710000000000015 0.0
0.31709999999999994 0.0
0.3270999999999997 0.0
0.3370999999999995 0.0
0.3470999999999993 0.0
0.3570999999999991 0.0
0.36709999999999887 0.0
0.37709999999999866 0.0
0.38709999999999845 0.0
0.3971 0.0
0.4070999999999998 0.0
0.4170999999999996 0.0
0.42709999999999937 0.0
0.43709999999999916 0.0
0.44709999999999894 0.0
0.45709999999999873 0.0
0.4670999999999985 0.0
0.4771000000000001 0.0
0.48709999999999987 0.0
0.49709999999999965 0.0
0.5070999999999994 0.0
0.5170999999999992 0.0
0.527099999999999 0.0
0.5370999999999988 0.0
0.5470999999999986 0.0
0.5571000000000002 0.0
0.5670999999999999 0.0
0.5770999999999997 0.0
0.5870999999999995 0.0
0.5970999999999993 0.0
0.6070999999999991 0.0
0.6170999999999989 0.0
0.6270999999999987 0.0
0.6370999999999984 0.0
0.6471 0.0
0.6570999999999998 0.0
0.6670999999999996 0.0
0.6770999999999994 0.0
0.6870999999999992 0.0
0.6970999999999989 0.0
0.7070999999999987 0.0
0.7170999999999985 0.0
0.7271000000000001 0.0
0.7370999999999999 0.0
0.7470999999999997 0.0
0.7570999999999994 0.0
0.7670999999999992 0.0
0.777099999999999 0.0
0.7870999999999988 0.0
0.7970999999999986 0.0
0.8071000000000002 0.0
0.8170999999999999 0.0
0.8270999999999997 0.0
0.8370999999999995 0.0
0.8470999999999993 0.0
0.8570999999999991 0.0
0.8670999999999989 0.0
0.8770999999999987 0.0
0.8870999999999984 0.0
0.8971 1.8910899999999997e-17
0.9070999999999998 3.9489999999999996e-17
0.9170999999999996 8.1994e-17
0.9270999999999994 1.67705e-16
0.9370999999999992 3.64727e-16
0.9470999999999989 7.3246e-16
0.9570999999999987 1.4558899999999999e-15
0.9670999999999985 3.0243e-15
0.9771000000000001 5.911400000000001e-15
0.9870999999999999 1.14333e-14
0.9970999999999997 2.20988e-14
1.0070999999999994 4.1933e-14
1.0170999999999992 7.874599999999999e-14
1.027099999999999 1.46335e-13
1.0370999999999988 2.6934999999999996e-13
1.0470999999999986 4.905399999999999e-13
1.0571000000000002 8.8436e-13
1.0671 1.58105e-12
1.0770999999999997 2.7943e-12
1.0870999999999995 4.892900000000001e-12
1.0970999999999993 8.4796e-12
1.107099999999999 1.4557e-11
1.1170999999999989 2.4750999999999994e-11
1.1270999999999987 4.1777e-11
1.1370999999999984 6.951900000000001e-11
1.1471 1.1479700000000001e-10
1.1570999999999998 1.8777e-10
1.1670999999999996 3.0426e-10
1.1770999999999994 4.890099999999999e-10
1.1870999999999992 7.771900000000001e-10
1.197099999999999 1.2238999999999999e-09
1.2070999999999987 1.9131000000000004e-09
1.2170999999999985 2.9587999999999998e-09
1.2271 4.5324e-09
1.2370999999999999 6.892499999999999e-09
1.2470999999999997 1.0385e-08
1.2570999999999994 1.5511000000000002e-08
1.2670999999999992 2.2960999999999996e-08
1.277099999999999 3.3666e-08
1.2870999999999988 4.9004999999999994e-08
1.2970999999999986 7.071e-08
1.3071000000000002 1.0119999999999999e-07
1.3171 1.4355e-07
1.3270999999999997 2.019e-07
1.3370999999999995 2.8195e-07
1.3470999999999993 3.8936999999999995e-07
1.357099999999999 5.365000000000001e-07
1.3670999999999989 7.299000000000001e-07
1.3770999999999987 9.877e-07
1.3870999999999984 1.3255e-06
1.3971 1.7657000000000003e-06
1.4070999999999998 2.3351e-06
1.4170999999999996 3.065e-06
1.4270999999999994 3.9930000000000006e-06
1.4370999999999992 5.1679999999999995e-06
1.447099999999999 6.646e-06
1.4570999999999987 8.475e-06
1.4670999999999985 1.0752999999999999e-05
1.4771 1.3555000000000002e-05
1.4870999999999999 1.6990999999999997e-05
1.4970999999999997 2.113e-05
1.5070999999999994 2.6170000000000002e-05
1.5170999999999992 3.219e-05
1.527099999999999 3.9370000000000004e-05
1.5370999999999988 4.785999999999999e-05
1.5470999999999986 5.7929999999999996e-05
1.5571000000000002 6.980999999999998e-05
1.5671 8.36e-05
1.5770999999999997 9.963999999999999e-05
1.5870999999999995 0.00011804
1.5970999999999993 0.0001393
1.607099999999999 0.00016350000000000002
1.6170999999999989 0.0001908
1.6270999999999987 0.0002217
1.6370999999999984 0.00025610000000000005
1.6471 0.0002944
1.6570999999999998 0.0003368
1.6670999999999996 0.00038330000000000005
1.6770999999999994 0.0004338
1.6870999999999992 0.0004885
1.697099999999999 0.0005471
1.7070999999999987 0.0006092999999999999
1.7170999999999985 0.0006758000000000001
1.7271 0.0007435999999999999
1.7370999999999999 0.000816
1.7470999999999997 0.000889
1.7570999999999994 0.000964
1.7670999999999992 0.00104
1.777099999999999 0.0011159999999999998
1.7870999999999988 0.001191
1.7970999999999986 0.0012649999999999998
1.8071000000000002 0.0013369999999999999
1.8171 0.0014060000000000001
1.8270999999999997 0.001471
1.8370999999999995 0.0015320000000000002
1.8470999999999993 0.001589
1.857099999999999 0.00164
1.8670999999999989 0.001687
1.8770999999999987 0.001727
1.8870999999999984 0.0017620000000000001
1.8971 0.00179
1.9070999999999998 0.001811
1.9170999999999996 0.0018279999999999998
1.9270999999999994 0.0018340000000000001
1.9370999999999992 0.001836
1.947099999999999 0.0018320000000000003
1.9570999999999987 0.0018210000000000001
1.9670999999999985 0.001803
1.9771 0.001778
1.9870999999999999 0.001747
1.9970999999999997 0.001711
2.0070999999999994 0.001667
2.0170999999999992 0.001618
2.027099999999999 0.0015660000000000001
2.037099999999999 0.001506
2.0470999999999986 0.0014449999999999999
2.0571 0.0013810000000000003
2.0671 0.0013119999999999998
2.0770999999999997 0.0012439999999999999
2.0870999999999995 0.001174
2.0970999999999993 0.001106
2.107099999999999 0.001039
2.117099999999999 0.000974
2.1270999999999987 0.0009129999999999999
2.1370999999999984 0.000854
2.1471 0.000802
2.1571 0.000752
2.1670999999999996 0.0007084999999999999
2.1770999999999994 0.0006722
2.187099999999999 0.0006404999999999999
2.197099999999999 0.0006134999999999999
2.2070999999999987 0.000594
2.2170999999999985 0.0005779
2.2271 0.0005671
2.2371 0.0005613
2.2470999999999997 0.0005593999999999999
2.2570999999999994 0.0005610999999999999
2.2670999999999992 0.0005651
2.277099999999999 0.0005723
2.287099999999999 0.0005823
2.2970999999999986 0.0005927
2.3071 0.0006057
2.3171 0.0006198
2.3270999999999997 0.0006338
2.3370999999999995 0.0006486
2.3470999999999993 0.0006639
2.357099999999999 0.0006779
2.367099999999999 0.0006923
2.3770999999999987 0.0007051
2.3870999999999984 0.0007180999999999999
2.3971 0.0007286
2.4071 0.0007404
2.4170999999999996 0.0007505
2.4270999999999994 0.0007592
2.437099999999999 0.0007665
2.447099999999999 0.0007744
2.4570999999999987 0.0007801
2.4670999999999985 0.0007865999999999999
2.4771 0.0007930999999999999
2.4871 0.0007989
2.4970999999999997 0.0008060000000000001
2.5070999999999994 0.0008126
2.5170999999999992 0.0008216
2.527099999999999 0.0008292000000000001
2.537099999999999 0.0008397
2.5470999999999986 0.000851
2.5571 0.000864
2.5671 0.0008778
2.5770999999999997 0.0008923999999999999
2.5870999999999995 0.0009086999999999999
2.5970999999999993 0.0009265999999999999
2.607099999999999 0.0009429
2.617099999999999 0.000961
2.6270999999999987 0.000976
2.6370999999999984 0.000991
2.6471 0.0010080000000000002
2.6571 0.001021
2.6670999999999996 0.001029
2.6770999999999994 0.001038
2.687099999999999 0.001042
2.697099999999999 0.001044
2.7070999999999987 0.001044
2.7170999999999985 0.0010379999999999999
2.7271 0.001033
2.7371 0.001022
2.7470999999999997 0.00101
2.7570999999999994 0.000996
2.7670999999999992 0.000979
2.777099999999999 0.0009609999999999998
2.787099999999999 0.000942
2.7970999999999986 0.0009230000000000001
2.8071 0.0009050000000000001
2.8171 0.000887
2.8270999999999997 0.000869
2.8370999999999995 0.0008529999999999999
2.8470999999999993 0.0008399999999999999
2.857099999999999 0.000826
2.867099999999999 0.0008160000000000001
2.8770999999999987 0.000808
2.8870999999999984 0.000804
2.8971 0.0007989999999999999
2.9071 0.0007989999999999999
2.9170999999999996 0.000801
2.9270999999999994 0.000806
2.937099999999999 0.0008139999999999999
2.947099999999999 0.0008240000000000001
2.9570999999999987 0.000835
2.9670999999999985 0.0008500000000000001
2.9771 0.000867
2.9871 0.000884
2.9970999999999997 0.0009049999999999999
3.0070999999999994 0.000928
3.0170999999999992 0.000952
3.027099999999999 0.000977
3.037099999999999 0.001006
3.0470999999999986 0.001034
3.0571 0.001064
3.0671 0.001098
3.0770999999999997 0.00113
3.0870999999999995 0.0011619999999999998
3.0970999999999993 0.0011949999999999999
3.107099999999999 0.001229
3.117099999999999 0.001264
3.1270999999999987 0.001294
3.1370999999999984 0.0013250000000000002
3.1471 0.0013549999999999999
3.1571 0.0013809999999999998
3.1670999999999996 0.001407
3.1770999999999994 0.001429
3.187099999999999 0.001449
3.197099999999999 0.001463
3.2070999999999987 0.001478
3.2170999999999985 0.001488
3.2271 0.001497
3.2371 0.001505
3.2470999999999997 0.00151
3.2570999999999994 0.001516
3.2670999999999992 0.001522
3.277099999999999 0.001527
3.287099999999999 0.001531
3.2970999999999986 0.0015400000000000001
3.3071 0.001549
3.3171 0.001558
3.3270999999999997 0.0015719999999999998
3.3370999999999995 0.001585
3.3470999999999993 0.0015989999999999997
3.357099999999999 0.0016159999999999998
3.367099999999999 0.0016320000000000002
3.3770999999999987 0.0016499999999999998
3.3870999999999984 0.001665
3.3971 0.0016810000000000002
3.4071 0.001696
3.4170999999999996 0.0017069999999999998
3.4270999999999994 0.001717
3.437099999999999 0.0017219999999999998
3.447099999999999 0.0017259999999999999
3.4570999999999987 0.0017259999999999999
3.4670999999999985 0.001722
3.4771 0.001715
3.4871 0.001705
3.4970999999999997 0.001692
3.5070999999999994 0.001676
3.5170999999999992 0.001659
3.527099999999999 0.001641
3.537099999999999 0.00162
3.5470999999999986 0.0015999999999999999
3.5571 0.00158
3.5671 0.001562
3.5770999999999997 0.0015450000000000001
3.5870999999999995 0.001528
3.5970999999999993 0.001516
3.607100000000001 0.0015049999999999998
3.617099999999999 0.001498
3.6271000000000004 0.001493
3.6370999999999984 0.0014889999999999999
3.6471 0.00149
3.657099999999998 0.0014910000000000001
3.6670999999999996 0.001493
3.6770999999999976 0.0014969999999999998
3.687099999999999 0.0015019999999999999
3.6971000000000007 0.001506
3.7070999999999987 0.0015060000000000002
3.7171000000000003 0.001509
3.7270999999999983 0.0015079999999999998
3.7371 0.0015060000000000002
3.747099999999998 0.0014979999999999998
3.7570999999999994 0.0014889999999999999
3.767100000000001 0.001476
3.777099999999999 0.001456
3.7871000000000006 0.001435
3.7970999999999986 0.0014129999999999998
3.8071 0.001385
3.817099999999998 0.001356
3.8270999999999997 0.0013230000000000002
3.8370999999999977 0.001287
3.8470999999999993 0.0012569999999999999
3.857100000000001 0.001221
3.867099999999999 0.001188
3.8771000000000004 0.001158
3.8870999999999984 0.001128
3.8971 0.001103
3.907099999999998 0.001083
3.9170999999999996 0.001062
3.9270999999999976 0.00105
3.937099999999999 0.001041
3.9471000000000007 0.001035
3.9570999999999987 0.001035
3.9671000000000003 0.0010379999999999999
3.9770999999999983 0.001045
3.9871 0.001059
3.997099999999998 0.0010710000000000001
4.007099999999999 0.001088
4.017100000000001 0.0011059999999999998
4.027099999999999 0.001127
4.037100000000001 0.0011489999999999998
4.047099999999999 0.00117
4.0571 0.001191
4.067099999999998 0.0012120000000000002
4.0771 0.001233
4.087099999999998 0.001253
4.097099999999999 0.0012699999999999999
4.107100000000001 0.0012870000000000002
4.117099999999999 0.001302
4.1271 0.001319
4.1370999999999984 0.001333
4.1471 0.001347
4.157099999999998 0.001364
4.1671 0.0013810000000000003
4.177099999999998 0.0014010000000000001
4.187099999999999 0.001422
4.197100000000001 0.001445
4.207099999999999 0.0014720000000000002
4.2171 0.0015040000000000001
4.227099999999998 0.0015389999999999998
4.2371 0.001577
4.247099999999998 0.001618
4.257099999999999 0.0016640000000000001
4.267100000000001 0.00171
4.277099999999999 0.0017580000000000004
4.287100000000001 0.0018080000000000001
4.297099999999999 0.0018559999999999998
4.3071 0.001902
4.317099999999998 0.0019460000000000002
4.3271 0.001986
4.337099999999998 0.0020210000000000002
4.347099999999999 0.002049
4.357100000000001 0.00207
4.367099999999999 0.002085
4.3771 0.002094
4.3870999999999984 0.002097
4.3971 0.002091
4.407099999999998 0.002079
4.4171 0.002064
4.427099999999998 0.002043
4.437099999999999 0.002019
4.447100000000001 0.001992
4.457099999999999 0.001965
4.4671 0.001939
4.477099999999998 0.0019130000000000002
4.4871 0.001887
4.497099999999998 0.001863
4.507099999999999 0.0018449999999999999
4.517100000000001 0.00183
4.527099999999999 0.001818
4.537100000000001 0.001808
4.547099999999999 0.001806
4.5571 0.001806
4.567099999999998 0.0018070000000000002
4.5771 0.001816
4.587099999999998 0.001827
4.597099999999999 0.0018449999999999999
4.607100000000001 0.0018620000000000002
4.617099999999999 0.001886
4.6271 0.001913
4.6370999999999984 0.001944
4.6471 0.00198
4.657099999999998 0.00202
4.6671 0.002065
4.677099999999998 0.002114
4.687099999999999 0.002169
4.697100000000001 0.0022280000000000004
4.707099999999999 0.002294
4.7171 0.0023620000000000004
4.727099999999998 0.0024340000000000004
4.7371 0.002511
4.747099999999998 0.002588
4.757099999999999 0.0026680000000000002
4.767100000000001 0.002748
4.777099999999999 0.002826
4.787100000000001 0.0029000000000000002
4.797099999999999 0.002971
4.8071 0.0030369999999999998
4.817099999999998 0.0030970000000000004
4.8271 0.0031479999999999998
4.837099999999998 0.003189
4.847099999999999 0.003222
4.857100000000001 0.0032459999999999998
4.867099999999999 0.0032590000000000006
4.8771 0.0032609999999999996
4.8870999999999984 0.0032559999999999993
4.8971 0.003242
4.907099999999998 0.003222
4.9171 0.003197
4.927099999999998 0.0031650000000000003
4.937099999999999 0.0031349999999999998
4.947100000000001 0.003102
4.957099999999999 0.0030689999999999997
4.9671 0.0030369999999999998
4.977099999999998 0.0030080000000000003
4.9871 0.00298
4.997099999999998 0.0029579999999999997
5.007099999999999 0.00294
5.017100000000001 0.002922
5.027099999999999 0.0029089999999999997
5.037100000000001 0.002896
5.047099999999999 0.002887
5.0571 0.002877
5.067099999999998 0.0028660000000000005
5.0771 0.0028539999999999998
5.087099999999998 0.0028380000000000002
5.097099999999999 0.002819
5.107100000000001 0.002796
5.117099999999999 0.0027670000000000004
5.1271 0.002733
5.1370999999999984 0.0026950000000000003
5.1471 0.002649
5.157099999999998 0.0026000000000000003
5.1671 0.0025440000000000003
5.177099999999998 0.002484
5.187099999999999 0.002418
5.197100000000001 0.002351
5.207099999999999 0.002278
5.2171 0.002205
5.227099999999998 0.002127
5.2371 0.0020469999999999998
5.247099999999998 0.0019660000000000003
5.257099999999999 0.001884
5.267100000000001 0.001802
5.277099999999999 0.0017209999999999999
5.287100000000001 0.0016389999999999998
5.297099999999999 0.0015569999999999998
5.3071 0.0014789999999999998
5.317099999999998 0.0014
5.3271 0.0013219999999999998
5.337099999999998 0.001248
5.347099999999999 0.001175
5.357100000000001 0.001105
5.367099999999999 0.001037
5.3771 0.000972
5.3870999999999984 0.0009080000000000001
5.3971 0.000846
5.407099999999998 0.000786
5.4171 0.000729
5.427099999999998 0.0006760000000000001
5.437099999999999 0.000624
5.447100000000001 0.0005737
5.457099999999999 0.0005262999999999999
5.4671 0.0004812
5.477099999999998 0.00043870000000000004
5.4871 0.00039850000000000004
5.497099999999998 0.0003604
5.507099999999999 0.00032510000000000004
5.517100000000001 0.0002921
5.527099999999999 0.00026139999999999996
5.537100000000001 0.00023310000000000003
5.547099999999999 0.0002069
5.5571 0.00018299999999999998
5.567099999999998 0.00016120000000000002
5.5771 0.0001414
5.587099999999998 0.0001235
5.597099999999999 0.00010749999999999998
5.607100000000001 9.299999999999998e-05
5.617099999999999 8.02e-05
5.6271 6.869999999999999e-05
5.6370999999999984 5.862999999999999e-05
5.6471 4.9720000000000005e-05
5.657099999999998 4.193e-05
5.6671 3.513e-05
5.677099999999998 2.9250000000000003e-05
5.687099999999999 2.4180000000000002e-05
5.697100000000001 1.9859999999999996e-05
5.707099999999999 1.62e-05
5.7171 1.311e-05
5.727099999999998 1.0520000000000001e-05
5.7371 8.37e-06
5.747099999999998 6.609999999999999e-06
5.757099999999999 5.177000000000001e-06
5.767100000000001 4.016e-06
5.777099999999999 3.0890000000000004e-06
5.787100000000001 2.354e-06
5.797099999999999 1.7780000000000002e-06
5.8071 1.329e-06
5.817099999999998 9.849999999999999e-07
5.8271 7.22e-07
5.837099999999998 5.246e-07
5.847099999999999 3.7740000000000003e-07
5.857100000000001 2.687e-07
5.867099999999999 1.894e-07
5.8771 1.323e-07
5.8870999999999984 9.140000000000001e-08
5.8971 6.249000000000001e-08
5.907099999999998 4.230000000000001e-08
5.9171 2.8330000000000003e-08
5.927099999999998 1.8789999999999998e-08
5.937099999999999 1.233e-08
5.947100000000001 7.99e-09
5.957099999999999 5.141000000000001e-09
