-22.402900000000002 -0.5528
-22.3929 -0.3989
-22.3829 -0.2848
-22.3729 -0.20139999999999997
-22.362900000000003 -0.141
-22.352899999999998 -0.09759999999999999
-22.3429 -0.06689999999999999
-22.332900000000002 -0.04543
-22.3229 -0.030529999999999998
-22.3129 -0.02028
-22.3029 -0.01338
-22.292900000000003 -0.00871
-22.2829 -0.005618
-22.2729 -0.003586
-22.262900000000002 -0.0022660000000000002
-22.2529 -0.001419
-22.2429 -0.000878
-22.2329 -0.0005379
-22.222900000000003 -0.0003261
-22.2129 -0.00019569999999999999
-22.2029 -0.0001164
-22.1929 -6.86e-05
-22.1829 -3.981e-05
-22.1729 -2.293e-05
-22.1629 -1.3080000000000002e-05
-22.152900000000002 -7.38e-06
-22.1429 -4.119e-06
-22.1329 -2.276e-06
-22.1229 -1.245e-06
-22.112900000000003 -6.75e-07
-22.102899999999998 -3.6090000000000006e-07
-22.0929 -1.9129999999999997e-07
-22.082900000000002 -1.003e-07
-22.0729 -5.2079999999999994e-08
-22.0629 -2.672e-08
-22.0529 -1.358e-08
-22.042900000000003 -6.81e-09
-22.0329 -3.371e-09
-22.0229 -1.6119999999999998e-09
-22.012900000000002 -7.45e-10
-22.0029 -3.1640000000000007e-10
-21.9929 -1.302e-10
-21.9829 -5.0710000000000005e-11
-21.972900000000003 -7.860000000000001e-12
-21.9629 -0.0
-21.9529 -0.0
-21.9429 -0.0
-21.9329 -0.0
-21.9229 -0.0
-21.9129 -0.0
-21.902900000000002 -0.0
-21.8929 -0.0
-21.8829 -0.0
-21.8729 -0.0
-21.862900000000003 -0.0
-21.852899999999998 -0.0
-21.8429 -0.0
-21.832900000000002 -0.0
-21.8229 -0.0
-21.8129 -0.0
-21.8029 -0.0
-21.792900000000003 -0.0
-21.7829 -0.0
-21.7729 -0.0
-21.762900000000002 -0.0
-21.7529 -0.0
-21.7429 -0.0
-21.7329 -0.0
-21.722900000000003 -0.0
-21.7129 -0.0
-21.7029 -0.0
-21.6929 -0.0
-21.6829 -0.0
-21.6729 -0.0
-21.6629 -0.0
-21.652900000000002 -0.0
-21.6429 -0.0
-21.6329 -0.0
-21.6229 -0.0
-21.612900000000003 -0.0
-21.602899999999998 -0.0
-21.5929 -0.0
-21.582900000000002 -0.0
-21.5729 -0.0
-21.5629 -0.0
-21.5529 -0.0
-21.542900000000003 -0.0
-21.5329 -0.0
-21.5229 -0.0
-21.512900000000002 -0.0
-21.5029 -0.0
-21.4929 -0.0
-21.4829 -0.0
-21.472900000000003 -0.0
-21.4629 -0.0
-21.4529 -0.0
-21.4429 -0.0
-21.4329 -0.0
-21.4229 -0.0
-21.4129 -0.0
-21.402900000000002 -0.0
-21.3929 -0.0
-21.3829 -0.0
-21.3729 -0.0
-21.362900000000003 -0.0
-21.352899999999998 -0.0
-21.3429 -0.0
-21.332900000000002 -0.0
-21.3229 -0.0
-21.3129 -0.0
-21.3029 -0.0
-21.292900000000003 -0.0
-21.2829 -0.0
-21.2729 -0.0
-21.262900000000002 -0.0
-21.2529 -0.0
-21.2429 -0.0
-21.2329 -0.0
-21.222900000000003 -0.0
-21.2129 -0.0
-21.2029 -0.0
-21.1929 -0.0
-21.1829 -0.0
-21.1729 -0.0
-21.1629 -0.0
-21.152900000000002 -0.0
-21.1429 -0.0
-21.1329 -0.0
-21.1229 -0.0
-21.112900000000003 -0.0
-21.102899999999998 -0.0
-21.0929 -0.0
-21.082900000000002 -0.0
-21.0729 -0.0
-21.0629 -0.0
-21.0529 -0.0
-21.042900000000003 -0.0
-21.0329 -0.0
-21.0229 -0.0
-21.012900000000002 -0.0
-21.0029 -0.0
-20.9929 -0.0
-20.9829 -0.0
-20.972900000000003 -0.0
-20.9629 -0.0
-20.9529 -0.0
-20.9429 -0.0
-20.9329 -0.0
-20.9229 -0.0
-20.9129 -0.0
-20.902900000000002 -0.0
-20.8929 -0.0
-20.8829 -0.0
-20.8729 -0.0
-20.862900000000003 -0.0
-20.852899999999998 -0.0
-20.8429 -0.0
-20.832900000000002 -0.0
-20.8229 -0.0
-20.8129 -0.0
-20.8029 -0.0
-20.792900000000003 -0.0
-20.7829 -0.0
-20.7729 -0.0
-20.762900000000002 -0.0
-20.7529 -0.0
-20.7429 -0.0
-20.7329 -0.0
-20.722900000000003 -0.0
-20.7129 -0.0
-20.7029 -0.0
-20.6929 -0.0
-20.6829 -0.0
-20.6729 -0.0
-20.6629 -0.0
-20.652900000000002 -0.0
-20.6429 -0.0
-20.6329 -0.0
-20.6229 -0.0
-20.612900000000003 -0.0
-20.602899999999998 -0.0
-20.5929 -0.0
-20.582900000000002 -0.0
-20.5729 -0.0
-20.5629 -0.0
-20.5529 -0.0
-20.542900000000003 -0.0
-20.5329 -0.0
-20.5229 -0.0
-20.512900000000002 -0.0
-20.5029 -0.0
-20.4929 -0.0
-20.4829 -0.0
-20.472900000000003 -0.0
-20.4629 -0.0
-20.4529 -0.0
-20.4429 -0.0
-20.4329 -0.0
-20.4229 -0.0
-20.4129 -0.0
-20.402900000000002 -0.0
-20.3929 -0.0
-20.3829 -0.0
-20.3729 -0.0
-20.3629 -0.0
-20.3529 -0.0
-20.3429 -0.0
-20.332900000000002 -0.0
-20.3229 -0.0
-20.3129 -0.0
-20.3029 -0.0
-20.2929 -0.0
-20.2829 -0.0
-20.2729 -0.0
-20.262900000000002 -6.4729e-18
-20.2529 -1.3589100000000001e-17
-20.2429 -2.82199e-17
-20.2329 -2.0720000000000002e-16
-20.222900000000003 -4.303e-16
-20.2129 -8.8300000000000005e-16
-20.2029 -1.7979999999999996e-15
-20.1929 -3.614e-15
-20.1829 -7.187e-15
-20.1729 -1.417e-14
-20.1629 -2.868e-14
-20.152900000000002 -5.596e-14
-20.1429 -1.0819999999999998e-13
-20.1329 -2.0710000000000002e-13
-20.1229 -3.8949999999999996e-13
-20.1129 -7.252e-13
-20.1029 -1.3369999999999999e-12
-20.0929 -2.439e-12
-20.082900000000002 -4.408e-12
-20.0729 -7.880000000000001e-12
-20.0629 -1.398e-11
-20.0529 -2.452e-11
-20.0429 -4.262999999999999e-11
-20.0329 -7.327000000000001e-11
-20.0229 -1.2520000000000002e-10
-20.012900000000002 -2.1120000000000003e-10
-20.0029 -3.538e-10
-19.9929 -5.866e-10
-19.9829 -9.64e-10
-19.972900000000003 -1.57e-09
-19.9629 -2.5309999999999996e-09
-19.9529 -4.047e-09
-19.9429 -6.415000000000001e-09
-19.9329 -1.0069999999999999e-08
-19.9229 -1.569e-08
-19.9129 -2.422e-08
-19.902900000000002 -3.7059999999999996e-08
-19.8929 -5.622e-08
-19.8829 -8.47e-08
-19.8729 -1.262e-07
-19.8629 -1.8670000000000002e-07
-19.8529 -2.7400000000000004e-07
-19.8429 -3.9840000000000007e-07
-19.832900000000002 -5.738999999999999e-07
-19.8229 -8.22e-07
-19.8129 -1.1660000000000001e-06
-19.8029 -1.641e-06
-19.7929 -2.288e-06
-19.7829 -3.1649999999999998e-06
-19.7729 -4.342e-06
-19.762900000000002 -5.896e-06
-19.7529 -7.96e-06
-19.7429 -1.0649999999999998e-05
-19.7329 -1.413e-05
-19.722900000000003 -1.86e-05
-19.7129 -2.423e-05
-19.7029 -3.134e-05
-19.6929 -4.0199999999999995e-05
-19.6829 -5.1099999999999995e-05
-19.6729 -6.440000000000001e-05
-19.6629 -8.05e-05
-19.652900000000002 -9.98e-05
-19.6429 -0.0001226
-19.6329 -0.00014949999999999997
-19.6229 -0.0001809
-19.6129 -0.00021700000000000002
-19.6029 -0.0002583
-19.5929 -0.0003051
-19.582900000000002 -0.0003578
-19.5729 -0.0004164
-19.5629 -0.000481
-19.5529 -0.0005522
-19.5429 -0.000629
-19.5329 -0.000714
-19.5229 -0.0008049999999999998
-19.512900000000002 -0.0009010000000000001
-19.5029 -0.001006
-19.4929 -0.001116
-19.4829 -0.001235
-19.472900000000003 -0.001363
-19.4629 -0.0014950000000000002
-19.4529 -0.00164
-19.4429 -0.0017929999999999999
-19.4329 -0.001957
-19.4229 -0.00213
-19.4129 -0.00232
-19.402900000000002 -0.002523
-19.3929 -0.0027389999999999997
-19.3829 -0.00297
-19.3729 -0.00322
-19.3629 -0.003483
-19.3529 -0.0037649999999999997
-19.3429 -0.00406
-19.332900000000002 -0.00437
-19.3229 -0.004697
-19.3129 -0.005033
-19.3029 -0.005381
-19.2929 -0.005736
-19.2829 -0.006087
-19.2729 -0.006470000000000001
-19.262900000000002 -0.006839999999999999
-19.2529 -0.0072
-19.2429 -0.00755
-19.2329 -0.0079
-19.222900000000003 -0.00826
-19.2129 -0.0086
-19.2029 -0.00894
-19.1929 -0.00928
-19.1829 -0.00962
-19.1729 -0.009930000000000001
-19.1629 -0.01026
-19.152900000000002 -0.010599999999999998
-19.1429 -0.010950000000000001
-19.1329 -0.0113
-19.1229 -0.01169
-19.1129 -0.01209
-19.1029 -0.012539999999999999
-19.0929 -0.01302
-19.082900000000002 -0.013540000000000002
-19.0729 -0.01411
-19.0629 -0.014750000000000001
-19.0529 -0.01544
-19.0429 -0.01619
-19.0329 -0.01701
-19.0229 -0.017890000000000003
-19.012900000000002 -0.018840000000000003
-19.0029 -0.01984
-18.9929 -0.02089
-18.9829 -0.02199
-18.972900000000003 -0.023129999999999998
-18.9629 -0.02431
-18.9529 -0.025490000000000006
-18.9429 -0.0267
-18.9329 -0.027919999999999997
-18.9229 -0.029109999999999997
-18.9129 -0.030299999999999997
-18.902900000000002 -0.03147
-18.8929 -0.032619999999999996
-18.8829 -0.033749999999999995
-18.8729 -0.034839999999999996
-18.8629 -0.03587
-18.8529 -0.036890000000000006
-18.8429 -0.03787
-18.832900000000002 -0.038829999999999996
-18.8229 -0.039760000000000004
-18.8129 -0.04065
-18.8029 -0.041530000000000004
-18.7929 -0.04239
-18.7829 -0.04322
-18.7729 -0.04405
-18.762900000000002 -0.0449
-18.7529 -0.04573
-18.7429 -0.046560000000000004
-18.7329 -0.04739
-18.722900000000003 -0.04822
-18.7129 -0.049049999999999996
-18.7029 -0.04988
-18.6929 -0.05069
-18.6829 -0.05152
-18.6729 -0.0523
-18.6629 -0.05305
-18.652900000000002 -0.05378000000000001
-18.6429 -0.054470000000000005
-18.6329 -0.05511
-18.6229 -0.055689999999999996
-18.6129 -0.05621
-18.6029 -0.05669
-18.5929 -0.0571
-18.582900000000002 -0.05745
-18.5729 -0.05774
-18.5629 -0.05797
-18.5529 -0.058159999999999996
-18.5429 -0.05824
-18.5329 -0.05833
-18.5229 -0.05842
-18.512900000000002 -0.058519999999999996
-18.5029 -0.05864
-18.4929 -0.05868
-18.4829 -0.05866000000000001
-18.472900000000003 -0.0587
-18.4629 -0.05884999999999999
-18.4529 -0.05884999999999999
-18.4429 -0.058980000000000005
-18.4329 -0.05926
-18.4229 -0.05935
-18.4129 -0.0595
-18.402900000000002 -0.05979
-18.3929 -0.060200000000000004
-18.3829 -0.060540000000000004
-18.3729 -0.06099
-18.3629 -0.06136
-18.3529 -0.06184
-18.3429 -0.062229999999999994
-18.332900000000002 -0.0627
-18.3229 -0.06307
-18.3129 -0.06352000000000001
-18.3029 -0.0638
-18.2929 -0.06409999999999999
-18.2829 -0.0643
-18.2729 -0.0644
-18.262900000000002 -0.0645
-18.2529 -0.0644
-18.2429 -0.06420000000000001
-18.2329 -0.0641
-18.222900000000003 -0.0637
-18.2129 -0.0633
-18.2029 -0.0629
-18.1929 -0.06257
-18.1829 -0.06208
-18.1729 -0.0617
-18.1629 -0.06145
-18.152900000000002 -0.06133
-18.1429 -0.061259999999999995
-18.1329 -0.06145
-18.1229 -0.06162000000000001
-18.1129 -0.06226999999999999
-18.1029 -0.06309
-18.0929 -0.06408
-18.082900000000002 -0.0655
-18.0729 -0.067
-18.0629 -0.069
-18.0529 -0.0713
-18.0429 -0.07390000000000001
-18.0329 -0.07700000000000001
-18.0229 -0.0803
-18.012900000000002 -0.08399999999999999
-18.0029 -0.0884
-17.9929 -0.093
-17.9829 -0.09809999999999999
-17.972900000000003 -0.1037
-17.9629 -0.10980000000000001
-17.9529 -0.1163
-17.9429 -0.1233
-17.9329 -0.1306
-17.9229 -0.13859999999999997
-17.9129 -0.147
-17.902900000000002 -0.15539999999999998
-17.8929 -0.1643
-17.8829 -0.1734
-17.8729 -0.18280000000000002
-17.8629 -0.1922
-17.8529 -0.20159999999999997
-17.8429 -0.21100000000000002
-17.832900000000002 -0.2205
-17.8229 -0.22959999999999997
-17.8129 -0.2383
-17.8029 -0.24689999999999998
-17.7929 -0.2553
-17.7829 -0.26330000000000003
-17.7729 -0.2706
-17.762900000000002 -0.278
-17.7529 -0.2849
-17.7429 -0.2917
-17.7329 -0.2984
-17.722900000000003 -0.3049
-17.7129 -0.3114
-17.7029 -0.3181
-17.6929 -0.32489999999999997
-17.6829 -0.33230000000000004
-17.6729 -0.3402
-17.6629 -0.3483
-17.652900000000002 -0.3573
-17.6429 -0.3667
-17.6329 -0.3767
-17.6229 -0.3876
-17.6129 -0.3989
-17.6029 -0.41100000000000003
-17.5929 -0.4234
-17.582900000000002 -0.436
-17.5729 -0.44889999999999997
-17.5629 -0.46190000000000003
-17.5529 -0.47469999999999996
-17.5429 -0.48719999999999997
-17.5329 -0.4989
-17.5229 -0.5098
-17.512900000000002 -0.52
-17.5029 -0.5285
-17.4929 -0.5356
-17.4829 -0.5408000000000001
-17.472900000000003 -0.544
-17.4629 -0.5449
-17.4529 -0.5433
-17.4429 -0.5389999999999999
-17.4329 -0.5322
-17.4229 -0.5224
-17.4129 -0.5096
-17.402900000000002 -0.49439999999999995
-17.3929 -0.47600000000000003
-17.3829 -0.4556
-17.3729 -0.4328
-17.3629 -0.4081
-17.3529 -0.382
-17.3429 -0.3546
-17.332900000000002 -0.32680000000000003
-17.3229 -0.2983
-17.3129 -0.2701
-17.3029 -0.2427
-17.2929 -0.2159
-17.2829 -0.1904
-17.2729 -0.1664
-17.262900000000002 -0.1441
-17.2529 -0.12360000000000002
-17.2429 -0.105
-17.2329 -0.0885
-17.222900000000003 -0.0737
-17.2129 -0.060939999999999994
-17.2029 -0.04980999999999999
-17.1929 -0.04034
-17.1829 -0.03235
-17.1729 -0.02568
-17.1629 -0.02018
-17.152900000000002 -0.015719999999999998
-17.1429 -0.012110000000000001
-17.1329 -0.00925
-17.1229 -0.00698
-17.1129 -0.0052179999999999995
-17.1029 -0.0038610000000000003
-17.0929 -0.002829
-17.082900000000002 -0.002051
-17.0729 -0.0014719999999999998
-17.0629 -0.001046
-17.0529 -0.000737
-17.0429 -0.0005128
-17.0329 -0.0003536
-17.0229 -0.00024119999999999998
-17.012900000000002 -0.00016279999999999997
-17.0029 -0.00010879999999999999
-16.9929 -7.2e-05
-16.9829 -4.717e-05
-16.972900000000003 -3.057e-05
-16.9629 -1.961e-05
-16.9529 -1.2450000000000001e-05
-16.9429 -7.84e-06
-16.9329 -4.867e-06
-16.9229 -2.9970000000000003e-06
-16.9129 -1.8269999999999998e-06
-16.902900000000002 -1.101e-06
-16.8929 -6.56e-07
-16.8829 -3.8829999999999995e-07
-16.8729 -2.27e-07
-16.8629 -1.3130000000000002e-07
-16.8529 -7.529999999999999e-08
-16.8429 -4.264e-08
-16.832900000000002 -2.391e-08
-16.8229 -1.328e-08
-16.8129 -7.2899999999999994e-09
-16.8029 -3.967e-09
-16.7929 -2.1340000000000003e-09
-16.7829 -1.1370000000000001e-09
-16.7729 -5.983999999999999e-10
-16.762900000000002 -3.124e-10
-16.7529 -1.613e-10
-16.7429 -8.23e-11
-16.7329 -4.1600000000000004e-11
-16.722900000000003 -2.0710000000000002e-11
-16.7129 -1.003e-11
-16.7029 -4.736000000000001e-12
-16.6929 -1.999e-12
-16.6829 -8.799999999999999e-13
-16.6729 -3.356e-13
-16.6629 -8.79e-14
-16.652900000000002 -1.209e-14
-16.6429 -0.0
-16.6329 -0.0
-16.6229 -0.0
-16.6129 -0.0
-16.6029 -0.0
-16.5929 -0.0
-16.582900000000002 -0.0
-16.5729 -0.0
-16.5629 -0.0
-16.5529 -0.0
-16.5429 -0.0
-16.5329 -0.0
-16.5229 -0.0
-16.512900000000002 -0.0
-16.5029 -0.0
-16.4929 -0.0
-16.4829 -0.0
-16.472900000000003 -0.0
-16.4629 -0.0
-16.4529 -0.0
-16.4429 -0.0
-16.4329 -0.0
-16.4229 -0.0
-16.4129 -0.0
-16.402900000000002 -0.0
-16.3929 -0.0
-16.3829 -0.0
-16.3729 -0.0
-16.3629 -0.0
-16.3529 -0.0
-16.3429 -0.0
-16.332900000000002 -0.0
-16.3229 -0.0
-16.3129 -0.0
-16.3029 -0.0
-16.2929 -0.0
-16.2829 -0.0
-16.2729 -0.0
-16.262900000000002 -0.0
-16.2529 -0.0
-16.2429 -0.0
-16.2329 -0.0
-16.2229 -0.0
-16.2129 -0.0
-16.2029 -0.0
-16.1929 -0.0
-16.1829 -0.0
-16.172900000000002 -0.0
-16.1629 -0.0
-16.152900000000002 -0.0
-16.1429 -0.0
-16.1329 -0.0
-16.1229 -0.0
-16.1129 -0.0
-16.1029 -0.0
-16.0929 -0.0
-16.082900000000002 -0.0
-16.0729 -0.0
-16.0629 -0.0
-16.0529 -0.0
-16.0429 -0.0
-16.0329 -0.0
-16.0229 -0.0
-16.012900000000002 -0.0
-16.0029 -0.0
-15.9929 -0.0
-15.9829 -0.0
-15.972900000000001 -0.0
-15.962900000000001 -0.0
-15.9529 -0.0
-15.942900000000002 -0.0
-15.9329 -0.0
-15.9229 -0.0
-15.9129 -0.0
-15.9029 -0.0
-15.892900000000001 -0.0
-15.882900000000001 -0.0
-15.872900000000001 -0.0
-15.8629 -0.0
-15.852900000000002 -0.0
-15.8429 -0.0
-15.8329 -0.0
-15.8229 -0.0
-15.8129 -0.0
-15.802900000000001 -0.0
-15.792900000000001 -0.0
-15.782900000000001 -0.0
-15.7729 -0.0
-15.7629 -0.0
-15.7529 -0.0
-15.7429 -0.0
-15.7329 -0.0
-15.722900000000001 -0.0
-15.712900000000001 -0.0
-15.7029 -0.0
-15.692900000000002 -0.0
-15.6829 -0.0
-15.6729 -0.0
-15.6629 -0.0
-15.6529 -0.0
-15.642900000000001 -0.0
-15.632900000000001 -0.0
-15.622900000000001 -0.0
-15.6129 -0.0
-15.602900000000002 -0.0
-15.5929 -0.0
-15.5829 -0.0
-15.5729 -0.0
-15.5629 -0.0
-15.552900000000001 -0.0
-15.542900000000001 -0.0
-15.532900000000001 -0.0
-15.5229 -0.0
-15.5129 -0.0
-15.5029 -0.0
-15.4929 -0.0
-15.4829 -0.0
-15.472900000000001 -0.0
-15.462900000000001 -0.0
-15.4529 -0.0
-15.442900000000002 -0.0
-15.4329 -0.0
-15.4229 -0.0
-15.4129 -0.0
-15.4029 -0.0
-15.392900000000001 -0.0
-15.382900000000001 -0.0
-15.372900000000001 -0.0
-15.3629 -0.0
-15.352900000000002 -0.0
-15.3429 -0.0
-15.3329 -0.0
-15.3229 -0.0
-15.3129 -0.0
-15.302900000000001 -0.0
-15.292900000000001 -0.0
-15.282900000000001 -0.0
-15.2729 -0.0
-15.2629 -0.0
-15.2529 -0.0
-15.2429 -0.0
-15.2329 -0.0
-15.222900000000001 -0.0
-15.212900000000001 -0.0
-15.2029 -0.0
-15.192900000000002 -0.0
-15.1829 -0.0
-15.1729 -0.0
-15.1629 -0.0
-15.1529 -0.0
-15.142900000000001 -0.0
-15.132900000000001 -0.0
-15.122900000000001 -0.0
-15.1129 -0.0
-15.102900000000002 -0.0
-15.0929 -0.0
-15.0829 -0.0
-15.0729 -0.0
-15.0629 -0.0
-15.052900000000001 -0.0
-15.042900000000001 -0.0
-15.032900000000001 -0.0
-15.0229 -0.0
-15.0129 -0.0
-15.0029 -0.0
-14.9929 -0.0
-14.9829 -0.0
-14.972900000000001 -0.0
-14.962900000000001 -0.0
-14.9529 -0.0
-14.942900000000002 -0.0
-14.9329 -0.0
-14.9229 -0.0
-14.9129 -0.0
-14.9029 -0.0
-14.892900000000001 -0.0
-14.882900000000001 -0.0
-14.872900000000001 -0.0
-14.8629 -0.0
-14.852900000000002 -0.0
-14.8429 -0.0
-14.8329 -0.0
-14.8229 -0.0
-14.8129 -0.0
-14.802900000000001 -0.0
-14.792900000000001 -0.0
-14.782900000000001 -0.0
-14.7729 -0.0
-14.7629 -0.0
-14.7529 -0.0
-14.7429 -0.0
-14.7329 -0.0
-14.722900000000001 -0.0
-14.712900000000001 -0.0
-14.7029 -0.0
-14.692900000000002 -0.0
-14.6829 -0.0
-14.6729 -0.0
-14.6629 -0.0
-14.6529 -0.0
-14.642900000000001 -0.0
-14.632900000000001 -0.0
-14.622900000000001 -0.0
-14.6129 -0.0
-14.602900000000002 -0.0
-14.5929 -0.0
-14.5829 -0.0
-14.5729 -0.0
-14.5629 -0.0
-14.552900000000001 -0.0
-14.542900000000001 -0.0
-14.532900000000001 -0.0
-14.5229 -0.0
-14.5129 -0.0
-14.5029 -0.0
-14.4929 -0.0
-14.4829 -0.0
-14.472900000000001 -0.0
-14.462900000000001 -0.0
-14.4529 -0.0
-14.442900000000002 -0.0
-14.4329 -0.0
-14.4229 -0.0
-14.4129 -0.0
-14.4029 -0.0
-14.392900000000001 -0.0
-14.382900000000001 -0.0
-14.372900000000001 -0.0
-14.3629 -0.0
-14.3529 -0.0
-14.3429 -0.0
-14.3329 -0.0
-14.3229 -0.0
-14.3129 -0.0
-14.302900000000001 -0.0
-14.292900000000001 -0.0
-14.282900000000001 -0.0
-14.2729 -0.0
-14.2629 -0.0
-14.2529 -0.0
-14.2429 -0.0
-14.2329 -0.0
-14.222900000000001 -0.0
-14.212900000000001 -0.0
-14.202900000000001 -0.0
-14.192900000000002 -0.0
-14.1829 -0.0
-14.1729 -0.0
-14.1629 -0.0
-14.1529 -0.0
-14.142900000000001 -0.0
-14.132900000000001 -0.0
-14.122900000000001 -0.0
-14.1129 -0.0
-14.1029 -0.0
-14.0929 -0.0
-14.0829 -0.0
-14.0729 -0.0
-14.0629 -0.0
-14.052900000000001 -0.0
-14.042900000000001 -0.0
-14.032900000000001 -0.0
-14.0229 -0.0
-14.0129 -0.0
-14.0029 -0.0
-13.9929 -0.0
-13.9829 -0.0
-13.972900000000001 -0.0
-13.962900000000001 -0.0
-13.952900000000001 -0.0
-13.942900000000002 -0.0
-13.9329 -0.0
-13.9229 -0.0
-13.9129 -0.0
-13.9029 -0.0
-13.892900000000001 -0.0
-13.882900000000001 -0.0
-13.872900000000001 -0.0
-13.8629 -0.0
-13.8529 -0.0
-13.8429 -0.0
-13.8329 -0.0
-13.8229 -0.0
-13.8129 -0.0
-13.802900000000001 -0.0
-13.792900000000001 -0.0
-13.782900000000001 -0.0
-13.7729 -0.0
-13.7629 -0.0
-13.7529 -0.0
-13.7429 -0.0
-13.7329 -0.0
-13.722900000000001 -0.0
-13.712900000000001 -0.0
-13.702900000000001 -0.0
-13.692900000000002 -0.0
-13.6829 -0.0
-13.6729 -0.0
-13.6629 -0.0
-13.6529 -0.0
-13.642900000000001 -0.0
-13.632900000000001 -0.0
-13.622900000000001 -0.0
-13.6129 -0.0
-13.6029 -0.0
-13.5929 -0.0
-13.5829 -0.0
-13.5729 -0.0
-13.5629 -0.0
-13.552900000000001 -0.0
-13.542900000000001 -0.0
-13.532900000000001 -0.0
-13.5229 -0.0
-13.5129 -0.0
-13.5029 -0.0
-13.4929 -0.0
-13.4829 -0.0
-13.472900000000001 -0.0
-13.462900000000001 -0.0
-13.452900000000001 -0.0
-13.442900000000002 -0.0
-13.4329 -0.0
-13.4229 -0.0
-13.4129 -0.0
-13.4029 -0.0
-13.392900000000001 -0.0
-13.382900000000001 -0.0
-13.372900000000001 -0.0
-13.3629 -0.0
-13.3529 -0.0
-13.3429 -0.0
-13.3329 -0.0
-13.3229 -0.0
-13.3129 -0.0
-13.302900000000001 -0.0
-13.292900000000001 -0.0
-13.282900000000001 -0.0
-13.2729 -0.0
-13.2629 -0.0
-13.2529 -0.0
-13.2429 -0.0
-13.2329 -0.0
-13.222900000000001 -0.0
-13.212900000000001 -0.0
-13.202900000000001 -0.0
-13.192900000000002 -0.0
-13.1829 -0.0
-13.1729 -0.0
-13.1629 -0.0
-13.1529 -0.0
-13.142900000000001 -0.0
-13.132900000000001 -0.0
-13.122900000000001 -0.0
-13.1129 -0.0
-13.1029 -0.0
-13.0929 -0.0
-13.0829 -0.0
-13.0729 -0.0
-13.0629 -0.0
-13.052900000000001 -0.0
-13.042900000000001 -0.0
-13.032900000000001 -0.0
-13.0229 -0.0
-13.0129 -0.0
-13.0029 -0.0
-12.9929 -0.0
-12.9829 -0.0
-12.972900000000001 -0.0
-12.962900000000001 -0.0
-12.952900000000001 -0.0
-12.942900000000002 -0.0
-12.9329 -0.0
-12.9229 -0.0
-12.9129 -0.0
-12.9029 -0.0
-12.892900000000001 -0.0
-12.882900000000001 -0.0
-12.872900000000001 -0.0
-12.862900000000002 -0.0
-12.8529 -0.0
-12.8429 -0.0
-12.8329 -0.0
-12.8229 -0.0
-12.8129 -0.0
-12.802900000000001 -0.0
-12.792900000000001 -0.0
-12.782900000000001 -0.0
-12.7729 -0.0
-12.7629 -0.0
-12.7529 -0.0
-12.7429 -0.0
-12.7329 -0.0
-12.722900000000001 -0.0
-12.712900000000001 -0.0
-12.702900000000001 -0.0
-12.6929 -0.0
-12.6829 -0.0
-12.6729 -0.0
-12.6629 -0.0
-12.6529 -0.0
-12.642900000000001 -0.0
-12.632900000000001 -0.0
-12.622900000000001 -0.0
-12.612900000000002 -0.0
-12.6029 -0.0
-12.5929 -0.0
-12.5829 -0.0
-12.5729 -0.0
-12.5629 -0.0
-12.552900000000001 -0.0
-12.542900000000001 -0.0
-12.532900000000001 -0.0
-12.5229 -0.0
-12.5129 -0.0
-12.5029 -0.0
-12.4929 -0.0
-12.4829 -0.0
-12.472900000000001 -0.0
-12.462900000000001 -0.0
-12.452900000000001 -0.0
-12.4429 -0.0
-12.4329 -0.0
-12.4229 -0.0
-12.4129 -0.0
-12.4029 -0.0
-12.392900000000001 -0.0
-12.382900000000001 -0.0
-12.372900000000001 -0.0
-12.362900000000002 -0.0
-12.3529 -0.0
-12.3429 -0.0
-12.3329 -0.0
-12.3229 -0.0
-12.3129 -0.0
-12.302900000000001 -0.0
-12.292900000000001 -0.0
-12.282900000000001 -0.0
-12.2729 -0.0
-12.2629 -0.0
-12.2529 -0.0
-12.2429 -0.0
-12.2329 -0.0
-12.222900000000001 -0.0
-12.212900000000001 -0.0
-12.202900000000001 -0.0
-12.1929 -0.0
-12.1829 -0.0
-12.1729 -0.0
-12.1629 -0.0
-12.1529 -0.0
-12.142900000000001 -0.0
-12.132900000000001 -0.0
-12.122900000000001 -0.0
-12.112900000000002 -0.0
-12.1029 -0.0
-12.0929 -0.0
-12.0829 -0.0
-12.0729 -0.0
-12.0629 -0.0
-12.052900000000001 -0.0
-12.042900000000001 -0.0
-12.032900000000001 -0.0
-12.0229 -0.0
-12.0129 -0.0
-12.0029 -0.0
-11.9929 -0.0
-11.9829 -0.0
-11.972900000000001 -0.0
-11.962900000000001 -0.0
-11.952900000000001 -0.0
-11.9429 -0.0
-11.9329 -0.0
-11.9229 -0.0
-11.9129 -0.0
-11.9029 -0.0
-11.892900000000001 -0.0
-11.882900000000001 -0.0
-11.872900000000001 -0.0
-11.8629 -0.0
-11.8529 -0.0
-11.8429 -0.0
-11.8329 -0.0
-11.8229 -0.0
-11.8129 -0.0
-11.802900000000001 -0.0
-11.792900000000001 -0.0
-11.782900000000001 -0.0
-11.7729 -0.0
-11.7629 -0.0
-11.7529 -0.0
-11.7429 -0.0
-11.7329 -0.0
-11.722900000000001 -0.0
-11.712900000000001 -0.0
-11.702900000000001 -0.0
-11.692900000000002 -0.0
-11.6829 -0.0
-11.6729 -0.0
-11.6629 -0.0
-11.6529 -0.0
-11.642900000000001 -0.0
-11.632900000000001 -0.0
-11.622900000000001 -0.0
-11.6129 -0.0
-11.6029 -0.0
-11.5929 -0.0
-11.5829 -0.0
-11.5729 -0.0
-11.5629 -0.0
-11.552900000000001 -0.0
-11.542900000000001 -0.0
-11.532900000000001 -0.0
-11.5229 -0.0
-11.5129 -0.0
-11.5029 -0.0
-11.4929 -0.0
-11.4829 -0.0
-11.472900000000001 -0.0
-11.462900000000001 -0.0
-11.452900000000001 -0.0
-11.442900000000002 -0.0
-11.4329 -0.0
-11.4229 -4.3079999999999997e-16
-11.4129 -9.019999999999999e-16
-11.4029 -2.4660000000000002e-15
-11.392900000000001 -5.09e-15
-11.382900000000001 -1.127e-14
-11.372900000000001 -2.3269999999999998e-14
-11.3629 -4.7379999999999996e-14
-11.3529 -9.43e-14
-11.3429 -1.852e-13
-11.3329 -3.6119999999999997e-13
-11.3229 -6.980000000000001e-13
-11.3129 -1.3329999999999999e-12
-11.302900000000001 -2.5170000000000003e-12
-11.292900000000001 -4.706e-12
-11.282900000000001 -8.71e-12
-11.2729 -1.594e-11
-11.2629 -2.886e-11
-11.2529 -5.173e-11
-11.2429 -9.19e-11
-11.2329 -1.612e-10
-11.222900000000001 -2.803e-10
-11.212900000000001 -4.821e-10
-11.202900000000001 -8.210000000000001e-10
-11.192900000000002 -1.385e-09
-11.1829 -2.31e-09
-11.1729 -3.818e-09
-11.1629 -6.24e-09
-11.1529 -1.012e-08
-11.142900000000001 -1.62e-08
-11.132900000000001 -2.572e-08
-11.122900000000001 -4.0409999999999996e-08
-11.1129 -6.29e-08
-11.1029 -9.690000000000001e-08
-11.0929 -1.4779999999999999e-07
-11.0829 -2.233e-07
-11.0729 -3.3409999999999995e-07
-11.0629 -4.951e-07
-11.052900000000001 -7.27e-07
-11.042900000000001 -1.056e-06
-11.032900000000001 -1.5210000000000001e-06
-11.0229 -2.171e-06
-11.0129 -3.068e-06
-11.0029 -4.297999999999999e-06
-10.9929 -5.959e-06
-10.9829 -8.2e-06
-10.972900000000001 -1.117e-05
-10.962900000000001 -1.509e-05
-10.952900000000001 -2.023e-05
-10.942900000000002 -2.686e-05
-10.9329 -3.535e-05
-10.9229 -4.614e-05
-10.9129 -5.964999999999999e-05
-10.9029 -7.659999999999999e-05
-10.892900000000001 -9.750000000000001e-05
-10.882900000000001 -0.00012319999999999999
-10.872900000000001 -0.00015409999999999998
-10.8629 -0.0001915
-10.8529 -0.0002362
-10.8429 -0.00028890000000000003
-10.8329 -0.0003505
-10.8229 -0.00042229999999999996
-10.8129 -0.0005047999999999999
-10.802900000000001 -0.0005978
-10.792900000000001 -0.0007060000000000001
-10.782900000000001 -0.0008240000000000001
-10.7729 -0.0009549999999999999
-10.7629 -0.001101
-10.7529 -0.0012569999999999999
-10.7429 -0.001428
-10.7329 -0.001607
-10.722900000000001 -0.001799
-10.712900000000001 -0.001997
-10.702900000000001 -0.002202
-10.692900000000002 -0.002411
-10.6829 -0.0026230000000000003
-10.6729 -0.0028330000000000004
-10.6629 -0.0030369999999999998
-10.6529 -0.0032410000000000004
-10.642900000000001 -0.003433
-10.632900000000001 -0.0036130000000000003
-10.622900000000001 -0.003781
-10.6129 -0.003934
-10.6029 -0.00407
-10.5929 -0.004191
-10.5829 -0.004293
-10.5729 -0.004377
-10.5629 -0.004446
-10.552900000000001 -0.004497
-10.542900000000001 -0.004533000000000001
-10.532900000000001 -0.004555
-10.5229 -0.004564
-10.5129 -0.004563
-10.5029 -0.004552
-10.4929 -0.004535
-10.4829 -0.00451
-10.472900000000001 -0.0044800000000000005
-10.462900000000001 -0.0044469999999999996
-10.452900000000001 -0.004409
-10.442900000000002 -0.004369
-10.4329 -0.004324999999999999
-10.4229 -0.004280000000000001
-10.4129 -0.004233
-10.4029 -0.004183
-10.392900000000001 -0.00413
-10.382900000000001 -0.004074
-10.372900000000001 -0.0040160000000000005
-10.3629 -0.003953000000000001
-10.352900000000002 -0.003888
-10.3429 -0.0038199999999999996
-10.3329 -0.00375
-10.3229 -0.0036750000000000003
-10.3129 -0.003601
-10.302900000000001 -0.0035259999999999996
-10.292900000000001 -0.0034499999999999995
-10.282900000000001 -0.0033740000000000003
-10.2729 -0.0032990000000000003
-10.2629 -0.003229
-10.2529 -0.00316
-10.2429 -0.003096
-10.2329 -0.003038
-10.222900000000001 -0.0029849999999999994
-10.212900000000001 -0.002938
-10.2029 -0.002898
-10.192900000000002 -0.002864
-10.1829 -0.002837
-10.1729 -0.002814
-10.1629 -0.002798
-10.1529 -0.0027860000000000003
-10.142900000000001 -0.002778
-10.132900000000001 -0.0027730000000000003
-10.122900000000001 -0.00277
-10.1129 -0.00277
-10.102900000000002 -0.0027679999999999996
-10.0929 -0.0027640000000000004
-10.0829 -0.002758
-10.0729 -0.0027480000000000004
-10.0629 -0.002732
-10.052900000000001 -0.002712
-10.042900000000001 -0.002683
-10.032900000000001 -0.002648
-10.0229 -0.002604
-10.0129 -0.002554
-10.0029 -0.002495
-9.9929 -0.002429
-9.9829 -0.0023550000000000003
-9.972900000000001 -0.002275
-9.962900000000001 -0.0021939999999999998
-9.9529 -0.002105
-9.942900000000002 -0.0020150000000000003
-9.9329 -0.001927
-9.9229 -0.001838
-9.9129 -0.00175
-9.9029 -0.001666
-9.892900000000001 -0.0015840000000000001
-9.882900000000001 -0.0015069999999999999
-9.872900000000001 -0.001438
-9.8629 -0.0013729999999999999
-9.852900000000002 -0.0013130000000000001
-9.8429 -0.001259
-9.8329 -0.001212
-9.8229 -0.001167
-9.8129 -0.0011279999999999999
-9.802900000000001 -0.001093
-9.792900000000001 -0.0010630000000000001
-9.782900000000001 -0.0010350000000000001
-9.7729 -0.00101
-9.7629 -0.000987
-9.7529 -0.000964
-9.7429 -0.000943
-9.7329 -0.0009249999999999999
-9.722900000000001 -0.000905
-9.712900000000001 -0.000885
-9.7029 -0.0008670000000000001
-9.692900000000002 -0.000848
-9.6829 -0.000829
-9.6729 -0.0008070000000000001
-9.6629 -0.0007849999999999999
-9.6529 -0.0007640000000000001
-9.642900000000001 -0.00074
-9.632900000000001 -0.000716
-9.622900000000001 -0.000691
-9.6129 -0.000664
-9.602900000000002 -0.000637
-9.5929 -0.0006073000000000001
-9.5829 -0.0005781
-9.5729 -0.0005488
-9.5629 -0.0005188
-9.552900000000001 -0.0004888
-9.542900000000001 -0.0004593
-9.532900000000001 -0.0004303
-9.5229 -0.00040229999999999997
-9.5129 -0.00037539999999999996
-9.5029 -0.00035
-9.4929 -0.0003263
-9.4829 -0.00030419999999999997
-9.472900000000001 -0.0002844
-9.462900000000001 -0.0002664
-9.4529 -0.00025019999999999996
-9.442900000000002 -0.00023600000000000002
-9.4329 -0.00022359999999999996
-9.4229 -0.0002127
-9.4129 -0.0002034
-9.4029 -0.0001952
-9.392900000000001 -0.00018830000000000002
-9.382900000000001 -0.00018229999999999999
-9.372900000000001 -0.0001769
-9.3629 -0.0001722
-9.352900000000002 -0.00016800000000000002
-9.3429 -0.00016439999999999998
-9.3329 -0.0001611
-9.3229 -0.0001581
-9.3129 -0.00015520000000000003
-9.302900000000001 -0.0001524
-9.292900000000001 -0.0001497
-9.282900000000001 -0.0001474
-9.2729 -0.0001451
-9.2629 -0.0001427
-9.2529 -0.0001402
-9.2429 -0.0001377
-9.2329 -0.00013490000000000003
-9.222900000000001 -0.00013199999999999998
-9.212900000000001 -0.0001286
-9.2029 -0.0001248
-9.192900000000002 -0.00012090000000000001
-9.1829 -0.00011630000000000001
-9.1729 -0.00011119999999999999
-9.1629 -0.00010590000000000001
-9.1529 -0.0001001
-9.142900000000001 -9.39e-05
-9.132900000000001 -8.770000000000002e-05
-9.122900000000001 -8.109999999999999e-05
-9.1129 -7.47e-05
-9.102900000000002 -6.81e-05
-9.0929 -6.166e-05
-9.0829 -5.5599999999999996e-05
-9.0729 -4.968e-05
-9.0629 -4.4149999999999996e-05
-9.052900000000001 -3.901e-05
-9.042900000000001 -3.434e-05
-9.032900000000001 -3.01e-05
-9.0229 -2.6320000000000002e-05
-9.0129 -2.3009999999999998e-05
-9.0029 -2.0110000000000002e-05
-8.9929 -1.7619999999999997e-05
-8.9829 -1.547e-05
-8.972900000000001 -1.3690000000000001e-05
-8.962900000000001 -1.215e-05
-8.9529 -1.085e-05
-8.942900000000002 -9.76e-06
-8.9329 -8.829999999999998e-06
-8.9229 -8.040000000000001e-06
-8.9129 -7.329999999999999e-06
-8.9029 -6.71e-06
-8.892900000000001 -6.1400000000000005e-06
-8.882900000000001 -5.6129999999999995e-06
-8.872900000000001 -5.125e-06
-8.8629 -4.661e-06
-8.852900000000002 -4.225e-06
-8.8429 -3.806e-06
-8.8329 -3.408e-06
-8.8229 -3.031e-06
-8.8129 -2.6760000000000003e-06
-8.802900000000001 -2.344e-06
-8.792900000000001 -2.0390000000000003e-06
-8.782900000000001 -1.758e-06
-8.7729 -1.5040000000000001e-06
-8.7629 -1.274e-06
-8.7529 -1.071e-06
-8.7429 -8.931e-07
-8.7329 -7.373e-07
-8.722900000000001 -6.032000000000001e-07
-8.712900000000001 -4.908e-07
-8.7029 -3.948e-07
-8.692900000000002 -3.1500000000000005e-07
-8.6829 -2.4880000000000006e-07
-8.6729 -1.949e-07
-8.6629 -1.5129999999999999e-07
-8.6529 -1.166e-07
-8.642900000000001 -8.877e-08
-8.632900000000001 -6.704e-08
-8.622900000000001 -5.027e-08
-8.6129 -3.724e-08
-8.602900000000002 -2.737e-08
-8.5929 -1.991e-08
-8.5829 -1.4360000000000001e-08
-8.5729 -1.025e-08
-8.5629 -7.254e-09
-8.552900000000001 -5.088999999999999e-09
-8.542900000000001 -3.5280000000000002e-09
-8.532900000000001 -2.424e-09
-8.5229 -1.649e-09
-8.5129 -1.1105e-09
-8.5029 -7.405000000000001e-10
-8.4929 -4.885e-10
-8.4829 -3.2010000000000006e-10
-8.472900000000001 -2.071e-10
-8.462900000000001 -1.328e-10
-8.4529 -8.414999999999999e-11
-8.442900000000002 -5.287000000000001e-11
-8.4329 -3.287e-11
-8.4229 -2.024e-11
-8.4129 -1.237e-11
-8.4029 -7.541e-12
-8.392900000000001 -4.6870000000000005e-12
-8.382900000000001 -3.139e-12
-8.372900000000001 -2.56e-12
-8.3629 -2.878e-12
-8.352900000000002 -4.31e-12
-8.3429 -7.465e-12
-8.3329 -1.356e-11
-8.3229 -2.4819999999999998e-11
-8.3129 -4.5250000000000005e-11
-8.302900000000001 -8.175e-11
-8.2929 -1.464e-10
-8.282900000000001 -2.596e-10
-8.2729 -4.551e-10
-8.262900000000002 -7.911000000000001e-10
-8.2529 -1.359e-09
-8.2429 -2.314e-09
-8.2329 -3.897e-09
-8.222900000000001 -6.494e-09
-8.212900000000001 -1.073e-08
-8.2029 -1.753e-08
-8.192900000000002 -2.8370000000000002e-08
-8.1829 -4.542e-08
-8.1729 -7.203e-08
-8.1629 -1.132e-07
-8.1529 -1.756e-07
-8.142900000000001 -2.705e-07
-8.132900000000001 -4.122e-07
-8.122900000000001 -6.214e-07
-8.1129 -9.27e-07
-8.102900000000002 -1.372e-06
-8.0929 -2.013e-06
-8.0829 -2.9190000000000003e-06
-8.0729 -4.189e-06
-8.0629 -5.966e-06
-8.052900000000001 -8.395e-06
-8.0429 -1.1700000000000001e-05
-8.032900000000001 -1.6170000000000003e-05
-8.0229 -2.214e-05
-8.012900000000002 -3.001e-05
-8.0029 -4.029e-05
-7.992900000000001 -5.348e-05
-7.982900000000001 -7.054e-05
-7.972900000000001 -9.210000000000002e-05
-7.9629 -0.0001191
-7.9529000000000005 -0.0001526
-7.942900000000001 -0.0001939
-7.932900000000001 -0.0002439
-7.9229 -0.00030419999999999997
-7.9129000000000005 -0.0003758
-7.902900000000001 -0.0004605
-7.892900000000001 -0.0005591
-7.882900000000001 -0.0006735999999999999
-7.8729000000000005 -0.0008042
-7.862900000000001 -0.0009519999999999999
-7.852900000000001 -0.0011170000000000002
-7.842900000000001 -0.0012990000000000002
-7.8329 -0.001502
-7.822900000000001 -0.001722
-7.812900000000001 -0.001958
-7.802900000000001 -0.0022110000000000003
-7.7929 -0.002476
-7.782900000000001 -0.0027540000000000004
-7.772900000000001 -0.003042
-7.762900000000001 -0.003336
-7.7529 -0.0036359999999999995
-7.742900000000001 -0.003937
-7.732900000000001 -0.004237
-7.722900000000001 -0.004532
-7.7129 -0.004819
-7.7029000000000005 -0.005106
-7.692900000000001 -0.005373
-7.682900000000001 -0.005606
-7.6729 -0.005854000000000001
-7.6629000000000005 -0.006076999999999999
-7.652900000000001 -0.006274999999999999
-7.642900000000001 -0.006457000000000001
-7.632900000000001 -0.006632999999999999
-7.6229000000000005 -0.006783999999999999
-7.612900000000001 -0.0069299999999999995
-7.602900000000001 -0.007043000000000001
-7.592900000000001 -0.007160000000000001
-7.5829 -0.00726
-7.572900000000001 -0.00737
-7.562900000000001 -0.00747
-7.552900000000001 -0.007570000000000001
-7.5429 -0.00768
-7.532900000000001 -0.0077800000000000005
-7.522900000000001 -0.007899999999999999
-7.512900000000001 -0.00804
-7.5029 -0.00818
-7.492900000000001 -0.008360000000000001
-7.482900000000001 -0.00852
-7.472900000000001 -0.00873
-7.4629 -0.00895
-7.4529000000000005 -0.009179999999999999
-7.442900000000001 -0.00945
-7.432900000000001 -0.00971
-7.4229 -0.01001
-7.4129000000000005 -0.01029
-7.402900000000001 -0.01059
-7.392900000000001 -0.0109
-7.382900000000001 -0.0112
-7.3729000000000005 -0.011519999999999999
-7.362900000000001 -0.011810000000000001
-7.352900000000001 -0.012079999999999999
-7.342900000000001 -0.012350000000000002
-7.3329 -0.01259
-7.322900000000001 -0.012809999999999998
-7.312900000000001 -0.01301
-7.302900000000001 -0.01317
-7.2929 -0.013269999999999999
-7.282900000000001 -0.013329999999999998
-7.272900000000001 -0.01336
-7.262900000000001 -0.01335
-7.2529 -0.01329
-7.242900000000001 -0.013170000000000001
-7.232900000000001 -0.01301
-7.222900000000001 -0.012799999999999999
-7.2129 -0.01256
-7.2029000000000005 -0.01228
-7.192900000000001 -0.01195
-7.182900000000001 -0.01159
-7.1729 -0.011210000000000001
-7.1629000000000005 -0.01082
-7.152900000000001 -0.010400000000000001
-7.142900000000001 -0.009970000000000001
-7.132900000000001 -0.009559999999999999
-7.1229000000000005 -0.00912
-7.112900000000001 -0.008709999999999999
-7.102900000000001 -0.0083
-7.092900000000001 -0.0079
-7.0829 -0.007519999999999999
-7.072900000000001 -0.00716
-7.062900000000001 -0.006828000000000001
-7.052900000000001 -0.006499
-7.0429 -0.006199
-7.032900000000001 -0.005943
-7.022900000000001 -0.005691
-7.012900000000001 -0.005474
-7.0029 -0.005269000000000001
-6.992900000000001 -0.005091
-6.982900000000001 -0.004936
-6.972900000000001 -0.004799
-6.9629 -0.0046819999999999995
-6.9529000000000005 -0.004579
-6.942900000000001 -0.004491
-6.932900000000001 -0.004416
-6.9229 -0.0043479999999999994
-6.9129000000000005 -0.0042899999999999995
-6.902900000000001 -0.004234
-6.892900000000001 -0.004179
-6.882900000000001 -0.004123
-6.8729000000000005 -0.004064000000000001
-6.862900000000001 -0.0039970000000000006
-6.852900000000001 -0.003922
-6.842900000000001 -0.003839
-6.8329 -0.003746
-6.822900000000001 -0.003641
-6.812900000000001 -0.003525
-6.802900000000001 -0.003399
-6.7929 -0.0032609999999999996
-6.782900000000001 -0.003116
-6.772900000000001 -0.002966
-6.762900000000001 -0.002809
-6.7529 -0.00265
-6.742900000000001 -0.002492
-6.732900000000001 -0.002334
-6.722900000000001 -0.002182
-6.7129 -0.002034
-6.7029000000000005 -0.001895
-6.692900000000001 -0.001766
-6.682900000000001 -0.0016439999999999998
-6.6729 -0.001536
-6.6629000000000005 -0.001438
-6.652900000000001 -0.001352
-6.642900000000001 -0.0012770000000000001
-6.632900000000001 -0.001212
-6.6229000000000005 -0.0011580000000000002
-6.612900000000001 -0.001112
-6.602900000000001 -0.001073
-6.592900000000001 -0.001045
-6.5829 -0.001023
-6.572900000000001 -0.001008
-6.562900000000001 -0.000999
-6.552900000000001 -0.0009960000000000001
-6.5429 -0.000999
-6.532900000000001 -0.001006
-6.522900000000001 -0.0010199999999999999
-6.512900000000001 -0.0010370000000000002
-6.5029 -0.0010630000000000001
-6.492900000000001 -0.001093
-6.482900000000001 -0.001126
-6.472900000000001 -0.001167
-6.4629 -0.0012120000000000002
-6.4529000000000005 -0.001261
-6.442900000000001 -0.001315
-6.432900000000001 -0.0013739999999999998
-6.4229 -0.001433
-6.4129000000000005 -0.0014969999999999998
-6.402900000000001 -0.001561
-6.392900000000001 -0.001629
-6.382900000000001 -0.001698
-6.3729000000000005 -0.001767
-6.362900000000001 -0.001836
-6.352900000000001 -0.001905
-6.342900000000001 -0.001973
-6.3329 -0.002041
-6.322900000000001 -0.002106
-6.312900000000001 -0.0021680000000000002
-6.302900000000001 -0.002231
-6.2929 -0.0022919999999999998
-6.282900000000001 -0.0023499999999999997
-6.272900000000001 -0.002407
-6.262900000000001 -0.002461
-6.2529 -0.0025160000000000004
-6.242900000000001 -0.0025719999999999996
-6.232900000000001 -0.0026289999999999994
-6.222900000000001 -0.002689
-6.2129 -0.0027549999999999996
-6.2029000000000005 -0.002829
-6.192900000000001 -0.0029100000000000003
-6.182900000000001 -0.0030050000000000003
-6.1729 -0.0031140000000000004
-6.1629000000000005 -0.003243
-6.152900000000001 -0.0033889999999999997
-6.142900000000001 -0.0035570000000000003
-6.132900000000001 -0.003751
-6.1229000000000005 -0.003968
-6.112900000000001 -0.00421
-6.102900000000001 -0.004476
-6.092900000000001 -0.004769
-6.0829 -0.005083
-6.072900000000001 -0.005418999999999999
-6.062900000000001 -0.005767
-6.052900000000001 -0.006141
-6.0429 -0.00652
-6.032900000000001 -0.006890000000000001
-6.022900000000001 -0.00729
-6.012900000000001 -0.00768
-6.0029 -0.008060000000000001
-5.992900000000001 -0.008409999999999999
-5.982900000000001 -0.00875
-5.972900000000001 -0.00906
-5.9629 -0.00933
-5.9529000000000005 -0.00958
-5.942900000000001 -0.0098
-5.932900000000001 -0.009949999999999999
-5.9229 -0.01007
-5.9129000000000005 -0.010119999999999999
-5.902900000000001 -0.01014
-5.892900000000001 -0.010100000000000001
-5.882900000000001 -0.009999999999999998
-5.8729000000000005 -0.00984
-5.862900000000001 -0.009649999999999999
-5.852900000000001 -0.00941
-5.842900000000001 -0.009160000000000001
-5.8329 -0.00886
-5.822900000000001 -0.00854
-5.812900000000001 -0.0082
-5.802900000000001 -0.007859999999999999
-5.7929 -0.00751
-5.782900000000001 -0.00717
-5.772900000000001 -0.00686
-5.762900000000001 -0.0065699999999999995
-5.7529 -0.006320000000000001
-5.742900000000001 -0.00609
-5.732900000000001 -0.005904000000000001
-5.722900000000001 -0.005751
-5.7129 -0.005653
-5.7029000000000005 -0.005597
-5.692900000000001 -0.0055899999999999995
-5.682900000000001 -0.005625
-5.6729 -0.005697
-5.6629000000000005 -0.005826
-5.652900000000001 -0.005972
-5.642900000000001 -0.006144
-5.632900000000001 -0.0063490000000000005
-5.6229000000000005 -0.006580000000000001
-5.612900000000001 -0.006819999999999999
-5.602900000000001 -0.00706
-5.592900000000001 -0.0073100000000000005
-5.5829 -0.007560000000000001
-5.572900000000001 -0.0078
-5.562900000000001 -0.00803
-5.552900000000001 -0.00825
-5.5429 -0.00845
-5.532900000000001 -0.00863
-5.522900000000001 -0.00879
-5.512900000000001 -0.00894
-5.5029 -0.00905
-5.492900000000001 -0.00917
-5.482900000000001 -0.00928
-5.472900000000001 -0.00934
-5.4629 -0.00942
-5.4529000000000005 -0.009499999999999998
-5.442900000000001 -0.00958
-5.432900000000001 -0.00966
-5.4229 -0.00975
-5.4129000000000005 -0.00987
-5.402900000000001 -0.009999999999999998
-5.392900000000001 -0.010140000000000001
-5.382900000000001 -0.01029
-5.3729000000000005 -0.01047
-5.362900000000001 -0.010669999999999999
-5.352900000000001 -0.010879999999999999
-5.342900000000001 -0.0111
-5.3329 -0.011340000000000001
-5.322900000000001 -0.01155
-5.312900000000001 -0.01179
-5.302900000000001 -0.01202
-5.2929 -0.012240000000000001
-5.282900000000001 -0.01245
-5.272900000000001 -0.0126
-5.262900000000001 -0.01278
-5.2529 -0.012899999999999998
-5.242900000000001 -0.01302
-5.232900000000001 -0.013110000000000002
-5.222900000000001 -0.01317
-5.2129 -0.013170000000000001
-5.2029000000000005 -0.013169999999999998
-5.192900000000001 -0.01317
-5.182900000000001 -0.013130000000000001
-5.1729 -0.013079999999999998
-5.1629000000000005 -0.012979999999999998
-5.152900000000001 -0.012870000000000001
-5.142900000000001 -0.01278
-5.132900000000001 -0.012659999999999998
-5.1229000000000005 -0.01254
-5.112900000000001 -0.0124
-5.102900000000001 -0.01225
-5.092900000000001 -0.012120000000000002
-5.0829 -0.01194
-5.072900000000001 -0.011800000000000001
-5.062900000000001 -0.01165
-5.052900000000001 -0.011499999999999998
-5.0429 -0.01135
-5.032900000000001 -0.011209999999999998
-5.022900000000001 -0.01107
-5.012900000000001 -0.010960000000000001
-5.0029 -0.01085
-4.992900000000001 -0.010759999999999999
-4.982900000000001 -0.0107
-4.972900000000001 -0.01065
-4.9629 -0.010629999999999999
-4.9529000000000005 -0.01064
-4.942900000000001 -0.01067
-4.932900000000001 -0.01073
-4.9229 -0.01081
-4.9129000000000005 -0.010929999999999999
-4.902900000000001 -0.011090000000000001
-4.892900000000001 -0.01124
-4.882900000000001 -0.011449999999999998
-4.8729000000000005 -0.011649999999999999
-4.862900000000001 -0.01188
-4.852900000000001 -0.012090000000000002
-4.842900000000001 -0.012310000000000001
-4.8329 -0.01253
-4.822900000000001 -0.01275
-4.812900000000001 -0.01294
-4.802900000000001 -0.013120000000000001
-4.7929 -0.01327
-4.782900000000001 -0.01341
-4.772900000000001 -0.013529999999999997
-4.762900000000001 -0.01358
-4.7529 -0.013649999999999999
-4.742900000000001 -0.013659999999999999
-4.732900000000001 -0.01363
-4.722900000000001 -0.01362
-4.7129 -0.01356
-4.7029000000000005 -0.01346
-4.692900000000001 -0.01338
-4.682900000000001 -0.01327
-4.6729 -0.01314
-4.6629000000000005 -0.013019999999999999
-4.652900000000001 -0.012879999999999999
-4.642900000000001 -0.012750000000000001
-4.632900000000001 -0.01263
-4.6229000000000005 -0.0125
-4.612900000000001 -0.012389999999999998
-4.602900000000001 -0.01227
-4.592900000000001 -0.01218
-4.5829 -0.01209
-4.572900000000001 -0.012
-4.562900000000001 -0.01193
-4.552900000000001 -0.011850000000000001
-4.5429 -0.011790000000000002
-4.532900000000001 -0.011719999999999998
-4.522900000000001 -0.01167
-4.512900000000001 -0.01162
-4.5029 -0.01157
-4.492900000000001 -0.011510000000000001
-4.482900000000001 -0.01148
-4.472900000000001 -0.01142
-4.4629 -0.011389999999999999
-4.4529000000000005 -0.011349999999999999
-4.442900000000001 -0.01128
-4.432900000000001 -0.01124
-4.4229 -0.01121
-4.4129000000000005 -0.01116
-4.402900000000001 -0.011149999999999998
-4.392900000000001 -0.011119999999999998
-4.382900000000001 -0.0111
-4.372900000000001 -0.01109
-4.3629000000000016 -0.01109
-4.3529 -0.011099999999999999
-4.3429 -0.011100000000000002
-4.3329 -0.01112
-4.322900000000001 -0.01115
-4.312900000000001 -0.01119
-4.302900000000001 -0.01125
-4.292900000000001 -0.01131
-4.2829000000000015 -0.01139
-4.2729 -0.011459999999999998
-4.2629 -0.011559999999999999
-4.2529 -0.011630000000000001
-4.242900000000001 -0.01172
-4.232900000000001 -0.01181
-4.222900000000001 -0.011899999999999999
-4.212900000000001 -0.012
-4.202900000000001 -0.01208
-4.1929 -0.012150000000000001
-4.1829 -0.012209999999999999
-4.1729 -0.012249999999999999
-4.1629000000000005 -0.01229
-4.152900000000001 -0.012320000000000001
-4.142900000000001 -0.01232
-4.132900000000001 -0.012299999999999998
-4.122900000000001 -0.01226
-4.1129000000000016 -0.0122
-4.1029 -0.01212
-4.0929 -0.01205
-4.0829 -0.011930000000000001
-4.072900000000001 -0.01181
-4.062900000000001 -0.011689999999999999
-4.052900000000001 -0.011539999999999998
-4.042900000000001 -0.011370000000000002
-4.0329000000000015 -0.01124
-4.0229 -0.01109
-4.0129 -0.01092
-4.0029 -0.010770000000000002
-3.9929000000000006 -0.01065
-3.9829000000000008 -0.010499999999999999
-3.972900000000001 -0.01038
-3.962900000000001 -0.01029
-3.9529000000000014 -0.0102
-3.9429 -0.01011
-3.9329 -0.010060000000000001
-3.9229000000000003 -0.01
-3.9129000000000005 -0.009989999999999999
-3.9029000000000007 -0.009989999999999999
-3.892900000000001 -0.009989999999999999
-3.882900000000001 -0.01002
-3.8729000000000013 -0.01004
-3.8629000000000016 -0.01005
-3.8529 -0.01008
-3.8429 -0.01012
-3.8329000000000004 -0.010169999999999998
-3.8229000000000006 -0.010199999999999999
-3.812900000000001 -0.01023
-3.802900000000001 -0.010259999999999998
-3.7929000000000013 -0.01023
-3.7829000000000015 -0.010249999999999999
-3.7729 -0.01022
-3.7629 -0.01017
-3.7529000000000003 -0.01014
-3.7429000000000006 -0.01008
-3.7329000000000008 -0.00999
-3.722900000000001 -0.009929999999999998
-3.712900000000001 -0.00984
-3.7029000000000014 -0.00975
-3.6929 -0.009659999999999998
-3.6829 -0.00957
-3.6729000000000003 -0.009460000000000001
-3.6629000000000005 -0.009389999999999999
-3.6529000000000007 -0.009309999999999999
-3.642900000000001 -0.00927
-3.632900000000001 -0.00924
-3.6229000000000013 -0.00921
-3.6129000000000016 -0.00919
-3.6029 -0.009210000000000001
-3.5929 -0.00925
-3.5829000000000004 -0.009290000000000001
-3.5729000000000006 -0.00937
-3.562900000000001 -0.00944
-3.552900000000001 -0.00954
-3.5429000000000013 -0.00963
-3.5329000000000015 -0.00975
-3.5229 -0.009850000000000001
-3.5129 -0.00996
-3.5029000000000003 -0.010079999999999999
-3.4929000000000006 -0.01017
-3.4829000000000008 -0.01026
-3.472900000000001 -0.010369999999999999
-3.462900000000001 -0.01047
-3.4529000000000014 -0.01054
-3.4429 -0.010629999999999999
-3.4329 -0.010709999999999999
-3.4229000000000003 -0.0108
-3.4129000000000005 -0.01089
-3.4029000000000007 -0.01097
-3.392900000000001 -0.01107
-3.382900000000001 -0.01121
-3.3729000000000013 -0.01133
-3.3629000000000016 -0.011470000000000001
-3.3529 -0.011630000000000001
-3.3429 -0.011819999999999999
-3.3329000000000004 -0.012000000000000002
-3.3229000000000006 -0.012220000000000002
-3.312900000000001 -0.012429999999999998
-3.302900000000001 -0.012669999999999999
-3.2929000000000013 -0.01291
-3.2829000000000015 -0.01317
-3.2729 -0.01343
-3.2629 -0.01368
-3.2529000000000003 -0.01393
-3.2429000000000006 -0.01419
-3.2329000000000008 -0.01444
-3.222900000000001 -0.014669999999999999
-3.212900000000001 -0.01491
-3.2029000000000014 -0.015099999999999999
-3.1929 -0.01533
-3.1829 -0.015530000000000002
-3.1729000000000003 -0.01569
-3.1629000000000005 -0.01584
-3.1529000000000007 -0.01599
-3.142900000000001 -0.01612
-3.132900000000001 -0.016210000000000002
-3.1229000000000013 -0.01627
-3.1129000000000016 -0.01633
-3.1029 -0.01635
-3.0929 -0.01635
-3.0829000000000004 -0.01635
-3.0729000000000006 -0.01626
-3.062900000000001 -0.01621
-3.052900000000001 -0.0161
-3.0429000000000013 -0.015989999999999997
-3.0329000000000015 -0.01585
-3.0229 -0.01572
-3.0129 -0.01554
-3.0029000000000003 -0.015410000000000002
-2.9929000000000006 -0.01524
-2.9829000000000008 -0.015109999999999998
-2.972900000000001 -0.014969999999999999
-2.962900000000001 -0.014849999999999999
-2.9529000000000014 -0.014770000000000002
-2.9429 -0.014700000000000001
-2.9329 -0.014670000000000002
-2.9229000000000003 -0.01469
-2.9129000000000005 -0.01473
-2.9029000000000007 -0.01481
-2.892900000000001 -0.014920000000000001
-2.882900000000001 -0.01508
-2.8729000000000013 -0.01526
-2.8629000000000016 -0.01546
-2.8529 -0.015710000000000002
-2.8429 -0.01598
-2.8329000000000004 -0.01627
-2.8229000000000006 -0.016569999999999998
-2.812900000000001 -0.01689
-2.802900000000001 -0.01722
-2.7929000000000013 -0.01753
-2.7829000000000015 -0.01787
-2.7729 -0.018189999999999998
-2.7629 -0.018500000000000003
-2.7529000000000003 -0.01881
-2.7429000000000006 -0.019089999999999996
-2.7329000000000008 -0.01935
-2.722900000000001 -0.01958
-2.712900000000001 -0.0198
-2.7029000000000014 -0.019989999999999997
-2.6929 -0.020139999999999998
-2.6829 -0.02027
-2.6729000000000003 -0.020370000000000003
-2.6629000000000005 -0.02043
-2.6529000000000007 -0.0205
-2.642900000000001 -0.02053
-2.632900000000001 -0.02053
-2.6229000000000013 -0.020540000000000003
-2.6129000000000016 -0.020550000000000002
-2.6029 -0.020550000000000002
-2.5929 -0.020569999999999998
-2.5829000000000004 -0.020599999999999997
-2.5729000000000006 -0.02068
-2.562900000000001 -0.02079
-2.552900000000001 -0.02095
-2.5429000000000013 -0.021139999999999996
-2.5329000000000015 -0.02139
-2.5229 -0.02171
-2.5129 -0.02209
-2.5029000000000003 -0.02253
-2.4929000000000006 -0.02302
-2.4829000000000008 -0.02357
-2.472900000000001 -0.02418
-2.462900000000001 -0.024810000000000002
-2.4529000000000014 -0.02549
-2.4429 -0.02619
-2.4329 -0.02692
-2.4229000000000003 -0.027639999999999998
-2.4129000000000005 -0.028390000000000002
-2.4029000000000007 -0.02911
-2.392900000000001 -0.029829999999999995
-2.382900000000001 -0.030500000000000003
-2.3729000000000013 -0.03116
-2.3629000000000016 -0.03178
-2.3529 -0.03238
-2.3429 -0.0329
-2.3329000000000004 -0.03338
-2.3229000000000006 -0.03381
-2.312900000000001 -0.03418
-2.302900000000001 -0.03453
-2.2929000000000013 -0.03479
-2.2829000000000015 -0.034999999999999996
-2.2729 -0.03515
-2.2629 -0.03524000000000001
-2.2529000000000003 -0.035269999999999996
-2.2429000000000006 -0.035250000000000004
-2.2329000000000008 -0.035179999999999996
-2.222900000000001 -0.03505
-2.212900000000001 -0.034859999999999995
-2.2029000000000014 -0.03459999999999999
-2.1929 -0.03429
-2.1829 -0.03393
-2.1729000000000003 -0.03345
-2.1629000000000005 -0.03297
-2.1529000000000007 -0.0324
-2.142900000000001 -0.03179
-2.132900000000001 -0.03108
-2.1229000000000013 -0.030320000000000003
-2.1129000000000016 -0.029490000000000002
-2.1029 -0.02862
-2.0929 -0.027679999999999996
-2.0829000000000004 -0.026679999999999995
-2.0729000000000006 -0.025639999999999996
-2.062900000000001 -0.02456
-2.052900000000001 -0.02346
-2.0429000000000013 -0.02233
-2.0329000000000015 -0.02119
-2.0229 -0.02006
-2.0129 -0.01893
-2.0029000000000003 -0.017839999999999998
-1.9929000000000006 -0.01677
-1.9829000000000008 -0.01576
-1.972900000000001 -0.01479
-1.9629000000000012 -0.01387
-1.9529000000000014 -0.01303
-1.9428999999999998 -0.012240000000000001
-1.9329 -0.011529999999999999
-1.9229000000000003 -0.0109
-1.9129000000000005 -0.01031
-1.9029000000000007 -0.0098
-1.892900000000001 -0.00935
-1.8829000000000011 -0.008970000000000002
-1.8729000000000013 -0.00864
-1.8629000000000016 -0.00835
-1.8529 -0.008110000000000001
-1.8429000000000002 -0.00792
-1.8329000000000004 -0.00775
-1.8229000000000006 -0.00762
-1.8129000000000008 -0.007509999999999999
-1.802900000000001 -0.007429999999999999
-1.7929000000000013 -0.007359999999999999
-1.7829000000000015 -0.00729
-1.7729 -0.007259999999999999
-1.7629000000000001 -0.00721
-1.7529000000000003 -0.00716
-1.7429000000000006 -0.007136
-1.7329000000000008 -0.00709
-1.722900000000001 -0.007046
-1.7129000000000012 -0.0070019999999999995
-1.7029000000000014 -0.006937
-1.6928999999999998 -0.006872
-1.6829 -0.006786
-1.6729000000000003 -0.006699000000000001
-1.6629000000000005 -0.0066110000000000006
-1.6529000000000007 -0.006501
-1.642900000000001 -0.006382
-1.6329000000000011 -0.006252
-1.6229000000000013 -0.006121000000000001
-1.6129000000000016 -0.0060030000000000005
-1.6029 -0.005865
-1.5929000000000002 -0.0057280000000000005
-1.5829000000000004 -0.005594999999999999
-1.5729000000000006 -0.005463
-1.5629000000000008 -0.005337000000000001
-1.552900000000001 -0.005214
-1.5429000000000013 -0.0050940000000000004
-1.5329000000000015 -0.005
-1.5229 -0.004913
-1.5129000000000001 -0.0048389999999999996
-1.5029000000000003 -0.004781
-1.4929000000000006 -0.004734
-1.4829000000000008 -0.004703000000000001
-1.472900000000001 -0.004684
-1.4629000000000012 -0.004677
-1.4529000000000014 -0.004682
-1.4428999999999998 -0.004695
-1.4329 -0.0047150000000000004
-1.4229000000000003 -0.004744
-1.4129000000000005 -0.004776
-1.4029000000000007 -0.004809999999999999
-1.392900000000001 -0.004846
-1.3829000000000011 -0.004880000000000001
-1.3729000000000013 -0.004914
-1.3629000000000016 -0.004947000000000001
-1.3529 -0.0049759999999999995
-1.3429000000000002 -0.005004
-1.3329000000000004 -0.00503
-1.3229000000000006 -0.005056000000000001
-1.3129000000000008 -0.00508
-1.302900000000001 -0.00511
-1.2929000000000013 -0.005137
-1.2829000000000015 -0.00517
-1.2729 -0.0052060000000000006
-1.2629000000000001 -0.005247
-1.2529000000000003 -0.005292000000000001
-1.2429000000000006 -0.005341
-1.2329000000000008 -0.005394
-1.222900000000001 -0.00545
-1.2129000000000012 -0.005508000000000001
-1.2029000000000014 -0.005566
-1.1928999999999998 -0.005622
-1.1829 -0.0056760000000000005
-1.1729000000000003 -0.005725
-1.1629000000000005 -0.0057680000000000006
-1.1529000000000007 -0.005803
-1.142900000000001 -0.005828
-1.1329000000000011 -0.005843
-1.1229000000000013 -0.005847
-1.1129000000000016 -0.005836999999999999
-1.1029 -0.0058189999999999995
-1.0929000000000002 -0.005788
-1.0829000000000004 -0.005748
-1.0729000000000006 -0.005695
-1.0629000000000008 -0.005632999999999999
-1.052900000000001 -0.005562999999999999
-1.0429000000000013 -0.0054870000000000006
-1.0329000000000015 -0.005403
-1.0229 -0.005314
-1.0129000000000001 -0.005222999999999999
-1.0029000000000003 -0.0051259999999999995
-0.9929000000000006 -0.0050279999999999995
-0.9829000000000008 -0.0049310000000000005
-0.972900000000001 -0.004834
-0.9629000000000012 -0.004737
-0.9529000000000014 -0.004643
-0.9428999999999998 -0.0045509999999999995
-0.9329000000000001 -0.004462
-0.9229000000000003 -0.004378
-0.9129000000000005 -0.004295
-0.9029000000000007 -0.004217
-0.8929000000000009 -0.004141
-0.8829000000000011 -0.00407
-0.8729000000000013 -0.004
-0.8629000000000016 -0.003933
-0.8529 -0.0038669999999999998
-0.8429000000000002 -0.003802
-0.8329000000000004 -0.003738
-0.8229000000000006 -0.003674
-0.8129000000000008 -0.0036070000000000004
-0.8029000000000011 -0.0035380000000000003
-0.7929000000000013 -0.003465
-0.7829000000000015 -0.003391
-0.7728999999999999 -0.0033109999999999997
-0.7629000000000001 -0.0032259999999999997
-0.7529000000000003 -0.003138
-0.7429000000000006 -0.003043
-0.7329000000000008 -0.002942
-0.722900000000001 -0.0028380000000000002
-0.7129000000000012 -0.002726
-0.7029000000000014 -0.0026100000000000003
-0.6928999999999998 -0.00249
-0.6829000000000001 -0.002365
-0.6729000000000003 -0.002238
-0.6629000000000005 -0.002107
-0.6529000000000007 -0.001975
-0.6429000000000009 -0.0018419999999999999
-0.6329000000000011 -0.0017079999999999999
-0.6229000000000013 -0.001576
-0.6129000000000016 -0.001447
-0.6029 -0.00132
-0.5929000000000002 -0.0011970000000000001
-0.5829000000000004 -0.0010789999999999999
-0.5729000000000006 -0.0009670000000000001
-0.5629000000000008 -0.0008609999999999999
-0.5529000000000011 -0.000762
-0.5429000000000013 -0.0006676000000000001
-0.5329000000000015 -0.000583
-0.5228999999999999 -0.0005054
-0.5129000000000001 -0.00043480000000000005
-0.5029000000000003 -0.0003715
-0.49290000000000056 -0.0003151
-0.4829000000000008 -0.0002652
-0.472900000000001 -0.00022170000000000002
-0.4629000000000012 -0.0001839
-0.4529000000000014 -0.0001513
-0.44289999999999985 -0.0001237
-0.43290000000000006 -0.0001002
-0.4229000000000003 -8.06e-05
-0.4129000000000005 -6.423e-05
-0.4029000000000007 -5.085e-05
-0.3929000000000009 -3.990000000000001e-05
-0.38290000000000113 -3.106e-05
-0.37290000000000134 -2.397e-05
-0.36290000000000155 -1.836e-05
-0.3529 -1.393e-05
-0.3429000000000002 -1.048e-05
-0.3329000000000004 -7.81e-06
-0.32290000000000063 -5.782e-06
-0.31290000000000084 -4.232e-06
-0.30290000000000106 -3.074e-06
-0.29290000000000127 -2.212e-06
-0.2829000000000015 -1.578e-06
-0.2728999999999999 -1.1139999999999998e-06
-0.26290000000000013 -7.81e-07
-0.25290000000000035 -5.414e-07
-0.24290000000000056 -3.7159999999999997e-07
-0.23290000000000077 -2.5290000000000005e-07
-0.222900000000001 -1.705e-07
-0.2129000000000012 -1.135e-07
-0.2029000000000014 -7.52e-08
-0.19289999999999985 -4.9230000000000005e-08
-0.18290000000000006 -3.19e-08
-0.17290000000000028 -2.0480000000000002e-08
-0.1629000000000005 -1.301e-08
-0.1529000000000007 -8.19e-09
-0.14290000000000092 -5.099e-09
-0.13290000000000113 -3.145e-09
-0.12290000000000134 -1.919e-09
-0.11290000000000155 -1.1600000000000001e-09
-0.10289999999999999 -6.94e-10
-0.0929000000000002 -4.1079999999999997e-10
-0.08290000000000042 -2.407e-10
-0.07290000000000063 -1.3960000000000001e-10
-0.06290000000000084 -8.03e-11
-0.05290000000000106 -4.555e-11
-0.04290000000000127 -2.5619999999999998e-11
-0.032900000000001484 -1.424e-11
-0.02289999999999992 -7.85e-12
-0.012900000000000134 -4.28e-12
-0.0029000000000003467 -2.309e-12
0.00709999999999944 -1.232e-12
0.017099999999999227 -6.494e-13
0.027099999999999014 -3.395e-13
0.0370999999999988 -1.7530000000000002e-13
0.04709999999999859 -8.95e-14
0.05710000000000015 -4.489e-14
0.06709999999999994 -2.2410000000000002e-14
0.07709999999999972 -1.113e-14
0.08709999999999951 -5.294e-15
0.0970999999999993 -2.577e-15
0.10709999999999908 -1.081e-15
0.11709999999999887 -3.933e-16
0.12709999999999866 -0.0
0.13709999999999845 -0.0
0.1471 -0.0
0.1570999999999998 -0.0
0.16709999999999958 -0.0
0.17709999999999937 -0.0
0.18709999999999916 -0.0
0.19709999999999894 -0.0
0.20709999999999873 -0.0
0.21709999999999852 -0.0
0.22710000000000008 -0.0
0.23709999999999987 -0.0
0.24709999999999965 -0.0
0.25709999999999944 -0.0
0.2670999999999992 -0.0
0.277099999999999 -0.0
0.2870999999999988 -0.0
0.2970999999999986 -0.0
0.30710000000000015 -0.0
0.31709999999999994 -0.0
0.3270999999999997 -0.0
0.3370999999999995 -0.0
0.3470999999999993 -0.0
0.3570999999999991 -0.0
0.36709999999999887 -0.0
0.37709999999999866 -0.0
0.38709999999999845 -0.0
0.3971 -0.0
0.4070999999999998 -0.0
0.4170999999999996 -0.0
0.42709999999999937 -0.0
0.43709999999999916 -0.0
0.44709999999999894 -0.0
0.45709999999999873 -0.0
0.4670999999999985 -0.0
0.4771000000000001 -0.0
0.48709999999999987 -0.0
0.49709999999999965 -0.0
0.5070999999999994 -0.0
0.5170999999999992 -0.0
0.527099999999999 -0.0
0.5370999999999988 -0.0
0.5470999999999986 -0.0
0.5571000000000002 -0.0
0.5670999999999999 -0.0
0.5770999999999997 -0.0
0.5870999999999995 -0.0
0.5970999999999993 -0.0
0.6070999999999991 -0.0
0.6170999999999989 -0.0
0.6270999999999987 -0.0
0.6370999999999984 -0.0
0.6471 -0.0
0.6570999999999998 -0.0
0.6670999999999996 -0.0
0.6770999999999994 -0.0
0.6870999999999992 -0.0
0.6970999999999989 -0.0
0.7070999999999987 -0.0
0.7170999999999985 -0.0
0.7271000000000001 -0.0
0.7370999999999999 -0.0
0.7470999999999997 -0.0
0.7570999999999994 -0.0
0.7670999999999992 -0.0
0.777099999999999 -0.0
0.7870999999999988 -0.0
0.7970999999999986 -0.0
0.8071000000000002 -0.0
0.8170999999999999 -0.0
0.8270999999999997 -0.0
0.8370999999999995 -0.0
0.8470999999999993 -0.0
0.8570999999999991 -0.0
0.8670999999999989 -0.0
0.8770999999999987 -0.0
0.8870999999999984 -0.0
0.8971 -1.80373e-17
0.9070999999999998 -3.78828e-17
0.9170999999999996 -7.8179e-17
0.9270999999999994 -1.6027500000000003e-16
0.9370999999999992 -3.486640000000001e-16
0.9470999999999989 -7.003410000000001e-16
0.9570999999999987 -1.3956500000000001e-15
0.9670999999999985 -2.89501e-15
0.9771000000000001 -5.6587999999999996e-15
0.9870999999999999 -1.0958199999999997e-14
0.9970999999999997 -2.11166e-14
1.0070999999999994 -4.031e-14
1.0170999999999992 -7.5602e-14
1.027099999999999 -1.4055e-13
1.0370999999999988 -2.5899e-13
1.0470999999999986 -4.7224e-13
1.0571000000000002 -8.517899999999999e-13
1.0671 -1.52298e-12
1.0770999999999997 -2.6944000000000003e-12
1.0870999999999995 -4.7193e-12
1.0970999999999993 -8.1832e-12
1.107099999999999 -1.40554e-11
1.1170999999999989 -2.3909e-11
1.1270999999999987 -4.0342000000000004e-11
1.1370999999999984 -6.725700000000001e-11
1.1471 -1.1108899999999999e-10
1.1570999999999998 -1.8178000000000002e-10
1.1670999999999996 -2.9474e-10
1.1770999999999994 -4.7348e-10
1.1870999999999992 -7.533299999999999e-10
1.197099999999999 -1.1885e-09
1.2070999999999987 -1.8568e-09
1.2170999999999985 -2.876e-09
1.2271 -4.4065000000000004e-09
1.2370999999999999 -6.7133e-09
1.2470999999999997 -1.0111e-08
1.2570999999999994 -1.5109e-08
1.2670999999999992 -2.2367e-08
1.277099999999999 -3.2913e-08
1.2870999999999988 -4.7827999999999997e-08
1.2970999999999986 -6.9e-08
1.3071000000000002 -9.882000000000001e-08
1.3171 -1.4021e-07
1.3270999999999997 -1.9735e-07
1.3370999999999995 -2.7572e-07
1.3470999999999993 -3.8161e-07
1.357099999999999 -5.243e-07
1.3670999999999989 -7.144e-07
1.3770999999999987 -9.675e-07
1.3870999999999984 -1.2986e-06
1.3971 -1.7306e-06
1.4070999999999998 -2.2896e-06
1.4170999999999996 -3.007e-06
1.4270999999999994 -3.924e-06
1.4370999999999992 -5.074e-06
1.447099999999999 -6.5290000000000005e-06
1.4570999999999987 -8.332e-06
1.4670999999999985 -1.0572e-05
1.4771 -1.3345e-05
1.4870999999999999 -1.6709e-05
1.4970999999999997 -2.081e-05
1.5070999999999994 -2.5759999999999997e-05
1.5170999999999992 -3.1710000000000006e-05
1.527099999999999 -3.874e-05
1.5370999999999988 -4.718e-05
1.5470999999999986 -5.722e-05
1.5571000000000002 -6.884999999999999e-05
1.5671 -8.249e-05
1.5770999999999997 -9.825e-05
1.5870999999999995 -0.00011658
1.5970999999999993 -0.00013739999999999998
1.607099999999999 -0.0001615
1.6170999999999989 -0.0001885
1.6270999999999987 -0.00021899999999999998
1.6370999999999984 -0.00025330000000000003
1.6471 -0.00029120000000000003
1.6570999999999998 -0.0003332
1.6670999999999996 -0.0003794
1.6770999999999994 -0.00042960000000000003
1.6870999999999992 -0.0004845
1.697099999999999 -0.0005418999999999999
1.7070999999999987 -0.0006049
1.7170999999999985 -0.0006692
1.7271 -0.000739
1.7370999999999999 -0.0008100000000000001
1.7470999999999997 -0.000883
1.7570999999999994 -0.000958
1.7670999999999992 -0.001033
1.777099999999999 -0.001111
1.7870999999999988 -0.001185
1.7970999999999986 -0.00126
1.8071000000000002 -0.001331
1.8171 -0.0014
1.8270999999999997 -0.001465
1.8370999999999995 -0.001528
1.8470999999999993 -0.001584
1.857099999999999 -0.0016379999999999997
1.8670999999999989 -0.001684
1.8770999999999987 -0.001723
1.8870999999999984 -0.00176
1.8971 -0.001787
1.9070999999999998 -0.00181
1.9170999999999996 -0.001824
1.9270999999999994 -0.0018350000000000003
1.9370999999999992 -0.0018369999999999997
1.947099999999999 -0.001833
1.9570999999999987 -0.001822
1.9670999999999985 -0.0018039999999999998
1.9771 -0.0017800000000000001
1.9870999999999999 -0.001749
1.9970999999999997 -0.001714
2.0070999999999994 -0.001671
2.0170999999999992 -0.0016220000000000002
2.027099999999999 -0.001569
2.037099999999999 -0.001511
2.0470999999999986 -0.001449
2.0571 -0.001385
2.0671 -0.001317
2.0770999999999997 -0.00125
2.0870999999999995 -0.00118
2.0970999999999993 -0.0011120000000000001
2.107099999999999 -0.001046
2.117099999999999 -0.00098
2.1270999999999987 -0.000919
2.1370999999999984 -0.0008599999999999999
2.1471 -0.000805
2.1571 -0.000757
2.1670999999999996 -0.0007132
2.1770999999999994 -0.0006747000000000001
2.187099999999999 -0.0006418999999999999
2.197099999999999 -0.0006165999999999999
2.2070999999999987 -0.0005947999999999999
2.2170999999999985 -0.0005796
2.2271 -0.0005675999999999999
2.2371 -0.0005616
2.2470999999999997 -0.0005595
2.2570999999999994 -0.000561
2.2670999999999992 -0.000565
2.277099999999999 -0.0005721
2.287099999999999 -0.000582
2.2970999999999986 -0.0005926
2.3071 -0.0006043
2.3171 -0.0006184
2.3270999999999997 -0.0006324
2.3370999999999995 -0.0006483000000000001
2.3470999999999993 -0.0006627
2.357099999999999 -0.0006767000000000001
2.367099999999999 -0.0006911
2.3770999999999987 -0.0007038999999999999
2.3870999999999984 -0.0007170000000000001
2.3971 -0.0007285
2.4071 -0.0007393
2.4170999999999996 -0.0007495999999999999
2.4270999999999994 -0.0007583000000000001
2.437099999999999 -0.0007664999999999999
2.447099999999999 -0.0007735
2.4570999999999987 -0.00078
2.4670999999999985 -0.0007867
2.4771 -0.0007922999999999999
2.4871 -0.0007989999999999999
2.4970999999999997 -0.0008051
2.5070999999999994 -0.0008125
2.5170999999999992 -0.0008195
2.527099999999999 -0.0008292
2.537099999999999 -0.0008395
2.5470999999999986 -0.0008507
2.5571 -0.0008627
2.5671 -0.0008764
2.5770999999999997 -0.000892
2.5870999999999995 -0.0009081999999999998
2.5970999999999993 -0.0009241000000000001
2.607099999999999 -0.0009424
2.617099999999999 -0.000959
2.6270999999999987 -0.000976
2.6370999999999984 -0.000992
2.6471 -0.001006
2.6571 -0.001018
2.6670999999999996 -0.0010299999999999999
2.6770999999999994 -0.001038
2.687099999999999 -0.001044
2.697099999999999 -0.001045
2.7070999999999987 -0.001045
2.7170999999999985 -0.001041
2.7271 -0.0010350000000000001
2.7371 -0.001023
2.7470999999999997 -0.0010119999999999999
2.7570999999999994 -0.000997
2.7670999999999992 -0.0009809999999999999
2.777099999999999 -0.0009630000000000001
2.787099999999999 -0.000945
2.7970999999999986 -0.0009269999999999999
2.8071 -0.000907
2.8171 -0.000889
2.8270999999999997 -0.000872
2.8370999999999995 -0.000856
2.8470999999999993 -0.000841
2.857099999999999 -0.000829
2.867099999999999 -0.0008179999999999999
2.8770999999999987 -0.000811
2.8870999999999984 -0.000805
2.8971 -0.000802
2.9071 -0.000801
2.9170999999999996 -0.000804
2.9270999999999994 -0.0008089999999999999
2.937099999999999 -0.0008150000000000001
2.947099999999999 -0.0008240000000000001
2.9570999999999987 -0.0008359999999999999
2.9670999999999985 -0.000851
2.9771 -0.000866
2.9871 -0.0008870000000000001
2.9970999999999997 -0.0009049999999999999
3.0070999999999994 -0.0009269999999999999
3.0170999999999992 -0.000951
3.027099999999999 -0.000979
3.037099999999999 -0.001006
3.0470999999999986 -0.001036
3.0571 -0.0010659999999999999
3.0671 -0.001098
3.0770999999999997 -0.001129
3.0870999999999995 -0.001163
3.0970999999999993 -0.0011959999999999998
3.107099999999999 -0.00123
3.117099999999999 -0.001262
3.1270999999999987 -0.001294
3.1370999999999984 -0.001325
3.1471 -0.001354
3.1571 -0.0013819999999999998
3.1670999999999996 -0.0014060000000000001
3.1770999999999994 -0.001428
3.187099999999999 -0.0014470000000000002
3.197099999999999 -0.001463
3.2070999999999987 -0.0014780000000000001
3.2170999999999985 -0.0014889999999999999
3.2271 -0.001498
3.2371 -0.001505
3.2470999999999997 -0.0015110000000000002
3.2570999999999994 -0.0015170000000000001
3.2670999999999992 -0.001521
3.277099999999999 -0.001526
3.287099999999999 -0.001532
3.2970999999999986 -0.0015400000000000001
3.3071 -0.001549
3.3171 -0.0015589999999999998
3.3270999999999997 -0.001571
3.3370999999999995 -0.001585
3.3470999999999993 -0.0015999999999999999
3.357099999999999 -0.0016150000000000001
3.367099999999999 -0.001631
3.3770999999999987 -0.0016489999999999999
3.3870999999999984 -0.0016659999999999997
3.3971 -0.0016820000000000001
3.4071 -0.001694
3.4170999999999996 -0.001706
3.4270999999999994 -0.001717
3.437099999999999 -0.001721
3.447099999999999 -0.001727
3.4570999999999987 -0.001727
3.4670999999999985 -0.001721
3.4771 -0.001714
3.4871 -0.001705
3.4970999999999997 -0.0016909999999999998
3.5070999999999994 -0.001676
3.5170999999999992 -0.0016610000000000001
3.527099999999999 -0.00164
3.537099999999999 -0.0016209999999999998
3.5470999999999986 -0.0016010000000000002
3.5571 -0.001581
3.5671 -0.001563
3.5770999999999997 -0.0015450000000000001
3.5870999999999995 -0.0015279999999999998
3.5970999999999993 -0.001515
3.607100000000001 -0.001505
3.617099999999999 -0.001497
3.6271000000000004 -0.001494
3.6370999999999984 -0.001488
3.6471 -0.00149
3.657099999999998 -0.0014900000000000002
3.6670999999999996 -0.001493
3.6770999999999976 -0.001496
3.687099999999999 -0.0015019999999999999
3.6971000000000007 -0.0015059999999999997
3.7070999999999987 -0.0015060000000000002
3.7171000000000003 -0.0015090000000000001
3.7270999999999983 -0.001509
3.7371 -0.0015060000000000002
3.747099999999998 -0.001498
3.7570999999999994 -0.0014889999999999999
3.767100000000001 -0.0014759999999999999
3.777099999999999 -0.0014560000000000003
3.7871000000000006 -0.001436
3.7970999999999986 -0.0014129999999999998
3.8071 -0.001385
3.817099999999998 -0.001356
3.8270999999999997 -0.001323
3.8370999999999977 -0.001288
3.8470999999999993 -0.001257
3.857100000000001 -0.001221
3.867099999999999 -0.001188
3.8771000000000004 -0.001158
3.8870999999999984 -0.001128
3.8971 -0.0011029999999999998
3.907099999999998 -0.001083
3.9170999999999996 -0.001063
3.9270999999999976 -0.00105
3.937099999999999 -0.001041
3.9471000000000007 -0.0010369999999999997
3.9570999999999987 -0.001035
3.9671000000000003 -0.0010379999999999999
3.9770999999999983 -0.001046
3.9871 -0.001058
3.997099999999998 -0.0010710000000000001
4.007099999999999 -0.001087
4.017100000000001 -0.0011070000000000001
4.027099999999999 -0.001126
4.037100000000001 -0.001149
4.047099999999999 -0.00117
4.0571 -0.001191
4.067099999999998 -0.001212
4.0771 -0.001233
4.087099999999998 -0.001251
4.097099999999999 -0.0012710000000000002
4.107100000000001 -0.001287
4.117099999999999 -0.001303
4.1271 -0.001319
4.1370999999999984 -0.001333
4.1471 -0.001348
4.157099999999998 -0.0013640000000000002
4.1671 -0.001382
4.177099999999998 -0.001401
4.187099999999999 -0.001422
4.197100000000001 -0.001446
4.207099999999999 -0.001473
4.2171 -0.001503
4.227099999999998 -0.0015379999999999999
4.2371 -0.0015760000000000001
4.247099999999998 -0.0016179999999999996
4.257099999999999 -0.001663
4.267100000000001 -0.0017089999999999998
4.277099999999999 -0.0017590000000000001
4.287100000000001 -0.001807
4.297099999999999 -0.001854
4.3071 -0.001902
4.317099999999998 -0.0019470000000000002
4.3271 -0.0019860000000000004
4.337099999999998 -0.002019
4.347099999999999 -0.002048
4.357100000000001 -0.002072
4.367099999999999 -0.0020870000000000003
4.3771 -0.002096
4.3870999999999984 -0.0020959999999999998
4.3971 -0.002091
4.407099999999998 -0.002081
4.4171 -0.002064
4.427099999999998 -0.002043
4.437099999999999 -0.00202
4.447100000000001 -0.001995
4.457099999999999 -0.001966
4.4671 -0.001938
4.477099999999998 -0.0019119999999999999
4.4871 -0.001887
4.497099999999998 -0.001866
4.507099999999999 -0.001845
4.517100000000001 -0.00183
4.527099999999999 -0.001817
4.537100000000001 -0.0018089999999999998
4.547099999999999 -0.001803
4.5571 -0.001803
4.567099999999998 -0.0018089999999999998
4.5771 -0.001816
4.587099999999998 -0.001829
4.597099999999999 -0.001843
4.607100000000001 -0.001863
4.617099999999999 -0.0018839999999999998
4.6271 -0.001912
4.6370999999999984 -0.001944
4.6471 -0.001979
4.657099999999998 -0.0020210000000000002
4.6671 -0.002066
4.677099999999998 -0.0021130000000000003
4.687099999999999 -0.002169
4.697100000000001 -0.002228
4.707099999999999 -0.002293
4.7171 -0.002361
4.727099999999998 -0.0024340000000000004
4.7371 -0.00251
4.747099999999998 -0.002589
4.757099999999999 -0.002667
4.767100000000001 -0.0027470000000000003
4.777099999999999 -0.0028250000000000003
4.787100000000001 -0.0029000000000000002
4.797099999999999 -0.0029720000000000007
4.8071 -0.003039
4.817099999999998 -0.0030960000000000002
4.8271 -0.003147
4.837099999999998 -0.003189
4.847099999999999 -0.0032209999999999995
4.857100000000001 -0.0032459999999999998
4.867099999999999 -0.0032590000000000006
4.8771 -0.0032619999999999997
4.8870999999999984 -0.0032569999999999995
4.8971 -0.003243
4.907099999999998 -0.003222
4.9171 -0.0031969999999999998
4.927099999999998 -0.003167
4.937099999999999 -0.003135
4.947100000000001 -0.0031010000000000005
4.957099999999999 -0.003069
4.9671 -0.003037
4.977099999999998 -0.0030069999999999997
4.9871 -0.0029809999999999997
4.997099999999998 -0.0029570000000000004
5.007099999999999 -0.002938
5.017100000000001 -0.0029220000000000006
5.027099999999999 -0.002908
5.037100000000001 -0.002898
5.047099999999999 -0.0028859999999999997
5.0571 -0.0028770000000000002
5.067099999999998 -0.002865
5.0771 -0.002853
5.087099999999998 -0.0028380000000000002
5.097099999999999 -0.0028190000000000003
5.107100000000001 -0.002796
5.117099999999999 -0.002768
5.1271 -0.002733
5.1370999999999984 -0.002695
5.1471 -0.0026500000000000004
5.157099999999998 -0.0026
5.1671 -0.002544
5.177099999999998 -0.002484
5.187099999999999 -0.002419
5.197100000000001 -0.0023499999999999997
5.207099999999999 -0.002279
5.2171 -0.0022040000000000002
5.227099999999998 -0.002127
5.2371 -0.0020480000000000003
5.247099999999998 -0.001968
5.257099999999999 -0.0018869999999999998
5.267100000000001 -0.001805
5.277099999999999 -0.0017230000000000001
5.287100000000001 -0.0016409999999999999
5.297099999999999 -0.001561
5.3071 -0.001482
5.317099999999998 -0.0014030000000000002
5.3271 -0.001327
5.337099999999998 -0.001253
5.347099999999999 -0.0011799999999999998
5.357100000000001 -0.0011099999999999999
5.367099999999999 -0.0010429999999999999
5.3771 -0.000976
5.3870999999999984 -0.000913
5.3971 -0.0008520000000000001
5.407099999999998 -0.0007930000000000001
5.4171 -0.0007360000000000001
5.427099999999998 -0.0006810000000000001
5.437099999999999 -0.0006300000000000001
5.447100000000001 -0.0005788000000000001
5.457099999999999 -0.0005312000000000001
5.4671 -0.0004858
5.477099999999998 -0.0004429
5.4871 -0.00040209999999999996
5.497099999999998 -0.0003639
5.507099999999999 -0.0003281
5.517100000000001 -0.0002948
5.527099999999999 -0.0002634
5.537100000000001 -0.000235
5.547099999999999 -0.00020869999999999998
5.5571 -0.0001844
5.567099999999998 -0.0001624
5.5771 -0.0001423
5.587099999999998 -0.0001243
5.597099999999999 -0.0001081
5.607100000000001 -9.36e-05
5.617099999999999 -8.070000000000001e-05
5.6271 -6.9e-05
5.6370999999999984 -5.8800000000000006e-05
5.6471 -4.986e-05
5.657099999999998 -4.205e-05
5.6671 -3.5210000000000003e-05
5.677099999999998 -2.932e-05
5.687099999999999 -2.424e-05
5.697100000000001 -1.989e-05
5.707099999999999 -1.623e-05
5.7171 -1.3109999999999998e-05
5.727099999999998 -1.0529999999999999e-05
5.7371 -8.39e-06
5.747099999999998 -6.617e-06
5.757099999999999 -5.179e-06
5.767100000000001 -4.019e-06
5.777099999999999 -3.09e-06
5.787100000000001 -2.354e-06
5.797099999999999 -1.7780000000000004e-06
5.8071 -1.329e-06
5.817099999999998 -9.849999999999999e-07
5.8271 -7.219999999999999e-07
5.837099999999998 -5.246999999999999e-07
5.847099999999999 -3.774e-07
5.857100000000001 -2.6879999999999997e-07
5.867099999999999 -1.8950000000000002e-07
5.8771 -1.322e-07
5.8870999999999984 -9.14e-08
5.8971 -6.243e-08
5.907099999999998 -4.2290000000000003e-08
5.9171 -2.8330000000000003e-08
5.927099999999998 -1.878e-08
5.937099999999999 -1.2330000000000002e-08
5.947100000000001 -8e-09
5.957099999999999 -5.141e-09
