-22.402900000000002 0.5529026499999999
-22.3929 0.39887327000000006
-22.3829 0.2848518
-22.3729 0.20133630000000002
-22.362900000000003 0.14092518399999998
-22.352899999999998 0.09761730600000001
-22.3429 0.06701176400000002
-22.332900000000002 0.045437921000000006
-22.3229 0.030525286000000006
-22.3129 0.0203134898
-22.3029 0.013372282699999996
-22.292900000000003 0.0087114769
-22.2829 0.005617947199999999
-22.2729 0.0035876009999999993
-22.262900000000002 0.00226837749
-22.2529 0.00141823484
-22.2429 0.0008771445199999999
-22.2329 0.0005379881100000001
-22.222900000000003 0.00032625316000000005
-22.2129 0.000195931745
-22.2029 0.00011631875300000002
-22.1929 6.841097600000001e-05
-22.1829 3.9826362e-05
-22.1729 2.2933648300000006e-05
-22.1629 1.3072069500000001e-05
-22.152900000000002 7.3711615e-06
-22.1429 4.1186462e-06
-22.1329 2.2753556299999996e-06
-22.1229 1.2451936399999998e-06
-22.112900000000003 6.7510434e-07
-22.102899999999998 3.6095568899999995e-07
-22.0929 1.9142939200000003e-07
-22.082900000000002 1.0041535199999998e-07
-22.0729 5.209793599999999e-08
-22.0629 2.67440414e-08
-22.0529 1.3572036799999998e-08
-22.042900000000003 6.831010199999998e-09
-22.0329 3.3724934100000003e-09
-22.0229 1.6112346999999997e-09
-22.012900000000002 7.441098900000001e-10
-22.0029 3.16448504e-10
-21.9929 1.30217651e-10
-21.9829 5.15158261e-11
-21.972900000000003 7.86030655e-12
-21.9629 0.0
-21.9529 0.0
-21.9429 0.0
-21.9329 0.0
-21.9229 0.0
-21.9129 0.0
-21.902900000000002 0.0
-21.8929 0.0
-21.8829 0.0
-21.8729 0.0
-21.862900000000003 0.0
-21.852899999999998 0.0
-21.8429 0.0
-21.832900000000002 0.0
-21.8229 0.0
-21.8129 0.0
-21.8029 0.0
-21.792900000000003 0.0
-21.7829 0.0
-21.7729 0.0
-21.762900000000002 0.0
-21.7529 0.0
-21.7429 0.0
-21.7329 0.0
-21.722900000000003 0.0
-21.7129 0.0
-21.7029 0.0
-21.6929 0.0
-21.6829 0.0
-21.6729 0.0
-21.6629 0.0
-21.652900000000002 0.0
-21.6429 0.0
-21.6329 0.0
-21.6229 0.0
-21.612900000000003 0.0
-21.602899999999998 0.0
-21.5929 0.0
-21.582900000000002 0.0
-21.5729 0.0
-21.5629 0.0
-21.5529 0.0
-21.542900000000003 0.0
-21.5329 0.0
-21.5229 0.0
-21.512900000000002 0.0
-21.5029 0.0
-21.4929 0.0
-21.4829 0.0
-21.472900000000003 0.0
-21.4629 0.0
-21.4529 0.0
-21.4429 0.0
-21.4329 0.0
-21.4229 0.0
-21.4129 0.0
-21.402900000000002 0.0
-21.3929 0.0
-21.3829 0.0
-21.3729 0.0
-21.362900000000003 0.0
-21.352899999999998 0.0
-21.3429 0.0
-21.332900000000002 0.0
-21.3229 0.0
-21.3129 0.0
-21.3029 0.0
-21.292900000000003 0.0
-21.2829 0.0
-21.2729 0.0
-21.262900000000002 0.0
-21.2529 0.0
-21.2429 0.0
-21.2329 0.0
-21.222900000000003 0.0
-21.2129 0.0
-21.2029 0.0
-21.1929 0.0
-21.1829 0.0
-21.1729 0.0
-21.1629 0.0
-21.152900000000002 0.0
-21.1429 0.0
-21.1329 0.0
-21.1229 0.0
-21.112900000000003 0.0
-21.102899999999998 0.0
-21.0929 0.0
-21.082900000000002 0.0
-21.0729 0.0
-21.0629 0.0
-21.0529 0.0
-21.042900000000003 0.0
-21.0329 0.0
-21.0229 0.0
-21.012900000000002 0.0
-21.0029 0.0
-20.9929 0.0
-20.9829 0.0
-20.972900000000003 0.0
-20.9629 0.0
-20.9529 0.0
-20.9429 0.0
-20.9329 0.0
-20.9229 0.0
-20.9129 0.0
-20.902900000000002 0.0
-20.8929 0.0
-20.8829 0.0
-20.8729 0.0
-20.862900000000003 0.0
-20.852899999999998 0.0
-20.8429 0.0
-20.832900000000002 0.0
-20.8229 0.0
-20.8129 0.0
-20.8029 0.0
-20.792900000000003 0.0
-20.7829 0.0
-20.7729 0.0
-20.762900000000002 0.0
-20.7529 0.0
-20.7429 0.0
-20.7329 0.0
-20.722900000000003 0.0
-20.7129 0.0
-20.7029 0.0
-20.6929 0.0
-20.6829 0.0
-20.6729 0.0
-20.6629 0.0
-20.652900000000002 0.0
-20.6429 0.0
-20.6329 0.0
-20.6229 0.0
-20.612900000000003 0.0
-20.602899999999998 0.0
-20.5929 0.0
-20.582900000000002 0.0
-20.5729 0.0
-20.5629 0.0
-20.5529 0.0
-20.542900000000003 0.0
-20.5329 0.0
-20.5229 0.0
-20.512900000000002 0.0
-20.5029 0.0
-20.4929 0.0
-20.4829 0.0
-20.472900000000003 0.0
-20.4629 0.0
-20.4529 0.0
-20.4429 0.0
-20.4329 0.0
-20.4229 0.0
-20.4129 0.0
-20.402900000000002 0.0
-20.3929 0.0
-20.3829 0.0
-20.3729 0.0
-20.3629 0.0
-20.3529 0.0
-20.3429 0.0
-20.332900000000002 0.0
-20.3229 0.0
-20.3129 0.0
-20.3029 0.0
-20.2929 0.0
-20.2829 0.0
-20.2729 0.0
-20.262900000000002 2.1274479700000002e-14
-20.2529 4.467758510000001e-14
-20.2429 9.28492037e-14
-20.2329 2.425772999999999e-13
-20.222900000000003 4.961704e-13
-20.2129 1.0040940000000001e-12
-20.2029 2.0099970000000004e-12
-20.1929 3.984414e-12
-20.1829 7.806995999999998e-12
-20.1729 1.514916e-11
-20.1629 2.9220699999999994e-11
-20.152900000000002 5.557792999999999e-11
-20.1429 1.0460910000000001e-10
-20.1329 1.948272e-10
-20.1229 3.587096999999999e-10
-20.1129 6.531659e-10
-20.1029 1.1789370000000001e-09
-20.0929 2.1017390000000003e-09
-20.082900000000002 3.7105089999999995e-09
-20.0729 6.479100000000001e-09
-20.0629 1.1212979999999998e-08
-20.0529 1.918953e-08
-20.0429 3.249862999999999e-08
-20.0329 5.447935e-08
-20.0229 9.05441e-08
-20.012900000000002 1.4845149999999997e-07
-20.0029 2.4137390000000006e-07
-19.9929 3.8809599999999993e-07
-19.9829 6.18164e-07
-19.972900000000003 9.746689999999997e-07
-19.9629 1.520831e-06
-19.9529 2.3503480000000002e-06
-19.9429 3.595719e-06
-19.9329 5.45038e-06
-19.9229 8.178679999999999e-06
-19.9129 1.2149230000000001e-05
-19.902900000000002 1.7886060000000002e-05
-19.8929 2.603227e-05
-19.8829 3.760650000000001e-05
-19.8729 5.37762e-05
-19.8629 7.61387e-05
-19.8529 0.0001069039
-19.8429 0.0001487585
-19.832900000000002 0.0002050951
-19.8229 0.000280292
-19.8129 0.000379577
-19.8029 0.0005095109999999999
-19.7929 0.000678028
-19.7829 0.0008958659999999999
-19.7729 0.001172142
-19.762900000000002 0.001522098
-19.7529 0.0019611600000000004
-19.7429 0.0025070599999999998
-19.7329 0.00317734
-19.722900000000003 0.0039949799999999995
-19.7129 0.00498594
-19.7029 0.006176340000000001
-19.6929 0.0075991900000000005
-19.6829 0.00926909
-19.6729 0.0112105
-19.6629 0.0134796
-19.652900000000002 0.016082799999999998
-19.6429 0.0190417
-19.6329 0.0223864
-19.6229 0.0261169
-19.6129 0.030239
-19.6029 0.034784300000000004
-19.5929 0.0397051
-19.582900000000002 0.04500769999999999
-19.5729 0.05064629999999999
-19.5629 0.05659119999999999
-19.5529 0.06280219999999999
-19.5429 0.06920799999999998
-19.5329 0.07569299999999998
-19.5229 0.08249299999999998
-19.512900000000002 0.089163
-19.5029 0.09589600000000002
-19.4929 0.102497
-19.4829 0.10896600000000001
-19.472900000000003 0.11529200000000002
-19.4629 0.12140700000000001
-19.4529 0.12736899999999998
-19.4429 0.13314099999999998
-19.4329 0.139007
-19.4229 0.144671
-19.4129 0.15037999999999999
-19.402900000000002 0.15589300000000003
-19.3929 0.16168900000000003
-19.3829 0.167651
-19.3729 0.17385799999999998
-19.3629 0.180164
-19.3529 0.18684400000000004
-19.3429 0.193691
-19.332900000000002 0.200741
-19.3229 0.208096
-19.3129 0.215833
-19.3029 0.22347999999999998
-19.2929 0.23123600000000002
-19.2829 0.2391
-19.2729 0.24645999999999998
-19.262900000000002 0.25354000000000004
-19.2529 0.26060000000000005
-19.2429 0.26696000000000003
-19.2329 0.27291000000000004
-19.222900000000003 0.27815999999999996
-19.2129 0.28312000000000004
-19.2029 0.28695000000000004
-19.1929 0.29069
-19.1829 0.29371
-19.1729 0.29604
-19.1629 0.29825999999999997
-19.152900000000002 0.3003
-19.1429 0.3016400000000001
-19.1329 0.3034200000000001
-19.1229 0.30509000000000003
-19.1129 0.3074
-19.1029 0.3097299999999999
-19.0929 0.31301999999999996
-19.082900000000002 0.31684999999999997
-19.0729 0.3214200000000001
-19.0629 0.32695
-19.0529 0.33364999999999995
-19.0429 0.3414
-19.0329 0.35011
-19.0229 0.36
-19.012900000000002 0.37093000000000004
-19.0029 0.38254000000000005
-18.9929 0.39509999999999995
-18.9829 0.40809000000000006
-18.972900000000003 0.42134000000000005
-18.9629 0.43521
-18.9529 0.44898999999999994
-18.9429 0.4627200000000001
-18.9329 0.47591
-18.9229 0.48862000000000005
-18.9129 0.50081
-18.902900000000002 0.51207
-18.8929 0.5225200000000001
-18.8829 0.5321400000000001
-18.8729 0.54042
-18.8629 0.54789
-18.8529 0.55448
-18.8429 0.56007
-18.832900000000002 0.56472
-18.8229 0.5688500000000001
-18.8129 0.5718499999999999
-18.8029 0.5744299999999999
-18.7929 0.5763900000000001
-18.7829 0.57803
-18.7729 0.5793699999999998
-18.762900000000002 0.5806000000000001
-18.7529 0.5819299999999998
-18.7429 0.58286
-18.7329 0.5840900000000001
-18.722900000000003 0.5854200000000002
-18.7129 0.58666
-18.7029 0.58849
-18.6929 0.5899100000000002
-18.6829 0.59161
-18.6729 0.5936000000000002
-18.6629 0.59537
-18.652900000000002 0.59681
-18.6429 0.5982799999999999
-18.6329 0.5993099999999999
-18.6229 0.60029
-18.6129 0.60063
-18.6029 0.6002
-18.5929 0.5998100000000001
-18.582900000000002 0.5983500000000002
-18.5729 0.5965500000000001
-18.5629 0.59408
-18.5529 0.5909699999999999
-18.5429 0.58743
-18.5329 0.5832299999999999
-18.5229 0.57851
-18.512900000000002 0.5735199999999998
-18.5029 0.56814
-18.4929 0.5624899999999998
-18.4829 0.5568799999999999
-18.472900000000003 0.55089
-18.4629 0.5448599999999999
-18.4529 0.5391300000000001
-18.4429 0.5334800000000001
-18.4329 0.5279500000000001
-18.4229 0.5227600000000001
-18.4129 0.5181100000000001
-18.402900000000002 0.5134900000000001
-18.3929 0.5094
-18.3829 0.50573
-18.3729 0.50249
-18.3629 0.49956000000000006
-18.3529 0.49714
-18.3429 0.49453
-18.332900000000002 0.49261
-18.3229 0.48997999999999997
-18.3129 0.48802
-18.3029 0.48560000000000003
-18.2929 0.4827000000000001
-18.2829 0.47979999999999995
-18.2729 0.47619999999999996
-18.262900000000002 0.4717999999999999
-18.2529 0.46690000000000004
-18.2429 0.4616999999999999
-18.2329 0.4555
-18.222900000000003 0.44910000000000005
-18.2129 0.4421
-18.2029 0.43500000000000005
-18.1929 0.42757000000000006
-18.1829 0.4205899999999999
-18.1729 0.41320999999999986
-18.1629 0.40685
-18.152900000000002 0.40082999999999996
-18.1429 0.3956599999999999
-18.1329 0.39165
-18.1229 0.38891999999999993
-18.1129 0.38736000000000004
-18.1029 0.387
-18.0929 0.38860000000000006
-18.082900000000002 0.39169999999999994
-18.0729 0.3963
-18.0629 0.403
-18.0529 0.41150000000000003
-18.0429 0.4222000000000001
-18.0329 0.43450000000000005
-18.0229 0.44870000000000004
-18.012900000000002 0.4653999999999999
-18.0029 0.4839000000000001
-17.9929 0.5047
-17.9829 0.5273
-17.972900000000003 0.5524
-17.9629 0.5794
-17.9529 0.6080999999999999
-17.9429 0.6386999999999998
-17.9329 0.6709999999999999
-17.9229 0.7046999999999999
-17.9129 0.7392
-17.902900000000002 0.7747999999999999
-17.8929 0.8107000000000001
-17.8829 0.8471
-17.8729 0.8822
-17.8629 0.9183999999999999
-17.8529 0.9512999999999999
-17.8429 0.9828999999999999
-17.832900000000002 1.0125999999999997
-17.8229 1.0391
-17.8129 1.0632
-17.8029 1.0843
-17.7929 1.1033
-17.7829 1.1186999999999998
-17.7729 1.1283
-17.762900000000002 1.1348999999999998
-17.7529 1.1401000000000001
-17.7429 1.1419
-17.7329 1.1405999999999998
-17.722900000000003 1.1365999999999998
-17.7129 1.1306999999999998
-17.7029 1.1263999999999998
-17.6929 1.1175000000000002
-17.6829 1.1093000000000002
-17.6729 1.1016999999999997
-17.6629 1.0937000000000001
-17.652900000000002 1.0877999999999997
-17.6429 1.0825
-17.6329 1.0780999999999998
-17.6229 1.075
-17.6129 1.0729
-17.6029 1.0728
-17.5929 1.0736000000000003
-17.582900000000002 1.0750999999999997
-17.5729 1.0774
-17.5629 1.0797
-17.5529 1.0815
-17.5429 1.0832
-17.5329 1.0835000000000001
-17.5229 1.0826000000000002
-17.512900000000002 1.0801
-17.5029 1.0747999999999998
-17.4929 1.0672
-17.4829 1.0569
-17.472900000000003 1.04332
-17.4629 1.02614
-17.4529 1.0055399999999999
-17.4429 0.98122
-17.4329 0.95312
-17.4229 0.92112
-17.4129 0.8860400000000003
-17.402900000000002 0.84761
-17.3929 0.8057300000000001
-17.3829 0.7615100000000001
-17.3729 0.7150599999999999
-17.3629 0.6669900000000001
-17.3529 0.61769
-17.3429 0.5678300000000001
-17.332900000000002 0.51809
-17.3229 0.46912000000000004
-17.3129 0.42139000000000004
-17.3029 0.37558
-17.2929 0.33192
-17.2829 0.29069999999999996
-17.2729 0.25234
-17.262900000000002 0.217117
-17.2529 0.185282
-17.2429 0.15648099999999998
-17.2329 0.13101900000000002
-17.222900000000003 0.1088
-17.2129 0.089419
-17.2029 0.072724
-17.1929 0.05863399999999999
-17.1829 0.046827
-17.1729 0.037024999999999995
-17.1629 0.028997999999999996
-17.152900000000002 0.0224761
-17.1429 0.0172436
-17.1329 0.0131145
-17.1229 0.009860099999999998
-17.1129 0.0073488
-17.1029 0.005422799999999999
-17.0929 0.0039595
-17.082900000000002 0.0028618100000000007
-17.0729 0.0020475099999999998
-17.0629 0.0014505400000000002
-17.0529 0.0010172999999999998
-17.0429 0.0007063100000000001
-17.0329 0.00048526999999999994
-17.0229 0.0003300779999999999
-17.012900000000002 0.00022232100000000004
-17.0029 0.000148164
-16.9929 9.776100000000001e-05
-16.9829 6.3847e-05
-16.972900000000003 4.127200000000001e-05
-16.9629 2.64083e-05
-16.9529 1.66993e-05
-16.9429 1.0473900000000001e-05
-16.9329 6.498999999999999e-06
-16.9229 3.991699999999999e-06
-16.9129 2.4261100000000002e-06
-16.902900000000002 1.4582799999999997e-06
-16.8929 8.6882e-07
-16.8829 5.1183e-07
-16.8729 2.98597e-07
-16.8629 1.72235e-07
-16.8529 9.845800000000001e-08
-16.8429 5.5659e-08
-16.832900000000002 3.114459999999999e-08
-16.8229 1.72346e-08
-16.8129 9.469200000000001e-09
-16.8029 5.1309e-09
-16.7929 2.75527e-09
-16.7829 1.4632699999999996e-09
-16.7729 7.695999999999999e-10
-16.762900000000002 4.0086799999999996e-10
-16.7529 2.06463e-10
-16.7429 1.0522100000000001e-10
-16.7329 5.30196e-11
-16.722900000000003 2.62927e-11
-16.7129 1.2641199999999996e-11
-16.7029 5.898139999999999e-12
-16.6929 2.43582e-12
-16.6829 1.0545330000000003e-12
-16.6729 3.9665600000000006e-13
-16.6629 1.0288969999999998e-13
-16.652900000000002 1.3574000144310002e-14
-16.6429 0.0
-16.6329 0.0
-16.6229 0.0
-16.6129 0.0
-16.6029 0.0
-16.5929 0.0
-16.582900000000002 0.0
-16.5729 0.0
-16.5629 0.0
-16.5529 0.0
-16.5429 0.0
-16.5329 0.0
-16.5229 0.0
-16.512900000000002 0.0
-16.5029 0.0
-16.4929 0.0
-16.4829 0.0
-16.472900000000003 0.0
-16.4629 0.0
-16.4529 0.0
-16.4429 0.0
-16.4329 0.0
-16.4229 0.0
-16.4129 0.0
-16.402900000000002 0.0
-16.3929 0.0
-16.3829 0.0
-16.3729 0.0
-16.3629 0.0
-16.3529 0.0
-16.3429 0.0
-16.332900000000002 0.0
-16.3229 0.0
-16.3129 0.0
-16.3029 0.0
-16.2929 0.0
-16.2829 0.0
-16.2729 0.0
-16.262900000000002 0.0
-16.2529 0.0
-16.2429 0.0
-16.2329 0.0
-16.2229 0.0
-16.2129 0.0
-16.2029 0.0
-16.1929 0.0
-16.1829 0.0
-16.172900000000002 0.0
-16.1629 0.0
-16.152900000000002 0.0
-16.1429 0.0
-16.1329 0.0
-16.1229 0.0
-16.1129 0.0
-16.1029 0.0
-16.0929 0.0
-16.082900000000002 0.0
-16.0729 0.0
-16.0629 0.0
-16.0529 0.0
-16.0429 0.0
-16.0329 0.0
-16.0229 0.0
-16.012900000000002 0.0
-16.0029 0.0
-15.9929 0.0
-15.9829 0.0
-15.972900000000001 0.0
-15.962900000000001 0.0
-15.9529 0.0
-15.942900000000002 0.0
-15.9329 0.0
-15.9229 0.0
-15.9129 0.0
-15.9029 0.0
-15.892900000000001 0.0
-15.882900000000001 0.0
-15.872900000000001 0.0
-15.8629 0.0
-15.852900000000002 0.0
-15.8429 0.0
-15.8329 0.0
-15.8229 0.0
-15.8129 0.0
-15.802900000000001 0.0
-15.792900000000001 0.0
-15.782900000000001 0.0
-15.7729 0.0
-15.7629 0.0
-15.7529 0.0
-15.7429 0.0
-15.7329 0.0
-15.722900000000001 0.0
-15.712900000000001 0.0
-15.7029 0.0
-15.692900000000002 0.0
-15.6829 0.0
-15.6729 0.0
-15.6629 0.0
-15.6529 0.0
-15.642900000000001 0.0
-15.632900000000001 0.0
-15.622900000000001 0.0
-15.6129 0.0
-15.602900000000002 0.0
-15.5929 0.0
-15.5829 0.0
-15.5729 0.0
-15.5629 0.0
-15.552900000000001 0.0
-15.542900000000001 0.0
-15.532900000000001 0.0
-15.5229 0.0
-15.5129 0.0
-15.5029 0.0
-15.4929 0.0
-15.4829 0.0
-15.472900000000001 0.0
-15.462900000000001 0.0
-15.4529 0.0
-15.442900000000002 0.0
-15.4329 0.0
-15.4229 0.0
-15.4129 0.0
-15.4029 0.0
-15.392900000000001 0.0
-15.382900000000001 0.0
-15.372900000000001 0.0
-15.3629 0.0
-15.352900000000002 0.0
-15.3429 0.0
-15.3329 0.0
-15.3229 0.0
-15.3129 0.0
-15.302900000000001 0.0
-15.292900000000001 0.0
-15.282900000000001 0.0
-15.2729 0.0
-15.2629 0.0
-15.2529 0.0
-15.2429 0.0
-15.2329 0.0
-15.222900000000001 0.0
-15.212900000000001 0.0
-15.2029 0.0
-15.192900000000002 0.0
-15.1829 0.0
-15.1729 0.0
-15.1629 0.0
-15.1529 0.0
-15.142900000000001 0.0
-15.132900000000001 0.0
-15.122900000000001 0.0
-15.1129 0.0
-15.102900000000002 0.0
-15.0929 0.0
-15.0829 0.0
-15.0729 0.0
-15.0629 0.0
-15.052900000000001 0.0
-15.042900000000001 0.0
-15.032900000000001 0.0
-15.0229 0.0
-15.0129 0.0
-15.0029 0.0
-14.9929 0.0
-14.9829 0.0
-14.972900000000001 0.0
-14.962900000000001 0.0
-14.9529 0.0
-14.942900000000002 0.0
-14.9329 0.0
-14.9229 0.0
-14.9129 0.0
-14.9029 0.0
-14.892900000000001 0.0
-14.882900000000001 0.0
-14.872900000000001 0.0
-14.8629 0.0
-14.852900000000002 0.0
-14.8429 0.0
-14.8329 0.0
-14.8229 0.0
-14.8129 0.0
-14.802900000000001 0.0
-14.792900000000001 0.0
-14.782900000000001 0.0
-14.7729 0.0
-14.7629 0.0
-14.7529 0.0
-14.7429 0.0
-14.7329 0.0
-14.722900000000001 0.0
-14.712900000000001 0.0
-14.7029 0.0
-14.692900000000002 0.0
-14.6829 0.0
-14.6729 0.0
-14.6629 0.0
-14.6529 0.0
-14.642900000000001 0.0
-14.632900000000001 0.0
-14.622900000000001 0.0
-14.6129 0.0
-14.602900000000002 0.0
-14.5929 0.0
-14.5829 0.0
-14.5729 0.0
-14.5629 0.0
-14.552900000000001 0.0
-14.542900000000001 0.0
-14.532900000000001 0.0
-14.5229 0.0
-14.5129 0.0
-14.5029 0.0
-14.4929 0.0
-14.4829 0.0
-14.472900000000001 0.0
-14.462900000000001 0.0
-14.4529 0.0
-14.442900000000002 0.0
-14.4329 0.0
-14.4229 0.0
-14.4129 0.0
-14.4029 0.0
-14.392900000000001 0.0
-14.382900000000001 0.0
-14.372900000000001 0.0
-14.3629 0.0
-14.3529 0.0
-14.3429 0.0
-14.3329 0.0
-14.3229 0.0
-14.3129 0.0
-14.302900000000001 0.0
-14.292900000000001 0.0
-14.282900000000001 0.0
-14.2729 0.0
-14.2629 0.0
-14.2529 0.0
-14.2429 0.0
-14.2329 0.0
-14.222900000000001 0.0
-14.212900000000001 0.0
-14.202900000000001 0.0
-14.192900000000002 0.0
-14.1829 0.0
-14.1729 0.0
-14.1629 0.0
-14.1529 0.0
-14.142900000000001 0.0
-14.132900000000001 0.0
-14.122900000000001 0.0
-14.1129 0.0
-14.1029 0.0
-14.0929 0.0
-14.0829 0.0
-14.0729 0.0
-14.0629 0.0
-14.052900000000001 0.0
-14.042900000000001 0.0
-14.032900000000001 0.0
-14.0229 0.0
-14.0129 0.0
-14.0029 0.0
-13.9929 0.0
-13.9829 0.0
-13.972900000000001 0.0
-13.962900000000001 0.0
-13.952900000000001 0.0
-13.942900000000002 0.0
-13.9329 0.0
-13.9229 0.0
-13.9129 0.0
-13.9029 0.0
-13.892900000000001 0.0
-13.882900000000001 0.0
-13.872900000000001 0.0
-13.8629 0.0
-13.8529 0.0
-13.8429 0.0
-13.8329 0.0
-13.8229 0.0
-13.8129 0.0
-13.802900000000001 0.0
-13.792900000000001 0.0
-13.782900000000001 0.0
-13.7729 0.0
-13.7629 0.0
-13.7529 0.0
-13.7429 0.0
-13.7329 0.0
-13.722900000000001 0.0
-13.712900000000001 0.0
-13.702900000000001 0.0
-13.692900000000002 0.0
-13.6829 0.0
-13.6729 0.0
-13.6629 0.0
-13.6529 0.0
-13.642900000000001 0.0
-13.632900000000001 0.0
-13.622900000000001 0.0
-13.6129 0.0
-13.6029 0.0
-13.5929 0.0
-13.5829 0.0
-13.5729 0.0
-13.5629 0.0
-13.552900000000001 0.0
-13.542900000000001 0.0
-13.532900000000001 0.0
-13.5229 0.0
-13.5129 0.0
-13.5029 0.0
-13.4929 0.0
-13.4829 0.0
-13.472900000000001 0.0
-13.462900000000001 0.0
-13.452900000000001 0.0
-13.442900000000002 0.0
-13.4329 0.0
-13.4229 0.0
-13.4129 0.0
-13.4029 0.0
-13.392900000000001 0.0
-13.382900000000001 0.0
-13.372900000000001 0.0
-13.3629 0.0
-13.3529 0.0
-13.3429 0.0
-13.3329 0.0
-13.3229 0.0
-13.3129 0.0
-13.302900000000001 0.0
-13.292900000000001 0.0
-13.282900000000001 0.0
-13.2729 0.0
-13.2629 0.0
-13.2529 0.0
-13.2429 0.0
-13.2329 0.0
-13.222900000000001 0.0
-13.212900000000001 0.0
-13.202900000000001 0.0
-13.192900000000002 0.0
-13.1829 0.0
-13.1729 0.0
-13.1629 0.0
-13.1529 0.0
-13.142900000000001 0.0
-13.132900000000001 0.0
-13.122900000000001 0.0
-13.1129 0.0
-13.1029 0.0
-13.0929 0.0
-13.0829 0.0
-13.0729 0.0
-13.0629 0.0
-13.052900000000001 0.0
-13.042900000000001 0.0
-13.032900000000001 0.0
-13.0229 0.0
-13.0129 0.0
-13.0029 0.0
-12.9929 0.0
-12.9829 0.0
-12.972900000000001 0.0
-12.962900000000001 0.0
-12.952900000000001 0.0
-12.942900000000002 0.0
-12.9329 0.0
-12.9229 0.0
-12.9129 0.0
-12.9029 0.0
-12.892900000000001 0.0
-12.882900000000001 0.0
-12.872900000000001 0.0
-12.862900000000002 0.0
-12.8529 0.0
-12.8429 0.0
-12.8329 0.0
-12.8229 0.0
-12.8129 0.0
-12.802900000000001 0.0
-12.792900000000001 0.0
-12.782900000000001 0.0
-12.7729 0.0
-12.7629 0.0
-12.7529 0.0
-12.7429 0.0
-12.7329 0.0
-12.722900000000001 0.0
-12.712900000000001 0.0
-12.702900000000001 0.0
-12.6929 0.0
-12.6829 0.0
-12.6729 0.0
-12.6629 0.0
-12.6529 0.0
-12.642900000000001 0.0
-12.632900000000001 0.0
-12.622900000000001 0.0
-12.612900000000002 0.0
-12.6029 0.0
-12.5929 0.0
-12.5829 0.0
-12.5729 0.0
-12.5629 0.0
-12.552900000000001 0.0
-12.542900000000001 0.0
-12.532900000000001 0.0
-12.5229 0.0
-12.5129 0.0
-12.5029 0.0
-12.4929 0.0
-12.4829 0.0
-12.472900000000001 0.0
-12.462900000000001 0.0
-12.452900000000001 0.0
-12.4429 0.0
-12.4329 0.0
-12.4229 0.0
-12.4129 0.0
-12.4029 0.0
-12.392900000000001 0.0
-12.382900000000001 0.0
-12.372900000000001 0.0
-12.362900000000002 0.0
-12.3529 0.0
-12.3429 0.0
-12.3329 0.0
-12.3229 0.0
-12.3129 0.0
-12.302900000000001 0.0
-12.292900000000001 0.0
-12.282900000000001 0.0
-12.2729 0.0
-12.2629 0.0
-12.2529 0.0
-12.2429 0.0
-12.2329 0.0
-12.222900000000001 0.0
-12.212900000000001 0.0
-12.202900000000001 0.0
-12.1929 0.0
-12.1829 0.0
-12.1729 0.0
-12.1629 0.0
-12.1529 0.0
-12.142900000000001 0.0
-12.132900000000001 0.0
-12.122900000000001 0.0
-12.112900000000002 0.0
-12.1029 0.0
-12.0929 0.0
-12.0829 0.0
-12.0729 0.0
-12.0629 0.0
-12.052900000000001 0.0
-12.042900000000001 0.0
-12.032900000000001 0.0
-12.0229 0.0
-12.0129 0.0
-12.0029 0.0
-11.9929 0.0
-11.9829 0.0
-11.972900000000001 0.0
-11.962900000000001 0.0
-11.952900000000001 0.0
-11.9429 0.0
-11.9329 0.0
-11.9229 0.0
-11.9129 0.0
-11.9029 0.0
-11.892900000000001 0.0
-11.882900000000001 0.0
-11.872900000000001 0.0
-11.8629 0.0
-11.8529 0.0
-11.8429 0.0
-11.8329 0.0
-11.8229 0.0
-11.8129 0.0
-11.802900000000001 0.0
-11.792900000000001 0.0
-11.782900000000001 0.0
-11.7729 0.0
-11.7629 0.0
-11.7529 0.0
-11.7429 0.0
-11.7329 0.0
-11.722900000000001 0.0
-11.712900000000001 0.0
-11.702900000000001 0.0
-11.692900000000002 0.0
-11.6829 0.0
-11.6729 0.0
-11.6629 0.0
-11.6529 0.0
-11.642900000000001 0.0
-11.632900000000001 0.0
-11.622900000000001 0.0
-11.6129 0.0
-11.6029 0.0
-11.5929 0.0
-11.5829 0.0
-11.5729 0.0
-11.5629 0.0
-11.552900000000001 0.0
-11.542900000000001 0.0
-11.532900000000001 0.0
-11.5229 0.0
-11.5129 0.0
-11.5029 0.0
-11.4929 0.0
-11.4829 0.0
-11.472900000000001 0.0
-11.462900000000001 0.0
-11.452900000000001 0.0
-11.442900000000002 0.0
-11.4329 0.0
-11.4229 3.7807560000000003e-13
-11.4129 7.916549999999998e-13
-11.4029 2.1734689999999995e-12
-11.392900000000001 4.489147e-12
-11.382900000000001 1.007635e-11
-11.372900000000001 2.10108e-11
-11.3629 4.282865e-11
-11.3529 8.523390000000001e-11
-11.3429 1.677458e-10
-11.3329 3.2772650000000004e-10
-11.3229 6.344760000000001e-10
-11.3129 1.2134689999999998e-09
-11.302900000000001 2.294841e-09
-11.292900000000001 4.297195e-09
-11.282900000000001 7.95906e-09
-11.2729 1.460639e-08
-11.2629 2.6499609999999997e-08
-11.2529 4.7572630000000006e-08
-11.2429 8.45336e-08
-11.2329 1.487938e-07
-11.222900000000001 2.5905359999999996e-07
-11.212900000000001 4.466874e-07
-11.202900000000001 7.6164e-07
-11.192900000000002 1.287233e-06
-11.1829 2.153786e-06
-11.1729 3.568161e-06
-11.1629 5.851130000000001e-06
-11.1529 9.492979999999999e-06
-11.142900000000001 1.526358e-05
-11.132900000000001 2.432277e-05
-11.122900000000001 3.8315759999999994e-05
-11.1129 5.9784600000000004e-05
-11.1029 9.24117e-05
-11.0929 0.0001415437
-11.0829 0.00021468800000000002
-11.0729 0.0003225366
-11.0629 0.0004798224
-11.052900000000001 0.0007072280000000001
-11.042900000000001 0.001032084
-11.032900000000001 0.0014941900000000003
-11.0229 0.0021438879999999996
-11.0129 0.0030468649999999997
-11.0029 0.004290834
-10.9929 0.005987835000000001
-10.9829 0.008303100000000002
-10.972900000000001 0.01137028
-10.962900000000001 0.015476389999999996
-10.952900000000001 0.02085362
-10.942900000000002 0.02788553
-10.9329 0.036995629999999995
-10.9229 0.0486579
-10.9129 0.06335742
-10.9029 0.0821215
-10.892900000000001 0.1053235
-10.882900000000001 0.134175
-10.872900000000001 0.169581
-10.8629 0.21235359999999998
-10.8529 0.264301
-10.8429 0.32593269999999996
-10.8329 0.3990604
-10.8229 0.48489409999999994
-10.8129 0.5846434999999999
-10.802900000000001 0.6980176000000001
-10.792900000000001 0.830125
-10.782900000000001 0.9793540000000001
-10.7729 1.1427450000000001
-10.7629 1.326269
-10.7529 1.525937
-10.7429 1.743715
-10.7329 1.9746270000000001
-10.722900000000001 2.2196170000000004
-10.712900000000001 2.4787150000000002
-10.702900000000001 2.743851
-10.692900000000002 3.0160190000000004
-10.6829 3.2892000000000006
-10.6729 3.56035
-10.6629 3.8264189999999996
-10.6529 4.082409
-10.642900000000001 4.324261999999999
-10.632900000000001 4.546982
-10.622900000000001 4.75152
-10.6129 4.931863999999999
-10.6029 5.086011
-10.5929 5.212961
-10.5829 5.313682
-10.5729 5.387217
-10.5629 5.433576
-10.552900000000001 5.455757
-10.542900000000001 5.455782000000001
-10.532900000000001 5.434686
-10.5229 5.397495
-10.5129 5.344224
-10.5029 5.277882
-10.4929 5.203524999999999
-10.4829 5.125151
-10.472900000000001 5.0397799999999995
-10.462900000000001 4.952417
-10.452900000000001 4.866080000000001
-10.442900000000002 4.778729
-10.4329 4.692426000000001
-10.4229 4.60911
-10.4129 4.5258329999999996
-10.4029 4.444543
-10.392900000000001 4.36625
-10.382900000000001 4.287925
-10.372900000000001 4.209606
-10.3629 4.131244000000001
-10.352900000000002 4.0528580000000005
-10.3429 3.9744410000000006
-10.3329 3.8939909999999998
-10.3229 3.8145360000000004
-10.3129 3.7350620000000005
-10.302900000000001 3.656535
-10.292900000000001 3.5790689999999996
-10.282900000000001 3.502603
-10.2729 3.4291599999999995
-10.2629 3.3607679999999998
-10.2529 3.2964000000000007
-10.2429 3.237128
-10.2329 3.184929
-10.222900000000001 3.137806
-10.212900000000001 3.0987480000000005
-10.2029 3.068786999999999
-10.192900000000002 3.0429330000000006
-10.1829 3.026126
-10.1729 3.015424
-10.1629 3.0127870000000008
-10.1529 3.0141959999999997
-10.142900000000001 3.020658
-10.132900000000001 3.0331330000000007
-10.122900000000001 3.0476419999999993
-10.1129 3.061119
-10.102900000000002 3.0745880000000003
-10.0929 3.087004
-10.0829 3.0953590000000006
-10.0729 3.0986269999999996
-10.0629 3.0958020000000004
-10.052900000000001 3.084842
-10.042900000000001 3.063763
-10.032900000000001 3.0355469999999998
-10.0229 2.9971749999999995
-10.0129 2.946664
-10.0029 2.886035
-9.9929 2.8172590000000004
-9.9829 2.739374
-9.972900000000001 2.6533860000000002
-9.962900000000001 2.5623319999999996
-9.9529 2.466215
-9.942900000000002 2.3670549999999997
-9.9329 2.265915
-9.9229 2.1677669999999996
-9.9129 2.0706690000000005
-9.9029 1.9766239999999997
-9.892900000000001 1.888665
-9.882900000000001 1.8057789999999998
-9.872900000000001 1.7319879999999999
-9.8629 1.662303
-9.852900000000002 1.6027140000000002
-9.8429 1.5502200000000004
-9.8329 1.5028310000000005
-9.8229 1.4655369999999999
-9.8129 1.4333090000000002
-9.802900000000001 1.4051540000000005
-9.792900000000001 1.3840840000000003
-9.782900000000001 1.366035
-9.7729 1.35203
-9.7629 1.339057
-9.7529 1.330104
-9.7429 1.320154
-9.7329 1.3122050000000003
-9.722900000000001 1.3052549999999998
-9.712900000000001 1.296266
-9.7029 1.285278
-9.692900000000002 1.275228
-9.6829 1.262128
-9.6729 1.2460069999999999
-9.6629 1.226807
-9.6529 1.2075730000000002
-9.642900000000001 1.1822599999999999
-9.632900000000001 1.1558960000000003
-9.622900000000001 1.1254509999999995
-9.6129 1.0909650000000002
-9.602900000000002 1.0544060000000002
-9.5929 1.0167884
-9.5829 0.9751188000000001
-9.5729 0.9324489000000001
-9.5629 0.8887089
-9.552900000000001 0.8429589000000002
-9.542900000000001 0.7991792000000001
-9.532900000000001 0.7534602
-9.5229 0.7106823
-9.5129 0.6699653999999999
-9.5029 0.63026
-9.4929 0.5944062999999999
-9.4829 0.5610042999999999
-9.472900000000001 0.5308344
-9.462900000000001 0.5041463999999999
-9.4529 0.48089029999999994
-9.442900000000002 0.4609061
-9.4329 0.44427360000000005
-9.4229 0.43079270000000003
-9.4129 0.4202543999999999
-9.4029 0.41196130000000003
-9.392900000000001 0.40612040000000005
-9.382900000000001 0.4023093
-9.372900000000001 0.40022800000000003
-9.3629 0.39957339999999997
-9.352900000000002 0.4004442
-9.3429 0.4023324
-9.3329 0.4053401
-9.3229 0.409262
-9.3129 0.413494
-9.302900000000001 0.41843430000000004
-9.292900000000001 0.4235778
-9.282900000000001 0.4287222
-9.2729 0.4336661
-9.2629 0.4381007
-9.2529 0.4414253
-9.2429 0.44383359999999994
-9.2329 0.4444200000000001
-9.222900000000001 0.44348389999999993
-9.212900000000001 0.44012060000000003
-9.2029 0.43462699999999993
-9.192900000000002 0.42670179999999996
-9.1829 0.41634419999999994
-9.1729 0.4035544
-9.1629 0.3883348
-9.1529 0.3712892
-9.142900000000001 0.3522191
-9.132900000000001 0.33203270000000007
-9.122900000000001 0.31073210000000007
-9.1129 0.28882260000000004
-9.102900000000002 0.26681019999999994
-9.0929 0.24510077999999996
-9.0829 0.2238006
-9.0729 0.20381068
-9.0629 0.18483816
-9.052900000000001 0.16748203
-9.042900000000001 0.15194733000000002
-9.032900000000001 0.13783611
-9.0229 0.12564434
-9.0129 0.11487801
-9.0029 0.10602912
-8.9929 0.09830262000000001
-8.9829 0.09199448
-8.972900000000001 0.08660298000000001
-8.962900000000001 0.08232576
-8.9529 0.07836096
-8.942900000000002 0.07520706
-8.9329 0.07216173000000001
-8.9229 0.06922362
-8.9129 0.06649123
-8.9029 0.06376319999999999
-8.892900000000001 0.060798529000000004
-8.882900000000001 0.057726812999999995
-8.872900000000001 0.05453682299999999
-8.8629 0.051188561
-8.852900000000002 0.047741325999999994
-8.8429 0.044185506
-8.8329 0.040600309
-8.8229 0.036996231000000004
-8.8129 0.033432876
-8.802900000000001 0.029970543999999995
-8.792900000000001 0.026639037999999997
-8.782900000000001 0.023468457999999998
-8.7729 0.020488823
-8.7629 0.017740104000000003
-8.7529 0.015232330999999998
-8.7429 0.012945491900000002
-8.7329 0.0108994872
-8.722900000000001 0.009094294
-8.712900000000001 0.007519829799999999
-8.7029 0.006166034800000002
-8.692900000000002 0.005003874900000001
-8.6829 0.0040212189999999995
-8.6729 0.0032030451000000003
-8.6629 0.0025272884
-8.6529 0.0019738603999999997
-8.642900000000001 0.0015257248600000003
-8.632900000000001 0.0011698270300000001
-8.622900000000001 0.0008871251700000001
-8.6129 0.00066558325
-8.602900000000002 0.00049556836
-8.5929 0.00036465493000000003
-8.5829 0.00026591797000000004
-8.5729 0.00019174305899999998
-8.5629 0.000137014554
-8.552900000000001 9.6820978e-05
-8.542900000000001 6.775392700000001e-05
-8.532900000000001 4.6936122999999996e-05
-8.5229 3.2182349e-05
-8.5129 2.1828870400000005e-05
-8.5029 1.46526723e-05
-8.4929 9.7416394e-06
-8.4829 6.4041701e-06
-8.472900000000001 4.1661872e-06
-8.462900000000001 2.6819018000000003e-06
-8.4529 1.7087501400000002e-06
-8.442900000000002 1.0773588600000001e-06
-8.4329 6.724678800000002e-07
-8.4229 4.1500524000000005e-07
-8.4129 2.53453459e-07
-8.4029 1.5313674699999999e-07
-8.392900000000001 9.160747399999999e-08
-8.382900000000001 5.420511999999999e-08
-8.372900000000001 3.1763724999999994e-08
-8.3629 1.8457511000000002e-08
-8.352900000000002 1.0721984e-08
-8.3429 6.339024e-09
-8.3329 4.0334199999999995e-09
-8.3229 3.12254e-09
-8.3129 3.3298499999999996e-09
-8.302900000000001 4.731380000000001e-09
-8.2929 7.762099999999999e-09
-8.282900000000001 1.3376800000000002e-08
-8.2729 2.32421e-08
-8.262900000000002 4.01981e-08
-8.2529 6.8932e-08
-8.2429 1.17141e-07
-8.2329 1.9696299999999996e-07
-8.222900000000001 3.2802299999999997e-07
-8.212900000000001 5.407399999999999e-07
-8.2029 8.831899999999999e-07
-8.192900000000002 1.4274600000000003e-06
-8.1829 2.28371e-06
-8.1729 3.6172199999999996e-06
-8.1629 5.677399999999999e-06
-8.1529 8.826700000000001e-06
-8.142900000000001 1.3562499999999998e-05
-8.132900000000001 2.06529e-05
-8.122900000000001 3.1168700000000005e-05
-8.1129 4.6559000000000006e-05
-8.102900000000002 6.879500000000001e-05
-8.0929 0.00010097000000000002
-8.0829 0.000146591
-8.0729 0.00021054000000000005
-8.0629 0.000300047
-8.052900000000001 0.0004232440000000001
-8.0429 0.0005914199999999998
-8.032900000000001 0.0008186999999999999
-8.0229 0.00112347
-8.012900000000002 0.00152842
-8.0029 0.0020573699999999993
-7.992900000000001 0.0027465899999999997
-7.982900000000001 0.0036375699999999997
-7.972900000000001 0.0047699000000000005
-7.9629 0.0062024
-7.9529000000000005 0.007995700000000001
-7.942900000000001 0.010220400000000001
-7.932900000000001 0.012953999999999999
-7.9229 0.0162736
-7.9129000000000005 0.0202959
-7.902900000000001 0.0250866
-7.892900000000001 0.030761999999999998
-7.882900000000001 0.037437099999999994
-7.8729000000000005 0.045205499999999996
-7.862900000000001 0.054194000000000006
-7.852900000000001 0.064437
-7.842900000000001 0.07612000000000001
-7.8329 0.08926099999999998
-7.822900000000001 0.10390899999999999
-7.812900000000001 0.12025499999999999
-7.802900000000001 0.13794599999999999
-7.7929 0.157452
-7.782900000000001 0.17836799999999997
-7.772900000000001 0.201045
-7.762900000000001 0.224981
-7.7529 0.250209
-7.742900000000001 0.27693199999999996
-7.732900000000001 0.3044
-7.722900000000001 0.332956
-7.7129 0.36190399999999995
-7.7029000000000005 0.39158
-7.692900000000001 0.4213070000000001
-7.682900000000001 0.4507810000000001
-7.6729 0.479819
-7.6629000000000005 0.508271
-7.652900000000001 0.535889
-7.642900000000001 0.5624519999999998
-7.632900000000001 0.5874380000000001
-7.6229000000000005 0.6109890000000002
-7.612900000000001 0.6326849999999998
-7.602900000000001 0.652438
-7.592900000000001 0.6718499999999998
-7.5829 0.6877599999999999
-7.572900000000001 0.70127
-7.562900000000001 0.7131700000000001
-7.552900000000001 0.7229699999999999
-7.5429 0.73307
-7.532900000000001 0.7407799999999998
-7.522900000000001 0.7447799999999999
-7.512900000000001 0.75173
-7.5029 0.7557800000000001
-7.492900000000001 0.7591399999999999
-7.482900000000001 0.76052
-7.472900000000001 0.7650199999999999
-7.4629 0.76365
-7.4529000000000005 0.76556
-7.442900000000001 0.7697299999999998
-7.432900000000001 0.7701
-7.4229 0.7694799999999999
-7.4129000000000005 0.77127
-7.402900000000001 0.7721699999999999
-7.392900000000001 0.77347
-7.382900000000001 0.7739900000000001
-7.3729000000000005 0.7746999999999999
-7.362900000000001 0.7747
-7.352900000000001 0.77496
-7.342900000000001 0.77524
-7.3329 0.77088
-7.322900000000001 0.77169
-7.312900000000001 0.7676999999999998
-7.302900000000001 0.7661499999999999
-7.2929 0.7598599999999999
-7.282900000000001 0.7560199999999999
-7.272900000000001 0.7513699999999999
-7.262900000000001 0.7444500000000001
-7.2529 0.73749
-7.242900000000001 0.73018
-7.232900000000001 0.7222299999999998
-7.222900000000001 0.71422
-7.2129 0.7056800000000001
-7.2029000000000005 0.6968900000000001
-7.192900000000001 0.6879700000000001
-7.182900000000001 0.6795199999999999
-7.1729 0.67095
-7.1629000000000005 0.66284
-7.152900000000001 0.65522
-7.142900000000001 0.6477999999999999
-7.132900000000001 0.64078
-7.1229000000000005 0.63455
-7.112900000000001 0.62863
-7.102900000000001 0.6234199999999999
-7.092900000000001 0.6188299999999998
-7.0829 0.6146499999999999
-7.072900000000001 0.6111899999999999
-7.062900000000001 0.6084400000000001
-7.052900000000001 0.6061300000000001
-7.0429 0.604928
-7.032900000000001 0.6041629999999999
-7.022900000000001 0.6046090000000001
-7.012900000000001 0.6055820000000001
-7.0029 0.607685
-6.992900000000001 0.6106049999999998
-6.982900000000001 0.6143489999999998
-6.972900000000001 0.61961
-6.9629 0.625092
-6.9529000000000005 0.6313890000000001
-6.942900000000001 0.6381009999999999
-6.932900000000001 0.645122
-6.9229 0.652256
-6.9129000000000005 0.658995
-6.902900000000001 0.66464
-6.892900000000001 0.6691860000000001
-6.882900000000001 0.6724289999999999
-6.8729000000000005 0.6733690000000001
-6.862900000000001 0.672103
-6.852900000000001 0.6679309999999999
-6.842900000000001 0.660949
-6.8329 0.6510560000000001
-6.822900000000001 0.637652
-6.812900000000001 0.621137
-6.802900000000001 0.601312
-6.7929 0.578675
-6.782900000000001 0.5528320000000001
-6.772900000000001 0.5250809999999999
-6.762900000000001 0.49492500000000006
-6.7529 0.463337
-6.742900000000001 0.43054800000000004
-6.732900000000001 0.39727999999999997
-6.722900000000001 0.363916
-6.7129 0.330818
-6.7029000000000005 0.29850999999999994
-6.692900000000001 0.267708
-6.682900000000001 0.238338
-6.6729 0.21068800000000001
-6.6629000000000005 0.18523900000000001
-6.652900000000001 0.16192199999999998
-6.642900000000001 0.140885
-6.632900000000001 0.122239
-6.6229000000000005 0.10565400000000001
-6.612900000000001 0.091506
-6.602900000000001 0.079009
-6.592900000000001 0.068568
-6.5829 0.05977700000000001
-6.572900000000001 0.052559999999999996
-6.562900000000001 0.046711
-6.552900000000001 0.042026999999999995
-6.5429 0.038409000000000006
-6.532900000000001 0.035726999999999995
-6.522900000000001 0.03381100000000001
-6.512900000000001 0.032589999999999994
-6.5029 0.031881
-6.492900000000001 0.031743
-6.482900000000001 0.031977
-6.472900000000001 0.032586
-6.4629 0.03351199999999999
-6.4529000000000005 0.034691
-6.442900000000001 0.036094999999999995
-6.432900000000001 0.037642
-6.4229 0.039402
-6.4129000000000005 0.041285
-6.402900000000001 0.04328
-6.392900000000001 0.04535700000000001
-6.382900000000001 0.047515999999999996
-6.3729000000000005 0.04972500000000002
-6.362900000000001 0.05195400000000001
-6.352900000000001 0.054223999999999994
-6.342900000000001 0.056542
-6.3329 0.05880799999999999
-6.322900000000001 0.061063
-6.312900000000001 0.06323900000000002
-6.302900000000001 0.06547
-6.2929 0.067559
-6.282900000000001 0.06969700000000001
-6.272900000000001 0.071755
-6.262900000000001 0.0737
-6.2529 0.075676
-6.242900000000001 0.07748100000000001
-6.232900000000001 0.079598
-6.222900000000001 0.081559
-6.2129 0.083764
-6.2029000000000005 0.085988
-6.192900000000001 0.08867
-6.182900000000001 0.09154499999999997
-6.1729 0.09472500000000002
-6.1629000000000005 0.09846200000000001
-6.152900000000001 0.10271999999999999
-6.142900000000001 0.107478
-6.132900000000001 0.112899
-6.1229000000000005 0.119046
-6.112900000000001 0.12571699999999997
-6.102900000000001 0.132895
-6.092900000000001 0.14097599999999996
-6.0829 0.14956300000000003
-6.072900000000001 0.15843500000000002
-6.062900000000001 0.16788499999999995
-6.052900000000001 0.17779
-6.0429 0.18782
-6.032900000000001 0.19776000000000002
-6.022900000000001 0.20767999999999998
-6.012900000000001 0.21757999999999997
-6.0029 0.22718999999999998
-5.992900000000001 0.23634999999999998
-5.982900000000001 0.24469999999999995
-5.972900000000001 0.25273
-5.9629 0.25992000000000004
-5.9529000000000005 0.2661700000000001
-5.942900000000001 0.2714599999999999
-5.932900000000001 0.27588
-5.9229 0.27937
-5.9129000000000005 0.28173999999999993
-5.902900000000001 0.2833899999999999
-5.892900000000001 0.28411000000000003
-5.882900000000001 0.28414
-5.8729000000000005 0.28358
-5.862900000000001 0.28251000000000004
-5.852900000000001 0.28132
-5.842900000000001 0.28016
-5.8329 0.27921999999999997
-5.822900000000001 0.27892999999999996
-5.812900000000001 0.27955
-5.802900000000001 0.28132999999999997
-5.7929 0.28459999999999996
-5.782900000000001 0.28933
-5.772900000000001 0.29619999999999996
-5.762900000000001 0.3053300000000001
-5.7529 0.31661999999999996
-5.742900000000001 0.33042000000000005
-5.732900000000001 0.346674
-5.722900000000001 0.36526
-5.7129 0.386531
-5.7029000000000005 0.41019800000000006
-5.692900000000001 0.43615899999999996
-5.682900000000001 0.46398500000000004
-5.6729 0.493807
-5.6629000000000005 0.525126
-5.652900000000001 0.5584519999999998
-5.642900000000001 0.5905329999999999
-5.632900000000001 0.626378
-5.6229000000000005 0.6598999999999999
-5.612900000000001 0.69373
-5.602900000000001 0.7278
-5.592900000000001 0.7590000000000001
-5.5829 0.7909700000000001
-5.572900000000001 0.82101
-5.562900000000001 0.8489899999999999
-5.552900000000001 0.8746400000000001
-5.5429 0.8982699999999999
-5.532900000000001 0.9196900000000001
-5.522900000000001 0.9399000000000001
-5.512900000000001 0.9569400000000001
-5.5029 0.9727600000000001
-5.492900000000001 0.9863800000000001
-5.482900000000001 0.99697
-5.472900000000001 1.00815
-5.4629 1.01744
-5.4529000000000005 1.0264900000000001
-5.442900000000001 1.0357800000000001
-5.432900000000001 1.04296
-5.4229 1.0532599999999999
-5.4129000000000005 1.0645700000000002
-5.402900000000001 1.0760900000000002
-5.392900000000001 1.0897400000000002
-5.382900000000001 1.10239
-5.3729000000000005 1.1191799999999998
-5.362900000000001 1.13627
-5.352900000000001 1.1543799999999997
-5.342900000000001 1.17271
-5.3329 1.19385
-5.322900000000001 1.2108700000000003
-5.312900000000001 1.2321
-5.302900000000001 1.2510199999999998
-5.2929 1.2678499999999997
-5.282900000000001 1.28534
-5.272900000000001 1.3005099999999998
-5.262900000000001 1.3135700000000001
-5.2529 1.3232100000000002
-5.242900000000001 1.3323200000000004
-5.232900000000001 1.34011
-5.222900000000001 1.3434700000000002
-5.2129 1.3433800000000002
-5.2029000000000005 1.3431800000000003
-5.192900000000001 1.3394700000000004
-5.182900000000001 1.3356299999999997
-5.1729 1.3284799999999999
-5.1629000000000005 1.3190899999999999
-5.152900000000001 1.3087700000000002
-5.142900000000001 1.2973800000000002
-5.132900000000001 1.2847600000000001
-5.1229000000000005 1.27034
-5.112900000000001 1.2570100000000002
-5.102900000000001 1.2435399999999996
-5.092900000000001 1.2276199999999997
-5.0829 1.21355
-5.072900000000001 1.1999900000000001
-5.062900000000001 1.18514
-5.052900000000001 1.1717900000000003
-5.0429 1.1598399999999998
-5.032900000000001 1.1477
-5.022900000000001 1.1369700000000003
-5.012900000000001 1.12725
-5.0029 1.1225500000000002
-4.992900000000001 1.1173600000000001
-4.982900000000001 1.11499
-4.972900000000001 1.1157500000000002
-4.9629 1.11863
-4.9529000000000005 1.1245300000000003
-4.942900000000001 1.1314700000000004
-4.932900000000001 1.1435299999999997
-4.9229 1.15761
-4.9129000000000005 1.1767299999999996
-4.902900000000001 1.19598
-4.892900000000001 1.2170600000000003
-4.882900000000001 1.2432400000000001
-4.8729000000000005 1.26743
-4.862900000000001 1.2943700000000002
-4.852900000000001 1.31957
-4.842900000000001 1.34471
-4.8329 1.36974
-4.822900000000001 1.3935300000000004
-4.812900000000001 1.41234
-4.802900000000001 1.4301299999999997
-4.7929 1.44458
-4.782900000000001 1.45532
-4.772900000000001 1.4615299999999998
-4.762900000000001 1.4638399999999998
-4.7529 1.46089
-4.742900000000001 1.45589
-4.732900000000001 1.4477399999999998
-4.722900000000001 1.43546
-4.7129 1.4221599999999999
-4.7029000000000005 1.4038399999999998
-4.692900000000001 1.38441
-4.682900000000001 1.365
-4.6729 1.34456
-4.6629000000000005 1.3221199999999997
-4.652900000000001 1.30188
-4.642900000000001 1.2826299999999997
-4.632900000000001 1.2634700000000003
-4.6229000000000005 1.2476099999999999
-4.612900000000001 1.23174
-4.602900000000001 1.2169999999999996
-4.592900000000001 1.20635
-4.5829 1.19594
-4.572900000000001 1.1865099999999997
-4.562900000000001 1.17926
-4.552900000000001 1.1731
-4.5429 1.1670200000000002
-4.532900000000001 1.1620200000000003
-4.522900000000001 1.15806
-4.512900000000001 1.1551300000000002
-4.5029 1.1492299999999998
-4.492900000000001 1.14639
-4.482900000000001 1.14256
-4.472900000000001 1.13774
-4.4629 1.1339400000000002
-4.4529000000000005 1.1283299999999998
-4.442900000000001 1.1227300000000002
-4.432900000000001 1.1180999999999999
-4.4229 1.1115399999999998
-4.4129000000000005 1.1072
-4.402900000000001 1.1020299999999996
-4.392900000000001 1.0977399999999997
-4.382900000000001 1.0926800000000003
-4.372900000000001 1.0898
-4.3629000000000016 1.08792
-4.3529 1.0892300000000004
-4.3429 1.0876000000000001
-4.3329 1.0920299999999998
-4.322900000000001 1.09056
-4.312900000000001 1.0950900000000003
-4.302900000000001 1.0994499999999998
-4.292900000000001 1.10401
-4.2829000000000015 1.11428
-4.2729 1.1187599999999998
-4.2629 1.1259499999999998
-4.2529 1.1328399999999998
-4.242900000000001 1.1378300000000001
-4.232900000000001 1.1434199999999999
-4.222900000000001 1.14791
-4.212900000000001 1.1527999999999998
-4.202900000000001 1.1557899999999994
-4.1929 1.15746
-4.1829 1.1577199999999996
-4.1729 1.15504
-4.1629000000000005 1.1517899999999999
-4.152900000000001 1.14561
-4.142900000000001 1.13812
-4.132900000000001 1.1266
-4.122900000000001 1.1167700000000003
-4.1129000000000016 1.1027
-4.1029 1.0877299999999996
-4.0929 1.07185
-4.0829 1.0557399999999997
-4.072900000000001 1.0367500000000003
-4.062900000000001 1.01879
-4.052900000000001 1.00103
-4.042900000000001 0.98337
-4.0329000000000015 0.9658900000000001
-4.0229 0.9505500000000001
-4.0129 0.9334199999999999
-4.0029 0.9215400000000001
-3.9929000000000006 0.9108899999999999
-3.9829000000000008 0.90149
-3.972900000000001 0.8943300000000002
-3.962900000000001 0.8904500000000001
-3.9529000000000014 0.88981
-3.9429 0.88938
-3.9329 0.8932000000000001
-3.9229000000000003 0.9002100000000001
-3.9129000000000005 0.90643
-3.9029000000000007 0.9178199999999999
-3.892900000000001 0.9303099999999999
-3.882900000000001 0.94604
-3.8729000000000013 0.96192
-3.8629000000000016 0.9786599999999999
-3.8529 0.9955800000000002
-3.8429 1.01242
-3.8329000000000004 1.0323700000000002
-3.8229000000000006 1.0491999999999997
-3.812900000000001 1.0661299999999998
-3.802900000000001 1.0798600000000003
-3.7929000000000013 1.0945300000000002
-3.7829000000000015 1.1049399999999998
-3.7729 1.11632
-3.7629 1.1223699999999996
-3.7529000000000003 1.1283400000000001
-3.7429000000000006 1.1311799999999999
-3.7329000000000008 1.1327999999999998
-3.722900000000001 1.13003
-3.712900000000001 1.1273399999999998
-3.7029000000000014 1.1243400000000001
-3.6929 1.1172499999999999
-3.6829 1.1130599999999997
-3.6729000000000003 1.10555
-3.6629000000000005 1.0992899999999999
-3.6529000000000007 1.0929200000000001
-3.642900000000001 1.09027
-3.632900000000001 1.0859400000000003
-3.6229000000000013 1.0825100000000003
-3.6129000000000016 1.0819800000000002
-3.6029 1.0805100000000003
-3.5929 1.0833400000000002
-3.5829000000000004 1.08699
-3.5729000000000006 1.0899599999999996
-3.562900000000001 1.09274
-3.552900000000001 1.0957399999999997
-3.5429000000000013 1.1006299999999998
-3.5329000000000015 1.1044499999999995
-3.5229 1.10755
-3.5129 1.10936
-3.5029000000000003 1.1104800000000004
-3.4929000000000006 1.11027
-3.4829000000000008 1.10707
-3.472900000000001 1.1051700000000004
-3.462900000000001 1.0989500000000003
-3.4529000000000014 1.0947500000000001
-3.4429 1.08854
-3.4329 1.08031
-3.4229000000000003 1.0731000000000002
-3.4129000000000005 1.0651800000000007
-3.4029000000000007 1.06008
-3.392900000000001 1.0529799999999998
-3.382900000000001 1.04909
-3.3729000000000013 1.0483399999999998
-3.3629000000000016 1.0467899999999997
-3.3529 1.04824
-3.3429 1.0520200000000002
-3.3329000000000004 1.05751
-3.3229000000000006 1.06442
-3.312900000000001 1.0734499999999998
-3.302900000000001 1.0825900000000002
-3.2929000000000013 1.0928299999999997
-3.2829000000000015 1.1059699999999997
-3.2729 1.11632
-3.2629 1.1284799999999997
-3.2529000000000003 1.13965
-3.2429000000000006 1.1488900000000002
-3.2329000000000008 1.1572399999999998
-3.222900000000001 1.16217
-3.212900000000001 1.1681100000000002
-3.2029000000000014 1.1700200000000003
-3.1929 1.17083
-3.1829 1.1662100000000004
-3.1729000000000003 1.1636000000000002
-3.1629000000000005 1.1538500000000003
-3.1529000000000007 1.1468900000000002
-3.142900000000001 1.1346999999999996
-3.132900000000001 1.1175000000000002
-3.1229000000000013 1.1039900000000002
-3.1129000000000016 1.0834500000000002
-3.1029 1.0645900000000001
-3.0929 1.04274
-3.0829000000000004 1.0207100000000002
-3.0729000000000006 0.9955600000000001
-3.062900000000001 0.9693200000000001
-3.052900000000001 0.9430200000000001
-3.0429000000000013 0.91669
-3.0329000000000015 0.8893400000000002
-3.0229 0.8630299999999999
-3.0129 0.83466
-3.0029000000000003 0.8064899999999999
-2.9929000000000006 0.7822499999999999
-2.9829000000000008 0.7562
-2.972900000000001 0.7283199999999999
-2.962900000000001 0.70635
-2.9529000000000014 0.6841500000000001
-2.9429 0.6630499999999999
-2.9329 0.64396
-2.9229000000000003 0.6265700000000001
-2.9129000000000005 0.6114900000000001
-2.9029000000000007 0.5980399999999999
-2.892900000000001 0.58687
-2.882900000000001 0.5775700000000001
-2.8729000000000013 0.5702400000000001
-2.8629000000000016 0.5645700000000001
-2.8529 0.56082
-2.8429 0.5589000000000002
-2.8329000000000004 0.5582
-2.8229000000000006 0.55907
-2.812900000000001 0.5611
-2.802900000000001 0.5639
-2.7929000000000013 0.5677499999999999
-2.7829000000000015 0.5723699999999999
-2.7729 0.5772900000000001
-2.7629 0.58239
-2.7529000000000003 0.58801
-2.7429000000000006 0.5933900000000001
-2.7329000000000008 0.5984499999999999
-2.722900000000001 0.60368
-2.712900000000001 0.6080900000000001
-2.7029000000000014 0.6121800000000002
-2.6929 0.6158399999999999
-2.6829 0.61847
-2.6729000000000003 0.6207800000000001
-2.6629000000000005 0.6222499999999999
-2.6529000000000007 0.6228899999999999
-2.642900000000001 0.62321
-2.632900000000001 0.6226299999999999
-2.6229000000000013 0.62184
-2.6129000000000016 0.62074
-2.6029 0.61925
-2.5929 0.61826
-2.5829000000000004 0.6170999999999999
-2.5729000000000006 0.6163799999999998
-2.562900000000001 0.61598
-2.552900000000001 0.6164499999999999
-2.5429000000000013 0.6179399999999999
-2.5329000000000015 0.6202000000000001
-2.5229 0.6232099999999999
-2.5129 0.62709
-2.5029000000000003 0.6320200000000001
-2.4929000000000006 0.6373099999999998
-2.4829000000000008 0.6438800000000001
-2.472900000000001 0.65066
-2.462900000000001 0.65751
-2.4529000000000014 0.66459
-2.4429 0.6714800000000001
-2.4329 0.6781200000000002
-2.4229000000000003 0.68395
-2.4129000000000005 0.68889
-2.4029000000000007 0.6931999999999999
-2.392900000000001 0.6962299999999999
-2.382900000000001 0.6978200000000002
-2.3729000000000013 0.6982600000000002
-2.3629000000000016 0.6975900000000003
-2.3529 0.6955599999999998
-2.3429 0.6918900000000001
-2.3329000000000004 0.6872800000000001
-2.3229000000000006 0.6815099999999998
-2.312900000000001 0.6745899999999999
-2.302900000000001 0.6667200000000001
-2.2929000000000013 0.65807
-2.2829000000000015 0.6487999999999998
-2.2729 0.6391600000000001
-2.2629 0.62884
-2.2529000000000003 0.61827
-2.2429000000000006 0.6072599999999998
-2.2329000000000008 0.59597
-2.222900000000001 0.5847499999999998
-2.212900000000001 0.5730599999999999
-2.2029000000000014 0.5616
-2.1929 0.5494800000000001
-2.1829 0.53752
-2.1729000000000003 0.5251699999999999
-2.1629000000000005 0.5125599999999998
-2.1529000000000007 0.49989000000000017
-2.142900000000001 0.4863900000000001
-2.132900000000001 0.47287
-2.1229000000000013 0.45862
-2.1129000000000016 0.4441000000000001
-2.1029 0.42891999999999997
-2.0929 0.4132800000000001
-2.0829000000000004 0.39738000000000007
-2.0729000000000006 0.38124
-2.062900000000001 0.36497
-2.052900000000001 0.34854999999999997
-2.0429000000000013 0.33261999999999997
-2.0329000000000015 0.31709
-2.0229 0.30196999999999996
-2.0129 0.28804
-2.0029000000000003 0.27484000000000003
-1.9929000000000006 0.26338
-1.9829000000000008 0.25336
-1.972900000000001 0.24488000000000001
-1.9629000000000012 0.23848
-1.9529000000000014 0.23401999999999998
-1.9428999999999998 0.23163999999999998
-1.9329 0.23141999999999996
-1.9229000000000003 0.23339000000000001
-1.9129000000000005 0.23751
-1.9029000000000007 0.2438
-1.892900000000001 0.25205
-1.8829000000000011 0.26186
-1.8729000000000013 0.27363
-1.8629000000000016 0.28696
-1.8529 0.30172999999999994
-1.8429000000000002 0.31760999999999995
-1.8329000000000004 0.33425000000000005
-1.8229000000000006 0.35192
-1.8129000000000008 0.37001
-1.802900000000001 0.38861999999999997
-1.7929000000000013 0.40723999999999994
-1.7829000000000015 0.42549000000000003
-1.7729 0.4432399999999999
-1.7629000000000001 0.46052
-1.7529000000000003 0.47696000000000005
-1.7429000000000006 0.49252500000000005
-1.7329000000000008 0.50668
-1.722900000000001 0.5198360000000001
-1.7129000000000012 0.531291
-1.7029000000000014 0.541737
-1.6928999999999998 0.5506719999999999
-1.6829 0.5580959999999999
-1.6729000000000003 0.564199
-1.6629000000000005 0.569011
-1.6529000000000007 0.5729010000000001
-1.642900000000001 0.5753820000000001
-1.6329000000000011 0.577251
-1.6229000000000013 0.5784219999999999
-1.6129000000000016 0.5792920000000001
-1.6029 0.5794640000000001
-1.5929000000000002 0.5798180000000001
-1.5829000000000004 0.5798830000000001
-1.5729000000000006 0.5807540000000001
-1.5629000000000008 0.5817260000000001
-1.552900000000001 0.583313
-1.5429000000000013 0.585593
-1.5329000000000015 0.5886979999999999
-1.5229 0.592813
-1.5129000000000001 0.5978399999999999
-1.5029000000000003 0.6040800000000001
-1.4929000000000006 0.611233
-1.4829000000000008 0.619702
-1.472900000000001 0.628882
-1.4629000000000012 0.6392770000000001
-1.4529000000000014 0.65048
-1.4428999999999998 0.662493
-1.4329 0.6751140000000001
-1.4229000000000003 0.688644
-1.4129000000000005 0.7022740000000001
-1.4029000000000007 0.7165080000000001
-1.392900000000001 0.730945
-1.3829000000000011 0.7457779999999999
-1.3729000000000013 0.760613
-1.3629000000000016 0.7756449999999999
-1.3529 0.7914739999999998
-1.3429000000000002 0.806503
-1.3329000000000004 0.82343
-1.3229000000000006 0.840355
-1.3129000000000008 0.8571809999999999
-1.302900000000001 0.8745080000000001
-1.2929000000000013 0.893836
-1.2829000000000015 0.912068
-1.2729 0.931704
-1.2629000000000001 0.950345
-1.2529000000000003 0.97099
-1.2429000000000006 0.99064
-1.2329000000000008 1.008293
-1.222900000000001 1.0294480000000001
-1.2129000000000012 1.045905
-1.2029000000000014 1.062565
-1.1928999999999998 1.0778219999999998
-1.1829 1.091774
-1.1729000000000003 1.100123
-1.1629000000000005 1.1080660000000002
-1.1529000000000007 1.1138000000000001
-1.142900000000001 1.116425
-1.1329000000000011 1.1155400000000002
-1.1229000000000013 1.112744
-1.1129000000000016 1.106838
-1.1029 1.099219
-1.0929000000000002 1.086989
-1.0829000000000004 1.075347
-1.0729000000000006 1.061394
-1.0629000000000008 1.0477329999999998
-1.052900000000001 1.032162
-1.0429000000000013 1.017286
-1.0329000000000015 1.002302
-1.0229 0.9891130000000001
-1.0129000000000001 0.97552
-1.0029000000000003 0.9652259999999999
-0.9929000000000006 0.9564290000000001
-0.9829000000000008 0.949232
-0.972900000000001 0.944735
-0.9629000000000012 0.9417369999999999
-0.9529000000000014 0.9413429999999999
-0.9428999999999998 0.9411519999999999
-0.9329000000000001 0.946263
-0.9229000000000003 0.951578
-0.9129000000000005 0.9579960000000002
-0.9029000000000007 0.9655169999999998
-0.8929000000000009 0.973142
-0.8829000000000011 0.9826719999999999
-0.8729000000000013 0.9912009999999999
-0.8629000000000016 0.9997340000000001
-0.8529 1.006269
-0.8429000000000002 1.0144039999999999
-0.8329000000000004 1.0176390000000002
-0.8229000000000006 1.0214750000000001
-0.8129000000000008 1.0222090000000001
-0.8029000000000011 1.019639
-0.7929000000000013 1.0155659999999997
-0.7829000000000015 1.009392
-0.7728999999999999 0.9978140000000001
-0.7629000000000001 0.984928
-0.7529000000000003 0.96774
-0.7429000000000006 0.9502449999999999
-0.7329000000000008 0.926245
-0.722900000000001 0.8995389999999999
-0.7129000000000012 0.8716290000000001
-0.7029000000000014 0.8400120000000001
-0.6928999999999998 0.8045929999999999
-0.6829000000000001 0.768968
-0.6729000000000003 0.729539
-0.6629000000000005 0.690109
-0.6529000000000007 0.650777
-0.6429000000000009 0.6085440000000001
-0.6329000000000011 0.566621
-0.6229000000000013 0.525429
-0.6129000000000016 0.482648
-0.6029 0.44171200000000005
-0.5929000000000002 0.401659
-0.5829000000000004 0.36308999999999997
-0.5729000000000006 0.325978
-0.5629000000000008 0.291012
-0.5529000000000011 0.25800199999999995
-0.5429000000000013 0.22705910000000004
-0.5329000000000015 0.19857340000000004
-0.5228999999999999 0.1724463
-0.5129000000000001 0.1486457
-0.5029000000000003 0.1272722
-0.49290000000000056 0.1080956
-0.4829000000000008 0.0912858
-0.472900000000001 0.0764291
-0.4629000000000012 0.06346009999999999
-0.4529000000000014 0.052381699999999996
-0.44289999999999985 0.042860800000000004
-0.43290000000000006 0.034776499999999995
-0.4229000000000003 0.028008700000000004
-0.4129000000000005 0.022381389999999998
-0.4029000000000007 0.01773296
-0.3929000000000009 0.013949000000000001
-0.38290000000000113 0.010856119999999999
-0.37290000000000134 0.00839173
-0.36290000000000155 0.006421089999999999
-0.3529 0.00488028
-0.3429000000000002 0.0036792100000000005
-0.3329000000000004 0.0027464300000000002
-0.32290000000000063 0.002031
-0.31290000000000084 0.001489045
-0.30290000000000106 0.0010819839999999998
-0.29290000000000127 0.00077898
-0.2829000000000015 0.0005562519999999999
-0.2728999999999999 0.000392998
-0.26290000000000013 0.000275163
-0.25290000000000035 0.00019072430000000002
-0.24290000000000056 0.0001311331
-0.23290000000000077 8.92169e-05
-0.222900000000001 6.0064999999999995e-05
-0.2129000000000012 4.0106300000000006e-05
-0.2029000000000014 2.6506599999999998e-05
-0.19289999999999985 1.7358439999999996e-05
-0.18290000000000006 1.1247050000000001e-05
-0.17290000000000028 7.207970000000001e-06
-0.1629000000000005 4.58397e-06
-0.1529000000000007 2.8827200000000005e-06
-0.14290000000000092 1.795325e-06
-0.13290000000000113 1.10726e-06
-0.12290000000000134 6.751689999999999e-07
-0.11290000000000155 4.0783599999999997e-07
-0.10289999999999999 2.4372799999999997e-07
-0.0929000000000002 1.443231e-07
-0.08290000000000042 8.456810000000001e-08
-0.07290000000000063 4.8997399999999994e-08
-0.06290000000000084 2.8117600000000002e-08
-0.05290000000000106 1.596683e-08
-0.04290000000000127 8.98067e-09
-0.032900000000001484 4.99764e-09
-0.02289999999999992 2.7482099999999995e-09
-0.012900000000000134 1.4973079999999999e-09
-0.0029000000000003467 8.074940000000001e-10
0.00709999999999944 4.305200000000001e-10
0.017099999999999227 2.2724440000000002e-10
0.027099999999999014 1.184219e-10
0.0370999999999988 6.12535e-11
0.04709999999999859 3.12231e-11
0.05710000000000015 1.5682230000000002e-11
0.06709999999999994 7.805790000000001e-12
0.07709999999999972 3.877620000000001e-12
0.08709999999999951 1.8173360000000003e-12
0.0970999999999993 8.841690000000002e-13
0.10709999999999908 3.8487e-13
0.11709999999999887 1.294866e-13
0.12709999999999866 0.0
0.13709999999999845 0.0
0.1471 0.0
0.1570999999999998 0.0
0.16709999999999958 0.0
0.17709999999999937 0.0
0.18709999999999916 0.0
0.19709999999999894 0.0
0.20709999999999873 0.0
0.21709999999999852 0.0
0.22710000000000008 0.0
0.23709999999999987 0.0
0.24709999999999965 0.0
0.25709999999999944 0.0
0.2670999999999992 0.0
0.277099999999999 0.0
0.2870999999999988 0.0
0.2970999999999986 0.0
0.30710000000000015 0.0
0.31709999999999994 0.0
0.3270999999999997 0.0
0.3370999999999995 0.0
0.3470999999999993 0.0
0.3570999999999991 0.0
0.36709999999999887 0.0
0.37709999999999866 0.0
0.38709999999999845 0.0
0.3971 0.0
0.4070999999999998 0.0
0.4170999999999996 0.0
0.42709999999999937 0.0
0.43709999999999916 0.0
0.44709999999999894 0.0
0.45709999999999873 0.0
0.4670999999999985 0.0
0.4771000000000001 0.0
0.48709999999999987 0.0
0.49709999999999965 0.0
0.5070999999999994 0.0
0.5170999999999992 0.0
0.527099999999999 0.0
0.5370999999999988 0.0
0.5470999999999986 0.0
0.5571000000000002 0.0
0.5670999999999999 0.0
0.5770999999999997 0.0
0.5870999999999995 0.0
0.5970999999999993 0.0
0.6070999999999991 0.0
0.6170999999999989 0.0
0.6270999999999987 0.0
0.6370999999999984 0.0
0.6471 0.0
0.6570999999999998 0.0
0.6670999999999996 0.0
0.6770999999999994 0.0
0.6870999999999992 0.0
0.6970999999999989 0.0
0.7070999999999987 0.0
0.7170999999999985 0.0
0.7271000000000001 0.0
0.7370999999999999 0.0
0.7470999999999997 0.0
0.7570999999999994 0.0
0.7670999999999992 0.0
0.777099999999999 0.0
0.7870999999999988 0.0
0.7970999999999986 0.0
0.8071000000000002 0.0
0.8170999999999999 0.0
0.8270999999999997 0.0
0.8370999999999995 0.0
0.8470999999999993 0.0
0.8570999999999991 0.0
0.8670999999999989 0.0
0.8770999999999987 0.0
0.8870999999999984 0.0
0.8971 4.208891089999999e-14
0.9070999999999998 8.810018999999998e-14
0.9170999999999996 1.8221729399999997e-13
0.9270999999999994 3.73297705e-13
0.9370999999999992 8.05632727e-13
0.9470999999999989 1.6206914600000001e-12
0.9570999999999987 3.22859589e-12
0.9670999999999985 6.531324300000001e-12
0.9771000000000001 1.2757181400000001e-11
0.9870999999999999 2.46144333e-11
0.9970999999999997 4.722789879999999e-11
1.0070999999999994 8.946043300000002e-11
1.0170999999999992 1.67513046e-10
1.027099999999999 3.102833350000001e-10
1.0370999999999988 5.6878635e-10
1.0470999999999986 1.03371254e-09
1.0571000000000002 1.8568653600000002e-09
1.0671 3.305241050000001e-09
1.0770999999999997 5.806674300000001e-09
1.0870999999999995 1.0131552899999999e-08
1.0970999999999993 1.7485819600000004e-08
1.107099999999999 2.9847757e-08
1.1170999999999989 5.0461251e-08
1.1270999999999987 8.4488677e-08
1.1370999999999984 1.40073019e-07
1.1471 2.2983079699999997e-07
1.1570999999999998 3.7440876999999996e-07
1.1670999999999996 6.005752600000001e-07
1.1770999999999994 9.5729001e-07
1.1870999999999992 1.5116271899999998e-06
1.197099999999999 2.3636939000000002e-06
1.2070999999999987 3.6644231e-06
1.2170999999999985 5.610718800000001e-06
1.2271 8.534592399999999e-06
1.2370999999999999 1.2837192499999996e-05
1.2470999999999997 1.9153785000000002e-05
1.2570999999999994 2.8289511e-05
1.2670999999999992 4.1442560999999995e-05
1.277099999999999 6.0031966e-05
1.2870999999999988 8.652960500000002e-05
1.2970999999999986 0.00012315271000000003
1.3071000000000002 0.0001741802
1.3171 0.00024396055
1.3270999999999997 0.0003397499
1.3370999999999995 0.00046597695
1.3470999999999993 0.00063770737
1.357099999999999 0.0008641464999999999
1.3670999999999989 0.0011608199
1.3770999999999987 0.0015458576999999995
1.3870999999999984 0.0020441755
1.3971 0.0026830657
1.4070999999999998 0.0034963151000000003
1.4170999999999996 0.004509164999999999
1.4270999999999994 0.005794913
1.4370999999999992 0.0073634680000000015
1.447099999999999 0.009328646000000001
1.4570999999999987 0.011701975
1.4670999999999985 0.014610553000000002
1.4771 0.018112154999999998
1.4870999999999999 0.022297991000000003
1.4970999999999997 0.027297330000000005
1.5070999999999994 0.03319377
1.5170999999999992 0.040171090000000007
1.527099999999999 0.04814437
1.5370999999999988 0.05775486000000002
1.5470999999999986 0.06863992999999999
1.5571000000000002 0.08112381
1.5671 0.0954956
1.5770999999999997 0.11167563999999998
1.5870999999999995 0.12998004000000005
1.5970999999999993 0.15056930000000002
1.607099999999999 0.1736355
1.6170999999999989 0.1990418
1.6270999999999987 0.2270137
1.6370999999999984 0.25793209999999994
1.6471 0.2910984
1.6570999999999998 0.3272068
1.6670999999999996 0.3660833
1.6770999999999994 0.4069938
1.6870999999999992 0.45034849999999993
1.697099999999999 0.4955571
1.7070999999999987 0.5432893
1.7170999999999985 0.5893758000000001
1.7271 0.6391836000000001
1.7370999999999999 0.6868160000000001
1.7470999999999997 0.735779
1.7570999999999994 0.7833739999999999
1.7670999999999992 0.83068
1.777099999999999 0.874016
1.7870999999999988 0.9133610000000001
1.7970999999999986 0.951735
1.8071000000000002 0.9851170000000002
1.8171 1.0125460000000002
1.8270999999999997 1.037961
1.8370999999999995 1.0574420000000004
1.8470999999999993 1.072919
1.857099999999999 1.0814200000000003
1.8670999999999989 1.086947
1.8770999999999987 1.086517
1.8870999999999984 1.083082
1.8971 1.0726400000000003
1.9070999999999998 1.060221
1.9170999999999996 1.042778
1.9270999999999994 1.0242740000000001
1.9370999999999992 1.000726
1.947099999999999 0.975102
1.9570999999999987 0.9473509999999998
1.9670999999999985 0.920473
1.9771 0.8894280000000002
1.9870999999999999 0.858187
1.9970999999999997 0.8257009999999999
2.0070999999999994 0.794027
2.0170999999999992 0.763058
2.027099999999999 0.730826
2.037099999999999 0.6993159999999999
2.0470999999999986 0.669575
2.0571 0.640241
2.0671 0.6132920000000002
2.0770999999999997 0.587944
2.0870999999999995 0.564214
2.0970999999999993 0.543036
2.107099999999999 0.524169
2.117099999999999 0.5075639999999999
2.1270999999999987 0.49362299999999987
2.1370999999999984 0.4824340000000001
2.1471 0.47360199999999997
2.1571 0.46757199999999993
2.1670999999999996 0.4637785
2.1770999999999994 0.46225219999999995
2.187099999999999 0.4626705
2.197099999999999 0.46498349999999994
2.2070999999999987 0.468894
2.2170999999999985 0.47396789999999994
2.2271 0.4801170999999999
2.2371 0.4870613000000001
2.2470999999999997 0.4944394
2.2570999999999994 0.5020811
2.2670999999999992 0.5096350999999999
2.277099999999999 0.5170422999999998
2.287099999999999 0.5239022999999999
2.2970999999999986 0.5299627
2.3071 0.5352756999999999
2.3171 0.5395298
2.3270999999999997 0.5429138000000001
2.3370999999999995 0.5448085999999999
2.3470999999999993 0.5455138999999999
2.357099999999999 0.5450579
2.367099999999999 0.5430023
2.3770999999999987 0.5397451
2.3870999999999984 0.5349580999999998
2.3971 0.5290885999999999
2.4071 0.5217604000000001
2.4170999999999996 0.5137205
2.4270999999999994 0.5041792
2.437099999999999 0.4942665
2.447099999999999 0.4835444
2.4570999999999987 0.47236010000000006
2.4670999999999985 0.4608865999999999
2.4771 0.4494631
2.4871 0.43816890000000003
2.4970999999999997 0.42733599999999994
2.5070999999999994 0.41698260000000004
2.5170999999999992 0.4076116
2.527099999999999 0.3991192
2.537099999999999 0.3916597000000001
2.5470999999999986 0.385431
2.5571 0.3804139999999999
2.5671 0.3769378
2.5770999999999997 0.37461239999999996
2.5870999999999995 0.3736187
2.5970999999999993 0.37398659999999995
2.607099999999999 0.37536290000000005
2.617099999999999 0.377591
2.6270999999999987 0.3807460000000001
2.6370999999999984 0.38456099999999993
2.6471 0.388848
2.6571 0.39359099999999997
2.6670999999999996 0.39840899999999996
2.6770999999999994 0.403328
2.687099999999999 0.40835200000000005
2.697099999999999 0.41315399999999997
2.7070999999999987 0.4181540000000001
2.7170999999999985 0.422828
2.7271 0.42769299999999993
2.7371 0.4326519999999999
2.7470999999999997 0.4378100000000001
2.7570999999999994 0.44354600000000005
2.7670999999999992 0.449779
2.777099999999999 0.4571509999999999
2.787099999999999 0.46521199999999996
2.7970999999999986 0.475133
2.8071 0.48606499999999997
2.8171 0.49927699999999997
2.8270999999999997 0.5145290000000001
2.8370999999999995 0.5319429999999999
2.8470999999999993 0.5527599999999999
2.857099999999999 0.5749660000000001
2.867099999999999 0.6013760000000001
2.8770999999999987 0.629888
2.8870999999999984 0.6618339999999998
2.8971 0.6969990000000001
2.9071 0.737419
2.9170999999999996 0.7790310000000001
2.9270999999999994 0.823206
2.937099999999999 0.8713940000000001
2.947099999999999 0.921724
2.9570999999999987 0.975115
2.9670999999999985 1.0316500000000002
2.9771 1.0902470000000002
2.9871 1.149924
2.9970999999999997 1.2116550000000001
3.0070999999999994 1.276438
3.0170999999999992 1.342242
3.027099999999999 1.4100270000000001
3.037099999999999 1.477826
3.0470999999999986 1.5485740000000001
3.0571 1.6192840000000004
3.0671 1.6929479999999995
3.0770999999999997 1.76551
3.0870999999999995 1.840012
3.0970999999999993 1.9134249999999997
3.107099999999999 1.986709
3.117099999999999 2.0589240000000006
3.1270999999999987 2.128994
3.1370999999999984 2.1969650000000005
3.1471 2.2628550000000005
3.1571 2.323641
3.1670999999999996 2.380357000000001
3.1770999999999994 2.4319789999999997
3.187099999999999 2.4825890000000004
3.197099999999999 2.526193
3.2070999999999987 2.564848000000001
3.2170999999999985 2.601388
3.2271 2.635176999999999
3.2371 2.664925
3.2470999999999997 2.6938400000000002
3.2570999999999994 2.7229159999999997
3.2670999999999992 2.7511219999999996
3.277099999999999 2.781527
3.287099999999999 2.812931
3.2970999999999986 2.84764
3.3071 2.8833489999999995
3.3171 2.924258
3.3270999999999997 2.966072
3.3370999999999995 3.0112850000000004
3.3470999999999993 3.0599990000000004
3.357099999999999 3.109116
3.367099999999999 3.159032000000001
3.3770999999999987 3.2067499999999995
3.3870999999999984 3.2531650000000005
3.3971 3.2983810000000005
3.4071 3.336396
3.4170999999999996 3.3711070000000003
3.4270999999999994 3.398417
3.437099999999999 3.418522
3.447099999999999 3.4322259999999996
3.4570999999999987 3.4367259999999997
3.4670999999999985 3.4358220000000004
3.4771 3.4256150000000005
3.4871 3.4063049999999997
3.4970999999999997 3.3846920000000003
3.5070999999999994 3.354076
3.5170999999999992 3.322358999999999
3.527099999999999 3.285541
3.537099999999999 3.2486200000000007
3.5470999999999986 3.2108999999999996
3.5571 3.172180000000001
3.5671 3.140662
3.5770999999999997 3.1092449999999996
3.5870999999999995 3.0822279999999997
3.5970999999999993 3.059315999999999
3.607100000000001 3.043405
3.617099999999999 3.033798
3.6271000000000004 3.030493
3.6370999999999984 3.0333889999999997
3.6471 3.04119
3.657099999999998 3.052291
3.6670999999999996 3.067793
3.6770999999999976 3.086797
3.687099999999999 3.1064019999999997
3.6971000000000007 3.1248060000000004
3.7070999999999987 3.1430059999999997
3.7171000000000003 3.1603090000000003
3.7270999999999983 3.171608
3.7371 3.1768059999999996
3.747099999999998 3.1775979999999997
3.7570999999999994 3.170389
3.767100000000001 3.154976
3.777099999999999 3.130356
3.7871000000000006 3.096535
3.7970999999999986 3.0545130000000005
3.8071 3.0052849999999998
3.817099999999998 2.9468560000000004
3.8270999999999997 2.882113
3.8370999999999977 2.8112770000000005
3.8470999999999993 2.7394670000000003
3.857100000000001 2.664511
3.867099999999999 2.5874780000000004
3.8771000000000004 2.5114680000000007
3.8870999999999984 2.439488
3.8971 2.3706029999999996
3.907099999999998 2.3068229999999996
3.9170999999999996 2.2522119999999997
3.9270999999999976 2.2018099999999996
3.937099999999999 2.161621
3.9471000000000007 2.128675
3.9570999999999987 2.1060049999999997
3.9671000000000003 2.090608
3.9770999999999983 2.0814949999999994
3.9871 2.083679
3.997099999999998 2.0921009999999995
4.007099999999999 2.1057579999999994
4.017100000000001 2.1256459999999993
4.027099999999999 2.1476870000000003
4.037100000000001 2.1749089999999995
4.047099999999999 2.20524
4.0571 2.234611
4.067099999999998 2.266032
4.0771 2.297433
4.087099999999998 2.328763
4.097099999999999 2.35901
4.107100000000001 2.3881470000000005
4.117099999999999 2.4161420000000002
4.1271 2.4440190000000004
4.1370999999999984 2.470703
4.1471 2.498247
4.157099999999998 2.5246239999999998
4.1671 2.5538709999999996
4.177099999999998 2.5849909999999996
4.187099999999999 2.618042
4.197100000000001 2.655995
4.207099999999999 2.699892
4.2171 2.748774
4.227099999999998 2.799659000000001
4.2371 2.8595469999999996
4.247099999999998 2.9214979999999993
4.257099999999999 2.988484
4.267100000000001 3.0604700000000005
4.277099999999999 3.133568
4.287100000000001 3.2086480000000006
4.297099999999999 3.2807760000000004
4.3071 3.352912000000001
4.317099999999998 3.4200159999999995
4.3271 3.480086
4.337099999999998 3.5341009999999997
4.347099999999999 3.5770189999999995
4.357100000000001 3.6108299999999995
4.367099999999999 3.633525
4.3771 3.6440740000000003
4.3870999999999984 3.6434969999999995
4.3971 3.6307509999999996
4.407099999999998 3.609849
4.4171 3.577803999999999
4.427099999999998 3.5386429999999995
4.437099999999999 3.4933289999999997
4.447100000000001 3.4449520000000007
4.457099999999999 3.392505
4.4671 3.340999
4.477099999999998 3.2884729999999998
4.4871 3.241937
4.497099999999998 3.2004529999999995
4.507099999999999 3.1640249999999996
4.517100000000001 3.1346700000000007
4.527099999999999 3.1134080000000006
4.537100000000001 3.1012580000000005
4.547099999999999 3.0972659999999994
4.5571 3.1034259999999994
4.567099999999998 3.1147270000000002
4.5771 3.137206
4.587099999999998 3.169837
4.597099999999999 3.2086449999999997
4.607100000000001 3.2536020000000003
4.617099999999999 3.304736
4.6271 3.368013000000001
4.6370999999999984 3.435424
4.6471 3.5089900000000003
4.657099999999998 3.5906800000000003
4.6671 3.679515
4.677099999999998 3.7764439999999997
4.687099999999999 3.8804890000000003
4.697100000000001 3.991638
4.707099999999999 4.110873999999999
4.7171 4.235182000000002
4.727099999999998 4.365594000000001
4.7371 4.503061000000001
4.747099999999998 4.643558
4.757099999999999 4.7850980000000005
4.767100000000001 4.9286579999999995
4.777099999999999 5.070185999999998
4.787100000000001 5.20669
4.797099999999999 5.340141
4.8071 5.462487000000001
4.817099999999998 5.576747
4.8271 5.678878
4.837099999999998 5.768859
4.847099999999999 5.844682
4.857100000000001 5.907316
4.867099999999999 5.9547089999999985
4.8771 5.984051
4.8870999999999984 6.017085999999999
4.8971 6.036171999999999
4.907099999999998 6.042032
4.9171 6.023777
4.927099999999998 6.025444999999999
4.937099999999999 6.014065
4.947100000000001 6.009672000000001
4.957099999999999 6.005309
4.9671 6.000957000000001
4.977099999999998 6.001688
4.9871 6.00648
4.997099999999998 6.013368
5.007099999999999 6.0253499999999995
5.017100000000001 6.035412
5.027099999999999 6.053548999999999
5.037100000000001 6.0687560000000005
5.047099999999999 6.070976999999999
5.0571 6.071197000000001
5.067099999999998 6.068395999999999
5.0771 6.061554
5.087099999999998 6.046617999999998
5.097099999999999 6.001558999999999
5.107100000000001 5.957386
5.117099999999999 5.896047
5.1271 5.821552999999998
5.1370999999999984 5.730904999999999
5.1471 5.628068999999999
5.157099999999998 5.51107
5.1671 5.3839239999999995
5.177099999999998 5.245624
5.187099999999999 5.095198
5.197100000000001 4.937670999999999
5.207099999999999 4.773068
5.2171 4.6013649999999995
5.227099999999998 4.425647000000001
5.2371 4.248907
5.247099999999998 4.0671360000000005
5.257099999999999 3.887404
5.267100000000001 3.7056919999999995
5.277099999999999 3.529011
5.287100000000001 3.352389
5.297099999999999 3.177817
5.3071 3.010319
5.317099999999998 2.8458599999999996
5.3271 2.6874819999999993
5.337099999999998 2.5311780000000006
5.347099999999999 2.3839150000000005
5.357100000000001 2.2407150000000002
5.367099999999999 2.1045669999999994
5.3771 1.9714820000000004
5.3870999999999984 1.8454080000000002
5.3971 1.726386
5.407099999999998 1.611376
5.4171 1.499399
5.427099999999998 1.393436
5.437099999999999 1.293514
5.447100000000001 1.1965937
5.457099999999999 1.1056863000000001
5.4671 1.0178011999999999
5.477099999999998 0.9349487000000001
5.4871 0.8571185000000001
5.497099999999998 0.7812804000000001
5.507099999999999 0.7124951
5.517100000000001 0.6467121
5.527099999999999 0.5851613999999999
5.537100000000001 0.5278230999999999
5.547099999999999 0.47462689999999996
5.5571 0.425343
5.567099999999998 0.3798112
5.5771 0.33787140000000004
5.587099999999998 0.2991674999999999
5.597099999999999 0.26379249999999993
5.607100000000001 0.231649
5.617099999999999 0.2023342
5.6271 0.17594769999999996
5.6370999999999984 0.15209463000000004
5.6471 0.13057472
5.657099999999998 0.11158592999999999
5.6671 0.09453113000000002
5.677099999999998 0.07961025000000001
5.687099999999999 0.06662018000000001
5.697100000000001 0.05528086
5.707099999999999 0.045505199999999996
5.7171 0.03716911
5.727099999999998 0.03008952
5.7371 0.02415337
5.747099999999998 0.01923061
5.757099999999999 0.015158177
5.767100000000001 0.011843516000000002
5.777099999999999 0.009174489000000001
5.787100000000001 0.007028754000000002
5.797099999999999 0.005332277999999999
5.8071 0.004009028999999999
5.817099999999998 0.0029826850000000005
5.8271 0.0021993720000000002
5.837099999999998 0.0016043145999999995
5.847099999999999 0.0011581474
5.857100000000001 0.0008280887
5.867099999999999 0.0005862093999999999
5.8771 0.00041033230000000006
5.8870999999999984 0.0002845114
5.8971 0.00019511549
5.907099999999998 0.00013235530000000004
5.9171 8.893033e-05
5.927099999999998 5.911479e-05
5.937099999999999 3.8882329999999994e-05
5.947100000000001 2.5314989999999997e-05
5.957099999999999 1.6298141e-05
