-22.402900000000002 -1.4049999999999998e-05
-22.3929 -9.97e-06
-22.3829 -6.989999999999999e-06
-22.3729 -4.8689999999999995e-06
-22.362900000000003 -3.353e-06
-22.352899999999998 -2.286e-06
-22.3429 -1.5419999999999998e-06
-22.332900000000002 -1.0299999999999999e-06
-22.3229 -6.82e-07
-22.3129 -4.4679999999999995e-07
-22.3029 -2.896e-07
-22.292900000000003 -1.8590000000000002e-07
-22.2829 -1.1819999999999999e-07
-22.2729 -7.430000000000001e-08
-22.262900000000002 -4.629e-08
-22.2529 -2.8539999999999996e-08
-22.2429 -1.741e-08
-22.2329 -1.053e-08
-22.222900000000003 -6.3e-09
-22.2129 -3.726e-09
-22.2029 -2.183e-09
-22.1929 -1.266e-09
-22.1829 -7.27e-10
-22.1729 -4.132e-10
-22.1629 -2.3250000000000002e-10
-22.152900000000002 -1.294e-10
-22.1429 -7.15e-11
-22.1329 -3.893e-11
-22.1229 -2.1020000000000002e-11
-22.112900000000003 -1.122e-11
-22.102899999999998 -5.951e-12
-22.0929 -3.111e-12
-22.082900000000002 -1.6129999999999999e-12
-22.0729 -8.26e-13
-22.0629 -4.172e-13
-22.0529 -2.079e-13
-22.042900000000003 -1.023e-13
-22.0329 -4.88e-14
-22.0229 -2.1809999999999997e-14
-22.012900000000002 -9.38e-15
-22.0029 -3.975e-15
-21.9929 -1.321e-15
-21.9829 -3.657e-16
-21.972900000000003 -3.065e-17
-21.9629 -0.0
-21.9529 -0.0
-21.9429 -0.0
-21.9329 -0.0
-21.9229 -0.0
-21.9129 -0.0
-21.902900000000002 -0.0
-21.8929 -0.0
-21.8829 -0.0
-21.8729 -0.0
-21.862900000000003 -0.0
-21.852899999999998 -0.0
-21.8429 -0.0
-21.832900000000002 -0.0
-21.8229 -0.0
-21.8129 -0.0
-21.8029 -0.0
-21.792900000000003 -0.0
-21.7829 -0.0
-21.7729 -0.0
-21.762900000000002 -0.0
-21.7529 -0.0
-21.7429 -0.0
-21.7329 -0.0
-21.722900000000003 -0.0
-21.7129 -0.0
-21.7029 -0.0
-21.6929 -0.0
-21.6829 -0.0
-21.6729 -0.0
-21.6629 -0.0
-21.652900000000002 -0.0
-21.6429 -0.0
-21.6329 -0.0
-21.6229 -0.0
-21.612900000000003 -0.0
-21.602899999999998 -0.0
-21.5929 -0.0
-21.582900000000002 -0.0
-21.5729 -0.0
-21.5629 -0.0
-21.5529 -0.0
-21.542900000000003 -0.0
-21.5329 -0.0
-21.5229 -0.0
-21.512900000000002 -0.0
-21.5029 -0.0
-21.4929 -0.0
-21.4829 -0.0
-21.472900000000003 -0.0
-21.4629 -0.0
-21.4529 -0.0
-21.4429 -0.0
-21.4329 -0.0
-21.4229 -0.0
-21.4129 -0.0
-21.402900000000002 -0.0
-21.3929 -0.0
-21.3829 -0.0
-21.3729 -0.0
-21.362900000000003 -0.0
-21.352899999999998 -0.0
-21.3429 -0.0
-21.332900000000002 -0.0
-21.3229 -0.0
-21.3129 -0.0
-21.3029 -0.0
-21.292900000000003 -0.0
-21.2829 -0.0
-21.2729 -0.0
-21.262900000000002 -0.0
-21.2529 -0.0
-21.2429 -0.0
-21.2329 -0.0
-21.222900000000003 -0.0
-21.2129 -0.0
-21.2029 -0.0
-21.1929 -0.0
-21.1829 -0.0
-21.1729 -0.0
-21.1629 -0.0
-21.152900000000002 -0.0
-21.1429 -0.0
-21.1329 -0.0
-21.1229 -0.0
-21.112900000000003 -0.0
-21.102899999999998 -0.0
-21.0929 -0.0
-21.082900000000002 -0.0
-21.0729 -0.0
-21.0629 -0.0
-21.0529 -0.0
-21.042900000000003 -0.0
-21.0329 -0.0
-21.0229 -0.0
-21.012900000000002 -0.0
-21.0029 -0.0
-20.9929 -0.0
-20.9829 -0.0
-20.972900000000003 -0.0
-20.9629 -0.0
-20.9529 -0.0
-20.9429 -0.0
-20.9329 -0.0
-20.9229 -0.0
-20.9129 -0.0
-20.902900000000002 -0.0
-20.8929 -0.0
-20.8829 -0.0
-20.8729 -0.0
-20.862900000000003 -0.0
-20.852899999999998 -0.0
-20.8429 -0.0
-20.832900000000002 -0.0
-20.8229 -0.0
-20.8129 -0.0
-20.8029 -0.0
-20.792900000000003 -0.0
-20.7829 -0.0
-20.7729 -0.0
-20.762900000000002 -0.0
-20.7529 -0.0
-20.7429 -0.0
-20.7329 -0.0
-20.722900000000003 -0.0
-20.7129 -0.0
-20.7029 -0.0
-20.6929 -0.0
-20.6829 -0.0
-20.6729 -0.0
-20.6629 -0.0
-20.652900000000002 -0.0
-20.6429 -0.0
-20.6329 -0.0
-20.6229 -0.0
-20.612900000000003 -0.0
-20.602899999999998 -0.0
-20.5929 -0.0
-20.582900000000002 -0.0
-20.5729 -0.0
-20.5629 -0.0
-20.5529 -0.0
-20.542900000000003 -0.0
-20.5329 -0.0
-20.5229 -0.0
-20.512900000000002 -0.0
-20.5029 -0.0
-20.4929 -0.0
-20.4829 -0.0
-20.472900000000003 -0.0
-20.4629 -0.0
-20.4529 -0.0
-20.4429 -0.0
-20.4329 -0.0
-20.4229 -0.0
-20.4129 -0.0
-20.402900000000002 -0.0
-20.3929 -0.0
-20.3829 -0.0
-20.3729 -0.0
-20.3629 -0.0
-20.3529 -0.0
-20.3429 -0.0
-20.332900000000002 -0.0
-20.3229 -0.0
-20.3129 -0.0
-20.3029 -0.0
-20.2929 -0.0
-20.2829 -0.0
-20.2729 -0.0
-20.262900000000002 -2.019e-14
-20.2529 -4.241e-14
-20.2429 -8.8e-14
-20.2329 -2.286e-13
-20.222900000000003 -4.673e-13
-20.2129 -9.46e-13
-20.2029 -1.893e-12
-20.1929 -3.749e-12
-20.1829 -7.360000000000001e-12
-20.1729 -1.4250000000000001e-11
-20.1629 -2.748e-11
-20.152900000000002 -5.223e-11
-20.1429 -9.82e-11
-20.1329 -1.8280000000000003e-10
-20.1229 -3.367e-10
-20.1129 -6.13e-10
-20.1029 -1.105e-09
-20.0929 -1.97e-09
-20.082900000000002 -3.4779999999999998e-09
-20.0729 -6.079999999999999e-09
-20.0629 -1.0489999999999998e-08
-20.0529 -1.7950000000000002e-08
-20.0429 -3.0380000000000005e-08
-20.0329 -5.09e-08
-20.0229 -8.440000000000001e-08
-20.012900000000002 -1.385e-07
-20.0029 -2.25e-07
-19.9929 -3.6169999999999996e-07
-19.9829 -5.757e-07
-19.972900000000003 -9.07e-07
-19.9629 -1.414e-06
-19.9529 -2.183e-06
-19.9429 -3.337e-06
-19.9329 -5.049e-06
-19.9229 -7.5699999999999995e-06
-19.9129 -1.123e-05
-19.902900000000002 -1.649e-05
-19.8929 -2.4e-05
-19.8829 -3.459e-05
-19.8729 -4.938e-05
-19.8629 -6.99e-05
-19.8529 -9.79e-05
-19.8429 -0.0001358
-19.832900000000002 -0.00018659999999999998
-19.8229 -0.0002546
-19.8129 -0.00034390000000000007
-19.8029 -0.0004605
-19.7929 -0.0006109999999999999
-19.7829 -0.0008039999999999999
-19.7729 -0.0010509999999999999
-19.762900000000002 -0.001359
-19.7529 -0.0017449999999999998
-19.7429 -0.002222
-19.7329 -0.002805
-19.722900000000003 -0.003515
-19.7129 -0.004372
-19.7029 -0.0053939999999999995
-19.6929 -0.0066
-19.6829 -0.008020000000000001
-19.6729 -0.00967
-19.6629 -0.01158
-19.652900000000002 -0.013759999999999998
-19.6429 -0.0162
-19.6329 -0.01898
-19.6229 -0.02205
-19.6129 -0.025440000000000004
-19.6029 -0.02912
-19.5929 -0.033100000000000004
-19.582900000000002 -0.03737
-19.5729 -0.04185
-19.5629 -0.04656999999999999
-19.5529 -0.051449999999999996
-19.5429 -0.05643
-19.5329 -0.0616
-19.5229 -0.0664
-19.512900000000002 -0.0717
-19.5029 -0.0765
-19.4929 -0.0813
-19.4829 -0.08600000000000001
-19.472900000000003 -0.0902
-19.4629 -0.0944
-19.4529 -0.09849999999999999
-19.4429 -0.1021
-19.4329 -0.1055
-19.4229 -0.1091
-19.4129 -0.1121
-19.402900000000002 -0.11510000000000001
-19.3929 -0.11820000000000001
-19.3829 -0.121
-19.3729 -0.1239
-19.3629 -0.12689999999999999
-19.3529 -0.1303
-19.3429 -0.13349999999999998
-19.332900000000002 -0.1368
-19.3229 -0.1404
-19.3129 -0.1439
-19.3029 -0.1473
-19.2929 -0.15089999999999998
-19.2829 -0.15439999999999998
-19.2729 -0.1578
-19.262900000000002 -0.161
-19.2529 -0.1639
-19.2429 -0.1666
-19.2329 -0.16870000000000002
-19.222900000000003 -0.1706
-19.2129 -0.17220000000000002
-19.2029 -0.1732
-19.1929 -0.17400000000000002
-19.1829 -0.1743
-19.1729 -0.1741
-19.1629 -0.17400000000000002
-19.152900000000002 -0.17329999999999998
-19.1429 -0.17260000000000003
-19.1329 -0.1719
-19.1229 -0.17109999999999997
-19.1129 -0.1704
-19.1029 -0.1698
-19.0929 -0.16949999999999998
-19.082900000000002 -0.1695
-19.0729 -0.17
-19.0629 -0.1706
-19.0529 -0.1719
-19.0429 -0.1736
-19.0329 -0.1759
-19.0229 -0.1785
-19.012900000000002 -0.1816
-19.0029 -0.1852
-18.9929 -0.1889
-18.9829 -0.19309999999999997
-18.972900000000003 -0.1973
-18.9629 -0.2015
-18.9529 -0.20579999999999998
-18.9429 -0.20989999999999998
-18.9329 -0.2138
-18.9229 -0.2173
-18.9129 -0.2206
-18.902900000000002 -0.2233
-18.8929 -0.2258
-18.8829 -0.22760000000000002
-18.8729 -0.229
-18.8629 -0.2299
-18.8529 -0.2301
-18.8429 -0.2301
-18.832900000000002 -0.2297
-18.8229 -0.22870000000000001
-18.8129 -0.22769999999999999
-18.8029 -0.22640000000000002
-18.7929 -0.22480000000000003
-18.7829 -0.2233
-18.7729 -0.2216
-18.762900000000002 -0.2198
-18.7529 -0.21789999999999998
-18.7429 -0.21630000000000002
-18.7329 -0.2147
-18.722900000000003 -0.2132
-18.7129 -0.212
-18.7029 -0.2106
-18.6929 -0.2095
-18.6829 -0.2086
-18.6729 -0.2076
-18.6629 -0.2067
-18.652900000000002 -0.2059
-18.6429 -0.20509999999999998
-18.6329 -0.2044
-18.6229 -0.2034
-18.6129 -0.2026
-18.6029 -0.2017
-18.5929 -0.20070000000000002
-18.582900000000002 -0.19929999999999998
-18.5729 -0.198
-18.5629 -0.19639999999999996
-18.5529 -0.1946
-18.5429 -0.1928
-18.5329 -0.1907
-18.5229 -0.1886
-18.512900000000002 -0.1862
-18.5029 -0.1838
-18.4929 -0.1812
-18.4829 -0.1787
-18.472900000000003 -0.1761
-18.4629 -0.1732
-18.4529 -0.1705
-18.4429 -0.1678
-18.4329 -0.1649
-18.4229 -0.1622
-18.4129 -0.15960000000000002
-18.402900000000002 -0.15689999999999998
-18.3929 -0.1543
-18.3829 -0.15189999999999998
-18.3729 -0.1495
-18.3629 -0.1471
-18.3529 -0.14479999999999998
-18.3429 -0.14279999999999998
-18.332900000000002 -0.14070000000000002
-18.3229 -0.1387
-18.3129 -0.1364
-18.3029 -0.1346
-18.2929 -0.1325
-18.2829 -0.1303
-18.2729 -0.1281
-18.262900000000002 -0.12569999999999998
-18.2529 -0.12329999999999999
-18.2429 -0.12059999999999998
-18.2329 -0.1179
-18.222900000000003 -0.11510000000000001
-18.2129 -0.1122
-18.2029 -0.10940000000000003
-18.1929 -0.10650000000000001
-18.1829 -0.10370000000000001
-18.1729 -0.1008
-18.1629 -0.0982
-18.152900000000002 -0.09549999999999999
-18.1429 -0.0933
-18.1329 -0.0914
-18.1229 -0.08960000000000001
-18.1129 -0.08829999999999999
-18.1029 -0.08710000000000001
-18.0929 -0.08650000000000001
-18.082900000000002 -0.08630000000000002
-18.0729 -0.0862
-18.0629 -0.0868
-18.0529 -0.08750000000000001
-18.0429 -0.08869999999999999
-18.0329 -0.09
-18.0229 -0.092
-18.012900000000002 -0.09390000000000001
-18.0029 -0.09609999999999999
-17.9929 -0.0984
-17.9829 -0.1009
-17.972900000000003 -0.10350000000000001
-17.9629 -0.10619999999999999
-17.9529 -0.1089
-17.9429 -0.11140000000000001
-17.9329 -0.114
-17.9229 -0.1163
-17.9129 -0.11850000000000001
-17.902900000000002 -0.1204
-17.8929 -0.12199999999999998
-17.8829 -0.1235
-17.8729 -0.1246
-17.8629 -0.1253
-17.8529 -0.1258
-17.8429 -0.1256
-17.832900000000002 -0.1255
-17.8229 -0.1249
-17.8129 -0.1238
-17.8029 -0.12259999999999999
-17.7929 -0.12119999999999999
-17.7829 -0.1195
-17.7729 -0.1177
-17.762900000000002 -0.1159
-17.7529 -0.11390000000000002
-17.7429 -0.1121
-17.7329 -0.11030000000000001
-17.722900000000003 -0.1088
-17.7129 -0.1074
-17.7029 -0.1063
-17.6929 -0.10550000000000001
-17.6829 -0.10500000000000001
-17.6729 -0.10470000000000002
-17.6629 -0.1047
-17.652900000000002 -0.10500000000000001
-17.6429 -0.1054
-17.6329 -0.10619999999999999
-17.6229 -0.1068
-17.6129 -0.10769999999999999
-17.6029 -0.1085
-17.5929 -0.10919999999999999
-17.582900000000002 -0.10950000000000001
-17.5729 -0.11
-17.5629 -0.1099
-17.5529 -0.1094
-17.5429 -0.1086
-17.5329 -0.1075
-17.5229 -0.106
-17.512900000000002 -0.10400000000000001
-17.5029 -0.1016
-17.4929 -0.0988
-17.4829 -0.09559999999999999
-17.472900000000003 -0.09221
-17.4629 -0.08864999999999999
-17.4529 -0.08454999999999999
-17.4429 -0.08043
-17.4329 -0.07621
-17.4229 -0.07181
-17.4129 -0.06744
-17.402900000000002 -0.06282
-17.3929 -0.05833
-17.3829 -0.05392
-17.3729 -0.04946999999999999
-17.3629 -0.04519
-17.3529 -0.04098
-17.3429 -0.036939999999999994
-17.332900000000002 -0.033100000000000004
-17.3229 -0.029419999999999998
-17.3129 -0.025990000000000003
-17.3029 -0.022779999999999998
-17.2929 -0.01982
-17.2829 -0.0171
-17.2729 -0.014639999999999999
-17.262900000000002 -0.012437
-17.2529 -0.010463000000000002
-17.2429 -0.008731
-17.2329 -0.007208999999999998
-17.222900000000003 -0.0059099999999999995
-17.2129 -0.0047989999999999994
-17.2029 -0.003863
-17.1929 -0.0030780000000000004
-17.1829 -0.002428
-17.1729 -0.0018980000000000002
-17.1629 -0.0014680000000000001
-17.152900000000002 -0.0011251
-17.1429 -0.0008535999999999999
-17.1329 -0.0006414999999999999
-17.1229 -0.0004772
-17.1129 -0.0003511
-17.1029 -0.00025590000000000004
-17.0929 -0.00018460000000000001
-17.082900000000002 -0.00013172
-17.0729 -9.312e-05
-17.0629 -6.515e-05
-17.0529 -4.51e-05
-17.0429 -3.0940000000000005e-05
-17.0329 -2.098e-05
-17.0229 -1.4072e-05
-17.012900000000002 -9.361e-06
-17.0029 -6.154000000000001e-06
-16.9929 -4.009e-06
-16.9829 -2.579e-06
-16.972900000000003 -1.643e-06
-16.9629 -1.0364000000000001e-06
-16.9529 -6.464000000000001e-07
-16.9429 -3.998e-07
-16.9329 -2.4430000000000004e-07
-16.9229 -1.4779999999999999e-07
-16.9129 -8.842999999999999e-08
-16.902900000000002 -5.249000000000001e-08
-16.8929 -3.074e-08
-16.8829 -1.782e-08
-16.8729 -1.0239e-08
-16.8629 -5.816000000000001e-09
-16.8529 -3.271e-09
-16.8429 -1.82e-09
-16.832900000000002 -1.0026999999999999e-09
-16.8229 -5.457e-10
-16.8129 -2.9449999999999997e-10
-16.8029 -1.5719999999999998e-10
-16.7929 -8.299e-11
-16.7829 -4.338e-11
-16.7729 -2.2429999999999997e-11
-16.762900000000002 -1.1479e-11
-16.7529 -5.804e-12
-16.7429 -2.912e-12
-16.7329 -1.4401e-12
-16.722900000000003 -6.937999999999999e-13
-16.7129 -3.124e-13
-16.7029 -1.2715000000000002e-13
-16.6929 -3.485e-14
-16.6829 -1.1720000000000001e-14
-16.6729 -3.687e-15
-16.6629 -6.897e-16
-16.652900000000002 -1.4626000000000001e-22
-16.6429 -0.0
-16.6329 -0.0
-16.6229 -0.0
-16.6129 -0.0
-16.6029 -0.0
-16.5929 -0.0
-16.582900000000002 -0.0
-16.5729 -0.0
-16.5629 -0.0
-16.5529 -0.0
-16.5429 -0.0
-16.5329 -0.0
-16.5229 -0.0
-16.512900000000002 -0.0
-16.5029 -0.0
-16.4929 -0.0
-16.4829 -0.0
-16.472900000000003 -0.0
-16.4629 -0.0
-16.4529 -0.0
-16.4429 -0.0
-16.4329 -0.0
-16.4229 -0.0
-16.4129 -0.0
-16.402900000000002 -0.0
-16.3929 -0.0
-16.3829 -0.0
-16.3729 -0.0
-16.3629 -0.0
-16.3529 -0.0
-16.3429 -0.0
-16.332900000000002 -0.0
-16.3229 -0.0
-16.3129 -0.0
-16.3029 -0.0
-16.2929 -0.0
-16.2829 -0.0
-16.2729 -0.0
-16.262900000000002 -0.0
-16.2529 -0.0
-16.2429 -0.0
-16.2329 -0.0
-16.2229 -0.0
-16.2129 -0.0
-16.2029 -0.0
-16.1929 -0.0
-16.1829 -0.0
-16.172900000000002 -0.0
-16.1629 -0.0
-16.152900000000002 -0.0
-16.1429 -0.0
-16.1329 -0.0
-16.1229 -0.0
-16.1129 -0.0
-16.1029 -0.0
-16.0929 -0.0
-16.082900000000002 -0.0
-16.0729 -0.0
-16.0629 -0.0
-16.0529 -0.0
-16.0429 -0.0
-16.0329 -0.0
-16.0229 -0.0
-16.012900000000002 -0.0
-16.0029 -0.0
-15.9929 -0.0
-15.9829 -0.0
-15.972900000000001 -0.0
-15.962900000000001 -0.0
-15.9529 -0.0
-15.942900000000002 -0.0
-15.9329 -0.0
-15.9229 -0.0
-15.9129 -0.0
-15.9029 -0.0
-15.892900000000001 -0.0
-15.882900000000001 -0.0
-15.872900000000001 -0.0
-15.8629 -0.0
-15.852900000000002 -0.0
-15.8429 -0.0
-15.8329 -0.0
-15.8229 -0.0
-15.8129 -0.0
-15.802900000000001 -0.0
-15.792900000000001 -0.0
-15.782900000000001 -0.0
-15.7729 -0.0
-15.7629 -0.0
-15.7529 -0.0
-15.7429 -0.0
-15.7329 -0.0
-15.722900000000001 -0.0
-15.712900000000001 -0.0
-15.7029 -0.0
-15.692900000000002 -0.0
-15.6829 -0.0
-15.6729 -0.0
-15.6629 -0.0
-15.6529 -0.0
-15.642900000000001 -0.0
-15.632900000000001 -0.0
-15.622900000000001 -0.0
-15.6129 -0.0
-15.602900000000002 -0.0
-15.5929 -0.0
-15.5829 -0.0
-15.5729 -0.0
-15.5629 -0.0
-15.552900000000001 -0.0
-15.542900000000001 -0.0
-15.532900000000001 -0.0
-15.5229 -0.0
-15.5129 -0.0
-15.5029 -0.0
-15.4929 -0.0
-15.4829 -0.0
-15.472900000000001 -0.0
-15.462900000000001 -0.0
-15.4529 -0.0
-15.442900000000002 -0.0
-15.4329 -0.0
-15.4229 -0.0
-15.4129 -0.0
-15.4029 -0.0
-15.392900000000001 -0.0
-15.382900000000001 -0.0
-15.372900000000001 -0.0
-15.3629 -0.0
-15.352900000000002 -0.0
-15.3429 -0.0
-15.3329 -0.0
-15.3229 -0.0
-15.3129 -0.0
-15.302900000000001 -0.0
-15.292900000000001 -0.0
-15.282900000000001 -0.0
-15.2729 -0.0
-15.2629 -0.0
-15.2529 -0.0
-15.2429 -0.0
-15.2329 -0.0
-15.222900000000001 -0.0
-15.212900000000001 -0.0
-15.2029 -0.0
-15.192900000000002 -0.0
-15.1829 -0.0
-15.1729 -0.0
-15.1629 -0.0
-15.1529 -0.0
-15.142900000000001 -0.0
-15.132900000000001 -0.0
-15.122900000000001 -0.0
-15.1129 -0.0
-15.102900000000002 -0.0
-15.0929 -0.0
-15.0829 -0.0
-15.0729 -0.0
-15.0629 -0.0
-15.052900000000001 -0.0
-15.042900000000001 -0.0
-15.032900000000001 -0.0
-15.0229 -0.0
-15.0129 -0.0
-15.0029 -0.0
-14.9929 -0.0
-14.9829 -0.0
-14.972900000000001 -0.0
-14.962900000000001 -0.0
-14.9529 -0.0
-14.942900000000002 -0.0
-14.9329 -0.0
-14.9229 -0.0
-14.9129 -0.0
-14.9029 -0.0
-14.892900000000001 -0.0
-14.882900000000001 -0.0
-14.872900000000001 -0.0
-14.8629 -0.0
-14.852900000000002 -0.0
-14.8429 -0.0
-14.8329 -0.0
-14.8229 -0.0
-14.8129 -0.0
-14.802900000000001 -0.0
-14.792900000000001 -0.0
-14.782900000000001 -0.0
-14.7729 -0.0
-14.7629 -0.0
-14.7529 -0.0
-14.7429 -0.0
-14.7329 -0.0
-14.722900000000001 -0.0
-14.712900000000001 -0.0
-14.7029 -0.0
-14.692900000000002 -0.0
-14.6829 -0.0
-14.6729 -0.0
-14.6629 -0.0
-14.6529 -0.0
-14.642900000000001 -0.0
-14.632900000000001 -0.0
-14.622900000000001 -0.0
-14.6129 -0.0
-14.602900000000002 -0.0
-14.5929 -0.0
-14.5829 -0.0
-14.5729 -0.0
-14.5629 -0.0
-14.552900000000001 -0.0
-14.542900000000001 -0.0
-14.532900000000001 -0.0
-14.5229 -0.0
-14.5129 -0.0
-14.5029 -0.0
-14.4929 -0.0
-14.4829 -0.0
-14.472900000000001 -0.0
-14.462900000000001 -0.0
-14.4529 -0.0
-14.442900000000002 -0.0
-14.4329 -0.0
-14.4229 -0.0
-14.4129 -0.0
-14.4029 -0.0
-14.392900000000001 -0.0
-14.382900000000001 -0.0
-14.372900000000001 -0.0
-14.3629 -0.0
-14.3529 -0.0
-14.3429 -0.0
-14.3329 -0.0
-14.3229 -0.0
-14.3129 -0.0
-14.302900000000001 -0.0
-14.292900000000001 -0.0
-14.282900000000001 -0.0
-14.2729 -0.0
-14.2629 -0.0
-14.2529 -0.0
-14.2429 -0.0
-14.2329 -0.0
-14.222900000000001 -0.0
-14.212900000000001 -0.0
-14.202900000000001 -0.0
-14.192900000000002 -0.0
-14.1829 -0.0
-14.1729 -0.0
-14.1629 -0.0
-14.1529 -0.0
-14.142900000000001 -0.0
-14.132900000000001 -0.0
-14.122900000000001 -0.0
-14.1129 -0.0
-14.1029 -0.0
-14.0929 -0.0
-14.0829 -0.0
-14.0729 -0.0
-14.0629 -0.0
-14.052900000000001 -0.0
-14.042900000000001 -0.0
-14.032900000000001 -0.0
-14.0229 -0.0
-14.0129 -0.0
-14.0029 -0.0
-13.9929 -0.0
-13.9829 -0.0
-13.972900000000001 -0.0
-13.962900000000001 -0.0
-13.952900000000001 -0.0
-13.942900000000002 -0.0
-13.9329 -0.0
-13.9229 -0.0
-13.9129 -0.0
-13.9029 -0.0
-13.892900000000001 -0.0
-13.882900000000001 -0.0
-13.872900000000001 -0.0
-13.8629 -0.0
-13.8529 -0.0
-13.8429 -0.0
-13.8329 -0.0
-13.8229 -0.0
-13.8129 -0.0
-13.802900000000001 -0.0
-13.792900000000001 -0.0
-13.782900000000001 -0.0
-13.7729 -0.0
-13.7629 -0.0
-13.7529 -0.0
-13.7429 -0.0
-13.7329 -0.0
-13.722900000000001 -0.0
-13.712900000000001 -0.0
-13.702900000000001 -0.0
-13.692900000000002 -0.0
-13.6829 -0.0
-13.6729 -0.0
-13.6629 -0.0
-13.6529 -0.0
-13.642900000000001 -0.0
-13.632900000000001 -0.0
-13.622900000000001 -0.0
-13.6129 -0.0
-13.6029 -0.0
-13.5929 -0.0
-13.5829 -0.0
-13.5729 -0.0
-13.5629 -0.0
-13.552900000000001 -0.0
-13.542900000000001 -0.0
-13.532900000000001 -0.0
-13.5229 -0.0
-13.5129 -0.0
-13.5029 -0.0
-13.4929 -0.0
-13.4829 -0.0
-13.472900000000001 -0.0
-13.462900000000001 -0.0
-13.452900000000001 -0.0
-13.442900000000002 -0.0
-13.4329 -0.0
-13.4229 -0.0
-13.4129 -0.0
-13.4029 -0.0
-13.392900000000001 -0.0
-13.382900000000001 -0.0
-13.372900000000001 -0.0
-13.3629 -0.0
-13.3529 -0.0
-13.3429 -0.0
-13.3329 -0.0
-13.3229 -0.0
-13.3129 -0.0
-13.302900000000001 -0.0
-13.292900000000001 -0.0
-13.282900000000001 -0.0
-13.2729 -0.0
-13.2629 -0.0
-13.2529 -0.0
-13.2429 -0.0
-13.2329 -0.0
-13.222900000000001 -0.0
-13.212900000000001 -0.0
-13.202900000000001 -0.0
-13.192900000000002 -0.0
-13.1829 -0.0
-13.1729 -0.0
-13.1629 -0.0
-13.1529 -0.0
-13.142900000000001 -0.0
-13.132900000000001 -0.0
-13.122900000000001 -0.0
-13.1129 -0.0
-13.1029 -0.0
-13.0929 -0.0
-13.0829 -0.0
-13.0729 -0.0
-13.0629 -0.0
-13.052900000000001 -0.0
-13.042900000000001 -0.0
-13.032900000000001 -0.0
-13.0229 -0.0
-13.0129 -0.0
-13.0029 -0.0
-12.9929 -0.0
-12.9829 -0.0
-12.972900000000001 -0.0
-12.962900000000001 -0.0
-12.952900000000001 -0.0
-12.942900000000002 -0.0
-12.9329 -0.0
-12.9229 -0.0
-12.9129 -0.0
-12.9029 -0.0
-12.892900000000001 -0.0
-12.882900000000001 -0.0
-12.872900000000001 -0.0
-12.862900000000002 -0.0
-12.8529 -0.0
-12.8429 -0.0
-12.8329 -0.0
-12.8229 -0.0
-12.8129 -0.0
-12.802900000000001 -0.0
-12.792900000000001 -0.0
-12.782900000000001 -0.0
-12.7729 -0.0
-12.7629 -0.0
-12.7529 -0.0
-12.7429 -0.0
-12.7329 -0.0
-12.722900000000001 -0.0
-12.712900000000001 -0.0
-12.702900000000001 -0.0
-12.6929 -0.0
-12.6829 -0.0
-12.6729 -0.0
-12.6629 -0.0
-12.6529 -0.0
-12.642900000000001 -0.0
-12.632900000000001 -0.0
-12.622900000000001 -0.0
-12.612900000000002 -0.0
-12.6029 -0.0
-12.5929 -0.0
-12.5829 -0.0
-12.5729 -0.0
-12.5629 -0.0
-12.552900000000001 -0.0
-12.542900000000001 -0.0
-12.532900000000001 -0.0
-12.5229 -0.0
-12.5129 -0.0
-12.5029 -0.0
-12.4929 -0.0
-12.4829 -0.0
-12.472900000000001 -0.0
-12.462900000000001 -0.0
-12.452900000000001 -0.0
-12.4429 -0.0
-12.4329 -0.0
-12.4229 -0.0
-12.4129 -0.0
-12.4029 -0.0
-12.392900000000001 -0.0
-12.382900000000001 -0.0
-12.372900000000001 -0.0
-12.362900000000002 -0.0
-12.3529 -0.0
-12.3429 -0.0
-12.3329 -0.0
-12.3229 -0.0
-12.3129 -0.0
-12.302900000000001 -0.0
-12.292900000000001 -0.0
-12.282900000000001 -0.0
-12.2729 -0.0
-12.2629 -0.0
-12.2529 -0.0
-12.2429 -0.0
-12.2329 -0.0
-12.222900000000001 -0.0
-12.212900000000001 -0.0
-12.202900000000001 -0.0
-12.1929 -0.0
-12.1829 -0.0
-12.1729 -0.0
-12.1629 -0.0
-12.1529 -0.0
-12.142900000000001 -0.0
-12.132900000000001 -0.0
-12.122900000000001 -0.0
-12.112900000000002 -0.0
-12.1029 -0.0
-12.0929 -0.0
-12.0829 -0.0
-12.0729 -0.0
-12.0629 -0.0
-12.052900000000001 -0.0
-12.042900000000001 -0.0
-12.032900000000001 -0.0
-12.0229 -0.0
-12.0129 -0.0
-12.0029 -0.0
-11.9929 -0.0
-11.9829 -0.0
-11.972900000000001 -0.0
-11.962900000000001 -0.0
-11.952900000000001 -0.0
-11.9429 -0.0
-11.9329 -0.0
-11.9229 -0.0
-11.9129 -0.0
-11.9029 -0.0
-11.892900000000001 -0.0
-11.882900000000001 -0.0
-11.872900000000001 -0.0
-11.8629 -0.0
-11.8529 -0.0
-11.8429 -0.0
-11.8329 -0.0
-11.8229 -0.0
-11.8129 -0.0
-11.802900000000001 -0.0
-11.792900000000001 -0.0
-11.782900000000001 -0.0
-11.7729 -0.0
-11.7629 -0.0
-11.7529 -0.0
-11.7429 -0.0
-11.7329 -0.0
-11.722900000000001 -0.0
-11.712900000000001 -0.0
-11.702900000000001 -0.0
-11.692900000000002 -0.0
-11.6829 -0.0
-11.6729 -0.0
-11.6629 -0.0
-11.6529 -0.0
-11.642900000000001 -0.0
-11.632900000000001 -0.0
-11.622900000000001 -0.0
-11.6129 -0.0
-11.6029 -0.0
-11.5929 -0.0
-11.5829 -0.0
-11.5729 -0.0
-11.5629 -0.0
-11.552900000000001 -0.0
-11.542900000000001 -0.0
-11.532900000000001 -0.0
-11.5229 -0.0
-11.5129 -0.0
-11.5029 -0.0
-11.4929 -0.0
-11.4829 -0.0
-11.472900000000001 -0.0
-11.462900000000001 -0.0
-11.452900000000001 -0.0
-11.442900000000002 -0.0
-11.4329 -0.0
-11.4229 -3.76e-13
-11.4129 -7.879999999999999e-13
-11.4029 -2.1609999999999998e-12
-11.392900000000001 -4.463e-12
-11.382900000000001 -1.001e-11
-11.372900000000001 -2.0890000000000002e-11
-11.3629 -4.257e-11
-11.3529 -8.46e-11
-11.3429 -1.6669999999999998e-10
-11.3329 -3.256e-10
-11.3229 -6.299999999999999e-10
-11.3129 -1.204e-09
-11.302900000000001 -2.279e-09
-11.292900000000001 -4.271e-09
-11.282900000000001 -7.919999999999999e-09
-11.2729 -1.449e-08
-11.2629 -2.6310000000000002e-08
-11.2529 -4.724e-08
-11.2429 -8.400000000000001e-08
-11.2329 -1.4779999999999999e-07
-11.222900000000001 -2.573e-07
-11.212900000000001 -4.437e-07
-11.202900000000001 -7.569999999999999e-07
-11.192900000000002 -1.28e-06
-11.1829 -2.14e-06
-11.1729 -3.544e-06
-11.1629 -5.81e-06
-11.1529 -9.440000000000001e-06
-11.142900000000001 -1.5159999999999999e-05
-11.132900000000001 -2.412e-05
-11.122900000000001 -3.804e-05
-11.1129 -5.938e-05
-11.1029 -9.17e-05
-11.0929 -0.0001405
-11.0829 -0.00021299999999999997
-11.0729 -0.00031989999999999997
-11.0629 -0.00047630000000000003
-11.052900000000001 -0.000702
-11.042900000000001 -0.001026
-11.032900000000001 -0.001483
-11.0229 -0.0021279999999999997
-11.0129 -0.0030239999999999998
-11.0029 -0.004259
-10.9929 -0.005942
-10.9829 -0.00823
-10.972900000000001 -0.01128
-10.962900000000001 -0.01534
-10.952900000000001 -0.020699999999999996
-10.942900000000002 -0.02768
-10.9329 -0.03669
-10.9229 -0.04826
-10.9129 -0.063
-10.9029 -0.0815
-10.892900000000001 -0.1046
-10.882900000000001 -0.13310000000000002
-10.872900000000001 -0.1681
-10.8629 -0.2107
-10.8529 -0.262
-10.8429 -0.3235
-10.8329 -0.3960000000000001
-10.8229 -0.481
-10.8129 -0.5798
-10.802900000000001 -0.6930000000000001
-10.792900000000001 -0.8230000000000001
-10.782900000000001 -0.9710000000000001
-10.7729 -1.1340000000000001
-10.7629 -1.314
-10.7529 -1.514
-10.7429 -1.7269999999999999
-10.7329 -1.959
-10.722900000000001 -2.203
-10.712900000000001 -2.458
-10.702900000000001 -2.7220000000000004
-10.692900000000002 -2.9920000000000004
-10.6829 -3.2640000000000002
-10.6729 -3.533
-10.6629 -3.7960000000000003
-10.6529 -4.049
-10.642900000000001 -4.289
-10.632900000000001 -4.5120000000000005
-10.622900000000001 -4.713
-10.6129 -4.892999999999999
-10.6029 -5.045
-10.5929 -5.171
-10.5829 -5.271
-10.5729 -5.345
-10.5629 -5.390000000000001
-10.552900000000001 -5.412999999999999
-10.542900000000001 -5.4110000000000005
-10.532900000000001 -5.391
-10.5229 -5.353
-10.5129 -5.299
-10.5029 -5.236
-10.4929 -5.1610000000000005
-10.4829 -5.082
-10.472900000000001 -4.997999999999999
-10.462900000000001 -4.91
-10.452900000000001 -4.824000000000001
-10.442900000000002 -4.739000000000001
-10.4329 -4.652
-10.4229 -4.57
-10.4129 -4.486000000000001
-10.4029 -4.406
-10.392900000000001 -4.327999999999999
-10.382900000000001 -4.248
-10.372900000000001 -4.172
-10.3629 -4.093
-10.352900000000002 -4.015000000000001
-10.3429 -3.9370000000000003
-10.3329 -3.857
-10.3229 -3.779
-10.3129 -3.7
-10.302900000000001 -3.6220000000000003
-10.292900000000001 -3.5439999999999996
-10.282900000000001 -3.468
-10.2729 -3.396
-10.2629 -3.3270000000000004
-10.2529 -3.263000000000001
-10.2429 -3.203
-10.2329 -3.1510000000000002
-10.222900000000001 -3.104
-10.212900000000001 -3.0650000000000004
-10.2029 -3.0340000000000003
-10.192900000000002 -3.009
-10.1829 -2.991
-10.1729 -2.982
-10.1629 -2.979
-10.1529 -2.9800000000000004
-10.142900000000001 -2.987
-10.132900000000001 -2.9969999999999994
-10.122900000000001 -3.0120000000000005
-10.1129 -3.024
-10.102900000000002 -3.0380000000000003
-10.0929 -3.049
-10.0829 -3.057
-10.0729 -3.0610000000000004
-10.0629 -3.058
-10.052900000000001 -3.0460000000000003
-10.042900000000001 -3.0260000000000007
-10.032900000000001 -2.998
-10.0229 -2.9589999999999996
-10.0129 -2.9099999999999997
-10.0029 -2.85
-9.9929 -2.782
-9.9829 -2.7050000000000005
-9.972900000000001 -2.62
-9.962900000000001 -2.53
-9.9529 -2.434
-9.942900000000002 -2.337
-9.9329 -2.237
-9.9229 -2.1390000000000002
-9.9129 -2.042
-9.9029 -1.951
-9.892900000000001 -1.8619999999999999
-9.882900000000001 -1.783
-9.872900000000001 -1.7069999999999999
-9.8629 -1.6400000000000003
-9.852900000000002 -1.58
-9.8429 -1.528
-9.8329 -1.483
-9.8229 -1.444
-9.8129 -1.412
-9.802900000000001 -1.3840000000000001
-9.792900000000001 -1.364
-9.782900000000001 -1.345
-9.7729 -1.333
-9.7629 -1.3190000000000002
-9.7529 -1.31
-9.7429 -1.3
-9.7329 -1.291
-9.722900000000001 -1.2850000000000001
-9.712900000000001 -1.276
-9.7029 -1.264
-9.692900000000002 -1.254
-9.6829 -1.241
-9.6729 -1.2249999999999999
-9.6629 -1.207
-9.6529 -1.188
-9.642900000000001 -1.163
-9.632900000000001 -1.1360000000000001
-9.622900000000001 -1.1059999999999999
-9.6129 -1.073
-9.602900000000002 -1.037
-9.5929 -1.0
-9.5829 -0.9580000000000001
-9.5729 -0.916
-9.5629 -0.873
-9.552900000000001 -0.8290000000000001
-9.542900000000001 -0.786
-9.532900000000001 -0.741
-9.5229 -0.6990000000000001
-9.5129 -0.659
-9.5029 -0.621
-9.4929 -0.5846
-9.4829 -0.5519000000000001
-9.472900000000001 -0.5222
-9.462900000000001 -0.496
-9.4529 -0.47329999999999994
-9.442900000000002 -0.45389999999999997
-9.4329 -0.43750000000000006
-9.4229 -0.4242
-9.4129 -0.41390000000000005
-9.4029 -0.40590000000000004
-9.392900000000001 -0.4001
-9.382900000000001 -0.3964
-9.372900000000001 -0.39449999999999996
-9.3629 -0.39399999999999996
-9.352900000000002 -0.3948
-9.3429 -0.39690000000000003
-9.3329 -0.39970000000000006
-9.3229 -0.40340000000000004
-9.3129 -0.408
-9.302900000000001 -0.41270000000000007
-9.292900000000001 -0.4178
-9.282900000000001 -0.42290000000000005
-9.2729 -0.42769999999999997
-9.2629 -0.43220000000000003
-9.2529 -0.4356
-9.2429 -0.43779999999999997
-9.2329 -0.4385
-9.222900000000001 -0.43760000000000004
-9.212900000000001 -0.4343000000000001
-9.2029 -0.42890000000000006
-9.192900000000002 -0.4211
-9.1829 -0.41090000000000004
-9.1729 -0.3982
-9.1629 -0.38330000000000003
-9.1529 -0.3664
-9.142900000000001 -0.3479
-9.132900000000001 -0.32780000000000004
-9.122900000000001 -0.30670000000000003
-9.1129 -0.2851
-9.102900000000002 -0.2635
-9.0929 -0.2419
-9.0829 -0.22110000000000002
-9.0729 -0.2014
-9.0629 -0.1826
-9.052900000000001 -0.16570000000000001
-9.042900000000001 -0.15030000000000002
-9.032900000000001 -0.13629999999999998
-9.0229 -0.1245
-9.0129 -0.11380000000000001
-9.0029 -0.1051
-8.9929 -0.0974
-8.9829 -0.09129999999999999
-8.972900000000001 -0.0861
-8.962900000000001 -0.0816
-8.9529 -0.0779
-8.942900000000002 -0.07479999999999999
-8.9329 -0.0718
-8.9229 -0.0689
-8.9129 -0.0662
-8.9029 -0.0635
-8.892900000000001 -0.060579999999999995
-8.882900000000001 -0.057499999999999996
-8.872900000000001 -0.05433
-8.8629 -0.05100999999999999
-8.852900000000002 -0.047569999999999994
-8.8429 -0.04404000000000001
-8.8329 -0.04046
-8.8229 -0.03687
-8.8129 -0.03333
-8.802900000000001 -0.02988
-8.792900000000001 -0.026549999999999997
-8.782900000000001 -0.02339
-8.7729 -0.02043
-8.7629 -0.01769
-8.7529 -0.01519
-8.7429 -0.01291
-8.7329 -0.01087
-8.722900000000001 -0.00907
-8.712900000000001 -0.007509999999999999
-8.7029 -0.006149999999999999
-8.692900000000002 -0.004989
-8.6829 -0.004012
-8.6729 -0.0031950000000000004
-8.6629 -0.00252
-8.6529 -0.00197
-8.642900000000001 -0.0015220000000000003
-8.632900000000001 -0.0011669999999999999
-8.622900000000001 -0.000884
-8.6129 -0.0006640000000000001
-8.602900000000002 -0.0004942
-8.5929 -0.00036390000000000006
-8.5829 -0.0002651
-8.5729 -0.0001913
-8.5629 -0.0001367
-8.552900000000001 -9.65e-05
-8.542900000000001 -6.75e-05
-8.532900000000001 -4.683e-05
-8.5229 -3.21e-05
-8.5129 -2.177e-05
-8.5029 -1.4619999999999999e-05
-8.4929 -9.71e-06
-8.4829 -6.390000000000001e-06
-8.472900000000001 -4.157e-06
-8.462900000000001 -2.676e-06
-8.4529 -1.7059999999999998e-06
-8.442900000000002 -1.075e-06
-8.4329 -6.699999999999999e-07
-8.4229 -4.14e-07
-8.4129 -2.527e-07
-8.4029 -1.5280000000000002e-07
-8.392900000000001 -9.140000000000001e-08
-8.382900000000001 -5.406e-08
-8.372900000000001 -3.166e-08
-8.3629 -1.8350000000000002e-08
-8.352900000000002 -1.057e-08
-8.3429 -6.083000000000001e-09
-8.3329 -3.575e-09
-8.3229 -2.29e-09
-8.3129 -1.8100000000000002e-09
-8.302900000000001 -1.9779999999999996e-09
-8.2929 -2.833e-09
-8.282900000000001 -4.617e-09
-8.2729 -7.849999999999999e-09
-8.262900000000002 -1.344e-08
-8.2529 -2.286e-08
-8.2429 -3.8590000000000003e-08
-8.2329 -6.441999999999999e-08
-8.222900000000001 -1.067e-07
-8.212900000000001 -1.7460000000000001e-07
-8.2029 -2.831e-07
-8.192900000000002 -4.542e-07
-8.1829 -7.21e-07
-8.1729 -1.135e-06
-8.1629 -1.7649999999999998e-06
-8.1529 -2.721e-06
-8.142900000000001 -4.15e-06
-8.132900000000001 -6.266e-06
-8.122900000000001 -9.389999999999998e-06
-8.1129 -1.3880000000000001e-05
-8.102900000000002 -2.035e-05
-8.0929 -2.9520000000000002e-05
-8.0829 -4.245000000000001e-05
-8.0729 -6.0379999999999994e-05
-8.0629 -8.519999999999998e-05
-8.052900000000001 -0.00011889999999999999
-8.0429 -0.00016419999999999998
-8.032900000000001 -0.0002249
-8.0229 -0.00030480000000000004
-8.012900000000002 -0.0004093
-8.0029 -0.0005441
-7.992900000000001 -0.0007179
-7.982900000000001 -0.0009369999999999999
-7.972900000000001 -0.0012110000000000003
-7.9629 -0.001551
-7.9529000000000005 -0.00197
-7.942900000000001 -0.002477
-7.932900000000001 -0.0030890000000000006
-7.9229 -0.0038169999999999996
-7.9129000000000005 -0.004673
-7.902900000000001 -0.005664
-7.892900000000001 -0.0068249999999999995
-7.882900000000001 -0.00814
-7.8729000000000005 -0.009630000000000001
-7.862900000000001 -0.011299999999999998
-7.852900000000001 -0.013149999999999998
-7.842900000000001 -0.015179999999999999
-7.8329 -0.01737
-7.822900000000001 -0.01975
-7.812900000000001 -0.02224
-7.802900000000001 -0.0249
-7.7929 -0.027639999999999998
-7.782900000000001 -0.030490000000000003
-7.772900000000001 -0.03339
-7.762900000000001 -0.03633
-7.7529 -0.039270000000000006
-7.742900000000001 -0.042159999999999996
-7.732900000000001 -0.04503
-7.722900000000001 -0.04779
-7.7129 -0.05046
-7.7029000000000005 -0.053070000000000006
-7.692900000000001 -0.05533
-7.682900000000001 -0.05755
-7.6729 -0.05963
-7.6629000000000005 -0.06157
-7.652900000000001 -0.06328
-7.642900000000001 -0.06484
-7.632900000000001 -0.06618
-7.6229000000000005 -0.06736
-7.612900000000001 -0.06853
-7.602900000000001 -0.06941
-7.592900000000001 -0.0705
-7.5829 -0.0712
-7.572900000000001 -0.0721
-7.562900000000001 -0.0729
-7.552900000000001 -0.0736
-7.5429 -0.0744
-7.532900000000001 -0.0751
-7.522900000000001 -0.07590000000000001
-7.512900000000001 -0.0768
-7.5029 -0.0778
-7.492900000000001 -0.0789
-7.482900000000001 -0.0801
-7.472900000000001 -0.0815
-7.4629 -0.0829
-7.4529000000000005 -0.08460000000000001
-7.442900000000001 -0.0864
-7.432900000000001 -0.0884
-7.4229 -0.0907
-7.4129000000000005 -0.0932
-7.402900000000001 -0.0959
-7.392900000000001 -0.09890000000000002
-7.382900000000001 -0.10200000000000001
-7.3729000000000005 -0.1055
-7.362900000000001 -0.1092
-7.352900000000001 -0.113
-7.342900000000001 -0.1173
-7.3329 -0.12179999999999999
-7.322900000000001 -0.1264
-7.312900000000001 -0.1312
-7.302900000000001 -0.1361
-7.2929 -0.14150000000000001
-7.282900000000001 -0.1471
-7.272900000000001 -0.1529
-7.262900000000001 -0.159
-7.2529 -0.1652
-7.242900000000001 -0.1718
-7.232900000000001 -0.17859999999999998
-7.222900000000001 -0.1859
-7.2129 -0.19340000000000002
-7.2029000000000005 -0.2013
-7.192900000000001 -0.2095
-7.182900000000001 -0.21810000000000002
-7.1729 -0.2269
-7.1629000000000005 -0.23600000000000004
-7.152900000000001 -0.24549999999999997
-7.142900000000001 -0.2552
-7.132900000000001 -0.2653
-7.1229000000000005 -0.2753
-7.112900000000001 -0.28550000000000003
-7.102900000000001 -0.2958
-7.092900000000001 -0.30619999999999997
-7.0829 -0.3167
-7.072900000000001 -0.327
-7.062900000000001 -0.3377
-7.052900000000001 -0.34819999999999995
-7.0429 -0.3592
-7.032900000000001 -0.37
-7.022900000000001 -0.38130000000000003
-7.012900000000001 -0.39280000000000004
-7.0029 -0.40449999999999997
-6.992900000000001 -0.4169
-6.982900000000001 -0.4295
-6.972900000000001 -0.4426
-6.9629 -0.4557
-6.9529000000000005 -0.469
-6.942900000000001 -0.48250000000000004
-6.932900000000001 -0.4959
-6.9229 -0.5085
-6.9129000000000005 -0.5204
-6.902900000000001 -0.5311999999999999
-6.892900000000001 -0.5408
-6.882900000000001 -0.5484
-6.8729000000000005 -0.554
-6.862900000000001 -0.5569999999999999
-6.852900000000001 -0.5576
-6.842900000000001 -0.5552999999999999
-6.8329 -0.5496
-6.822900000000001 -0.541
-6.812900000000001 -0.5290999999999999
-6.802900000000001 -0.5139000000000001
-6.7929 -0.496
-6.782900000000001 -0.47509999999999997
-6.772900000000001 -0.45180000000000003
-6.762900000000001 -0.4266
-6.7529 -0.39959999999999996
-6.742900000000001 -0.37139999999999995
-6.732900000000001 -0.3426
-6.722900000000001 -0.3134
-6.7129 -0.2843
-6.7029000000000005 -0.2559
-6.692900000000001 -0.2284
-6.682900000000001 -0.20220000000000002
-6.6729 -0.1777
-6.6629000000000005 -0.15469999999999998
-6.652900000000001 -0.1338
-6.642900000000001 -0.1147
-6.632900000000001 -0.0976
-6.6229000000000005 -0.08259999999999999
-6.612900000000001 -0.06939999999999999
-6.602900000000001 -0.05808000000000001
-6.592900000000001 -0.04834
-6.5829 -0.040139999999999995
-6.572900000000001 -0.03328
-6.562900000000001 -0.02762
-6.552900000000001 -0.02301
-6.5429 -0.019289999999999998
-6.532900000000001 -0.01633
-6.522900000000001 -0.01403
-6.512900000000001 -0.012240000000000001
-6.5029 -0.0109
-6.492900000000001 -0.00992
-6.482900000000001 -0.00923
-6.472900000000001 -0.00875
-6.4629 -0.008459999999999999
-6.4529000000000005 -0.00834
-6.442900000000001 -0.008309999999999998
-6.432900000000001 -0.00839
-6.4229 -0.008549999999999999
-6.4129000000000005 -0.00877
-6.402900000000001 -0.009040000000000001
-6.392900000000001 -0.00936
-6.382900000000001 -0.0097
-6.3729000000000005 -0.01008
-6.362900000000001 -0.01047
-6.352900000000001 -0.01089
-6.342900000000001 -0.01131
-6.3329 -0.01176
-6.322900000000001 -0.01217
-6.312900000000001 -0.012610000000000001
-6.302900000000001 -0.01302
-6.2929 -0.013420000000000001
-6.282900000000001 -0.01379
-6.272900000000001 -0.01414
-6.262900000000001 -0.01447
-6.2529 -0.014780000000000001
-6.242900000000001 -0.01507
-6.232900000000001 -0.01531
-6.222900000000001 -0.015519999999999999
-6.2129 -0.01573
-6.2029000000000005 -0.01594
-6.192900000000001 -0.01617
-6.182900000000001 -0.016440000000000003
-6.1729 -0.01671
-6.1629000000000005 -0.017070000000000002
-6.152900000000001 -0.01743
-6.142900000000001 -0.01791
-6.132900000000001 -0.018469999999999997
-6.1229000000000005 -0.0191
-6.112900000000001 -0.01982
-6.102900000000001 -0.02063
-6.092900000000001 -0.0215
-6.0829 -0.022460000000000004
-6.072900000000001 -0.023510000000000003
-6.062900000000001 -0.02461
-6.052900000000001 -0.02574
-6.0429 -0.02689
-6.032900000000001 -0.02804
-6.022900000000001 -0.02918
-6.012900000000001 -0.03028
-6.0029 -0.03134
-5.992900000000001 -0.03233
-5.982900000000001 -0.03322
-5.972900000000001 -0.034039999999999994
-5.9629 -0.03477
-5.9529000000000005 -0.03536
-5.942900000000001 -0.03586
-5.932900000000001 -0.03622
-5.9229 -0.03646
-5.9129000000000005 -0.036610000000000004
-5.902900000000001 -0.03663
-5.892900000000001 -0.03653
-5.882900000000001 -0.03633
-5.8729000000000005 -0.036019999999999996
-5.862900000000001 -0.035660000000000004
-5.852900000000001 -0.03519
-5.842900000000001 -0.03468
-5.8329 -0.03414999999999999
-5.822900000000001 -0.03358
-5.812900000000001 -0.03302
-5.802900000000001 -0.032470000000000006
-5.7929 -0.03198
-5.782900000000001 -0.031560000000000005
-5.772900000000001 -0.03124
-5.762900000000001 -0.03105
-5.7529 -0.031
-5.742900000000001 -0.03113
-5.732900000000001 -0.03146
-5.722900000000001 -0.032010000000000004
-5.7129 -0.032780000000000004
-5.7029000000000005 -0.0338
-5.692900000000001 -0.03506
-5.682900000000001 -0.03657
-5.6729 -0.03834
-5.6629000000000005 -0.04031
-5.652900000000001 -0.042510000000000006
-5.642900000000001 -0.044899999999999995
-5.632900000000001 -0.04745
-5.6229000000000005 -0.050129999999999994
-5.612900000000001 -0.05282
-5.602900000000001 -0.055749999999999994
-5.592900000000001 -0.0586
-5.5829 -0.0614
-5.572900000000001 -0.06423000000000001
-5.562900000000001 -0.06686
-5.552900000000001 -0.0694
-5.5429 -0.07184
-5.532900000000001 -0.07397
-5.522900000000001 -0.0761
-5.512900000000001 -0.0779
-5.5029 -0.07970000000000001
-5.492900000000001 -0.08120000000000001
-5.482900000000001 -0.0826
-5.472900000000001 -0.0839
-5.4629 -0.08510000000000001
-5.4529000000000005 -0.0862
-5.442900000000001 -0.08719999999999999
-5.432900000000001 -0.08819999999999999
-5.4229 -0.0895
-5.4129000000000005 -0.09059999999999999
-5.402900000000001 -0.092
-5.392900000000001 -0.09350000000000001
-5.382900000000001 -0.09510000000000002
-5.3729000000000005 -0.0968
-5.362900000000001 -0.0985
-5.352900000000001 -0.1005
-5.342900000000001 -0.10239999999999999
-5.3329 -0.10439999999999999
-5.322900000000001 -0.1063
-5.312900000000001 -0.1083
-5.302900000000001 -0.1099
-5.2929 -0.1115
-5.282900000000001 -0.11299999999999999
-5.272900000000001 -0.11410000000000001
-5.262900000000001 -0.1147
-5.2529 -0.11509999999999998
-5.242900000000001 -0.11510000000000001
-5.232900000000001 -0.115
-5.222900000000001 -0.1142
-5.2129 -0.1133
-5.2029000000000005 -0.1119
-5.192900000000001 -0.1104
-5.182900000000001 -0.10840000000000001
-5.1729 -0.10629999999999998
-5.1629000000000005 -0.10419999999999999
-5.152900000000001 -0.1018
-5.142900000000001 -0.09939999999999999
-5.132900000000001 -0.0972
-5.1229000000000005 -0.0948
-5.112900000000001 -0.09249999999999999
-5.102900000000001 -0.0905
-5.092900000000001 -0.0885
-5.0829 -0.0867
-5.072900000000001 -0.085
-5.062900000000001 -0.0837
-5.052900000000001 -0.0825
-5.0429 -0.0814
-5.032900000000001 -0.0806
-5.022900000000001 -0.07979999999999998
-5.012900000000001 -0.0793
-5.0029 -0.0788
-4.992900000000001 -0.0784
-4.982900000000001 -0.0783
-4.972900000000001 -0.078
-4.9629 -0.078
-4.9529000000000005 -0.0779
-4.942900000000001 -0.0779
-4.932900000000001 -0.0779
-4.9229 -0.0778
-4.9129000000000005 -0.0778
-4.902900000000001 -0.0779
-4.892900000000001 -0.07780000000000001
-4.882900000000001 -0.07769999999999999
-4.8729000000000005 -0.0777
-4.862900000000001 -0.0775
-4.852900000000001 -0.0776
-4.842900000000001 -0.07730000000000001
-4.8329 -0.077
-4.822900000000001 -0.07669999999999999
-4.812900000000001 -0.0763
-4.802900000000001 -0.07600000000000001
-4.7929 -0.07529999999999999
-4.782900000000001 -0.07479999999999999
-4.772900000000001 -0.074
-4.762900000000001 -0.07323
-4.7529 -0.07223
-4.742900000000001 -0.07131
-4.732900000000001 -0.07017999999999999
-4.722900000000001 -0.06884
-4.7129 -0.06761
-4.7029000000000005 -0.06628
-4.692900000000001 -0.06495000000000001
-4.682900000000001 -0.06372
-4.6729 -0.06231
-4.6629000000000005 -0.0612
-4.652900000000001 -0.06
-4.642900000000001 -0.058890000000000005
-4.632900000000001 -0.05796
-4.6229000000000005 -0.05701
-4.612900000000001 -0.05634
-4.602900000000001 -0.05563
-4.592900000000001 -0.05518
-4.5829 -0.054759999999999996
-4.572900000000001 -0.05452
-4.562900000000001 -0.05434
-4.552900000000001 -0.05424999999999999
-4.5429 -0.05425
-4.532900000000001 -0.05428
-4.522900000000001 -0.05436
-4.512900000000001 -0.05449
-4.5029 -0.05466
-4.492900000000001 -0.05485000000000001
-4.482900000000001 -0.05507999999999999
-4.472900000000001 -0.05534
-4.4629 -0.05553999999999999
-4.4529000000000005 -0.056010000000000004
-4.442900000000001 -0.056440000000000004
-4.432900000000001 -0.05685000000000001
-4.4229 -0.05733
-4.4129000000000005 -0.05803
-4.402900000000001 -0.05889
-4.392900000000001 -0.05964
-4.382900000000001 -0.06049
-4.372900000000001 -0.06172
-4.3629000000000016 -0.06273000000000001
-4.3529 -0.06412999999999999
-4.3429 -0.0657
-4.3329 -0.0669
-4.322900000000001 -0.0684
-4.312900000000001 -0.06989999999999999
-4.302900000000001 -0.0711
-4.292900000000001 -0.0727
-4.2829000000000015 -0.07400000000000001
-4.2729 -0.0753
-4.2629 -0.0764
-4.2529 -0.0772
-4.242900000000001 -0.07809999999999999
-4.232900000000001 -0.0786
-4.222900000000001 -0.07890000000000001
-4.212900000000001 -0.0789
-4.202900000000001 -0.0786
-4.1929 -0.07830000000000001
-4.1829 -0.0775
-4.1729 -0.07669999999999999
-4.1629000000000005 -0.0756
-4.152900000000001 -0.0744
-4.142900000000001 -0.0728
-4.132900000000001 -0.0712
-4.122900000000001 -0.06949999999999999
-4.1129000000000016 -0.06749999999999999
-4.1029 -0.06559999999999999
-4.0929 -0.0638
-4.0829 -0.06182
-4.072900000000001 -0.059930000000000004
-4.062900000000001 -0.0582
-4.052900000000001 -0.05651
-4.042900000000001 -0.054979999999999994
-4.0329000000000015 -0.05363999999999999
-4.0229 -0.05245
-4.0129 -0.051489999999999994
-4.0029 -0.05076
-3.9929000000000006 -0.05025999999999999
-3.9829000000000008 -0.04998999999999999
-3.972900000000001 -0.04996
-3.962900000000001 -0.05017
-3.9529000000000014 -0.050620000000000005
-3.9429 -0.051289999999999995
-3.9329 -0.05215
-3.9229000000000003 -0.053219999999999996
-3.9129000000000005 -0.05445
-3.9029000000000007 -0.05585999999999999
-3.892900000000001 -0.057350000000000005
-3.882900000000001 -0.05903
-3.8729000000000013 -0.06079
-3.8629000000000016 -0.0627
-3.8529 -0.0645
-3.8429 -0.0662
-3.8329000000000004 -0.0682
-3.8229000000000006 -0.0703
-3.812900000000001 -0.0721
-3.802900000000001 -0.0736
-3.7929000000000013 -0.0751
-3.7829000000000015 -0.07680000000000001
-3.7729 -0.0781
-3.7629 -0.0792
-3.7529000000000003 -0.08030000000000001
-3.7429000000000006 -0.0811
-3.7329000000000008 -0.08170000000000001
-3.722900000000001 -0.08220000000000001
-3.712900000000001 -0.0825
-3.7029000000000014 -0.08259999999999999
-3.6929 -0.08249999999999999
-3.6829 -0.08249999999999999
-3.6729000000000003 -0.0822
-3.6629000000000005 -0.0819
-3.6529000000000007 -0.0815
-3.642900000000001 -0.08120000000000001
-3.632900000000001 -0.08070000000000001
-3.6229000000000013 -0.0803
-3.6129000000000016 -0.0798
-3.6029 -0.0794
-3.5929 -0.07919999999999999
-3.5829000000000004 -0.07880000000000001
-3.5729000000000006 -0.0786
-3.562900000000001 -0.0782
-3.552900000000001 -0.07819999999999999
-3.5429000000000013 -0.078
-3.5329000000000015 -0.0778
-3.5229 -0.07769999999999999
-3.5129 -0.0774
-3.5029000000000003 -0.0774
-3.4929000000000006 -0.0771
-3.4829000000000008 -0.0768
-3.472900000000001 -0.07680000000000001
-3.462900000000001 -0.07640000000000001
-3.4529000000000014 -0.0761
-3.4429 -0.07590000000000001
-3.4329 -0.0756
-3.4229000000000003 -0.0753
-3.4129000000000005 -0.07529999999999999
-3.4029000000000007 -0.075
-3.392900000000001 -0.0748
-3.382900000000001 -0.07479999999999999
-3.3729000000000013 -0.0751
-3.3629000000000016 -0.07529999999999999
-3.3529 -0.0755
-3.3429 -0.076
-3.3329000000000004 -0.07650000000000001
-3.3229000000000006 -0.07719999999999999
-3.312900000000001 -0.078
-3.302900000000001 -0.0789
-3.2929000000000013 -0.07980000000000001
-3.2829000000000015 -0.0809
-3.2729 -0.0818
-3.2629 -0.0828
-3.2529000000000003 -0.0837
-3.2429000000000006 -0.08479999999999999
-3.2329000000000008 -0.08569999999999998
-3.222900000000001 -0.08650000000000001
-3.212900000000001 -0.0873
-3.2029000000000014 -0.08789999999999999
-3.1929 -0.0884
-3.1829 -0.0887
-3.1729000000000003 -0.0889
-3.1629000000000005 -0.08889999999999999
-3.1529000000000007 -0.0889
-3.142900000000001 -0.08860000000000001
-3.132900000000001 -0.08830000000000002
-3.1229000000000013 -0.0877
-3.1129000000000016 -0.0871
-3.1029 -0.08624
-3.0929 -0.08529
-3.0829000000000004 -0.08427000000000001
-3.0729000000000006 -0.08328
-3.062900000000001 -0.08222
-3.052900000000001 -0.08099999999999999
-3.0429000000000013 -0.07972
-3.0329000000000015 -0.07849
-3.0229 -0.07734
-3.0129 -0.07612
-3.0029000000000003 -0.07509
-2.9929000000000006 -0.07400999999999999
-2.9829000000000008 -0.0731
-2.972900000000001 -0.07225999999999999
-2.962900000000001 -0.07159
-2.9529000000000014 -0.07098
-2.9429 -0.07055
-2.9329 -0.07029
-2.9229000000000003 -0.07019
-2.9129000000000005 -0.07017
-2.9029000000000007 -0.07053
-2.892900000000001 -0.07086999999999999
-2.882900000000001 -0.07147999999999999
-2.8729000000000013 -0.07238
-2.8629000000000016 -0.0734
-2.8529 -0.07469
-2.8429 -0.07612
-2.8329000000000004 -0.07783999999999999
-2.8229000000000006 -0.0797
-2.812900000000001 -0.08180000000000001
-2.802900000000001 -0.0841
-2.7929000000000013 -0.08669999999999999
-2.7829000000000015 -0.0893
-2.7729 -0.09230000000000001
-2.7629 -0.09540000000000001
-2.7529000000000003 -0.09840000000000002
-2.7429000000000006 -0.10169999999999998
-2.7329000000000008 -0.10490000000000001
-2.722900000000001 -0.1082
-2.712900000000001 -0.11130000000000001
-2.7029000000000014 -0.1144
-2.6929 -0.11729999999999999
-2.6829 -0.12009999999999998
-2.6729000000000003 -0.12270000000000002
-2.6629000000000005 -0.125
-2.6529000000000007 -0.1272
-2.642900000000001 -0.1291
-2.632900000000001 -0.1308
-2.6229000000000013 -0.13219999999999998
-2.6129000000000016 -0.1336
-2.6029 -0.13479999999999998
-2.5929 -0.13570000000000002
-2.5829000000000004 -0.1367
-2.5729000000000006 -0.1377
-2.562900000000001 -0.1386
-2.552900000000001 -0.1398
-2.5429000000000013 -0.14109999999999998
-2.5329000000000015 -0.1423
-2.5229 -0.1439
-2.5129 -0.1457
-2.5029000000000003 -0.14759999999999998
-2.4929000000000006 -0.14950000000000002
-2.4829000000000008 -0.1518
-2.472900000000001 -0.1541
-2.462900000000001 -0.15639999999999998
-2.4529000000000014 -0.1587
-2.4429 -0.161
-2.4329 -0.16310000000000002
-2.4229000000000003 -0.1651
-2.4129000000000005 -0.1668
-2.4029000000000007 -0.1681
-2.392900000000001 -0.1692
-2.382900000000001 -0.16999999999999998
-2.3729000000000013 -0.17029999999999998
-2.3629000000000016 -0.17029999999999998
-2.3529 -0.16999999999999998
-2.3429 -0.1693
-2.3329000000000004 -0.1683
-2.3229000000000006 -0.16710000000000003
-2.312900000000001 -0.1656
-2.302900000000001 -0.1639
-2.2929000000000013 -0.1623
-2.2829000000000015 -0.16049999999999998
-2.2729 -0.1587
-2.2629 -0.1569
-2.2529000000000003 -0.1551
-2.2429000000000006 -0.1536
-2.2329000000000008 -0.152
-2.222900000000001 -0.1506
-2.212900000000001 -0.1491
-2.2029000000000014 -0.14789999999999998
-2.1929 -0.1467
-2.1829 -0.1455
-2.1729000000000003 -0.1442
-2.1629000000000005 -0.14279999999999998
-2.1529000000000007 -0.1414
-2.142900000000001 -0.1398
-2.132900000000001 -0.1381
-2.1229000000000013 -0.1359
-2.1129000000000016 -0.13369999999999999
-2.1029 -0.131
-2.0929 -0.1282
-2.0829000000000004 -0.125
-2.0729000000000006 -0.1217
-2.062900000000001 -0.1181
-2.052900000000001 -0.1143
-2.0429000000000013 -0.1106
-2.0329000000000015 -0.107
-2.0229 -0.10359999999999998
-2.0129 -0.1005
-2.0029000000000003 -0.09770000000000001
-1.9929000000000006 -0.0955
-1.9829000000000008 -0.094
-1.972900000000001 -0.0931
-1.9629000000000012 -0.093
-1.9529000000000014 -0.0938
-1.9428999999999998 -0.0956
-1.9329 -0.0983
-1.9229000000000003 -0.10220000000000001
-1.9129000000000005 -0.1069
-1.9029000000000007 -0.1127
-1.892900000000001 -0.11960000000000001
-1.8829000000000011 -0.1273
-1.8729000000000013 -0.1359
-1.8629000000000016 -0.14550000000000002
-1.8529 -0.1558
-1.8429000000000002 -0.16659999999999997
-1.8329000000000004 -0.17830000000000001
-1.8229000000000006 -0.1903
-1.8129000000000008 -0.2028
-1.802900000000001 -0.2156
-1.7929000000000013 -0.2284
-1.7829000000000015 -0.2414
-1.7729 -0.2543
-1.7629000000000001 -0.26689999999999997
-1.7529000000000003 -0.2792
-1.7429000000000006 -0.2911
-1.7329000000000008 -0.3024
-1.722900000000001 -0.3131
-1.7129000000000012 -0.32310000000000005
-1.7029000000000014 -0.3326
-1.6928999999999998 -0.34109999999999996
-1.6829 -0.3487
-1.6729000000000003 -0.3557
-1.6629000000000005 -0.36179999999999995
-1.6529000000000007 -0.36729999999999996
-1.642900000000001 -0.3723
-1.6329000000000011 -0.37649999999999995
-1.6229000000000013 -0.38029999999999997
-1.6129000000000016 -0.3838
-1.6029 -0.387
-1.5929000000000002 -0.38999999999999996
-1.5829000000000004 -0.393
-1.5729000000000006 -0.3962
-1.5629000000000008 -0.39949999999999997
-1.552900000000001 -0.403
-1.5429000000000013 -0.4071000000000001
-1.5329000000000015 -0.4116
-1.5229 -0.4168
-1.5129000000000001 -0.42250000000000004
-1.5029000000000003 -0.4290999999999999
-1.4929000000000006 -0.4362
-1.4829000000000008 -0.4441
-1.472900000000001 -0.4528
-1.4629000000000012 -0.46199999999999997
-1.4529000000000014 -0.4718
-1.4428999999999998 -0.4822
-1.4329 -0.4931
-1.4229000000000003 -0.5044
-1.4129000000000005 -0.5161
-1.4029000000000007 -0.5281
-1.392900000000001 -0.5404
-1.3829000000000011 -0.5529000000000001
-1.3729000000000013 -0.5655
-1.3629000000000016 -0.5791999999999999
-1.3529 -0.5907
-1.3429000000000002 -0.6051
-1.3329000000000004 -0.6194999999999999
-1.3229000000000006 -0.6327999999999999
-1.3129000000000008 -0.648
-1.302900000000001 -0.6623
-1.2929000000000013 -0.6764
-1.2829000000000015 -0.6926
-1.2729 -0.7078000000000001
-1.2629000000000001 -0.7248999999999999
-1.2529000000000003 -0.7409
-1.2429000000000006 -0.7557000000000001
-1.2329000000000008 -0.7719
-1.222900000000001 -0.788
-1.2129000000000012 -0.801
-1.2029000000000014 -0.8130000000000001
-1.1928999999999998 -0.8259999999999998
-1.1829 -0.834
-1.1729000000000003 -0.843
-1.1629000000000005 -0.85
-1.1529000000000007 -0.8540000000000001
-1.142900000000001 -0.8543000000000001
-1.1329000000000011 -0.8539000000000001
-1.1229000000000013 -0.8502
-1.1129000000000016 -0.845
-1.1029 -0.8375
-1.0929000000000002 -0.8287
-1.0829000000000004 -0.8191999999999999
-1.0729000000000006 -0.8079
-1.0629000000000008 -0.796
-1.052900000000001 -0.7837000000000001
-1.0429000000000013 -0.7721
-1.0329000000000015 -0.7616
-1.0229 -0.7513000000000001
-1.0129000000000001 -0.7411
-1.0029000000000003 -0.7345
-0.9929000000000006 -0.7292
-0.9829000000000008 -0.7255
-0.972900000000001 -0.7234
-0.9629000000000012 -0.7247
-0.9529000000000014 -0.7263999999999999
-0.9428999999999998 -0.732
-0.9329000000000001 -0.738
-0.9229000000000003 -0.746
-0.9129000000000005 -0.755
-0.9029000000000007 -0.766
-0.8929000000000009 -0.775
-0.8829000000000011 -0.787
-0.8729000000000013 -0.798
-0.8629000000000016 -0.809
-0.8529 -0.8200000000000001
-0.8429000000000002 -0.8290000000000001
-0.8329000000000004 -0.8360000000000001
-0.8229000000000006 -0.8430000000000001
-0.8129000000000008 -0.8460000000000001
-0.8029000000000011 -0.8480000000000001
-0.7929000000000013 -0.8470000000000001
-0.7829000000000015 -0.8450000000000001
-0.7728999999999999 -0.8380000000000001
-0.7629000000000001 -0.8290000000000001
-0.7529000000000003 -0.8180000000000001
-0.7429000000000006 -0.805
-0.7329000000000008 -0.787
-0.722900000000001 -0.7674000000000001
-0.7129000000000012 -0.7438
-0.7029000000000014 -0.7187
-0.6928999999999998 -0.6930000000000001
-0.6829000000000001 -0.663
-0.6729000000000003 -0.6316
-0.6629000000000005 -0.599
-0.6529000000000007 -0.5645
-0.6429000000000009 -0.5288
-0.6329000000000011 -0.49349999999999994
-0.6229000000000013 -0.4585
-0.6129000000000016 -0.42299999999999993
-0.6029 -0.38780000000000003
-0.5929000000000002 -0.35329999999999995
-0.5829000000000004 -0.31989999999999996
-0.5729000000000006 -0.288
-0.5629000000000008 -0.25739999999999996
-0.5529000000000011 -0.2284
-0.5429000000000013 -0.2015
-0.5329000000000015 -0.1765
-0.5228999999999999 -0.1535
-0.5129000000000001 -0.1326
-0.5029000000000003 -0.1136
-0.49290000000000056 -0.09676
-0.4829000000000008 -0.08172000000000001
-0.472900000000001 -0.06860000000000001
-0.4629000000000012 -0.05692
-0.4529000000000014 -0.04713
-0.44289999999999985 -0.038540000000000005
-0.43290000000000006 -0.03133
-0.4229000000000003 -0.025249999999999998
-0.4129000000000005 -0.02019
-0.4029000000000007 -0.01603
-0.3929000000000009 -0.0126
-0.38290000000000113 -0.009819
-0.37290000000000134 -0.007601999999999999
-0.36290000000000155 -0.005828
-0.3529 -0.004423
-0.3429000000000002 -0.003339
-0.3329000000000004 -0.002492
-0.32290000000000063 -0.001845
-0.31290000000000084 -0.0013540000000000002
-0.30290000000000106 -0.0009839
-0.29290000000000127 -0.0007090999999999999
-0.2829000000000015 -0.0005063
-0.2728999999999999 -0.00035749999999999996
-0.26290000000000013 -0.0002504
-0.25290000000000035 -0.0001738
-0.24290000000000056 -0.0001195
-0.23290000000000077 -8.132000000000001e-05
-0.222900000000001 -5.478e-05
-0.2129000000000012 -3.656e-05
-0.2029000000000014 -2.417e-05
-0.19289999999999985 -1.582e-05
-0.18290000000000006 -1.0243e-05
-0.17290000000000028 -6.584e-06
-0.1629000000000005 -4.176999999999999e-06
-0.1529000000000007 -2.628e-06
-0.14290000000000092 -1.6370000000000002e-06
-0.13290000000000113 -1.0093e-06
-0.12290000000000134 -6.16e-07
-0.11290000000000155 -3.719e-07
-0.10289999999999999 -2.222e-07
-0.0929000000000002 -1.3149999999999998e-07
-0.08290000000000042 -7.71e-08
-0.07290000000000063 -4.475000000000001e-08
-0.06290000000000084 -2.563e-08
-0.05290000000000106 -1.457e-08
-0.04290000000000127 -8.172e-09
-0.032900000000001484 -4.554e-09
-0.02289999999999992 -2.505e-09
-0.012900000000000134 -1.363e-09
-0.0029000000000003467 -7.35e-10
0.00709999999999944 -3.923e-10
0.017099999999999227 -2.07e-10
0.027099999999999014 -1.08e-10
0.0370999999999988 -5.578e-11
0.04709999999999859 -2.843e-11
0.05710000000000015 -1.4300000000000002e-11
0.06709999999999994 -7.116e-12
0.07709999999999972 -3.5299999999999997e-12
0.08709999999999951 -1.6509999999999997e-12
0.0970999999999993 -8.041000000000001e-13
0.10709999999999908 -3.5080000000000003e-13
0.11709999999999887 -1.173e-13
0.12709999999999866 -0.0
0.13709999999999845 -0.0
0.1471 -0.0
0.1570999999999998 -0.0
0.16709999999999958 -0.0
0.17709999999999937 -0.0
0.18709999999999916 -0.0
0.19709999999999894 -0.0
0.20709999999999873 -0.0
0.21709999999999852 -0.0
0.22710000000000008 -0.0
0.23709999999999987 -0.0
0.24709999999999965 -0.0
0.25709999999999944 -0.0
0.2670999999999992 -0.0
0.277099999999999 -0.0
0.2870999999999988 -0.0
0.2970999999999986 -0.0
0.30710000000000015 -0.0
0.31709999999999994 -0.0
0.3270999999999997 -0.0
0.3370999999999995 -0.0
0.3470999999999993 -0.0
0.3570999999999991 -0.0
0.36709999999999887 -0.0
0.37709999999999866 -0.0
0.38709999999999845 -0.0
0.3971 -0.0
0.4070999999999998 -0.0
0.4170999999999996 -0.0
0.42709999999999937 -0.0
0.43709999999999916 -0.0
0.44709999999999894 -0.0
0.45709999999999873 -0.0
0.4670999999999985 -0.0
0.4771000000000001 -0.0
0.48709999999999987 -0.0
0.49709999999999965 -0.0
0.5070999999999994 -0.0
0.5170999999999992 -0.0
0.527099999999999 -0.0
0.5370999999999988 -0.0
0.5470999999999986 -0.0
0.5571000000000002 -0.0
0.5670999999999999 -0.0
0.5770999999999997 -0.0
0.5870999999999995 -0.0
0.5970999999999993 -0.0
0.6070999999999991 -0.0
0.6170999999999989 -0.0
0.6270999999999987 -0.0
0.6370999999999984 -0.0
0.6471 -0.0
0.6570999999999998 -0.0
0.6670999999999996 -0.0
0.6770999999999994 -0.0
0.6870999999999992 -0.0
0.6970999999999989 -0.0
0.7070999999999987 -0.0
0.7170999999999985 -0.0
0.7271000000000001 -0.0
0.7370999999999999 -0.0
0.7470999999999997 -0.0
0.7570999999999994 -0.0
0.7670999999999992 -0.0
0.777099999999999 -0.0
0.7870999999999988 -0.0
0.7970999999999986 -0.0
0.8071000000000002 -0.0
0.8170999999999999 -0.0
0.8270999999999997 -0.0
0.8370999999999995 -0.0
0.8470999999999993 -0.0
0.8570999999999991 -0.0
0.8670999999999989 -0.0
0.8770999999999987 -0.0
0.8870999999999984 -0.0
0.8971 -2.1151e-15
0.9070999999999998 -4.4261e-15
0.9170999999999996 -9.168400000000001e-15
0.9270999999999994 -1.8784999999999996e-14
0.9370999999999992 -4.0593999999999993e-14
0.9470999999999989 -8.161700000000001e-14
0.9570999999999987 -1.6225000000000002e-13
0.9670999999999985 -3.2739000000000003e-13
0.9771000000000001 -6.395800000000001e-13
0.9870999999999999 -1.2354e-12
0.9970999999999997 -2.3657e-12
1.0070999999999994 -4.4834e-12
1.0170999999999992 -8.3945e-12
1.027099999999999 -1.5562e-11
1.0370999999999988 -2.8543e-11
1.0470999999999986 -5.181899999999999e-11
1.0571000000000002 -9.297899999999999e-11
1.0671 -1.6544000000000003e-10
1.0770999999999997 -2.9102000000000005e-10
1.0870999999999995 -5.0701e-10
1.0970999999999993 -8.741699999999999e-10
1.107099999999999 -1.4920999999999998e-09
1.1170999999999989 -2.5217e-09
1.1270999999999987 -4.2148999999999996e-09
1.1370999999999984 -6.9852e-09
1.1471 -1.1452000000000002e-08
1.1570999999999998 -1.8592999999999996e-08
1.1670999999999996 -2.9887e-08
1.1770999999999994 -4.753800000000001e-08
1.1870999999999992 -7.4972e-08
1.197099999999999 -1.1697e-07
1.2070999999999987 -1.8087e-07
1.2170999999999985 -2.7682e-07
1.2271 -4.1961e-07
1.2370999999999999 -6.3078e-07
1.2470999999999997 -9.381000000000001e-07
1.2570999999999994 -1.3820999999999999e-06
1.2670999999999992 -2.0183000000000002e-06
1.277099999999999 -2.9193e-06
1.2870999999999988 -4.1843e-06
1.2970999999999986 -5.95e-06
1.3071000000000002 -8.360999999999998e-06
1.3171 -1.1676000000000001e-05
1.3270999999999997 -1.614e-05
1.3370999999999995 -2.2102999999999998e-05
1.3470999999999993 -3.0012e-05
1.357099999999999 -4.0421999999999993e-05
1.3670999999999989 -5.3939999999999995e-05
1.3770999999999987 -7.144e-05
1.3870999999999984 -9.375e-05
1.3971 -0.00012205
1.4070999999999998 -0.00015764
1.4170999999999996 -0.00020185
1.4270999999999994 -0.00025632
1.4370999999999992 -0.0003231
1.447099999999999 -0.000405
1.4570999999999987 -0.0005023
1.4670999999999985 -0.0006171
1.4771 -0.0007545000000000001
1.4870999999999999 -0.0009144
1.4970999999999997 -0.0011030999999999999
1.5070999999999994 -0.0013187
1.5170999999999992 -0.0015681
1.527099999999999 -0.001853
1.5370999999999988 -0.002171
1.5470999999999986 -0.002532
1.5571000000000002 -0.002934
1.5671 -0.003379
1.5770999999999997 -0.003867
1.5870999999999995 -0.004415
1.5970999999999993 -0.00499
1.607099999999999 -0.00562
1.6170999999999989 -0.0062959999999999995
1.6270999999999987 -0.007031999999999999
1.6370999999999984 -0.007802999999999999
1.6471 -0.008638
1.6570999999999998 -0.009510000000000001
1.6670999999999996 -0.010430000000000002
1.6770999999999994 -0.01138
1.6870999999999992 -0.01237
1.697099999999999 -0.01343
1.7070999999999987 -0.01449
1.7170999999999985 -0.0156
1.7271 -0.016749999999999998
1.7370999999999999 -0.01791
1.7470999999999997 -0.019090000000000003
1.7570999999999994 -0.02031
1.7670999999999992 -0.021529999999999997
1.777099999999999 -0.02279
1.7870999999999988 -0.024069999999999998
1.7970999999999986 -0.025359999999999997
1.8071000000000002 -0.02667
1.8171 -0.028020000000000003
1.8270999999999997 -0.029390000000000003
1.8370999999999995 -0.03077
1.8470999999999993 -0.0322
1.857099999999999 -0.03365
1.8670999999999989 -0.03513
1.8770999999999987 -0.03666
1.8870999999999984 -0.038169999999999996
1.8971 -0.039720000000000005
1.9070999999999998 -0.04127
1.9170999999999996 -0.04281
1.9270999999999994 -0.044309999999999995
1.9370999999999992 -0.04576
1.947099999999999 -0.04714
1.9570999999999987 -0.04842
1.9670999999999985 -0.04955999999999999
1.9771 -0.050550000000000005
1.9870999999999999 -0.05136
1.9970999999999997 -0.05195
2.0070999999999994 -0.052309999999999995
2.0170999999999992 -0.052410000000000005
2.027099999999999 -0.05225
2.037099999999999 -0.05185
2.0470999999999986 -0.05116
2.0571 -0.05023
2.0671 -0.04906
2.0770999999999997 -0.047689999999999996
2.0870999999999995 -0.04615
2.0970999999999993 -0.04444
2.107099999999999 -0.04266999999999999
2.117099999999999 -0.04082
2.1270999999999987 -0.03895
2.1370999999999984 -0.037110000000000004
2.1471 -0.035339999999999996
2.1571 -0.03366
2.1670999999999996 -0.03209
2.1770999999999994 -0.030679999999999995
2.187099999999999 -0.02944
2.197099999999999 -0.02835
2.2070999999999987 -0.027460000000000002
2.2170999999999985 -0.02674
2.2271 -0.0262
2.2371 -0.02584
2.2470999999999997 -0.02561
2.2570999999999994 -0.025519999999999998
2.2670999999999992 -0.025580000000000006
2.277099999999999 -0.025739999999999996
2.287099999999999 -0.026000000000000002
2.2970999999999986 -0.026340000000000006
2.3071 -0.02675
2.3171 -0.02719
2.3270999999999997 -0.02766
2.3370999999999995 -0.02812
2.3470999999999993 -0.0286
2.357099999999999 -0.029060000000000002
2.367099999999999 -0.02947
2.3770999999999987 -0.02984
2.3870999999999984 -0.03014
2.3971 -0.03037
2.4071 -0.03052
2.4170999999999996 -0.030570000000000003
2.4270999999999994 -0.030539999999999998
2.437099999999999 -0.03042
2.447099999999999 -0.030209999999999997
2.4570999999999987 -0.02992
2.4670999999999985 -0.029540000000000004
2.4771 -0.029110000000000004
2.4871 -0.028619999999999996
2.4970999999999997 -0.02808
2.5070999999999994 -0.02751
2.5170999999999992 -0.026940000000000002
2.527099999999999 -0.02634
2.537099999999999 -0.025780000000000004
2.5470999999999986 -0.025230000000000002
2.5571 -0.0247
2.5671 -0.024210000000000002
2.5770999999999997 -0.02376
2.5870999999999995 -0.023350000000000003
2.5970999999999993 -0.02299
2.607099999999999 -0.02266
2.617099999999999 -0.02238
2.6270999999999987 -0.02212
2.6370999999999984 -0.021890000000000003
2.6471 -0.021699999999999997
2.6571 -0.0215
2.6670999999999996 -0.021310000000000003
2.6770999999999994 -0.021129999999999996
2.687099999999999 -0.02095
2.697099999999999 -0.02075
2.7070999999999987 -0.02055
2.7170999999999985 -0.02034
2.7271 -0.020099999999999996
2.7371 -0.019880000000000002
2.7470999999999997 -0.019629999999999998
2.7570999999999994 -0.01939
2.7670999999999992 -0.019159999999999996
2.777099999999999 -0.01892
2.787099999999999 -0.01874
2.7970999999999986 -0.018560000000000004
2.8071 -0.01842
2.8171 -0.01833
2.8270999999999997 -0.0183
2.8370999999999995 -0.01833
2.8470999999999993 -0.01846
2.857099999999999 -0.01869
2.867099999999999 -0.019
2.8770999999999987 -0.01942
2.8870999999999984 -0.01997
2.8971 -0.02063
2.9071 -0.02144
2.9170999999999996 -0.022350000000000002
2.9270999999999994 -0.023420000000000003
2.937099999999999 -0.02458
2.947099999999999 -0.0259
2.9570999999999987 -0.027290000000000002
2.9670999999999985 -0.02879
2.9771 -0.030369999999999998
2.9871 -0.03205
2.9970999999999997 -0.03374
3.0070999999999994 -0.0355
3.0170999999999992 -0.03727
3.027099999999999 -0.03904
3.037099999999999 -0.0408
3.0470999999999986 -0.042510000000000006
3.0571 -0.04421
3.0671 -0.04582
3.0770999999999997 -0.04738
3.0870999999999995 -0.048830000000000005
3.0970999999999993 -0.05020000000000001
3.107099999999999 -0.05147
3.117099999999999 -0.05263
3.1270999999999987 -0.05369
3.1370999999999984 -0.05463
3.1471 -0.05548
3.1571 -0.05624
3.1670999999999996 -0.05691
3.1770999999999994 -0.057530000000000005
3.187099999999999 -0.05812
3.197099999999999 -0.05865000000000001
3.2070999999999987 -0.05926
3.2170999999999985 -0.05979
3.2271 -0.06057
3.2371 -0.061410000000000006
3.2470999999999997 -0.06231
3.2570999999999994 -0.06326
3.2670999999999992 -0.0643
3.277099999999999 -0.0658
3.287099999999999 -0.0675
3.2970999999999986 -0.0688
3.3071 -0.0706
3.3171 -0.07250000000000001
3.3270999999999997 -0.0748
3.3370999999999995 -0.0767
3.3470999999999993 -0.0786
3.357099999999999 -0.08039999999999999
3.367099999999999 -0.08230000000000001
3.3770999999999987 -0.08389999999999999
3.3870999999999984 -0.0854
3.3971 -0.0866
3.4071 -0.0876
3.4170999999999996 -0.08829999999999999
3.4270999999999994 -0.0887
3.437099999999999 -0.0888
3.447099999999999 -0.08850000000000001
3.4570999999999987 -0.0879
3.4670999999999985 -0.087
3.4771 -0.086
3.4871 -0.08460000000000001
3.4970999999999997 -0.083
3.5070999999999994 -0.0814
3.5170999999999992 -0.0797
3.527099999999999 -0.07790000000000001
3.537099999999999 -0.076
3.5470999999999986 -0.0743
3.5571 -0.0726
3.5671 -0.0711
3.5770999999999997 -0.0696
3.5870999999999995 -0.0687
3.5970999999999993 -0.0678
3.607100000000001 -0.0669
3.617099999999999 -0.0663
3.6271000000000004 -0.06599999999999999
3.6370999999999984 -0.0658
3.6471 -0.0657
3.657099999999998 -0.0658
3.6670999999999996 -0.0663
3.6770999999999976 -0.0664
3.687099999999999 -0.0669
3.6971000000000007 -0.06709999999999999
3.7070999999999987 -0.0675
3.7171000000000003 -0.06789999999999999
3.7270999999999983 -0.06799999999999999
3.7371 -0.0682
3.747099999999998 -0.0682
3.7570999999999994 -0.06789999999999999
3.767100000000001 -0.06749999999999999
3.777099999999999 -0.0669
3.7871000000000006 -0.0661
3.7970999999999986 -0.0651
3.8071 -0.0639
3.817099999999998 -0.062299999999999994
3.8270999999999997 -0.06079
3.8370999999999977 -0.05911
3.8470999999999993 -0.05722
3.857100000000001 -0.05528999999999999
3.867099999999999 -0.0533
3.8771000000000004 -0.05133000000000001
3.8870999999999984 -0.04936
3.8971 -0.04751
3.907099999999998 -0.04575
3.9170999999999996 -0.04417
3.9270999999999976 -0.04276
3.937099999999999 -0.04158
3.9471000000000007 -0.040639999999999996
3.9570999999999987 -0.03998
3.9671000000000003 -0.03957
3.9770999999999983 -0.039459999999999995
3.9871 -0.039599999999999996
3.997099999999998 -0.040010000000000004
4.007099999999999 -0.04068
4.017100000000001 -0.04152
4.027099999999999 -0.04258
4.037100000000001 -0.04377
4.047099999999999 -0.04507
4.0571 -0.046419999999999996
4.067099999999998 -0.0478
4.0771 -0.04918
4.087099999999998 -0.0505
4.097099999999999 -0.05174
4.107100000000001 -0.05286
4.117099999999999 -0.053849999999999995
4.1271 -0.0547
4.1370999999999984 -0.05536999999999999
4.1471 -0.05589
4.157099999999998 -0.056260000000000004
4.1671 -0.056490000000000005
4.177099999999998 -0.05661
4.187099999999999 -0.056620000000000004
4.197100000000001 -0.05654
4.207099999999999 -0.056440000000000004
4.2171 -0.05629000000000001
4.227099999999998 -0.056139999999999995
4.2371 -0.05598999999999999
4.247099999999998 -0.05588
4.257099999999999 -0.0558
4.267100000000001 -0.05578
4.277099999999999 -0.0558
4.287100000000001 -0.05585
4.297099999999999 -0.055920000000000004
4.3071 -0.05598999999999999
4.317099999999998 -0.05607
4.3271 -0.056100000000000004
4.337099999999998 -0.056080000000000005
4.347099999999999 -0.055970000000000006
4.357100000000001 -0.05576
4.367099999999999 -0.05545
4.3771 -0.05498
4.3870999999999984 -0.05439
4.3971 -0.053649999999999996
4.407099999999998 -0.052770000000000004
4.4171 -0.051739999999999994
4.427099999999998 -0.05059999999999999
4.437099999999999 -0.04933
4.447100000000001 -0.04797
4.457099999999999 -0.046560000000000004
4.4671 -0.04506
4.477099999999998 -0.043559999999999995
4.4871 -0.04206
4.497099999999998 -0.04059
4.507099999999999 -0.03916
4.517100000000001 -0.03783
4.527099999999999 -0.03659
4.537100000000001 -0.03547
4.547099999999999 -0.034480000000000004
4.5571 -0.03363
4.567099999999998 -0.03293
4.5771 -0.03238
4.587099999999998 -0.03201
4.597099999999999 -0.03179
4.607100000000001 -0.03175
4.617099999999999 -0.031849999999999996
4.6271 -0.03209
4.6370999999999984 -0.03249
4.6471 -0.033010000000000005
4.657099999999998 -0.03367
4.6671 -0.03444
4.677099999999998 -0.03532999999999999
4.687099999999999 -0.036320000000000005
4.697100000000001 -0.0374
4.707099999999999 -0.03857000000000001
4.7171 -0.03982
4.727099999999998 -0.041150000000000006
4.7371 -0.04254
4.747099999999998 -0.043969999999999995
4.757099999999999 -0.045419999999999995
4.767100000000001 -0.046880000000000005
4.777099999999999 -0.048350000000000004
4.787100000000001 -0.04977
4.797099999999999 -0.05116
4.8071 -0.05244
4.817099999999998 -0.05365
4.8271 -0.054729999999999994
4.837099999999998 -0.05566
4.847099999999999 -0.05645000000000001
4.857100000000001 -0.057069999999999996
4.867099999999999 -0.05761999999999999
4.8771 -0.05784999999999999
4.8870999999999984 -0.05799
4.8971 -0.058030000000000005
4.907099999999998 -0.0578
4.9171 -0.05759
4.927099999999998 -0.05728
4.937099999999999 -0.056940000000000004
4.947100000000001 -0.05659
4.957099999999999 -0.05623
4.9671 -0.055920000000000004
4.977099999999998 -0.05568
4.9871 -0.05549
4.997099999999998 -0.055420000000000004
5.007099999999999 -0.05541
5.017100000000001 -0.055499999999999994
5.027099999999999 -0.05564999999999999
5.037100000000001 -0.05586
5.047099999999999 -0.0561
5.0571 -0.056319999999999995
5.067099999999998 -0.05654000000000001
5.0771 -0.05668999999999999
5.087099999999998 -0.05677
5.097099999999999 -0.05675
5.107100000000001 -0.05657000000000001
5.117099999999999 -0.05628
5.1271 -0.05583
5.1370999999999984 -0.05519
5.1471 -0.05441
5.157099999999998 -0.05344
5.1671 -0.05235
5.177099999999998 -0.05109
5.187099999999999 -0.049710000000000004
5.197100000000001 -0.04824
5.207099999999999 -0.04666000000000001
5.2171 -0.04504
5.227099999999998 -0.043359999999999996
5.2371 -0.04164
5.247099999999998 -0.03993000000000001
5.257099999999999 -0.03822
5.267100000000001 -0.03655
5.277099999999999 -0.0349
5.287100000000001 -0.03329
5.297099999999999 -0.03173
5.3071 -0.030230000000000003
5.317099999999998 -0.02879
5.3271 -0.027430000000000003
5.337099999999998 -0.02614
5.347099999999999 -0.02488
5.357100000000001 -0.02368
5.367099999999999 -0.02255
5.3771 -0.02148
5.3870999999999984 -0.020440000000000003
5.3971 -0.019450000000000002
5.407099999999998 -0.01849
5.4171 -0.017580000000000002
5.427099999999998 -0.01668
5.437099999999999 -0.01582
5.447100000000001 -0.01499
5.457099999999999 -0.014169999999999999
5.4671 -0.01339
5.477099999999998 -0.01264
5.4871 -0.01189
5.497099999999998 -0.01118
5.507099999999999 -0.01048
5.517100000000001 -0.009819999999999999
5.527099999999999 -0.00915
5.537100000000001 -0.008530000000000001
5.547099999999999 -0.00792
5.5571 -0.00732
5.567099999999998 -0.006719999999999999
5.5771 -0.006180000000000001
5.587099999999998 -0.005631
5.597099999999999 -0.005112
5.607100000000001 -0.004614
5.617099999999999 -0.004138
5.6271 -0.003689
5.6370999999999984 -0.0032649999999999997
5.6471 -0.002868
5.657099999999998 -0.002502
5.6671 -0.002163
5.677099999999998 -0.001854
5.687099999999999 -0.0015760000000000004
5.697100000000001 -0.0013289999999999999
5.707099999999999 -0.00111
5.7171 -0.0009180000000000002
5.727099999999998 -0.000753
5.7371 -0.000612
5.747099999999998 -0.0004914000000000001
5.757099999999999 -0.00039119999999999997
5.767100000000001 -0.0003084
5.777099999999999 -0.0002406
5.787100000000001 -0.00018580000000000002
5.797099999999999 -0.00014199999999999998
5.8071 -0.0001074
5.817099999999998 -8.05e-05
5.8271 -5.9560000000000006e-05
5.837099999999998 -4.372e-05
5.847099999999999 -3.174e-05
5.857100000000001 -2.277e-05
5.867099999999999 -1.6179999999999998e-05
5.8771 -1.139e-05
5.8870999999999984 -7.919999999999999e-06
5.8971 -5.448000000000001e-06
5.907099999999998 -3.7080000000000003e-06
5.9171 -2.4989999999999997e-06
5.927099999999998 -1.666e-06
5.937099999999999 -1.0980000000000001e-06
5.947100000000001 -7.170000000000001e-07
5.957099999999999 -4.626e-07
