-22.402900000000002 -0.5529024499999999
-22.3929 -0.39897327000000005
-22.3829 -0.28485179000000005
-22.3729 -0.20143629899999999
-22.362900000000003 -0.141025183
-22.352899999999998 -0.09761730599999999
-22.3429 -0.06691176199999999
-22.332900000000002 -0.04543793
-22.3229 -0.030535286
-22.3129 -0.020283490799999998
-22.3029 -0.0133822826
-22.292900000000003 -0.0087114769
-22.2829 -0.0056189481999999995
-22.2729 -0.0035866008999999996
-22.262900000000002 -0.00226637739
-22.2529 -0.00141923474
-22.2429 -0.0008781445099999999
-22.2329 -0.0005379881299999999
-22.222900000000003 -0.00032615315
-22.2129 -0.00019573174600000001
-22.2029 -0.000116418753
-22.1929 -6.861098600000001e-05
-22.1829 -3.9816358999999995e-05
-22.1729 -2.29336482e-05
-22.1629 -1.3082069500000005e-05
-22.152900000000002 -7.3811624000000006e-06
-22.1429 -4.1196463e-06
-22.1329 -2.27635563e-06
-22.1229 -1.24519372e-06
-22.112900000000003 -6.7510432e-07
-22.102899999999998 -3.6095568100000013e-07
-22.0929 -1.91329391e-07
-22.082900000000002 -1.0031535299999999e-07
-22.0729 -5.208792599999999e-08
-22.0629 -2.6724043199999996e-08
-22.0529 -1.3582036899999997e-08
-22.042900000000003 -6.811012299999999e-09
-22.0329 -3.3714934e-09
-22.0229 -1.6122349099999999e-09
-22.012900000000002 -7.451098800000001e-10
-22.0029 -3.16448495e-10
-21.9929 -1.30217651e-10
-21.9829 -5.071566670000001e-11
-21.972900000000003 -7.86030635e-12
-21.9629 -0.0
-21.9529 -0.0
-21.9429 -0.0
-21.9329 -0.0
-21.9229 -0.0
-21.9129 -0.0
-21.902900000000002 -0.0
-21.8929 -0.0
-21.8829 -0.0
-21.8729 -0.0
-21.862900000000003 -0.0
-21.852899999999998 -0.0
-21.8429 -0.0
-21.832900000000002 -0.0
-21.8229 -0.0
-21.8129 -0.0
-21.8029 -0.0
-21.792900000000003 -0.0
-21.7829 -0.0
-21.7729 -0.0
-21.762900000000002 -0.0
-21.7529 -0.0
-21.7429 -0.0
-21.7329 -0.0
-21.722900000000003 -0.0
-21.7129 -0.0
-21.7029 -0.0
-21.6929 -0.0
-21.6829 -0.0
-21.6729 -0.0
-21.6629 -0.0
-21.652900000000002 -0.0
-21.6429 -0.0
-21.6329 -0.0
-21.6229 -0.0
-21.612900000000003 -0.0
-21.602899999999998 -0.0
-21.5929 -0.0
-21.582900000000002 -0.0
-21.5729 -0.0
-21.5629 -0.0
-21.5529 -0.0
-21.542900000000003 -0.0
-21.5329 -0.0
-21.5229 -0.0
-21.512900000000002 -0.0
-21.5029 -0.0
-21.4929 -0.0
-21.4829 -0.0
-21.472900000000003 -0.0
-21.4629 -0.0
-21.4529 -0.0
-21.4429 -0.0
-21.4329 -0.0
-21.4229 -0.0
-21.4129 -0.0
-21.402900000000002 -0.0
-21.3929 -0.0
-21.3829 -0.0
-21.3729 -0.0
-21.362900000000003 -0.0
-21.352899999999998 -0.0
-21.3429 -0.0
-21.332900000000002 -0.0
-21.3229 -0.0
-21.3129 -0.0
-21.3029 -0.0
-21.292900000000003 -0.0
-21.2829 -0.0
-21.2729 -0.0
-21.262900000000002 -0.0
-21.2529 -0.0
-21.2429 -0.0
-21.2329 -0.0
-21.222900000000003 -0.0
-21.2129 -0.0
-21.2029 -0.0
-21.1929 -0.0
-21.1829 -0.0
-21.1729 -0.0
-21.1629 -0.0
-21.152900000000002 -0.0
-21.1429 -0.0
-21.1329 -0.0
-21.1229 -0.0
-21.112900000000003 -0.0
-21.102899999999998 -0.0
-21.0929 -0.0
-21.082900000000002 -0.0
-21.0729 -0.0
-21.0629 -0.0
-21.0529 -0.0
-21.042900000000003 -0.0
-21.0329 -0.0
-21.0229 -0.0
-21.012900000000002 -0.0
-21.0029 -0.0
-20.9929 -0.0
-20.9829 -0.0
-20.972900000000003 -0.0
-20.9629 -0.0
-20.9529 -0.0
-20.9429 -0.0
-20.9329 -0.0
-20.9229 -0.0
-20.9129 -0.0
-20.902900000000002 -0.0
-20.8929 -0.0
-20.8829 -0.0
-20.8729 -0.0
-20.862900000000003 -0.0
-20.852899999999998 -0.0
-20.8429 -0.0
-20.832900000000002 -0.0
-20.8229 -0.0
-20.8129 -0.0
-20.8029 -0.0
-20.792900000000003 -0.0
-20.7829 -0.0
-20.7729 -0.0
-20.762900000000002 -0.0
-20.7529 -0.0
-20.7429 -0.0
-20.7329 -0.0
-20.722900000000003 -0.0
-20.7129 -0.0
-20.7029 -0.0
-20.6929 -0.0
-20.6829 -0.0
-20.6729 -0.0
-20.6629 -0.0
-20.652900000000002 -0.0
-20.6429 -0.0
-20.6329 -0.0
-20.6229 -0.0
-20.612900000000003 -0.0
-20.602899999999998 -0.0
-20.5929 -0.0
-20.582900000000002 -0.0
-20.5729 -0.0
-20.5629 -0.0
-20.5529 -0.0
-20.542900000000003 -0.0
-20.5329 -0.0
-20.5229 -0.0
-20.512900000000002 -0.0
-20.5029 -0.0
-20.4929 -0.0
-20.4829 -0.0
-20.472900000000003 -0.0
-20.4629 -0.0
-20.4529 -0.0
-20.4429 -0.0
-20.4329 -0.0
-20.4229 -0.0
-20.4129 -0.0
-20.402900000000002 -0.0
-20.3929 -0.0
-20.3829 -0.0
-20.3729 -0.0
-20.3629 -0.0
-20.3529 -0.0
-20.3429 -0.0
-20.332900000000002 -0.0
-20.3229 -0.0
-20.3129 -0.0
-20.3029 -0.0
-20.2929 -0.0
-20.2829 -0.0
-20.2729 -0.0
-20.262900000000002 -2.12554729e-14
-20.2529 -4.4647589100000006e-14
-20.2429 -9.26462199e-14
-20.2329 -2.4256720000000005e-13
-20.222900000000003 -4.959503e-13
-20.2129 -1.0041830000000002e-12
-20.2029 -2.0098980000000002e-12
-20.1929 -3.981213999999999e-12
-20.1829 -7.816887000000001e-12
-20.1729 -1.5139169999999998e-11
-20.1629 -2.922068000000001e-11
-20.152900000000002 -5.555696000000001e-11
-20.1429 -1.0450720000000001e-10
-20.1329 -1.9462710000000004e-10
-20.1229 -3.586095e-10
-20.1129 -6.531451999999999e-10
-20.1029 -1.1778369999999996e-09
-20.0929 -2.100739e-09
-20.082900000000002 -3.710408e-09
-20.0729 -6.488880000000001e-09
-20.0629 -1.120198e-08
-20.0529 -1.9178520000000002e-08
-20.0429 -3.247863e-08
-20.0329 -5.444626999999999e-08
-20.0229 -9.03422e-08
-20.012900000000002 -1.483512e-07
-20.0029 -2.4117380000000005e-07
-19.9929 -3.879966e-07
-19.9829 -6.180540000000001e-07
-19.972900000000003 -9.747300000000002e-07
-19.9629 -1.520731e-06
-19.9529 -2.3504470000000002e-06
-19.9429 -3.596715000000001e-06
-19.9329 -5.44827e-06
-19.9229 -8.178489999999999e-06
-19.9129 -1.214922e-05
-19.902900000000002 -1.786706e-05
-19.8929 -2.6042219999999997e-05
-19.8829 -3.75937e-05
-19.8729 -5.3765200000000005e-05
-19.8629 -7.62467e-05
-19.8529 -0.000107014
-19.8429 -0.0001487384
-19.832900000000002 -0.00020487389999999998
-19.8229 -0.000280202
-19.8129 -0.0003794560000000001
-19.8029 -0.000509491
-19.7929 -0.0006777879999999999
-19.7829 -0.0008948650000000001
-19.7729 -0.001173242
-19.762900000000002 -0.001522096
-19.7529 -0.0019610599999999997
-19.7429 -0.00250595
-19.7329 -0.00317523
-19.722900000000003 -0.003993899999999999
-19.7129 -0.004987729999999999
-19.7029 -0.006176339999999999
-19.6929 -0.0075882
-19.6829 -0.0092591
-19.6729 -0.0112104
-19.6629 -0.013479500000000002
-19.652900000000002 -0.0160848
-19.6429 -0.0190196
-19.6329 -0.0223765
-19.6229 -0.026107899999999996
-19.6129 -0.030249
-19.6029 -0.034775299999999995
-19.5929 -0.0397051
-19.582900000000002 -0.0450078
-19.5729 -0.05064640000000001
-19.5629 -0.056601
-19.5529 -0.0628022
-19.5429 -0.06921900000000002
-19.5329 -0.075904
-19.5229 -0.08228499999999998
-19.512900000000002 -0.089261
-19.5029 -0.095796
-19.4929 -0.102376
-19.4829 -0.10896499999999999
-19.472900000000003 -0.115093
-19.4629 -0.12130500000000001
-19.4529 -0.12749
-19.4429 -0.13325299999999998
-19.4329 -0.13890699999999995
-19.4229 -0.14487999999999995
-19.4129 -0.15039
-19.402900000000002 -0.15601299999999999
-19.3929 -0.16188899999999998
-19.3829 -0.16763999999999998
-19.3729 -0.17367
-19.3629 -0.17996299999999998
-19.3529 -0.186845
-19.3429 -0.19368999999999997
-19.332900000000002 -0.20075
-19.3229 -0.20829699999999998
-19.3129 -0.215933
-19.3029 -0.22338100000000002
-19.2929 -0.23103599999999996
-19.2829 -0.23898699999999998
-19.2729 -0.24637
-19.262900000000002 -0.25373999999999997
-19.2529 -0.26059999999999994
-19.2429 -0.26704999999999995
-19.2329 -0.2728
-19.222900000000003 -0.27816
-19.2129 -0.28300000000000003
-19.2029 -0.28714000000000006
-19.1929 -0.29068
-19.1829 -0.29372
-19.1729 -0.29613
-19.1629 -0.29846
-19.152900000000002 -0.3
-19.1429 -0.30185
-19.1329 -0.30350000000000005
-19.1229 -0.30528999999999995
-19.1129 -0.30728999999999995
-19.1029 -0.30974
-19.0929 -0.3129200000000001
-19.082900000000002 -0.31683999999999996
-19.0729 -0.32161
-19.0629 -0.3269500000000001
-19.0529 -0.33374000000000004
-19.0429 -0.34129000000000004
-19.0329 -0.3502100000000001
-19.0229 -0.3599900000000001
-19.012900000000002 -0.37084000000000006
-19.0029 -0.38274
-18.9929 -0.39499
-18.9829 -0.40819000000000005
-18.972900000000003 -0.42162999999999995
-18.9629 -0.43531
-18.9529 -0.44918999999999987
-18.9429 -0.4629
-18.9329 -0.47602
-18.9229 -0.48861
-18.9129 -0.5008
-18.902900000000002 -0.5119699999999999
-18.8929 -0.5226200000000001
-18.8829 -0.53195
-18.8729 -0.54054
-18.8629 -0.5480700000000001
-18.8529 -0.5543899999999999
-18.8429 -0.5599699999999999
-18.832900000000002 -0.5647300000000001
-18.8229 -0.56836
-18.8129 -0.57165
-18.8029 -0.57423
-18.7929 -0.57639
-18.7829 -0.57812
-18.7729 -0.5796499999999999
-18.762900000000002 -0.5807999999999999
-18.7529 -0.5816300000000001
-18.7429 -0.5829599999999999
-18.7329 -0.5838899999999999
-18.722900000000003 -0.5852200000000001
-18.7129 -0.58685
-18.7029 -0.5880799999999999
-18.6929 -0.58979
-18.6829 -0.5918199999999999
-18.6729 -0.5934
-18.6629 -0.59495
-18.652900000000002 -0.59658
-18.6429 -0.5979699999999999
-18.6329 -0.5992100000000001
-18.6229 -0.5998899999999999
-18.6129 -0.60031
-18.6029 -0.6002899999999999
-18.5929 -0.5998
-18.582900000000002 -0.59845
-18.5729 -0.5966400000000001
-18.5629 -0.59397
-18.5529 -0.59096
-18.5429 -0.58734
-18.5329 -0.58303
-18.5229 -0.57852
-18.512900000000002 -0.5734200000000002
-18.5029 -0.56814
-18.4929 -0.56248
-18.4829 -0.5568600000000001
-18.472900000000003 -0.5509
-18.4629 -0.5448500000000001
-18.4529 -0.53905
-18.4429 -0.53358
-18.4329 -0.52806
-18.4229 -0.5228499999999999
-18.4129 -0.5179
-18.402900000000002 -0.5133899999999999
-18.3929 -0.5094
-18.3829 -0.50594
-18.3729 -0.50269
-18.3629 -0.49956
-18.3529 -0.49703999999999987
-18.3429 -0.49462999999999996
-18.332900000000002 -0.4924
-18.3229 -0.4902699999999999
-18.3129 -0.48791999999999996
-18.3029 -0.48560000000000003
-18.2929 -0.4829000000000001
-18.2829 -0.47959999999999997
-18.2729 -0.4761000000000001
-18.262900000000002 -0.47189999999999993
-18.2529 -0.467
-18.2429 -0.46140000000000003
-18.2329 -0.45549999999999996
-18.222900000000003 -0.449
-18.2129 -0.44189999999999996
-18.2029 -0.4349
-18.1929 -0.4276700000000001
-18.1829 -0.42048
-18.1729 -0.41329999999999995
-18.1629 -0.40684999999999993
-18.152900000000002 -0.4007299999999999
-18.1429 -0.39575999999999995
-18.1329 -0.3918499999999999
-18.1229 -0.38872
-18.1129 -0.38737
-18.1029 -0.3871899999999999
-18.0929 -0.38867999999999997
-18.082900000000002 -0.3919999999999999
-18.0729 -0.3964
-18.0629 -0.4032
-18.0529 -0.4117
-18.0429 -0.4220999999999999
-18.0329 -0.4344000000000001
-18.0229 -0.449
-18.012900000000002 -0.46519999999999984
-18.0029 -0.4842000000000001
-17.9929 -0.5045000000000001
-17.9829 -0.5275000000000001
-17.972900000000003 -0.5523000000000001
-17.9629 -0.5792
-17.9529 -0.6079999999999999
-17.9429 -0.6386999999999999
-17.9329 -0.6708000000000001
-17.9229 -0.7045999999999999
-17.9129 -0.7396
-17.902900000000002 -0.7749
-17.8929 -0.8108
-17.8829 -0.8469000000000001
-17.8729 -0.8822999999999999
-17.8629 -0.9181999999999998
-17.8529 -0.9504999999999999
-17.8429 -0.9825999999999998
-17.832900000000002 -1.013
-17.8229 -1.0405
-17.8129 -1.0641
-17.8029 -1.0854999999999997
-17.7929 -1.1035000000000001
-17.7829 -1.1168
-17.7729 -1.1293
-17.762900000000002 -1.1369
-17.7529 -1.1398000000000001
-17.7429 -1.1418000000000004
-17.7329 -1.1397
-17.722900000000003 -1.1367
-17.7129 -1.1318000000000001
-17.7029 -1.1243999999999998
-17.6929 -1.1164
-17.6829 -1.1093
-17.6729 -1.1018999999999997
-17.6629 -1.0955
-17.652900000000002 -1.0867999999999998
-17.6429 -1.0822999999999998
-17.6329 -1.078
-17.6229 -1.0740999999999998
-17.6129 -1.0730000000000002
-17.6029 -1.0729
-17.5929 -1.0735999999999999
-17.582900000000002 -1.0749
-17.5729 -1.0772
-17.5629 -1.0794000000000001
-17.5529 -1.0816
-17.5429 -1.0831
-17.5329 -1.0836
-17.5229 -1.0827
-17.512900000000002 -1.0801000000000003
-17.5029 -1.075
-17.4929 -1.0675
-17.4829 -1.0569
-17.472900000000003 -1.04331
-17.4629 -1.02625
-17.4529 -1.0054499999999997
-17.4429 -0.9809300000000001
-17.4329 -0.9532100000000002
-17.4229 -0.9214100000000002
-17.4129 -0.8861400000000003
-17.402900000000002 -0.84762
-17.3929 -0.8056300000000001
-17.3829 -0.76172
-17.3729 -0.7151700000000001
-17.3629 -0.66679
-17.3529 -0.61768
-17.3429 -0.56794
-17.332900000000002 -0.5185
-17.3229 -0.4692200000000001
-17.3129 -0.42149000000000003
-17.3029 -0.37567999999999996
-17.2929 -0.33172
-17.2829 -0.2905
-17.2729 -0.25234
-17.262900000000002 -0.21722699999999995
-17.2529 -0.185203
-17.2429 -0.15647099999999997
-17.2329 -0.131129
-17.222900000000003 -0.10870000000000002
-17.2129 -0.089389
-17.2029 -0.07275300000000001
-17.1929 -0.058648000000000006
-17.1829 -0.046828
-17.1729 -0.037028
-17.1629 -0.028978
-17.152900000000002 -0.0224861
-17.1429 -0.0172536
-17.1329 -0.0131275
-17.1229 -0.009873200000000002
-17.1129 -0.007355100000000002
-17.1029 -0.0054239000000000015
-17.0929 -0.0039606
-17.082900000000002 -0.0028627200000000005
-17.0729 -0.00204772
-17.0629 -0.00145045
-17.0529 -0.0010185000000000003
-17.0429 -0.0007066400000000001
-17.0329 -0.00048568
-17.0229 -0.00033037200000000005
-17.012900000000002 -0.00022236100000000002
-17.0029 -0.000148164
-16.9929 -9.776899999999998e-05
-16.9829 -6.3869e-05
-16.972900000000003 -4.1283e-05
-16.9629 -2.6397400000000002e-05
-16.9529 -1.67194e-05
-16.9429 -1.0495799999999999e-05
-16.9329 -6.501299999999997e-06
-16.9229 -3.993800000000001e-06
-16.9129 -2.4274300000000002e-06
-16.902900000000002 -1.4595900000000001e-06
-16.8929 -8.678399999999999e-07
-16.8829 -5.122200000000002e-07
-16.8729 -2.98599e-07
-16.8629 -1.72366e-07
-16.8529 -9.8581e-08
-16.8429 -5.5690000000000004e-08
-16.832900000000002 -3.116170000000001e-08
-16.8229 -1.72667e-08
-16.8129 -9.4605e-09
-16.8029 -5.1352e-09
-16.7929 -2.7566900000000003e-09
-16.7829 -1.46548e-09
-16.7729 -7.6983e-10
-16.762900000000002 -4.0097900000000004e-10
-16.7529 -2.0656400000000002e-10
-16.7429 -1.0523200000000001e-10
-16.7329 -5.304010000000001e-11
-16.722900000000003 -2.63038e-11
-16.7129 -1.26324e-11
-16.7029 -5.90115e-12
-16.6929 -2.4358499999999996e-12
-16.6829 -1.0556199999999999e-12
-16.6729 -3.96927e-13
-16.6629 -1.027797e-13
-16.652900000000002 -1.3563000146260001e-14
-16.6429 -0.0
-16.6329 -0.0
-16.6229 -0.0
-16.6129 -0.0
-16.6029 -0.0
-16.5929 -0.0
-16.582900000000002 -0.0
-16.5729 -0.0
-16.5629 -0.0
-16.5529 -0.0
-16.5429 -0.0
-16.5329 -0.0
-16.5229 -0.0
-16.512900000000002 -0.0
-16.5029 -0.0
-16.4929 -0.0
-16.4829 -0.0
-16.472900000000003 -0.0
-16.4629 -0.0
-16.4529 -0.0
-16.4429 -0.0
-16.4329 -0.0
-16.4229 -0.0
-16.4129 -0.0
-16.402900000000002 -0.0
-16.3929 -0.0
-16.3829 -0.0
-16.3729 -0.0
-16.3629 -0.0
-16.3529 -0.0
-16.3429 -0.0
-16.332900000000002 -0.0
-16.3229 -0.0
-16.3129 -0.0
-16.3029 -0.0
-16.2929 -0.0
-16.2829 -0.0
-16.2729 -0.0
-16.262900000000002 -0.0
-16.2529 -0.0
-16.2429 -0.0
-16.2329 -0.0
-16.2229 -0.0
-16.2129 -0.0
-16.2029 -0.0
-16.1929 -0.0
-16.1829 -0.0
-16.172900000000002 -0.0
-16.1629 -0.0
-16.152900000000002 -0.0
-16.1429 -0.0
-16.1329 -0.0
-16.1229 -0.0
-16.1129 -0.0
-16.1029 -0.0
-16.0929 -0.0
-16.082900000000002 -0.0
-16.0729 -0.0
-16.0629 -0.0
-16.0529 -0.0
-16.0429 -0.0
-16.0329 -0.0
-16.0229 -0.0
-16.012900000000002 -0.0
-16.0029 -0.0
-15.9929 -0.0
-15.9829 -0.0
-15.972900000000001 -0.0
-15.962900000000001 -0.0
-15.9529 -0.0
-15.942900000000002 -0.0
-15.9329 -0.0
-15.9229 -0.0
-15.9129 -0.0
-15.9029 -0.0
-15.892900000000001 -0.0
-15.882900000000001 -0.0
-15.872900000000001 -0.0
-15.8629 -0.0
-15.852900000000002 -0.0
-15.8429 -0.0
-15.8329 -0.0
-15.8229 -0.0
-15.8129 -0.0
-15.802900000000001 -0.0
-15.792900000000001 -0.0
-15.782900000000001 -0.0
-15.7729 -0.0
-15.7629 -0.0
-15.7529 -0.0
-15.7429 -0.0
-15.7329 -0.0
-15.722900000000001 -0.0
-15.712900000000001 -0.0
-15.7029 -0.0
-15.692900000000002 -0.0
-15.6829 -0.0
-15.6729 -0.0
-15.6629 -0.0
-15.6529 -0.0
-15.642900000000001 -0.0
-15.632900000000001 -0.0
-15.622900000000001 -0.0
-15.6129 -0.0
-15.602900000000002 -0.0
-15.5929 -0.0
-15.5829 -0.0
-15.5729 -0.0
-15.5629 -0.0
-15.552900000000001 -0.0
-15.542900000000001 -0.0
-15.532900000000001 -0.0
-15.5229 -0.0
-15.5129 -0.0
-15.5029 -0.0
-15.4929 -0.0
-15.4829 -0.0
-15.472900000000001 -0.0
-15.462900000000001 -0.0
-15.4529 -0.0
-15.442900000000002 -0.0
-15.4329 -0.0
-15.4229 -0.0
-15.4129 -0.0
-15.4029 -0.0
-15.392900000000001 -0.0
-15.382900000000001 -0.0
-15.372900000000001 -0.0
-15.3629 -0.0
-15.352900000000002 -0.0
-15.3429 -0.0
-15.3329 -0.0
-15.3229 -0.0
-15.3129 -0.0
-15.302900000000001 -0.0
-15.292900000000001 -0.0
-15.282900000000001 -0.0
-15.2729 -0.0
-15.2629 -0.0
-15.2529 -0.0
-15.2429 -0.0
-15.2329 -0.0
-15.222900000000001 -0.0
-15.212900000000001 -0.0
-15.2029 -0.0
-15.192900000000002 -0.0
-15.1829 -0.0
-15.1729 -0.0
-15.1629 -0.0
-15.1529 -0.0
-15.142900000000001 -0.0
-15.132900000000001 -0.0
-15.122900000000001 -0.0
-15.1129 -0.0
-15.102900000000002 -0.0
-15.0929 -0.0
-15.0829 -0.0
-15.0729 -0.0
-15.0629 -0.0
-15.052900000000001 -0.0
-15.042900000000001 -0.0
-15.032900000000001 -0.0
-15.0229 -0.0
-15.0129 -0.0
-15.0029 -0.0
-14.9929 -0.0
-14.9829 -0.0
-14.972900000000001 -0.0
-14.962900000000001 -0.0
-14.9529 -0.0
-14.942900000000002 -0.0
-14.9329 -0.0
-14.9229 -0.0
-14.9129 -0.0
-14.9029 -0.0
-14.892900000000001 -0.0
-14.882900000000001 -0.0
-14.872900000000001 -0.0
-14.8629 -0.0
-14.852900000000002 -0.0
-14.8429 -0.0
-14.8329 -0.0
-14.8229 -0.0
-14.8129 -0.0
-14.802900000000001 -0.0
-14.792900000000001 -0.0
-14.782900000000001 -0.0
-14.7729 -0.0
-14.7629 -0.0
-14.7529 -0.0
-14.7429 -0.0
-14.7329 -0.0
-14.722900000000001 -0.0
-14.712900000000001 -0.0
-14.7029 -0.0
-14.692900000000002 -0.0
-14.6829 -0.0
-14.6729 -0.0
-14.6629 -0.0
-14.6529 -0.0
-14.642900000000001 -0.0
-14.632900000000001 -0.0
-14.622900000000001 -0.0
-14.6129 -0.0
-14.602900000000002 -0.0
-14.5929 -0.0
-14.5829 -0.0
-14.5729 -0.0
-14.5629 -0.0
-14.552900000000001 -0.0
-14.542900000000001 -0.0
-14.532900000000001 -0.0
-14.5229 -0.0
-14.5129 -0.0
-14.5029 -0.0
-14.4929 -0.0
-14.4829 -0.0
-14.472900000000001 -0.0
-14.462900000000001 -0.0
-14.4529 -0.0
-14.442900000000002 -0.0
-14.4329 -0.0
-14.4229 -0.0
-14.4129 -0.0
-14.4029 -0.0
-14.392900000000001 -0.0
-14.382900000000001 -0.0
-14.372900000000001 -0.0
-14.3629 -0.0
-14.3529 -0.0
-14.3429 -0.0
-14.3329 -0.0
-14.3229 -0.0
-14.3129 -0.0
-14.302900000000001 -0.0
-14.292900000000001 -0.0
-14.282900000000001 -0.0
-14.2729 -0.0
-14.2629 -0.0
-14.2529 -0.0
-14.2429 -0.0
-14.2329 -0.0
-14.222900000000001 -0.0
-14.212900000000001 -0.0
-14.202900000000001 -0.0
-14.192900000000002 -0.0
-14.1829 -0.0
-14.1729 -0.0
-14.1629 -0.0
-14.1529 -0.0
-14.142900000000001 -0.0
-14.132900000000001 -0.0
-14.122900000000001 -0.0
-14.1129 -0.0
-14.1029 -0.0
-14.0929 -0.0
-14.0829 -0.0
-14.0729 -0.0
-14.0629 -0.0
-14.052900000000001 -0.0
-14.042900000000001 -0.0
-14.032900000000001 -0.0
-14.0229 -0.0
-14.0129 -0.0
-14.0029 -0.0
-13.9929 -0.0
-13.9829 -0.0
-13.972900000000001 -0.0
-13.962900000000001 -0.0
-13.952900000000001 -0.0
-13.942900000000002 -0.0
-13.9329 -0.0
-13.9229 -0.0
-13.9129 -0.0
-13.9029 -0.0
-13.892900000000001 -0.0
-13.882900000000001 -0.0
-13.872900000000001 -0.0
-13.8629 -0.0
-13.8529 -0.0
-13.8429 -0.0
-13.8329 -0.0
-13.8229 -0.0
-13.8129 -0.0
-13.802900000000001 -0.0
-13.792900000000001 -0.0
-13.782900000000001 -0.0
-13.7729 -0.0
-13.7629 -0.0
-13.7529 -0.0
-13.7429 -0.0
-13.7329 -0.0
-13.722900000000001 -0.0
-13.712900000000001 -0.0
-13.702900000000001 -0.0
-13.692900000000002 -0.0
-13.6829 -0.0
-13.6729 -0.0
-13.6629 -0.0
-13.6529 -0.0
-13.642900000000001 -0.0
-13.632900000000001 -0.0
-13.622900000000001 -0.0
-13.6129 -0.0
-13.6029 -0.0
-13.5929 -0.0
-13.5829 -0.0
-13.5729 -0.0
-13.5629 -0.0
-13.552900000000001 -0.0
-13.542900000000001 -0.0
-13.532900000000001 -0.0
-13.5229 -0.0
-13.5129 -0.0
-13.5029 -0.0
-13.4929 -0.0
-13.4829 -0.0
-13.472900000000001 -0.0
-13.462900000000001 -0.0
-13.452900000000001 -0.0
-13.442900000000002 -0.0
-13.4329 -0.0
-13.4229 -0.0
-13.4129 -0.0
-13.4029 -0.0
-13.392900000000001 -0.0
-13.382900000000001 -0.0
-13.372900000000001 -0.0
-13.3629 -0.0
-13.3529 -0.0
-13.3429 -0.0
-13.3329 -0.0
-13.3229 -0.0
-13.3129 -0.0
-13.302900000000001 -0.0
-13.292900000000001 -0.0
-13.282900000000001 -0.0
-13.2729 -0.0
-13.2629 -0.0
-13.2529 -0.0
-13.2429 -0.0
-13.2329 -0.0
-13.222900000000001 -0.0
-13.212900000000001 -0.0
-13.202900000000001 -0.0
-13.192900000000002 -0.0
-13.1829 -0.0
-13.1729 -0.0
-13.1629 -0.0
-13.1529 -0.0
-13.142900000000001 -0.0
-13.132900000000001 -0.0
-13.122900000000001 -0.0
-13.1129 -0.0
-13.1029 -0.0
-13.0929 -0.0
-13.0829 -0.0
-13.0729 -0.0
-13.0629 -0.0
-13.052900000000001 -0.0
-13.042900000000001 -0.0
-13.032900000000001 -0.0
-13.0229 -0.0
-13.0129 -0.0
-13.0029 -0.0
-12.9929 -0.0
-12.9829 -0.0
-12.972900000000001 -0.0
-12.962900000000001 -0.0
-12.952900000000001 -0.0
-12.942900000000002 -0.0
-12.9329 -0.0
-12.9229 -0.0
-12.9129 -0.0
-12.9029 -0.0
-12.892900000000001 -0.0
-12.882900000000001 -0.0
-12.872900000000001 -0.0
-12.862900000000002 -0.0
-12.8529 -0.0
-12.8429 -0.0
-12.8329 -0.0
-12.8229 -0.0
-12.8129 -0.0
-12.802900000000001 -0.0
-12.792900000000001 -0.0
-12.782900000000001 -0.0
-12.7729 -0.0
-12.7629 -0.0
-12.7529 -0.0
-12.7429 -0.0
-12.7329 -0.0
-12.722900000000001 -0.0
-12.712900000000001 -0.0
-12.702900000000001 -0.0
-12.6929 -0.0
-12.6829 -0.0
-12.6729 -0.0
-12.6629 -0.0
-12.6529 -0.0
-12.642900000000001 -0.0
-12.632900000000001 -0.0
-12.622900000000001 -0.0
-12.612900000000002 -0.0
-12.6029 -0.0
-12.5929 -0.0
-12.5829 -0.0
-12.5729 -0.0
-12.5629 -0.0
-12.552900000000001 -0.0
-12.542900000000001 -0.0
-12.532900000000001 -0.0
-12.5229 -0.0
-12.5129 -0.0
-12.5029 -0.0
-12.4929 -0.0
-12.4829 -0.0
-12.472900000000001 -0.0
-12.462900000000001 -0.0
-12.452900000000001 -0.0
-12.4429 -0.0
-12.4329 -0.0
-12.4229 -0.0
-12.4129 -0.0
-12.4029 -0.0
-12.392900000000001 -0.0
-12.382900000000001 -0.0
-12.372900000000001 -0.0
-12.362900000000002 -0.0
-12.3529 -0.0
-12.3429 -0.0
-12.3329 -0.0
-12.3229 -0.0
-12.3129 -0.0
-12.302900000000001 -0.0
-12.292900000000001 -0.0
-12.282900000000001 -0.0
-12.2729 -0.0
-12.2629 -0.0
-12.2529 -0.0
-12.2429 -0.0
-12.2329 -0.0
-12.222900000000001 -0.0
-12.212900000000001 -0.0
-12.202900000000001 -0.0
-12.1929 -0.0
-12.1829 -0.0
-12.1729 -0.0
-12.1629 -0.0
-12.1529 -0.0
-12.142900000000001 -0.0
-12.132900000000001 -0.0
-12.122900000000001 -0.0
-12.112900000000002 -0.0
-12.1029 -0.0
-12.0929 -0.0
-12.0829 -0.0
-12.0729 -0.0
-12.0629 -0.0
-12.052900000000001 -0.0
-12.042900000000001 -0.0
-12.032900000000001 -0.0
-12.0229 -0.0
-12.0129 -0.0
-12.0029 -0.0
-11.9929 -0.0
-11.9829 -0.0
-11.972900000000001 -0.0
-11.962900000000001 -0.0
-11.952900000000001 -0.0
-11.9429 -0.0
-11.9329 -0.0
-11.9229 -0.0
-11.9129 -0.0
-11.9029 -0.0
-11.892900000000001 -0.0
-11.882900000000001 -0.0
-11.872900000000001 -0.0
-11.8629 -0.0
-11.8529 -0.0
-11.8429 -0.0
-11.8329 -0.0
-11.8229 -0.0
-11.8129 -0.0
-11.802900000000001 -0.0
-11.792900000000001 -0.0
-11.782900000000001 -0.0
-11.7729 -0.0
-11.7629 -0.0
-11.7529 -0.0
-11.7429 -0.0
-11.7329 -0.0
-11.722900000000001 -0.0
-11.712900000000001 -0.0
-11.702900000000001 -0.0
-11.692900000000002 -0.0
-11.6829 -0.0
-11.6729 -0.0
-11.6629 -0.0
-11.6529 -0.0
-11.642900000000001 -0.0
-11.632900000000001 -0.0
-11.622900000000001 -0.0
-11.6129 -0.0
-11.6029 -0.0
-11.5929 -0.0
-11.5829 -0.0
-11.5729 -0.0
-11.5629 -0.0
-11.552900000000001 -0.0
-11.542900000000001 -0.0
-11.532900000000001 -0.0
-11.5229 -0.0
-11.5129 -0.0
-11.5029 -0.0
-11.4929 -0.0
-11.4829 -0.0
-11.472900000000001 -0.0
-11.462900000000001 -0.0
-11.452900000000001 -0.0
-11.442900000000002 -0.0
-11.4329 -0.0
-11.4229 -3.7918479999999995e-13
-11.4129 -7.94673e-13
-11.4029 -2.179516e-12
-11.392900000000001 -4.50124e-12
-11.382900000000001 -1.0096469999999999e-11
-11.372900000000001 -2.107117e-11
-11.3629 -4.293958e-11
-11.3529 -8.53353e-11
-11.3429 -1.6815019999999997e-10
-11.3329 -3.284332e-10
-11.3229 -6.354869999999999e-10
-11.3129 -1.214503e-09
-11.302900000000001 -2.298887e-09
-11.292900000000001 -4.308256e-09
-11.282900000000001 -7.98915e-09
-11.2729 -1.461674e-08
-11.2629 -2.6540059999999997e-08
-11.2529 -4.765363e-08
-11.2429 -8.473589999999999e-08
-11.2329 -1.490942e-07
-11.222900000000001 -2.595583e-07
-11.212900000000001 -4.4759509999999997e-07
-11.202900000000001 -7.636579999999999e-07
-11.192900000000002 -1.291245e-06
-11.1829 -2.1588400000000002e-06
-11.1729 -3.5752079999999995e-06
-11.1629 -5.8612200000000004e-06
-11.1529 -9.523220000000002e-06
-11.142900000000001 -1.5294e-05
-11.132900000000001 -2.4333319999999998e-05
-11.122900000000001 -3.837631000000001e-05
-11.1129 -5.99054e-05
-11.1029 -9.251189999999998e-05
-11.0929 -0.00014174480000000002
-11.0829 -0.00021488929999999998
-11.0729 -0.00032274009999999994
-11.0629 -0.00048052809999999996
-11.052900000000001 -0.000708236
-11.042900000000001 -0.001035106
-11.032900000000001 -0.001496191
-11.0229 -0.0021469209999999996
-11.0129 -0.0030508979999999994
-11.0029 -0.0042968979999999995
-10.9929 -0.005994879
-10.9829 -0.008303200000000002
-10.972900000000001 -0.01138037
-10.962900000000001 -0.01547649
-10.952900000000001 -0.02088393
-10.942900000000002 -0.027925859999999993
-10.9329 -0.03701574999999999
-10.9229 -0.048688140000000005
-10.9129 -0.06355785
-10.9029 -0.0822206
-10.892900000000001 -0.1055245
-10.882900000000001 -0.1342752
-10.872900000000001 -0.16958209999999999
-10.8629 -0.2125535
-10.8529 -0.2643022
-10.8429 -0.32633489999999993
-10.8329 -0.3994615000000001
-10.8229 -0.4851973
-10.8129 -0.5848468000000001
-10.802900000000001 -0.6990188
-10.792900000000001 -0.830126
-10.782900000000001 -0.979364
-10.7729 -1.1437549999999999
-10.7629 -1.325271
-10.7529 -1.5269369999999998
-10.7429 -1.7417179999999997
-10.7329 -1.9756370000000003
-10.722900000000001 -2.2216289999999996
-10.712900000000001 -2.4787170000000005
-10.702900000000001 -2.7448620000000004
-10.692900000000002 -3.017041
-10.6829 -3.2912030000000003
-10.6729 -3.5623430000000003
-10.6629 -3.8274270000000006
-10.6529 -4.082421
-10.642900000000001 -4.324273
-10.632900000000001 -4.548993
-10.622900000000001 -4.751511000000001
-10.6129 -4.932873999999999
-10.6029 -5.08601
-10.5929 -5.212941
-10.5829 -5.313683
-10.5729 -5.388216999999999
-10.5629 -5.433566
-10.552900000000001 -5.456737
-10.542900000000001 -5.454773
-10.532900000000001 -5.434695
-10.5229 -5.396484
-10.5129 -5.3422030000000005
-10.5029 -5.278882
-10.4929 -5.2035350000000005
-10.4829 -5.124150000000001
-10.472900000000001 -5.03978
-10.462900000000001 -4.951427
-10.452900000000001 -4.865069
-10.442900000000002 -4.779739
-10.4329 -4.692415
-10.4229 -4.61011
-10.4129 -4.5258329999999996
-10.4029 -4.445543
-10.392900000000001 -4.367239999999999
-10.382900000000001 -4.286924
-10.372900000000001 -4.210616
-10.3629 -4.131233
-10.352900000000002 -4.052848
-10.3429 -3.97444
-10.3329 -3.894
-10.3229 -3.815525
-10.3129 -3.7360510000000002
-10.302900000000001 -3.657556
-10.292900000000001 -3.57906
-10.282900000000001 -3.502594
-10.2729 -3.4301690000000002
-10.2629 -3.360769
-10.2529 -3.29643
-10.2429 -3.2361459999999997
-10.2329 -3.1839280000000003
-10.222900000000001 -3.1367949999999998
-10.212900000000001 -3.097758
-10.2029 -3.066798
-10.192900000000002 -3.0419240000000003
-10.1829 -3.024137
-10.1729 -3.0154239999999994
-10.1629 -3.012788
-10.1529 -3.0141960000000005
-10.142900000000001 -3.0216480000000003
-10.132900000000001 -3.032143
-10.122900000000001 -3.0476300000000003
-10.1129 -3.06013
-10.102900000000002 -3.0745980000000004
-10.0929 -3.0860040000000004
-10.0829 -3.094358
-10.0729 -3.098628
-10.0629 -3.095792
-10.052900000000001 -3.0838419999999998
-10.042900000000001 -3.063753
-10.032900000000001 -3.035538
-10.0229 -2.996174
-10.0129 -2.9466740000000002
-10.0029 -2.886045
-9.9929 -2.8172590000000004
-9.9829 -2.7393750000000003
-9.972900000000001 -2.6533749999999996
-9.962900000000001 -2.5623439999999995
-9.9529 -2.465215
-9.942900000000002 -2.367055
-9.9329 -2.2659070000000003
-9.9229 -2.166768
-9.9129 -2.0686699999999996
-9.9029 -1.9766260000000002
-9.892900000000001 -1.886664
-9.882900000000001 -1.806777
-9.872900000000001 -1.729988
-9.8629 -1.662293
-9.852900000000002 -1.6017130000000002
-9.8429 -1.5492289999999997
-9.8329 -1.503842
-9.8229 -1.464537
-9.8129 -1.432308
-9.802900000000001 -1.4041530000000002
-9.792900000000001 -1.3840630000000003
-9.782900000000001 -1.365035
-9.7729 -1.35304
-9.7629 -1.3390670000000002
-9.7529 -1.330114
-9.7429 -1.320163
-9.7329 -1.3112149999999998
-9.722900000000001 -1.305255
-9.712900000000001 -1.296265
-9.7029 -1.284247
-9.692900000000002 -1.2742280000000001
-9.6829 -1.261139
-9.6729 -1.245007
-9.6629 -1.2268150000000002
-9.6529 -1.207564
-9.642900000000001 -1.18226
-9.632900000000001 -1.1548860000000003
-9.622900000000001 -1.1244509999999999
-9.6129 -1.090974
-9.602900000000002 -1.0543969999999998
-9.5929 -1.0167873000000003
-9.5829 -0.9741280999999999
-9.5729 -0.9314288000000001
-9.5629 -0.8877088000000001
-9.552900000000001 -0.8429688000000001
-9.542900000000001 -0.7991993000000001
-9.532900000000001 -0.7534303
-9.5229 -0.7106923
-9.5129 -0.6699553999999999
-9.5029 -0.6312800000000001
-9.4929 -0.5942063000000001
-9.4829 -0.5608942
-9.472900000000001 -0.5306443999999999
-9.462900000000001 -0.5039364000000001
-9.4529 -0.4807902
-9.442900000000002 -0.460996
-9.4329 -0.4442636
-9.4229 -0.43069270000000004
-9.4129 -0.4201544
-9.4029 -0.4119622
-9.392900000000001 -0.4060192999999999
-9.382900000000001 -0.40220829999999996
-9.372900000000001 -0.4002279
-9.3629 -0.3996722
-9.352900000000002 -0.400445
-9.3429 -0.40253340000000004
-9.3329 -0.40534110000000007
-9.3229 -0.40906210000000004
-9.3129 -0.41369420000000007
-9.302900000000001 -0.4184334
-9.292900000000001 -0.4235766999999999
-9.282900000000001 -0.4287224
-9.2729 -0.43356710000000004
-9.2629 -0.43810170000000004
-9.2529 -0.44152420000000003
-9.2429 -0.4437327
-9.2329 -0.4444198999999999
-9.222900000000001 -0.44348400000000004
-9.212900000000001 -0.44012160000000006
-9.2029 -0.4346268
-9.192900000000002 -0.4267009
-9.1829 -0.41634329999999997
-9.1729 -0.40345319999999996
-9.1629 -0.38833490000000004
-9.1529 -0.37118809999999997
-9.142900000000001 -0.35241890000000003
-9.132900000000001 -0.33203269999999996
-9.122900000000001 -0.31062910000000005
-9.1129 -0.28872269999999994
-9.102900000000002 -0.26681010000000005
-9.0929 -0.24490166
-9.0829 -0.22379960000000004
-9.0729 -0.20381068000000002
-9.0629 -0.18473615000000004
-9.052900000000001 -0.16758101000000003
-9.042900000000001 -0.15194734000000001
-9.032900000000001 -0.13773509999999997
-9.0229 -0.12574432000000002
-9.0129 -0.11487800999999999
-9.0029 -0.10603010999999998
-8.9929 -0.09820261999999999
-8.9829 -0.09199547000000001
-8.972900000000001 -0.08670278999999999
-8.962900000000001 -0.08212565
-8.9529 -0.07836115
-8.942900000000002 -0.07520696
-8.9329 -0.07216162999999999
-8.9229 -0.06922354
-8.9129 -0.06649123
-8.9029 -0.06376320999999999
-8.892900000000001 -0.06081864
-8.882900000000001 -0.057716713
-8.872900000000001 -0.054526925
-8.8629 -0.051188560999999994
-8.852900000000002 -0.047731525
-8.8429 -0.044185405999999997
-8.8329 -0.040590407999999994
-8.8229 -0.036986131000000005
-8.8129 -0.03343287599999999
-8.802900000000001 -0.029970444
-8.792900000000001 -0.026629039
-8.782900000000001 -0.023458358000000006
-8.7729 -0.020488824
-8.7629 -0.017740094
-8.7529 -0.015232331
-8.7429 -0.0129454831
-8.7329 -0.0108994773
-8.722900000000001 -0.0090942832
-8.712900000000001 -0.0075298108
-8.7029 -0.006166034799999999
-8.692900000000002 -0.0050018649999999994
-8.6829 -0.0040222187999999996
-8.6729 -0.0032030549
-8.6629 -0.0025262873000000004
-8.6529 -0.0019748606
-8.642900000000001 -0.00152572477
-8.632900000000001 -0.00116982604
-8.622900000000001 -0.0008861252700000001
-8.6129 -0.0006655832400000001
-8.602900000000002 -0.0004953683700000001
-8.5929 -0.00036475391000000005
-8.5829 -0.00026571886
-8.5729 -0.00019174294999999998
-8.5629 -0.00013701445399999997
-8.552900000000001 -9.6721089e-05
-8.542900000000001 -6.765382800000001e-05
-8.532900000000001 -4.6936024000000005e-05
-8.5229 -3.2172349e-05
-8.5129 -2.18188505e-05
-8.5029 -1.4652660499999998e-05
-8.4929 -9.731628500000001e-06
-8.4829 -6.404170100000001e-06
-8.472900000000001 -4.1661871e-06
-8.462900000000001 -2.6818917999999996e-06
-8.4529 -1.7097481499999997e-06
-8.442900000000002 -1.0773568699999999e-06
-8.4329 -6.7146687e-07
-8.4229 -4.1490523999999994e-07
-8.4129 -2.5325347e-07
-8.4029 -1.53136941e-07
-8.392900000000001 -9.160768699999999e-08
-8.382900000000001 -5.4195939e-08
-8.372900000000001 -3.1764859999999995e-08
-8.3629 -1.8459778000000003e-08
-8.352900000000002 -1.072641e-08
-8.3429 -6.348165e-09
-8.3329 -4.05386e-09
-8.3229 -3.1648200000000002e-09
-8.3129 -3.4032500000000002e-09
-8.302900000000001 -4.85975e-09
-8.2929 -7.9984e-09
-8.282900000000001 -1.37766e-08
-8.2729 -2.3925100000000003e-08
-8.262900000000002 -4.13811e-08
-8.2529 -7.0899e-08
-8.2429 -1.20424e-07
-8.2329 -2.02417e-07
-8.222900000000001 -3.37094e-07
-8.212900000000001 -5.554300000000002e-07
-8.2029 -9.061300000000001e-07
-8.192900000000002 -1.4635700000000003e-06
-8.1829 -2.3404200000000006e-06
-8.1729 -3.709029999999999e-06
-8.1629 -5.812199999999999e-06
-8.1529 -9.0226e-06
-8.142900000000001 -1.3870499999999997e-05
-8.132900000000001 -2.11282e-05
-8.122900000000001 -3.1861400000000006e-05
-8.1129 -4.7537e-05
-8.102900000000002 -7.036199999999999e-05
-8.0929 -0.000102923
-8.0829 -0.000149369
-8.0729 -0.000214769
-8.0629 -0.000305766
-8.052900000000001 -0.00043099500000000004
-8.0429 -0.0006018
-8.032900000000001 -0.00083357
-8.0229 -0.0011429399999999998
-8.012900000000002 -0.00155231
-8.0029 -0.0020903899999999997
-7.992900000000001 -0.0027903800000000003
-7.982900000000001 -0.0036895399999999994
-7.972900000000001 -0.0048381
-7.9629 -0.006287099999999999
-7.9529000000000005 -0.0081036
-7.942900000000001 -0.010350899999999998
-7.932900000000001 -0.0131029
-7.9229 -0.0164612
-7.9129000000000005 -0.0205288
-7.902900000000001 -0.0253545
-7.892900000000001 -0.0310941
-7.882900000000001 -0.03782359999999999
-7.8729000000000005 -0.045664199999999995
-7.862900000000001 -0.05471199999999998
-7.852900000000001 -0.065087
-7.842900000000001 -0.076699
-7.8329 -0.089972
-7.822900000000001 -0.104772
-7.812900000000001 -0.12109799999999998
-7.802900000000001 -0.139011
-7.7929 -0.15851600000000002
-7.782900000000001 -0.179544
-7.772900000000001 -0.20223199999999997
-7.762900000000001 -0.226366
-7.7529 -0.25180600000000003
-7.742900000000001 -0.27839699999999995
-7.732900000000001 -0.30596700000000004
-7.722900000000001 -0.33452199999999993
-7.7129 -0.3637790000000001
-7.7029000000000005 -0.393176
-7.692900000000001 -0.422803
-7.682900000000001 -0.452356
-7.6729 -0.48148399999999997
-7.6629000000000005 -0.509747
-7.652900000000001 -0.537555
-7.642900000000001 -0.563697
-7.632900000000001 -0.588713
-7.6229000000000005 -0.6121440000000001
-7.612900000000001 -0.6339600000000001
-7.602900000000001 -0.653553
-7.592900000000001 -0.6714599999999997
-7.5829 -0.6873599999999999
-7.572900000000001 -0.70247
-7.562900000000001 -0.71437
-7.552900000000001 -0.7251699999999999
-7.5429 -0.7340799999999998
-7.532900000000001 -0.7398799999999999
-7.522900000000001 -0.7478
-7.512900000000001 -0.7518400000000001
-7.5029 -0.75598
-7.492900000000001 -0.7582599999999999
-7.482900000000001 -0.76162
-7.472900000000001 -0.7652300000000001
-7.4629 -0.76385
-7.4529000000000005 -0.7667800000000001
-7.442900000000001 -0.7688499999999999
-7.432900000000001 -0.76911
-7.4229 -0.76971
-7.4129000000000005 -0.77249
-7.402900000000001 -0.7724899999999999
-7.392900000000001 -0.7728
-7.382900000000001 -0.7741999999999999
-7.3729000000000005 -0.7740199999999999
-7.362900000000001 -0.7750099999999999
-7.352900000000001 -0.7750799999999999
-7.342900000000001 -0.7746500000000001
-7.3329 -0.77139
-7.322900000000001 -0.7712099999999998
-7.312900000000001 -0.7672100000000001
-7.302900000000001 -0.7632699999999999
-7.2929 -0.7596699999999998
-7.282900000000001 -0.7559299999999998
-7.272900000000001 -0.7492599999999999
-7.262900000000001 -0.7439499999999999
-7.2529 -0.7370899999999999
-7.242900000000001 -0.7296699999999998
-7.232900000000001 -0.7216100000000001
-7.222900000000001 -0.7133
-7.2129 -0.7048599999999999
-7.2029000000000005 -0.6962800000000001
-7.192900000000001 -0.68745
-7.182900000000001 -0.67889
-7.1729 -0.67031
-7.1629000000000005 -0.6621199999999998
-7.152900000000001 -0.6544000000000001
-7.142900000000001 -0.64707
-7.132900000000001 -0.64026
-7.1229000000000005 -0.6339199999999999
-7.112900000000001 -0.6283099999999999
-7.102900000000001 -0.623
-7.092900000000001 -0.6185999999999999
-7.0829 -0.6147199999999999
-7.072900000000001 -0.6110600000000002
-7.062900000000001 -0.608428
-7.052900000000001 -0.606399
-7.0429 -0.6051990000000002
-7.032900000000001 -0.604643
-7.022900000000001 -0.6049910000000001
-7.012900000000001 -0.605974
-7.0029 -0.6079689999999999
-6.992900000000001 -0.6112909999999999
-6.982900000000001 -0.615136
-6.972900000000001 -0.6201989999999998
-6.9629 -0.625882
-6.9529000000000005 -0.631979
-6.942900000000001 -0.638891
-6.932900000000001 -0.646216
-6.9229 -0.6530480000000001
-6.9129000000000005 -0.6595899999999999
-6.902900000000001 -0.665234
-6.892900000000001 -0.669779
-6.882900000000001 -0.672623
-6.8729000000000005 -0.673464
-6.862900000000001 -0.671697
-6.852900000000001 -0.667722
-6.842900000000001 -0.660639
-6.8329 -0.6500460000000001
-6.822900000000001 -0.636741
-6.812900000000001 -0.6199250000000001
-6.802900000000001 -0.599599
-6.7929 -0.576761
-6.782900000000001 -0.550916
-6.772900000000001 -0.5225660000000001
-6.762900000000001 -0.4924089999999999
-6.7529 -0.46064999999999995
-6.742900000000001 -0.427792
-6.732900000000001 -0.394514
-6.722900000000001 -0.36109199999999997
-6.7129 -0.32800399999999996
-6.7029000000000005 -0.295945
-6.692900000000001 -0.26506599999999997
-6.682900000000001 -0.23581399999999997
-6.6729 -0.20859599999999998
-6.6629000000000005 -0.18317799999999998
-6.652900000000001 -0.16018199999999996
-6.642900000000001 -0.13928700000000002
-6.632900000000001 -0.120662
-6.6229000000000005 -0.104388
-6.612900000000001 -0.090172
-6.602900000000001 -0.07804300000000002
-6.592900000000001 -0.067695
-6.5829 -0.059073
-6.572900000000001 -0.051968
-6.562900000000001 -0.04620899999999999
-6.552900000000001 -0.041626
-6.5429 -0.038079
-6.532900000000001 -0.03545600000000001
-6.522900000000001 -0.033609999999999994
-6.512900000000001 -0.032387
-6.5029 -0.031763
-6.492900000000001 -0.031633
-6.482900000000001 -0.031925999999999996
-6.472900000000001 -0.032536999999999996
-6.4629 -0.03347199999999999
-6.4529000000000005 -0.034661000000000004
-6.442900000000001 -0.036035
-6.432900000000001 -0.03763400000000001
-6.4229 -0.039403
-6.4129000000000005 -0.04127700000000001
-6.402900000000001 -0.04328100000000001
-6.392900000000001 -0.045378999999999996
-6.382900000000001 -0.047498
-6.3729000000000005 -0.049727
-6.362900000000001 -0.051966
-6.352900000000001 -0.05424500000000001
-6.342900000000001 -0.05651300000000001
-6.3329 -0.05881100000000001
-6.322900000000001 -0.061056000000000006
-6.312900000000001 -0.063228
-6.302900000000001 -0.06547099999999999
-6.2929 -0.06764200000000001
-6.282900000000001 -0.06967
-6.272900000000001 -0.07164699999999999
-6.262900000000001 -0.07366099999999999
-6.2529 -0.07565600000000001
-6.242900000000001 -0.07760199999999999
-6.232900000000001 -0.079599
-6.222900000000001 -0.08155899999999999
-6.2129 -0.083735
-6.2029000000000005 -0.08594900000000001
-6.192900000000001 -0.08863000000000001
-6.182900000000001 -0.091525
-6.1729 -0.094794
-6.1629000000000005 -0.09847299999999998
-6.152900000000001 -0.10269899999999997
-6.142900000000001 -0.10756700000000002
-6.132900000000001 -0.11292099999999998
-6.1229000000000005 -0.11896800000000002
-6.112900000000001 -0.12563000000000002
-6.102900000000001 -0.13300599999999999
-6.092900000000001 -0.140869
-6.0829 -0.14954299999999998
-6.072900000000001 -0.15862899999999994
-6.062900000000001 -0.16797700000000007
-6.052900000000001 -0.177981
-6.0429 -0.18781000000000003
-6.032900000000001 -0.19782999999999998
-6.022900000000001 -0.20776999999999995
-6.012900000000001 -0.21766
-6.0029 -0.22719999999999999
-5.992900000000001 -0.23644
-5.982900000000001 -0.24497
-5.972900000000001 -0.2528
-5.9629 -0.2599
-5.9529000000000005 -0.2663399999999999
-5.942900000000001 -0.2715600000000001
-5.932900000000001 -0.27596999999999994
-5.9229 -0.27953
-5.9129000000000005 -0.28193
-5.902900000000001 -0.28347
-5.892900000000001 -0.28423
-5.882900000000001 -0.2842300000000001
-5.8729000000000005 -0.28345999999999993
-5.862900000000001 -0.28251
-5.852900000000001 -0.28130000000000005
-5.842900000000001 -0.28004
-5.8329 -0.27921000000000007
-5.822900000000001 -0.27891999999999995
-5.812900000000001 -0.2796199999999999
-5.802900000000001 -0.28143000000000007
-5.7929 -0.28449
-5.782900000000001 -0.28963
-5.772900000000001 -0.29629999999999995
-5.762900000000001 -0.30542
-5.7529 -0.31682000000000005
-5.742900000000001 -0.33041999999999994
-5.732900000000001 -0.346664
-5.722900000000001 -0.3655609999999999
-5.7129 -0.386733
-5.7029000000000005 -0.41039700000000007
-5.692900000000001 -0.43635000000000007
-5.682900000000001 -0.46429499999999996
-5.6729 -0.494137
-5.6629000000000005 -0.525436
-5.652900000000001 -0.5586819999999999
-5.642900000000001 -0.590744
-5.632900000000001 -0.6255989999999999
-5.6229000000000005 -0.66011
-5.612900000000001 -0.69374
-5.602900000000001 -0.7280099999999999
-5.592900000000001 -0.7591100000000003
-5.5829 -0.7900599999999998
-5.572900000000001 -0.82003
-5.562900000000001 -0.8478899999999998
-5.552900000000001 -0.8746499999999999
-5.5429 -0.8972899999999999
-5.532900000000001 -0.9196000000000001
-5.522900000000001 -0.93989
-5.512900000000001 -0.9568400000000001
-5.5029 -0.97275
-5.492900000000001 -0.9853700000000002
-5.482900000000001 -0.9968799999999999
-5.472900000000001 -1.00724
-5.4629 -1.0175200000000002
-5.4529000000000005 -1.0257000000000003
-5.442900000000001 -1.0347799999999998
-5.432900000000001 -1.04486
-5.4229 -1.0542500000000001
-5.4129000000000005 -1.0644699999999998
-5.402900000000001 -1.0770000000000002
-5.392900000000001 -1.08964
-5.382900000000001 -1.1033899999999999
-5.3729000000000005 -1.11927
-5.362900000000001 -1.1361700000000003
-5.352900000000001 -1.15538
-5.342900000000001 -1.1725000000000003
-5.3329 -1.19274
-5.322900000000001 -1.2108499999999998
-5.312900000000001 -1.2320900000000001
-5.302900000000001 -1.2519199999999997
-5.2929 -1.2677399999999996
-5.282900000000001 -1.2864499999999994
-5.272900000000001 -1.2997
-5.262900000000001 -1.3134799999999998
-5.2529 -1.3230000000000002
-5.242900000000001 -1.3311199999999999
-5.232900000000001 -1.3401100000000001
-5.222900000000001 -1.34237
-5.2129 -1.34447
-5.2029000000000005 -1.3430700000000004
-5.192900000000001 -1.3395700000000004
-5.182900000000001 -1.3355299999999997
-5.1729 -1.3283800000000001
-5.1629000000000005 -1.32018
-5.152900000000001 -1.30867
-5.142900000000001 -1.2971800000000004
-5.132900000000001 -1.28486
-5.1229000000000005 -1.2713399999999997
-5.112900000000001 -1.2569
-5.102900000000001 -1.2427500000000002
-5.092900000000001 -1.2286199999999998
-5.0829 -1.21364
-5.072900000000001 -1.1987999999999996
-5.062900000000001 -1.18535
-5.052900000000001 -1.172
-5.0429 -1.1597500000000003
-5.032900000000001 -1.1478100000000004
-5.022900000000001 -1.13787
-5.012900000000001 -1.1282599999999998
-5.0029 -1.1226499999999997
-4.992900000000001 -1.1161599999999996
-4.982900000000001 -1.1139999999999997
-4.972900000000001 -1.11465
-4.9629 -1.11763
-4.9529000000000005 -1.12354
-4.942900000000001 -1.1315699999999997
-4.932900000000001 -1.14363
-4.9229 -1.1596100000000003
-4.9129000000000005 -1.1767300000000005
-4.902900000000001 -1.19699
-4.892900000000001 -1.21904
-4.882900000000001 -1.2431500000000002
-4.8729000000000005 -1.26935
-4.862900000000001 -1.2943799999999996
-4.852900000000001 -1.32069
-4.842900000000001 -1.3466099999999999
-4.8329 -1.3705299999999998
-4.822900000000001 -1.39345
-4.812900000000001 -1.41424
-4.802900000000001 -1.4311199999999997
-4.7929 -1.4455699999999998
-4.782900000000001 -1.45621
-4.772900000000001 -1.4625299999999997
-4.762900000000001 -1.4638099999999998
-4.7529 -1.4628799999999997
-4.742900000000001 -1.4569699999999997
-4.732900000000001 -1.4478099999999998
-4.722900000000001 -1.4354600000000002
-4.7129 -1.42117
-4.7029000000000005 -1.4027399999999999
-4.692900000000001 -1.38333
-4.682900000000001 -1.3639900000000003
-4.6729 -1.3444500000000001
-4.6629000000000005 -1.3212199999999998
-4.652900000000001 -1.30088
-4.642900000000001 -1.28164
-4.632900000000001 -1.2625900000000003
-4.6229000000000005 -1.2485100000000002
-4.612900000000001 -1.2307300000000003
-4.602900000000001 -1.2179000000000002
-4.592900000000001 -1.2043599999999997
-4.5829 -1.1948500000000002
-4.572900000000001 -1.1875200000000001
-4.562900000000001 -1.17927
-4.552900000000001 -1.1721
-4.5429 -1.1680400000000004
-4.532900000000001 -1.1610000000000003
-4.522900000000001 -1.15803
-4.512900000000001 -1.1551099999999996
-4.5029 -1.1492300000000002
-4.492900000000001 -1.14636
-4.482900000000001 -1.1435600000000004
-4.472900000000001 -1.1377599999999999
-4.4629 -1.1339299999999999
-4.4529000000000005 -1.12936
-4.442900000000001 -1.1227200000000002
-4.432900000000001 -1.11809
-4.4229 -1.1115400000000006
-4.4129000000000005 -1.1071900000000003
-4.402900000000001 -1.10204
-4.392900000000001 -1.09676
-4.382900000000001 -1.0915899999999998
-4.372900000000001 -1.08981
-4.3629000000000016 -1.0878199999999996
-4.3529 -1.08823
-4.3429 -1.0878
-4.3329 -1.09002
-4.322900000000001 -1.0905500000000001
-4.312900000000001 -1.0950899999999995
-4.302900000000001 -1.0993500000000003
-4.292900000000001 -1.10601
-4.2829000000000015 -1.1123900000000002
-4.2729 -1.1187600000000002
-4.2629 -1.1259599999999998
-4.2529 -1.13183
-4.242900000000001 -1.13882
-4.232900000000001 -1.14441
-4.222900000000001 -1.1498
-4.212900000000001 -1.1539000000000001
-4.202900000000001 -1.1566800000000004
-4.1929 -1.1584500000000002
-4.1829 -1.1567100000000001
-4.1729 -1.15495
-4.1629000000000005 -1.15089
-4.152900000000001 -1.1447200000000002
-4.142900000000001 -1.1371200000000001
-4.132900000000001 -1.1275
-4.122900000000001 -1.11576
-4.1129000000000016 -1.1027000000000002
-4.1029 -1.0877199999999998
-4.0929 -1.0728500000000003
-4.0829 -1.0547499999999999
-4.072900000000001 -1.0367399999999998
-4.062900000000001 -1.0188899999999999
-4.052900000000001 -1.00105
-4.042900000000001 -0.9843500000000001
-4.0329000000000015 -0.96488
-4.0229 -0.9505399999999999
-4.0129 -0.93341
-4.0029 -0.9195300000000001
-3.9929000000000006 -0.90991
-3.9829000000000008 -0.90249
-3.972900000000001 -0.89434
-3.962900000000001 -0.8914599999999999
-3.9529000000000014 -0.8888200000000003
-3.9429 -0.8894000000000003
-3.9329 -0.8932100000000001
-3.9229000000000003 -0.9002200000000002
-3.9129000000000005 -0.90844
-3.9029000000000007 -0.91785
-3.892900000000001 -0.9313400000000001
-3.882900000000001 -0.9460500000000001
-3.8729000000000013 -0.9618299999999997
-3.8629000000000016 -0.9777499999999999
-3.8529 -0.9965800000000001
-3.8429 -1.0133200000000002
-3.8329000000000004 -1.0323699999999998
-3.8229000000000006 -1.0484999999999995
-3.812900000000001 -1.06633
-3.802900000000001 -1.08086
-3.7929000000000013 -1.0943300000000005
-3.7829000000000015 -1.1060500000000002
-3.7729 -1.1163200000000004
-3.7629 -1.12237
-3.7529000000000003 -1.1284399999999999
-3.7429000000000006 -1.1321800000000004
-3.7329000000000008 -1.13169
-3.722900000000001 -1.1301300000000003
-3.712900000000001 -1.1273400000000002
-3.7029000000000014 -1.12435
-3.6929 -1.1191600000000002
-3.6829 -1.1120700000000001
-3.6729000000000003 -1.10566
-3.6629000000000005 -1.09929
-3.6529000000000007 -1.0938100000000002
-3.642900000000001 -1.0894700000000006
-3.632900000000001 -1.0859400000000006
-3.6229000000000013 -1.0835100000000006
-3.6129000000000016 -1.0809900000000001
-3.6029 -1.08261
-3.5929 -1.0834500000000005
-3.5829000000000004 -1.0860900000000002
-3.5729000000000006 -1.0889700000000002
-3.562900000000001 -1.0936400000000002
-3.552900000000001 -1.0967400000000003
-3.5429000000000013 -1.1016299999999999
-3.5329000000000015 -1.1045500000000001
-3.5229 -1.1065500000000001
-3.5129 -1.1093600000000003
-3.5029000000000003 -1.11048
-3.4929000000000006 -1.1092700000000002
-3.4829000000000008 -1.1080600000000005
-3.472900000000001 -1.10417
-3.462900000000001 -1.0998700000000001
-3.4529000000000014 -1.09364
-3.4429 -1.0875299999999999
-3.4329 -1.0793099999999998
-3.4229000000000003 -1.0731
-3.4129000000000005 -1.06619
-3.4029000000000007 -1.05997
-3.392900000000001 -1.05487
-3.382900000000001 -1.0490099999999998
-3.3729000000000013 -1.04843
-3.3629000000000016 -1.04677
-3.3529 -1.0471299999999997
-3.3429 -1.0518199999999998
-3.3329000000000004 -1.0575000000000003
-3.3229000000000006 -1.0644200000000001
-3.312900000000001 -1.07343
-3.302900000000001 -1.0815700000000001
-3.2929000000000013 -1.0927099999999996
-3.2829000000000015 -1.1050699999999998
-3.2729 -1.11523
-3.2629 -1.1264800000000001
-3.2529000000000003 -1.13863
-3.2429000000000006 -1.1489900000000002
-3.2329000000000008 -1.15614
-3.222900000000001 -1.1631699999999998
-3.212900000000001 -1.16721
-3.2029000000000014 -1.1700000000000004
-3.1929 -1.1707300000000005
-3.1829 -1.1672300000000002
-3.1729000000000003 -1.16159
-3.1629000000000005 -1.15574
-3.1529000000000007 -1.1448900000000002
-3.142900000000001 -1.13272
-3.132900000000001 -1.1195100000000002
-3.1229000000000013 -1.1029699999999998
-3.1129000000000016 -1.08543
-3.1029 -1.0655899999999998
-3.0929 -1.04364
-3.0829000000000004 -1.0206199999999999
-3.0729000000000006 -0.9955399999999999
-3.062900000000001 -0.96943
-3.052900000000001 -0.9441
-3.0429000000000013 -0.9177100000000002
-3.0329000000000015 -0.8903400000000001
-3.0229 -0.8630599999999997
-3.0129 -0.83566
-3.0029000000000003 -0.8084999999999999
-2.9929000000000006 -0.78125
-2.9829000000000008 -0.7552099999999999
-2.972900000000001 -0.7302299999999999
-2.962900000000001 -0.70744
-2.9529000000000014 -0.6850500000000002
-2.9429 -0.66295
-2.9329 -0.6440599999999999
-2.9229000000000003 -0.6265799999999999
-2.9129000000000005 -0.6113
-2.9029000000000007 -0.5982400000000001
-2.892900000000001 -0.5866899999999999
-2.882900000000001 -0.57736
-2.8729000000000013 -0.5700399999999999
-2.8629000000000016 -0.56456
-2.8529 -0.5609
-2.8429 -0.5589000000000001
-2.8329000000000004 -0.5583099999999999
-2.8229000000000006 -0.55897
-2.812900000000001 -0.56089
-2.802900000000001 -0.5639200000000001
-2.7929000000000013 -0.5677299999999998
-2.7829000000000015 -0.57207
-2.7729 -0.57719
-2.7629 -0.5826
-2.7529000000000003 -0.58791
-2.7429000000000006 -0.59339
-2.7329000000000008 -0.5985499999999999
-2.722900000000001 -0.60368
-2.712900000000001 -0.6081000000000001
-2.7029000000000014 -0.6121899999999999
-2.6929 -0.6157400000000001
-2.6829 -0.6185700000000001
-2.6729000000000003 -0.6206700000000002
-2.6629000000000005 -0.62213
-2.6529000000000007 -0.6229
-2.642900000000001 -0.6230300000000001
-2.632900000000001 -0.6226299999999999
-2.6229000000000013 -0.62174
-2.6129000000000016 -0.6206499999999999
-2.6029 -0.61945
-2.5929 -0.61807
-2.5829000000000004 -0.617
-2.5729000000000006 -0.6163799999999999
-2.562900000000001 -0.6159899999999999
-2.552900000000001 -0.61685
-2.5429000000000013 -0.61804
-2.5329000000000015 -0.6200899999999999
-2.5229 -0.6232100000000002
-2.5129 -0.6272900000000001
-2.5029000000000003 -0.6321300000000002
-2.4929000000000006 -0.6375199999999999
-2.4829000000000008 -0.64397
-2.472900000000001 -0.65068
-2.462900000000001 -0.65761
-2.4529000000000014 -0.6645899999999999
-2.4429 -0.67159
-2.4329 -0.6780200000000001
-2.4229000000000003 -0.6839399999999999
-2.4129000000000005 -0.68919
-2.4029000000000007 -0.69311
-2.392900000000001 -0.69603
-2.382900000000001 -0.6980000000000002
-2.3729000000000013 -0.69846
-2.3629000000000016 -0.6974800000000001
-2.3529 -0.69548
-2.3429 -0.6918
-2.3329000000000004 -0.6872799999999999
-2.3229000000000006 -0.6814100000000001
-2.312900000000001 -0.6744800000000001
-2.302900000000001 -0.66673
-2.2929000000000013 -0.65819
-2.2829000000000015 -0.6489000000000001
-2.2729 -0.6390499999999999
-2.2629 -0.62874
-2.2529000000000003 -0.6181700000000001
-2.2429000000000006 -0.6072500000000001
-2.2329000000000008 -0.59598
-2.222900000000001 -0.5845499999999999
-2.212900000000001 -0.5728599999999999
-2.2029000000000014 -0.5613999999999999
-2.1929 -0.54959
-2.1829 -0.5376300000000002
-2.1729000000000003 -0.52525
-2.1629000000000005 -0.51237
-2.1529000000000007 -0.49970000000000003
-2.142900000000001 -0.48649000000000003
-2.132900000000001 -0.47278
-2.1229000000000013 -0.45852
-2.1129000000000016 -0.44398999999999994
-2.1029 -0.4288199999999999
-2.0929 -0.41337999999999997
-2.0829000000000004 -0.39738
-2.0729000000000006 -0.38134000000000007
-2.062900000000001 -0.36495999999999995
-2.052900000000001 -0.34856000000000004
-2.0429000000000013 -0.33253
-2.0329000000000015 -0.31699
-2.0229 -0.30216
-2.0129 -0.28802999999999995
-2.0029000000000003 -0.27504
-1.9929000000000006 -0.26347
-1.9829000000000008 -0.2534600000000001
-1.972900000000001 -0.24498999999999999
-1.9629000000000012 -0.23857000000000003
-1.9529000000000014 -0.23413
-1.9428999999999998 -0.23184
-1.9329 -0.23152999999999996
-1.9229000000000003 -0.23369999999999996
-1.9129000000000005 -0.23761000000000002
-1.9029000000000007 -0.24379999999999996
-1.892900000000001 -0.25205000000000005
-1.8829000000000011 -0.26207
-1.8729000000000013 -0.27364
-1.8629000000000016 -0.28715
-1.8529 -0.30201
-1.8429000000000002 -0.31772
-1.8329000000000004 -0.33465
-1.8229000000000006 -0.35222
-1.8129000000000008 -0.3703099999999999
-1.802900000000001 -0.38893
-1.7929000000000013 -0.40706
-1.7829000000000015 -0.42538999999999993
-1.7729 -0.4433599999999999
-1.7629000000000001 -0.46071
-1.7529000000000003 -0.47686
-1.7429000000000006 -0.49233599999999994
-1.7329000000000008 -0.5066900000000001
-1.722900000000001 -0.5195460000000001
-1.7129000000000012 -0.531302
-1.7029000000000014 -0.541737
-1.6928999999999998 -0.550472
-1.6829 -0.557886
-1.6729000000000003 -0.563999
-1.6629000000000005 -0.5688110000000001
-1.6529000000000007 -0.572401
-1.642900000000001 -0.575182
-1.6329000000000011 -0.5771520000000001
-1.6229000000000013 -0.5781209999999999
-1.6129000000000016 -0.5789030000000001
-1.6029 -0.5792649999999999
-1.5929000000000002 -0.5796279999999999
-1.5829000000000004 -0.5797950000000001
-1.5729000000000006 -0.5804630000000001
-1.5629000000000008 -0.5815369999999999
-1.552900000000001 -0.582914
-1.5429000000000013 -0.585294
-1.5329000000000015 -0.5884999999999999
-1.5229 -0.5927129999999999
-1.5129000000000001 -0.597639
-1.5029000000000003 -0.603981
-1.4929000000000006 -0.6112339999999999
-1.4829000000000008 -0.6195029999999999
-1.472900000000001 -0.6289839999999999
-1.4629000000000012 -0.6391770000000001
-1.4529000000000014 -0.6503820000000001
-1.4428999999999998 -0.662595
-1.4329 -0.6750149999999999
-1.4229000000000003 -0.688444
-1.4129000000000005 -0.702276
-1.4029000000000007 -0.71641
-1.392900000000001 -0.7308460000000001
-1.3829000000000011 -0.74558
-1.3729000000000013 -0.7606139999999999
-1.3629000000000016 -0.776647
-1.3529 -0.7905760000000001
-1.3429000000000002 -0.807404
-1.3329000000000004 -0.82443
-1.3229000000000006 -0.8402560000000001
-1.3129000000000008 -0.85838
-1.302900000000001 -0.8755100000000001
-1.2929000000000013 -0.892537
-1.2829000000000015 -0.91197
-1.2729 -0.9306060000000002
-1.2629000000000001 -0.9513469999999999
-1.2529000000000003 -0.9710920000000001
-1.2429000000000006 -0.989541
-1.2329000000000008 -1.0094940000000001
-1.222900000000001 -1.02925
-1.2129000000000012 -1.0460080000000003
-1.2029000000000014 -1.0613660000000003
-1.1928999999999998 -1.0778219999999998
-1.1829 -1.088676
-1.1729000000000003 -1.1003249999999998
-1.1629000000000005 -1.1092680000000004
-1.1529000000000007 -1.115103
-1.142900000000001 -1.1164280000000002
-1.1329000000000011 -1.1165429999999996
-1.1229000000000013 -1.112747
-1.1129000000000016 -1.1070370000000003
-1.1029 -1.0984189999999998
-1.0929000000000002 -1.0878880000000002
-1.0829000000000004 -1.0762479999999999
-1.0729000000000006 -1.062495
-1.0629000000000008 -1.047933
-1.052900000000001 -1.032463
-1.0429000000000013 -1.0174869999999998
-1.0329000000000015 -1.0035030000000003
-1.0229 -0.9895140000000001
-1.0129000000000001 -0.9757230000000001
-1.0029000000000003 -0.965426
-0.9929000000000006 -0.956528
-0.9829000000000008 -0.949331
-0.972900000000001 -0.943834
-0.9629000000000012 -0.941837
-0.9529000000000014 -0.9404429999999999
-0.9428999999999998 -0.943151
-0.9329000000000001 -0.946262
-0.9229000000000003 -0.951578
-0.9129000000000005 -0.9579949999999999
-0.9029000000000007 -0.9666170000000001
-0.8929000000000009 -0.9731409999999999
-0.8829000000000011 -0.98257
-0.8729000000000013 -0.9911
-0.8629000000000016 -0.9996330000000001
-0.8529 -1.008167
-0.8429000000000002 -1.0145019999999998
-0.8329000000000004 -1.018638
-0.8229000000000006 -1.0224739999999999
-0.8129000000000008 -1.022307
-0.8029000000000011 -1.0206380000000002
-0.7929000000000013 -1.015565
-0.7829000000000015 -1.0093910000000001
-0.7728999999999999 -0.9978110000000001
-0.7629000000000001 -0.9839260000000001
-0.7529000000000003 -0.967638
-0.7429000000000006 -0.949043
-0.7329000000000008 -0.925242
-0.722900000000001 -0.8995380000000001
-0.7129000000000012 -0.869626
-0.7029000000000014 -0.8380100000000001
-0.6928999999999998 -0.8056900000000001
-0.6829000000000001 -0.768865
-0.6729000000000003 -0.730538
-0.6629000000000005 -0.6912070000000001
-0.6529000000000007 -0.6498749999999999
-0.6429000000000009 -0.6074419999999999
-0.6329000000000011 -0.5656079999999999
-0.6229000000000013 -0.5242159999999999
-0.6129000000000016 -0.48262700000000003
-0.6029 -0.4415
-0.5929000000000002 -0.40141699999999997
-0.5829000000000004 -0.36275900000000005
-0.5729000000000006 -0.325927
-0.5629000000000008 -0.290761
-0.5529000000000011 -0.25757199999999997
-0.5429000000000013 -0.22681759999999995
-0.5329000000000015 -0.198353
-0.5228999999999999 -0.1722254
-0.5129000000000001 -0.14854479999999998
-0.5029000000000003 -0.1270715
-0.49290000000000056 -0.1080651
-0.4829000000000008 -0.0911352
-0.472900000000001 -0.07639470000000001
-0.4629000000000012 -0.0633159
-0.4529000000000014 -0.05234829999999999
-0.44289999999999985 -0.0427617
-0.43290000000000006 -0.034721199999999994
-0.4229000000000003 -0.0279546
-0.4129000000000005 -0.022329230000000002
-0.4029000000000007 -0.017708850000000005
-0.3929000000000009 -0.013906899999999998
-0.38290000000000113 -0.01082706
-0.37290000000000134 -0.00837507
-0.36290000000000155 -0.00641646
-0.3529 -0.00486613
-0.3429000000000002 -0.0036701800000000003
-0.3329000000000004 -0.0027376099999999997
-0.32290000000000063 -0.002025582
-0.31290000000000084 -0.0014856319999999998
-0.30290000000000106 -0.0010789740000000001
-0.29290000000000127 -0.000777082
-0.2829000000000015 -0.000554568
-0.2728999999999999 -0.000391474
-0.26290000000000013 -0.000274091
-0.25290000000000035 -0.0001901614
-0.24290000000000056 -0.00013070159999999998
-0.23290000000000077 -8.891589999999998e-05
-0.222900000000001 -5.987750000000001e-05
-0.2129000000000012 -3.9953499999999996e-05
-0.2029000000000014 -2.6407200000000004e-05
-0.19289999999999985 -1.727923e-05
-0.18290000000000006 -1.1187900000000002e-05
-0.17290000000000028 -7.18798e-06
-0.1629000000000005 -4.56031e-06
-0.1529000000000007 -2.86859e-06
-0.14290000000000092 -1.7864989999999997e-06
-0.13290000000000113 -1.1014450000000001e-06
-0.12290000000000134 -6.720490000000001e-07
-0.11290000000000155 -4.0576e-07
-0.10289999999999999 -2.42414e-07
-0.0929000000000002 -1.434508e-07
-0.08290000000000042 -8.409270000000001e-08
-0.07290000000000063 -4.88036e-08
-0.06290000000000084 -2.7954299999999996e-08
-0.05290000000000106 -1.588955e-08
-0.04290000000000127 -8.913819999999998e-09
-0.032900000000001484 -4.9661399999999996e-09
-0.02289999999999992 -2.7317499999999994e-09
-0.012900000000000134 -1.48658e-09
-0.0029000000000003467 -8.01519e-10
0.00709999999999944 -4.2779199999999994e-10
0.017099999999999227 -2.2570940000000003e-10
0.027099999999999014 -1.1775949999999999e-10
0.0370999999999988 -6.08103e-11
0.04709999999999859 -3.09965e-11
0.05710000000000015 -1.558089e-11
0.06709999999999994 -7.756909999999999e-12
0.07709999999999972 -3.84823e-12
0.08709999999999951 -1.802094e-12
0.0970999999999993 -8.77727e-13
0.10709999999999908 -3.8201100000000003e-13
0.11709999999999887 -1.282833e-13
0.12709999999999866 -0.0
0.13709999999999845 -0.0
0.1471 -0.0
0.1570999999999998 -0.0
0.16709999999999958 -0.0
0.17709999999999937 -0.0
0.18709999999999916 -0.0
0.19709999999999894 -0.0
0.20709999999999873 -0.0
0.21709999999999852 -0.0
0.22710000000000008 -0.0
0.23709999999999987 -0.0
0.24709999999999965 -0.0
0.25709999999999944 -0.0
0.2670999999999992 -0.0
0.277099999999999 -0.0
0.2870999999999988 -0.0
0.2970999999999986 -0.0
0.30710000000000015 -0.0
0.31709999999999994 -0.0
0.3270999999999997 -0.0
0.3370999999999995 -0.0
0.3470999999999993 -0.0
0.3570999999999991 -0.0
0.36709999999999887 -0.0
0.37709999999999866 -0.0
0.38709999999999845 -0.0
0.3971 -0.0
0.4070999999999998 -0.0
0.4170999999999996 -0.0
0.42709999999999937 -0.0
0.43709999999999916 -0.0
0.44709999999999894 -0.0
0.45709999999999873 -0.0
0.4670999999999985 -0.0
0.4771000000000001 -0.0
0.48709999999999987 -0.0
0.49709999999999965 -0.0
0.5070999999999994 -0.0
0.5170999999999992 -0.0
0.527099999999999 -0.0
0.5370999999999988 -0.0
0.5470999999999986 -0.0
0.5571000000000002 -0.0
0.5670999999999999 -0.0
0.5770999999999997 -0.0
0.5870999999999995 -0.0
0.5970999999999993 -0.0
0.6070999999999991 -0.0
0.6170999999999989 -0.0
0.6270999999999987 -0.0
0.6370999999999984 -0.0
0.6471 -0.0
0.6570999999999998 -0.0
0.6670999999999996 -0.0
0.6770999999999994 -0.0
0.6870999999999992 -0.0
0.6970999999999989 -0.0
0.7070999999999987 -0.0
0.7170999999999985 -0.0
0.7271000000000001 -0.0
0.7370999999999999 -0.0
0.7470999999999997 -0.0
0.7570999999999994 -0.0
0.7670999999999992 -0.0
0.777099999999999 -0.0
0.7870999999999988 -0.0
0.7970999999999986 -0.0
0.8071000000000002 -0.0
0.8170999999999999 -0.0
0.8270999999999997 -0.0
0.8370999999999995 -0.0
0.8470999999999993 -0.0
0.8570999999999991 -0.0
0.8670999999999989 -0.0
0.8770999999999987 -0.0
0.8870999999999984 -0.0
0.8971 -4.0083237300000005e-14
0.9070999999999998 -8.406908280000002e-14
0.9170999999999996 -1.7396427899999997e-13
0.9270999999999994 -3.5639227499999996e-13
0.9370999999999992 -7.71680664e-13
0.9470999999999989 -1.5498773409999998e-12
0.9570999999999987 -3.0848856500000005e-12
0.9670999999999985 -6.2660150100000004e-12
0.9771000000000001 -1.2226638800000004e-11
0.9870999999999999 -2.36084582e-11
0.9970999999999997 -4.53110166e-11
1.0070999999999994 -8.587171e-11
1.0170999999999992 -1.60947102e-10
1.027099999999999 -2.9841655000000003e-10
1.0370999999999988 -5.475609900000001e-10
1.0470999999999986 -9.955912399999998e-10
1.0571000000000002 -1.7880607899999995e-09
1.0671 -3.1824829800000004e-09
1.0770999999999997 -5.604824399999999e-09
1.0870999999999995 -9.780229299999998e-09
1.0970999999999993 -1.6881453200000006e-08
1.107099999999999 -2.8849455399999992e-08
1.1170999999999989 -4.8763509e-08
1.1270999999999987 -8.1738242e-08
1.1370999999999984 -1.3561645699999998e-07
1.1471 -2.22709089e-07
1.1570999999999998 -3.627337799999999e-07
1.1670999999999996 -5.835017400000001e-07
1.1770999999999994 -9.3061148e-07
1.1870999999999992 -1.46806533e-06
1.197099999999999 -2.2966585000000006e-06
1.2070999999999987 -3.5682268000000002e-06
1.2170999999999985 -5.461395999999999e-06
1.2271 -8.3016165e-06
1.2370999999999999 -1.25163933e-05
1.2470999999999997 -1.8652411000000005e-05
1.2570999999999994 -2.7594009e-05
1.2670999999999992 -4.0376667e-05
1.277099999999999 -5.8637213000000004e-05
1.2870999999999988 -8.4399128e-05
1.2970999999999986 -0.00012057100000000001
1.3071000000000002 -0.00017029882
1.3171 -0.00023868620999999997
1.3270999999999997 -0.00033122734999999987
1.3370999999999995 -0.00045725872000000004
1.3470999999999993 -0.00062569361
1.357099999999999 -0.0008467263000000001
1.3670999999999989 -0.0011378844000000002
1.3770999999999987 -0.0015163075
1.3870999999999984 -0.0020066486000000004
1.3971 -0.0026344806000000004
1.4070999999999998 -0.0034402295999999997
1.4170999999999996 -0.004431056999999999
1.4270999999999994 -0.005684144
1.4370999999999992 -0.007250173999999999
1.447099999999999 -0.009181529
1.4570999999999987 -0.011539632
1.4670999999999985 -0.014388671999999998
1.4771 -0.017850845
1.4870999999999999 -0.021986109
1.4970999999999997 -0.026921910000000004
1.5070999999999994 -0.032764459999999995
1.5170999999999992 -0.039659810000000004
1.527099999999999 -0.047621739999999996
1.5370999999999988 -0.05697817999999999
1.5470999999999986 -0.06783922
1.5571000000000002 -0.08016285
1.5671 -0.09428149
1.5770999999999997 -0.11040525000000002
1.5870999999999995 -0.12865158
1.5970999999999993 -0.14912739999999997
1.607099999999999 -0.1718815
1.6170999999999989 -0.19718450000000004
1.6270999999999987 -0.22515100000000002
1.6370999999999984 -0.25555629999999996
1.6471 -0.28892919999999994
1.6570999999999998 -0.3246432
1.6670999999999996 -0.3632094
1.6770999999999994 -0.4041096
1.6870999999999992 -0.4472545
1.697099999999999 -0.49287190000000003
1.7070999999999987 -0.5395949
1.7170999999999985 -0.5864691999999999
1.7271 -0.636289
1.7370999999999999 -0.68392
1.7470999999999997 -0.7320730000000001
1.7570999999999994 -0.7802680000000001
1.7670999999999992 -0.827563
1.777099999999999 -0.8699009999999999
1.7870999999999988 -0.911255
1.7970999999999986 -0.9486200000000002
1.8071000000000002 -0.9840009999999999
1.8171 -1.0124199999999999
1.8270999999999997 -1.037855
1.8370999999999995 -1.057298
1.8470999999999993 -1.072784
1.857099999999999 -1.083288
1.8670999999999989 -1.087814
1.8770999999999987 -1.0883829999999999
1.8870999999999984 -1.0839300000000003
1.8971 -1.0745069999999999
1.9070999999999998 -1.06208
1.9170999999999996 -1.046634
1.9270999999999994 -1.0261449999999996
1.9370999999999992 -1.0035970000000003
1.947099999999999 -0.9779730000000001
1.9570999999999987 -0.9512419999999999
1.9670999999999985 -0.921364
1.9771 -0.89233
1.9870999999999999 -0.8601089999999999
1.9970999999999997 -0.829664
2.0070999999999994 -0.796981
2.0170999999999992 -0.7640319999999999
2.027099999999999 -0.733819
2.037099999999999 -0.702361
2.0470999999999986 -0.6726089999999999
2.0571 -0.643715
2.0671 -0.615977
2.0770999999999997 -0.59024
2.0870999999999995 -0.56663
2.0970999999999993 -0.5452519999999998
2.107099999999999 -0.526016
2.117099999999999 -0.5095
2.1270999999999987 -0.49536900000000006
2.1370999999999984 -0.4838700000000001
2.1471 -0.4748450000000001
2.1571 -0.46841700000000003
2.1670999999999996 -0.46440320000000007
2.1770999999999994 -0.46275469999999996
2.187099999999999 -0.4629818999999999
2.197099999999999 -0.4651666
2.2070999999999987 -0.46895479999999995
2.2170999999999985 -0.4739196
2.2271 -0.4800676
2.2371 -0.4871016000000001
2.2470999999999997 -0.49426950000000003
2.2570999999999994 -0.501881
2.2670999999999992 -0.5096449999999999
2.277099999999999 -0.5169121000000002
2.287099999999999 -0.523682
2.2970999999999986 -0.5300326
2.3071 -0.5354543000000002
2.3171 -0.5398083999999999
2.3270999999999997 -0.5429924000000002
2.3370999999999995 -0.5450683000000001
2.3470999999999993 -0.5459626999999999
2.357099999999999 -0.5454367000000002
2.367099999999999 -0.5435611000000001
2.3770999999999987 -0.5402438999999998
2.3870999999999984 -0.535757
2.3971 -0.5297985000000001
2.4071 -0.5228593
2.4170999999999996 -0.5145196
2.4270999999999994 -0.5052983000000001
2.437099999999999 -0.4952865
2.447099999999999 -0.4845835
2.4570999999999987 -0.4735000000000001
2.4670999999999985 -0.46222669999999993
2.4771 -0.45070229999999994
2.4871 -0.439319
2.4970999999999997 -0.4285851
2.5070999999999994 -0.4181225
2.5170999999999992 -0.4085595
2.527099999999999 -0.3999692000000001
2.537099999999999 -0.39241950000000003
2.5470999999999986 -0.3861807000000001
2.5571 -0.38106270000000003
2.5671 -0.37758640000000004
2.5770999999999997 -0.37515200000000004
2.5870999999999995 -0.37415819999999994
2.5970999999999993 -0.37441409999999997
2.607099999999999 -0.3757024
2.617099999999999 -0.3780389999999999
2.6270999999999987 -0.38109600000000005
2.6370999999999984 -0.38478199999999996
2.6471 -0.38930600000000004
2.6571 -0.3939180000000001
2.6670999999999996 -0.39874000000000004
2.6770999999999994 -0.40386799999999995
2.687099999999999 -0.40879400000000005
2.697099999999999 -0.41369500000000003
2.7070999999999987 -0.41869500000000004
2.7170999999999985 -0.42348099999999994
2.7271 -0.428335
2.7371 -0.43330300000000005
2.7470999999999997 -0.4386420000000001
2.7570999999999994 -0.44438699999999987
2.7670999999999992 -0.4506409999999999
2.777099999999999 -0.457983
2.787099999999999 -0.466185
2.7970999999999986 -0.4755870000000001
2.8071 -0.4871269999999999
2.8171 -0.5000190000000001
2.8270999999999997 -0.5151719999999999
2.8370999999999995 -0.532686
2.8470999999999993 -0.5532009999999999
2.857099999999999 -0.5753190000000001
2.867099999999999 -0.601518
2.8770999999999987 -0.6300310000000001
2.8870999999999984 -0.6619750000000001
2.8971 -0.696932
2.9071 -0.7353409999999999
2.9170999999999996 -0.777954
2.9270999999999994 -0.823229
2.937099999999999 -0.8693949999999999
2.947099999999999 -0.9217239999999999
2.9570999999999987 -0.9751259999999998
2.9670999999999985 -1.0296409999999998
2.9771 -1.089236
2.9871 -1.147937
2.9970999999999997 -1.2116450000000003
3.0070999999999994 -1.2764269999999998
3.0170999999999992 -1.342221
3.027099999999999 -1.4090189999999998
3.037099999999999 -1.4778060000000002
3.0470999999999986 -1.5485459999999998
3.0571 -1.6192760000000004
3.0671 -1.692918
3.0770999999999997 -1.7655090000000002
3.0870999999999995 -1.838993
3.0970999999999993 -1.913396
3.107099999999999 -1.9856999999999998
3.117099999999999 -2.0578920000000007
3.1270999999999987 -2.128984
3.1370999999999984 -2.195955
3.1471 -2.259834
3.1571 -2.3216219999999996
3.1670999999999996 -2.3793159999999998
3.1770999999999994 -2.4329580000000006
3.187099999999999 -2.480567
3.197099999999999 -2.5251129999999997
3.2070999999999987 -2.5647380000000006
3.2170999999999985 -2.601279
3.2271 -2.634068
3.2371 -2.6659149999999996
3.2470999999999997 -2.6938210000000002
3.2570999999999994 -2.721777
3.2670999999999992 -2.7508209999999997
3.277099999999999 -2.780326
3.287099999999999 -2.812032
3.2970999999999986 -2.847339999999999
3.3071 -2.882149
3.3171 -2.923059
3.3270999999999997 -2.9663710000000005
3.3370999999999995 -3.011285
3.3470999999999993 -3.0592000000000006
3.357099999999999 -3.107015000000001
3.367099999999999 -3.156931
3.3770999999999987 -3.2065490000000003
3.3870999999999984 -3.253066
3.3971 -3.298282
3.4071 -3.335294
3.4170999999999996 -3.371006
3.4270999999999994 -3.3964169999999996
3.437099999999999 -3.4185209999999997
3.447099999999999 -3.4322270000000006
3.4570999999999987 -3.4376270000000004
3.4670999999999985 -3.435721
3.4771 -3.4247140000000003
3.4871 -3.4083050000000004
3.4970999999999997 -3.3846909999999997
3.5070999999999994 -3.355076
3.5170999999999992 -3.322360999999999
3.527099999999999 -3.2865400000000005
3.537099999999999 -3.248621
3.5470999999999986 -3.210901
3.5571 -3.174181000000001
3.5671 -3.138663
3.5770999999999997 -3.107144999999999
3.5870999999999995 -3.0812280000000003
3.5970999999999993 -3.0613149999999996
3.607100000000001 -3.0454049999999997
3.617099999999999 -3.0357969999999996
3.6271000000000004 -3.029494
3.6370999999999984 -3.0332880000000007
3.6471 -3.0401900000000004
3.657099999999998 -3.0532900000000005
3.6670999999999996 -3.0687929999999994
3.6770999999999976 -3.0858959999999995
3.687099999999999 -3.1054019999999998
3.6971000000000007 -3.126606
3.7070999999999987 -3.145006
3.7171000000000003 -3.1604089999999996
3.7270999999999983 -3.171509000000001
3.7371 -3.1787059999999996
3.747099999999998 -3.177698
3.7570999999999994 -3.170389
3.767100000000001 -3.1549759999999996
3.777099999999999 -3.1313560000000003
3.7871000000000006 -3.096536000000001
3.7970999999999986 -3.0565130000000003
3.8071 -3.0052850000000007
3.817099999999998 -2.9466559999999995
3.8270999999999997 -2.882113
3.8370999999999977 -2.8113980000000005
3.8470999999999993 -2.740477000000001
3.857100000000001 -2.6655109999999995
3.867099999999999 -2.587487999999999
3.8771000000000004 -2.5104879999999996
3.8870999999999984 -2.438487999999999
3.8971 -2.3706130000000005
3.907099999999998 -2.306833
3.9170999999999996 -2.251233
3.9270999999999976 -2.20281
3.937099999999999 -2.1616210000000007
3.9471000000000007 -2.129677
3.9570999999999987 -2.1040149999999995
3.9671000000000003 -2.0896079999999997
3.9770999999999983 -2.082506
3.9871 -2.083658000000001
3.997099999999998 -2.0910810000000004
4.007099999999999 -2.1047670000000007
4.017100000000001 -2.1246270000000003
4.027099999999999 -2.147706
4.037100000000001 -2.1749189999999996
4.047099999999999 -2.2052399999999994
4.0571 -2.2356110000000005
4.067099999999998 -2.2670120000000002
4.0771 -2.298413
4.087099999999998 -2.3297509999999995
4.097099999999999 -2.3580109999999994
4.107100000000001 -2.3881470000000005
4.117099999999999 -2.416153
4.1271 -2.4430189999999996
4.1370999999999984 -2.4697030000000004
4.1471 -2.497238
4.157099999999998 -2.5256239999999996
4.1671 -2.5538719999999997
4.177099999999998 -2.584011
4.187099999999999 -2.6180420000000004
4.197100000000001 -2.655986
4.207099999999999 -2.700913
4.2171 -2.7477929999999997
4.227099999999998 -2.7996779999999997
4.2371 -2.8585659999999997
4.247099999999998 -2.921498
4.257099999999999 -2.9884629999999994
4.267100000000001 -3.0604890000000005
4.277099999999999 -3.133559
4.287100000000001 -3.2076570000000006
4.297099999999999 -3.2817740000000004
4.3071 -3.3528920000000006
4.317099999999998 -3.420017000000001
4.3271 -3.4800860000000005
4.337099999999998 -3.5330989999999995
4.347099999999999 -3.5770180000000003
4.357100000000001 -3.6098320000000004
4.367099999999999 -3.633537
4.3771 -3.6430760000000006
4.3870999999999984 -3.6434860000000002
4.3971 -3.6327409999999998
4.407099999999998 -3.609851
4.4171 -3.579803999999999
4.427099999999998 -3.538642999999999
4.437099999999999 -3.4933500000000004
4.447100000000001 -3.4439650000000004
4.457099999999999 -3.3915260000000007
4.4671 -3.3409979999999995
4.477099999999998 -3.289471999999999
4.4871 -3.2419469999999997
4.497099999999998 -3.200455999999999
4.507099999999999 -3.163005
4.517100000000001 -3.1356599999999997
4.527099999999999 -3.114407
4.537100000000001 -3.1022790000000007
4.547099999999999 -3.0972829999999996
4.5571 -3.1024329999999996
4.567099999999998 -3.115739
4.5771 -3.1381959999999998
4.587099999999998 -3.1678389999999994
4.597099999999999 -3.2066329999999996
4.607100000000001 -3.2516130000000008
4.617099999999999 -3.306734000000001
4.6271 -3.366002
4.6370999999999984 -3.4334339999999997
4.6471 -3.5089889999999997
4.657099999999998 -3.5916910000000004
4.6671 -3.679506
4.677099999999998 -3.7764429999999996
4.687099999999999 -3.8804890000000003
4.697100000000001 -3.9906280000000005
4.707099999999999 -4.109863
4.7171 -4.234181
4.727099999999998 -4.367584
4.7371 -4.50305
4.747099999999998 -4.642559
4.757099999999999 -4.786087000000001
4.767100000000001 -4.927626999999999
4.777099999999999 -5.071175
4.787100000000001 -5.20567
4.797099999999999 -5.339132
4.8071 -5.462479
4.817099999999998 -5.576746
4.8271 -5.677877
4.837099999999998 -5.7688489999999994
4.847099999999999 -5.844670999999999
4.857100000000001 -5.907316
4.867099999999999 -5.955879
4.8771 -5.983112000000001
4.8870999999999984 -6.0182470000000015
4.8971 -6.037272999999999
4.907099999999998 -6.031021999999999
4.9171 -6.034787
4.927099999999998 -6.034447
4.937099999999999 -6.012075
4.947100000000001 -6.009690999999999
4.957099999999999 -6.005299
4.9671 -6.000957
4.977099999999998 -6.001686999999999
4.9871 -6.007471
4.997099999999998 -6.012377000000001
5.007099999999999 -6.023348
5.017100000000001 -6.0324219999999995
5.027099999999999 -6.048558
5.037100000000001 -6.053757999999999
5.047099999999999 -6.075985999999999
5.0571 -6.086197
5.067099999999998 -6.083405000000001
5.0771 -6.056543
5.087099999999998 -6.042608
5.097099999999999 -6.008569
5.107100000000001 -5.9573659999999995
5.117099999999999 -5.898047999999998
5.1271 -5.820562999999999
5.1370999999999984 -5.731884999999999
5.1471 -5.62906
5.157099999999998 -5.513040000000002
5.1671 -5.384894
5.177099999999998 -5.246574000000001
5.187099999999999 -5.0961289999999995
5.197100000000001 -4.93759
5.207099999999999 -4.7739389999999995
5.2171 -4.602243999999999
5.227099999999998 -4.4254869999999995
5.2371 -4.249687999999999
5.247099999999998 -4.069898
5.257099999999999 -3.889106999999999
5.267100000000001 -3.7103550000000007
5.277099999999999 -3.5296230000000004
5.287100000000001 -3.354931000000001
5.297099999999999 -3.1832910000000005
5.3071 -3.0127120000000005
5.317099999999998 -2.8481929999999998
5.3271 -2.6897569999999997
5.337099999999998 -2.535393
5.347099999999999 -2.38606
5.357100000000001 -2.2427899999999994
5.367099999999999 -2.1065929999999997
5.3771 -1.9744560000000002
5.3870999999999984 -1.848353
5.3971 -1.7263019999999998
5.407099999999998 -1.6102830000000001
5.4171 -1.4993159999999999
5.427099999999998 -1.3933610000000003
5.437099999999999 -1.2934499999999998
5.447100000000001 -1.1955688
5.457099999999999 -1.1047011999999998
5.4671 -1.0178758
5.477099999999998 -0.9350828999999999
5.4871 -0.8542921000000001
5.497099999999998 -0.7805439000000001
5.507099999999999 -0.7108080999999999
5.517100000000001 -0.6441147999999998
5.527099999999999 -0.5837133999999999
5.537100000000001 -0.526665
5.547099999999999 -0.47362869999999996
5.5571 -0.4241044
5.567099999999998 -0.37858240000000004
5.5771 -0.3368223
5.587099999999998 -0.29825530000000006
5.597099999999999 -0.2631201000000001
5.607100000000001 -0.2309076
5.617099999999999 -0.20181869999999996
5.6271 -0.17535799999999999
5.6370999999999984 -0.15172380000000002
5.6471 -0.13021785999999996
5.657099999999998 -0.11134405
5.6671 -0.09439821
5.677099999999998 -0.07948332000000001
5.687099999999999 -0.06650023999999999
5.697100000000001 -0.05517888999999999
5.707099999999999 -0.04543622999999999
5.7171 -0.03710111000000001
5.727099999999998 -0.030053530000000002
5.7371 -0.02412039
5.747099999999998 -0.019188017000000005
5.757099999999999 -0.015146379
5.767100000000001 -0.011832419000000002
5.777099999999999 -0.009153689999999997
5.787100000000001 -0.0070181539999999995
5.797099999999999 -0.005328778
5.8071 -0.004004729
5.817099999999998 -0.0029824850000000004
5.8271 -0.0021982819999999998
5.837099999999998 -0.0016032447000000002
5.847099999999999 -0.0011581174
5.857100000000001 -0.0008270388000000002
5.867099999999999 -0.0005850695
5.8771 -0.0004102222000000002
5.8870999999999984 -0.00028431140000000006
5.8971 -0.00019501043
5.907099999999998 -0.00013235029
5.9171 -8.882732999999999e-05
5.927099999999998 -5.902478e-05
5.937099999999999 -3.8870329999999995e-05
5.947100000000001 -2.5284999999999996e-05
5.957099999999999 -1.6297741000000007e-05
