-22.402900000000002 8.860000000000001e-05
-22.3929 6.33e-05
-22.3829 4.48e-05
-22.3729 3.143e-05
-22.362900000000003 2.1830000000000003e-05
-22.352899999999998 1.502e-05
-22.3429 1.022e-05
-22.332900000000002 6.89e-06
-22.3229 4.6039999999999995e-06
-22.3129 3.0429999999999995e-06
-22.3029 1.993e-06
-22.292900000000003 1.291e-06
-22.2829 8.289999999999999e-07
-22.2729 5.266000000000001e-07
-22.262900000000002 3.312e-07
-22.2529 2.0630000000000004e-07
-22.2429 1.271e-07
-22.2329 7.760000000000001e-08
-22.222900000000003 4.687e-08
-22.2129 2.8020000000000002e-08
-22.2029 1.6569999999999996e-08
-22.1929 9.709999999999999e-09
-22.1829 5.635e-09
-22.1729 3.2350000000000005e-09
-22.1629 1.8369999999999998e-09
-22.152900000000002 1.032e-09
-22.1429 5.75e-10
-22.1329 3.1669999999999995e-10
-22.1229 1.726e-10
-22.112900000000003 9.310000000000002e-11
-22.102899999999998 4.974000000000001e-11
-22.0929 2.628e-11
-22.082900000000002 1.374e-11
-22.0729 7.11e-12
-22.0629 3.624e-12
-22.0529 1.829e-12
-22.042900000000003 9.08e-13
-22.0329 4.446e-13
-22.0229 2.1289999999999998e-13
-22.012900000000002 1.005e-13
-22.0029 4.453e-14
-21.9929 1.633e-14
-21.9829 5.45e-15
-21.972900000000003 2.759e-16
-21.9629 0.0
-21.9529 0.0
-21.9429 0.0
-21.9329 0.0
-21.9229 0.0
-21.9129 0.0
-21.902900000000002 0.0
-21.8929 0.0
-21.8829 0.0
-21.8729 0.0
-21.862900000000003 0.0
-21.852899999999998 0.0
-21.8429 0.0
-21.832900000000002 0.0
-21.8229 0.0
-21.8129 0.0
-21.8029 0.0
-21.792900000000003 0.0
-21.7829 0.0
-21.7729 0.0
-21.762900000000002 0.0
-21.7529 0.0
-21.7429 0.0
-21.7329 0.0
-21.722900000000003 0.0
-21.7129 0.0
-21.7029 0.0
-21.6929 0.0
-21.6829 0.0
-21.6729 0.0
-21.6629 0.0
-21.652900000000002 0.0
-21.6429 0.0
-21.6329 0.0
-21.6229 0.0
-21.612900000000003 0.0
-21.602899999999998 0.0
-21.5929 0.0
-21.582900000000002 0.0
-21.5729 0.0
-21.5629 0.0
-21.5529 0.0
-21.542900000000003 0.0
-21.5329 0.0
-21.5229 0.0
-21.512900000000002 0.0
-21.5029 0.0
-21.4929 0.0
-21.4829 0.0
-21.472900000000003 0.0
-21.4629 0.0
-21.4529 0.0
-21.4429 0.0
-21.4329 0.0
-21.4229 0.0
-21.4129 0.0
-21.402900000000002 0.0
-21.3929 0.0
-21.3829 0.0
-21.3729 0.0
-21.362900000000003 0.0
-21.352899999999998 0.0
-21.3429 0.0
-21.332900000000002 0.0
-21.3229 0.0
-21.3129 0.0
-21.3029 0.0
-21.292900000000003 0.0
-21.2829 0.0
-21.2729 0.0
-21.262900000000002 0.0
-21.2529 0.0
-21.2429 0.0
-21.2329 0.0
-21.222900000000003 0.0
-21.2129 0.0
-21.2029 0.0
-21.1929 0.0
-21.1829 0.0
-21.1729 0.0
-21.1629 0.0
-21.152900000000002 0.0
-21.1429 0.0
-21.1329 0.0
-21.1229 0.0
-21.112900000000003 0.0
-21.102899999999998 0.0
-21.0929 0.0
-21.082900000000002 0.0
-21.0729 0.0
-21.0629 0.0
-21.0529 0.0
-21.042900000000003 0.0
-21.0329 0.0
-21.0229 0.0
-21.012900000000002 0.0
-21.0029 0.0
-20.9929 0.0
-20.9829 0.0
-20.972900000000003 0.0
-20.9629 0.0
-20.9529 0.0
-20.9429 0.0
-20.9329 0.0
-20.9229 0.0
-20.9129 0.0
-20.902900000000002 0.0
-20.8929 0.0
-20.8829 0.0
-20.8729 0.0
-20.862900000000003 0.0
-20.852899999999998 0.0
-20.8429 0.0
-20.832900000000002 0.0
-20.8229 0.0
-20.8129 0.0
-20.8029 0.0
-20.792900000000003 0.0
-20.7829 0.0
-20.7729 0.0
-20.762900000000002 0.0
-20.7529 0.0
-20.7429 0.0
-20.7329 0.0
-20.722900000000003 0.0
-20.7129 0.0
-20.7029 0.0
-20.6929 0.0
-20.6829 0.0
-20.6729 0.0
-20.6629 0.0
-20.652900000000002 0.0
-20.6429 0.0
-20.6329 0.0
-20.6229 0.0
-20.612900000000003 0.0
-20.602899999999998 0.0
-20.5929 0.0
-20.582900000000002 0.0
-20.5729 0.0
-20.5629 0.0
-20.5529 0.0
-20.542900000000003 0.0
-20.5329 0.0
-20.5229 0.0
-20.512900000000002 0.0
-20.5029 0.0
-20.4929 0.0
-20.4829 0.0
-20.472900000000003 0.0
-20.4629 0.0
-20.4529 0.0
-20.4429 0.0
-20.4329 0.0
-20.4229 0.0
-20.4129 0.0
-20.402900000000002 0.0
-20.3929 0.0
-20.3829 0.0
-20.3729 0.0
-20.3629 0.0
-20.3529 0.0
-20.3429 0.0
-20.332900000000002 0.0
-20.3229 0.0
-20.3129 0.0
-20.3029 0.0
-20.2929 0.0
-20.2829 0.0
-20.2729 0.0
-20.262900000000002 1.0580000000000002e-15
-20.2529 2.224e-15
-20.2429 4.621e-15
-20.2329 1.3770000000000001e-14
-20.222900000000003 2.824e-14
-20.2129 5.721e-14
-20.2029 1.152e-13
-20.1929 2.288e-13
-20.1829 4.4979999999999996e-13
-20.1729 8.749999999999999e-13
-20.1629 1.712e-12
-20.152900000000002 3.2719999999999998e-12
-20.1429 6.200999999999999e-12
-20.1329 1.1620000000000001e-11
-20.1229 2.152e-11
-20.1129 3.9439999999999995e-11
-20.1029 7.16e-11
-20.0929 1.283e-10
-20.082900000000002 2.2809999999999997e-10
-20.0729 4.012e-10
-20.0629 6.99e-10
-20.0529 1.2049999999999999e-09
-20.0429 2.056e-09
-20.0329 3.476e-09
-20.0229 5.819e-09
-20.012900000000002 9.64e-09
-20.0029 1.582e-08
-19.9929 2.571e-08
-19.9829 4.14e-08
-19.972900000000003 6.61e-08
-19.9629 1.043e-07
-19.9529 1.6329999999999999e-07
-19.9429 2.533e-07
-19.9329 3.893e-07
-19.9229 5.93e-07
-19.9129 8.95e-07
-19.902900000000002 1.339e-06
-19.8929 1.986e-06
-19.8829 2.9219999999999997e-06
-19.8729 4.26e-06
-19.8629 6.151999999999999e-06
-19.8529 8.83e-06
-19.8429 1.2560000000000002e-05
-19.832900000000002 1.772e-05
-19.8229 2.4770000000000002e-05
-19.8129 3.441e-05
-19.8029 4.7369999999999995e-05
-19.7929 6.474000000000001e-05
-19.7829 8.77e-05
-19.7729 0.00011779999999999999
-19.762900000000002 0.0001572
-19.7529 0.00020820000000000002
-19.7429 0.0002734
-19.7329 0.00035620000000000004
-19.722900000000003 0.00046039999999999997
-19.7129 0.0005897
-19.7029 0.0007509999999999999
-19.6929 0.000949
-19.6829 0.0011880000000000003
-19.6729 0.0014759999999999999
-19.6629 0.001819
-19.652900000000002 0.002223
-19.6429 0.0026989999999999996
-19.6329 0.0032470000000000003
-19.6229 0.0038759999999999997
-19.6129 0.004592000000000001
-19.6029 0.005396000000000001
-19.5929 0.006300000000000001
-19.582900000000002 0.00729
-19.5729 0.00836
-19.5629 0.009550000000000001
-19.5529 0.01081
-19.5429 0.012140000000000001
-19.5329 0.01358
-19.5229 0.015090000000000001
-19.512900000000002 0.01666
-19.5029 0.018289999999999997
-19.4929 0.01998
-19.4829 0.02173
-19.472900000000003 0.02353
-19.4629 0.02541
-19.4529 0.02733
-19.4429 0.02935
-19.4329 0.03145
-19.4229 0.033639999999999996
-19.4129 0.03596
-19.402900000000002 0.03837
-19.3929 0.04094999999999999
-19.3829 0.043680000000000004
-19.3729 0.04654
-19.3629 0.04958
-19.3529 0.052779999999999994
-19.3429 0.05613
-19.332900000000002 0.05957
-19.3229 0.0632
-19.3129 0.067
-19.3029 0.0707
-19.2929 0.0745
-19.2829 0.0785
-19.2729 0.0822
-19.262900000000002 0.0858
-19.2529 0.0895
-19.2429 0.0929
-19.2329 0.09619999999999998
-19.222900000000003 0.0993
-19.2129 0.1023
-19.2029 0.1048
-19.1929 0.10750000000000001
-19.1829 0.1098
-19.1729 0.11189999999999999
-19.1629 0.11410000000000001
-19.152900000000002 0.1163
-19.1429 0.1182
-19.1329 0.12030000000000002
-19.1229 0.12240000000000001
-19.1129 0.1249
-19.1029 0.1274
-19.0929 0.13040000000000002
-19.082900000000002 0.1338
-19.0729 0.1374
-19.0629 0.1416
-19.0529 0.1464
-19.0429 0.15159999999999998
-19.0329 0.1573
-19.0229 0.1635
-19.012900000000002 0.17040000000000002
-19.0029 0.1775
-18.9929 0.1852
-18.9829 0.19310000000000002
-18.972900000000003 0.20109999999999997
-18.9629 0.20939999999999998
-18.9529 0.2177
-18.9429 0.22609999999999997
-18.9329 0.23420000000000002
-18.9229 0.2421
-18.9129 0.24989999999999998
-18.902900000000002 0.2572
-18.8929 0.2641
-18.8829 0.2707
-18.8729 0.2767
-18.8629 0.2823
-18.8529 0.2873
-18.8429 0.292
-18.832900000000002 0.2962
-18.8229 0.3
-18.8129 0.3033
-18.8029 0.3064
-18.7929 0.3091
-18.7829 0.31150000000000005
-18.7729 0.3139
-18.762900000000002 0.3161
-18.7529 0.3181
-18.7429 0.32
-18.7329 0.322
-18.722900000000003 0.3239
-18.7129 0.3257
-18.7029 0.32789999999999997
-18.6929 0.3297
-18.6829 0.3316
-18.6729 0.3335
-18.6629 0.33540000000000003
-18.652900000000002 0.33690000000000003
-18.6429 0.3386
-18.6329 0.3398
-18.6229 0.3409
-18.6129 0.3417
-18.6029 0.3419
-18.5929 0.3421
-18.582900000000002 0.3416
-18.5729 0.3408
-18.5629 0.33969999999999995
-18.5529 0.3382
-18.5429 0.3363
-18.5329 0.334
-18.5229 0.3315
-18.512900000000002 0.3287
-18.5029 0.3258
-18.4929 0.3226
-18.4829 0.31949999999999995
-18.472900000000003 0.3162
-18.4629 0.31289999999999996
-18.4529 0.30970000000000003
-18.4429 0.30670000000000003
-18.4329 0.3039
-18.4229 0.30119999999999997
-18.4129 0.2989
-18.402900000000002 0.2968
-18.3929 0.2949
-18.3829 0.2934
-18.3729 0.2921
-18.3629 0.29100000000000004
-18.3529 0.2903
-18.3429 0.2896
-18.332900000000002 0.2891
-18.3229 0.2884
-18.3129 0.2879
-18.3029 0.2872
-18.2929 0.2863
-18.2829 0.2851
-18.2729 0.2836
-18.262900000000002 0.2817
-18.2529 0.2792
-18.2429 0.2768
-18.2329 0.2735
-18.222900000000003 0.2702
-18.2129 0.26639999999999997
-18.2029 0.26259999999999994
-18.1929 0.2585
-18.1829 0.25470000000000004
-18.1729 0.25070000000000003
-18.1629 0.2471
-18.152900000000002 0.244
-18.1429 0.24109999999999998
-18.1329 0.2389
-18.1229 0.2376
-18.1129 0.2368
-18.1029 0.2369
-18.0929 0.23800000000000002
-18.082900000000002 0.24009999999999998
-18.0729 0.2431
-18.0629 0.24730000000000002
-18.0529 0.2527
-18.0429 0.2596
-18.0329 0.26749999999999996
-18.0229 0.2767
-18.012900000000002 0.2875
-18.0029 0.2995
-17.9929 0.3133
-17.9829 0.32819999999999994
-17.972900000000003 0.3451
-17.9629 0.36329999999999996
-17.9529 0.383
-17.9429 0.40399999999999997
-17.9329 0.4263
-17.9229 0.4498
-17.9129 0.4739
-17.902900000000002 0.499
-17.8929 0.5244
-17.8829 0.5500999999999999
-17.8729 0.5749000000000001
-17.8629 0.6008
-17.8529 0.624
-17.8429 0.646
-17.832900000000002 0.6669999999999999
-17.8229 0.6849999999999999
-17.8129 0.701
-17.8029 0.715
-17.7929 0.727
-17.7829 0.736
-17.7729 0.74
-17.762900000000002 0.741
-17.7529 0.741
-17.7429 0.738
-17.7329 0.732
-17.722900000000003 0.723
-17.7129 0.712
-17.7029 0.702
-17.6929 0.6869999999999999
-17.6829 0.6719999999999999
-17.6729 0.657
-17.6629 0.6406000000000001
-17.652900000000002 0.6255999999999999
-17.6429 0.6102
-17.6329 0.5951
-17.6229 0.5804
-17.6129 0.5662999999999999
-17.6029 0.5533
-17.5929 0.5411
-17.582900000000002 0.5294
-17.5729 0.5184000000000001
-17.5629 0.5079
-17.5529 0.4973
-17.5429 0.48740000000000006
-17.5329 0.4772
-17.5229 0.4668000000000001
-17.512900000000002 0.4562
-17.5029 0.4449
-17.4929 0.433
-17.4829 0.4204
-17.472900000000003 0.40690000000000004
-17.4629 0.39270000000000005
-17.4529 0.37760000000000005
-17.4429 0.36150000000000004
-17.4329 0.34479999999999994
-17.4229 0.3271
-17.4129 0.30899999999999994
-17.402900000000002 0.2904
-17.3929 0.27130000000000004
-17.3829 0.2519
-17.3729 0.2328
-17.3629 0.2136
-17.3529 0.19469999999999998
-17.3429 0.17620000000000002
-17.332900000000002 0.1584
-17.3229 0.1414
-17.3129 0.12530000000000002
-17.3029 0.11019999999999999
-17.2929 0.09610000000000002
-17.2829 0.0832
-17.2729 0.07129999999999999
-17.262900000000002 0.060689999999999994
-17.2529 0.05111999999999999
-17.2429 0.042749999999999996
-17.2329 0.03541
-17.222900000000003 0.029089999999999998
-17.2129 0.02367
-17.2029 0.01907
-17.1929 0.01523
-17.1829 0.012060000000000001
-17.1729 0.00945
-17.1629 0.007339999999999999
-17.152900000000002 0.005640999999999999
-17.1429 0.00429
-17.1329 0.003234
-17.1229 0.0024140000000000003
-17.1129 0.001784
-17.1029 0.001307
-17.0929 0.0009470000000000001
-17.082900000000002 0.00068
-17.0729 0.00048239999999999996
-17.0629 0.00033939999999999996
-17.0529 0.0002362
-17.0429 0.0001627
-17.0329 0.000111
-17.0229 7.500000000000001e-05
-17.012900000000002 5.017e-05
-17.0029 3.3220000000000004e-05
-16.9929 2.176e-05
-16.9829 1.412e-05
-16.972900000000003 9.07e-06
-16.9629 5.762000000000001e-06
-16.9529 3.622e-06
-16.9429 2.255e-06
-16.9329 1.3899999999999998e-06
-16.9229 8.48e-07
-16.9129 5.118e-07
-16.902900000000002 3.059e-07
-16.8929 1.811e-07
-16.8829 1.06e-07
-16.8729 6.147000000000001e-08
-16.8629 3.5219999999999994e-08
-16.8529 1.999e-08
-16.8429 1.123e-08
-16.832900000000002 6.243e-09
-16.8229 3.439e-09
-16.8129 1.875e-09
-16.8029 1.0099999999999998e-09
-16.7929 5.394e-10
-16.7829 2.849e-10
-16.7729 1.4880000000000002e-10
-16.762900000000002 7.71e-11
-16.7529 3.946e-11
-16.7429 2.0009999999999997e-11
-16.7329 9.99e-12
-16.722900000000003 4.899e-12
-16.7129 2.289e-12
-16.7029 1.038e-12
-16.6929 4.0199999999999995e-13
-16.6829 1.638e-13
-16.6729 5.757e-14
-16.6629 1.42e-14
-16.652900000000002 1.4739999999999999e-15
-16.6429 0.0
-16.6329 0.0
-16.6229 0.0
-16.6129 0.0
-16.6029 0.0
-16.5929 0.0
-16.582900000000002 0.0
-16.5729 0.0
-16.5629 0.0
-16.5529 0.0
-16.5429 0.0
-16.5329 0.0
-16.5229 0.0
-16.512900000000002 0.0
-16.5029 0.0
-16.4929 0.0
-16.4829 0.0
-16.472900000000003 0.0
-16.4629 0.0
-16.4529 0.0
-16.4429 0.0
-16.4329 0.0
-16.4229 0.0
-16.4129 0.0
-16.402900000000002 0.0
-16.3929 0.0
-16.3829 0.0
-16.3729 0.0
-16.3629 0.0
-16.3529 0.0
-16.3429 0.0
-16.332900000000002 0.0
-16.3229 0.0
-16.3129 0.0
-16.3029 0.0
-16.2929 0.0
-16.2829 0.0
-16.2729 0.0
-16.262900000000002 0.0
-16.2529 0.0
-16.2429 0.0
-16.2329 0.0
-16.2229 0.0
-16.2129 0.0
-16.2029 0.0
-16.1929 0.0
-16.1829 0.0
-16.172900000000002 0.0
-16.1629 0.0
-16.152900000000002 0.0
-16.1429 0.0
-16.1329 0.0
-16.1229 0.0
-16.1129 0.0
-16.1029 0.0
-16.0929 0.0
-16.082900000000002 0.0
-16.0729 0.0
-16.0629 0.0
-16.0529 0.0
-16.0429 0.0
-16.0329 0.0
-16.0229 0.0
-16.012900000000002 0.0
-16.0029 0.0
-15.9929 0.0
-15.9829 0.0
-15.972900000000001 0.0
-15.962900000000001 0.0
-15.9529 0.0
-15.942900000000002 0.0
-15.9329 0.0
-15.9229 0.0
-15.9129 0.0
-15.9029 0.0
-15.892900000000001 0.0
-15.882900000000001 0.0
-15.872900000000001 0.0
-15.8629 0.0
-15.852900000000002 0.0
-15.8429 0.0
-15.8329 0.0
-15.8229 0.0
-15.8129 0.0
-15.802900000000001 0.0
-15.792900000000001 0.0
-15.782900000000001 0.0
-15.7729 0.0
-15.7629 0.0
-15.7529 0.0
-15.7429 0.0
-15.7329 0.0
-15.722900000000001 0.0
-15.712900000000001 0.0
-15.7029 0.0
-15.692900000000002 0.0
-15.6829 0.0
-15.6729 0.0
-15.6629 0.0
-15.6529 0.0
-15.642900000000001 0.0
-15.632900000000001 0.0
-15.622900000000001 0.0
-15.6129 0.0
-15.602900000000002 0.0
-15.5929 0.0
-15.5829 0.0
-15.5729 0.0
-15.5629 0.0
-15.552900000000001 0.0
-15.542900000000001 0.0
-15.532900000000001 0.0
-15.5229 0.0
-15.5129 0.0
-15.5029 0.0
-15.4929 0.0
-15.4829 0.0
-15.472900000000001 0.0
-15.462900000000001 0.0
-15.4529 0.0
-15.442900000000002 0.0
-15.4329 0.0
-15.4229 0.0
-15.4129 0.0
-15.4029 0.0
-15.392900000000001 0.0
-15.382900000000001 0.0
-15.372900000000001 0.0
-15.3629 0.0
-15.352900000000002 0.0
-15.3429 0.0
-15.3329 0.0
-15.3229 0.0
-15.3129 0.0
-15.302900000000001 0.0
-15.292900000000001 0.0
-15.282900000000001 0.0
-15.2729 0.0
-15.2629 0.0
-15.2529 0.0
-15.2429 0.0
-15.2329 0.0
-15.222900000000001 0.0
-15.212900000000001 0.0
-15.2029 0.0
-15.192900000000002 0.0
-15.1829 0.0
-15.1729 0.0
-15.1629 0.0
-15.1529 0.0
-15.142900000000001 0.0
-15.132900000000001 0.0
-15.122900000000001 0.0
-15.1129 0.0
-15.102900000000002 0.0
-15.0929 0.0
-15.0829 0.0
-15.0729 0.0
-15.0629 0.0
-15.052900000000001 0.0
-15.042900000000001 0.0
-15.032900000000001 0.0
-15.0229 0.0
-15.0129 0.0
-15.0029 0.0
-14.9929 0.0
-14.9829 0.0
-14.972900000000001 0.0
-14.962900000000001 0.0
-14.9529 0.0
-14.942900000000002 0.0
-14.9329 0.0
-14.9229 0.0
-14.9129 0.0
-14.9029 0.0
-14.892900000000001 0.0
-14.882900000000001 0.0
-14.872900000000001 0.0
-14.8629 0.0
-14.852900000000002 0.0
-14.8429 0.0
-14.8329 0.0
-14.8229 0.0
-14.8129 0.0
-14.802900000000001 0.0
-14.792900000000001 0.0
-14.782900000000001 0.0
-14.7729 0.0
-14.7629 0.0
-14.7529 0.0
-14.7429 0.0
-14.7329 0.0
-14.722900000000001 0.0
-14.712900000000001 0.0
-14.7029 0.0
-14.692900000000002 0.0
-14.6829 0.0
-14.6729 0.0
-14.6629 0.0
-14.6529 0.0
-14.642900000000001 0.0
-14.632900000000001 0.0
-14.622900000000001 0.0
-14.6129 0.0
-14.602900000000002 0.0
-14.5929 0.0
-14.5829 0.0
-14.5729 0.0
-14.5629 0.0
-14.552900000000001 0.0
-14.542900000000001 0.0
-14.532900000000001 0.0
-14.5229 0.0
-14.5129 0.0
-14.5029 0.0
-14.4929 0.0
-14.4829 0.0
-14.472900000000001 0.0
-14.462900000000001 0.0
-14.4529 0.0
-14.442900000000002 0.0
-14.4329 0.0
-14.4229 0.0
-14.4129 0.0
-14.4029 0.0
-14.392900000000001 0.0
-14.382900000000001 0.0
-14.372900000000001 0.0
-14.3629 0.0
-14.3529 0.0
-14.3429 0.0
-14.3329 0.0
-14.3229 0.0
-14.3129 0.0
-14.302900000000001 0.0
-14.292900000000001 0.0
-14.282900000000001 0.0
-14.2729 0.0
-14.2629 0.0
-14.2529 0.0
-14.2429 0.0
-14.2329 0.0
-14.222900000000001 0.0
-14.212900000000001 0.0
-14.202900000000001 0.0
-14.192900000000002 0.0
-14.1829 0.0
-14.1729 0.0
-14.1629 0.0
-14.1529 0.0
-14.142900000000001 0.0
-14.132900000000001 0.0
-14.122900000000001 0.0
-14.1129 0.0
-14.1029 0.0
-14.0929 0.0
-14.0829 0.0
-14.0729 0.0
-14.0629 0.0
-14.052900000000001 0.0
-14.042900000000001 0.0
-14.032900000000001 0.0
-14.0229 0.0
-14.0129 0.0
-14.0029 0.0
-13.9929 0.0
-13.9829 0.0
-13.972900000000001 0.0
-13.962900000000001 0.0
-13.952900000000001 0.0
-13.942900000000002 0.0
-13.9329 0.0
-13.9229 0.0
-13.9129 0.0
-13.9029 0.0
-13.892900000000001 0.0
-13.882900000000001 0.0
-13.872900000000001 0.0
-13.8629 0.0
-13.8529 0.0
-13.8429 0.0
-13.8329 0.0
-13.8229 0.0
-13.8129 0.0
-13.802900000000001 0.0
-13.792900000000001 0.0
-13.782900000000001 0.0
-13.7729 0.0
-13.7629 0.0
-13.7529 0.0
-13.7429 0.0
-13.7329 0.0
-13.722900000000001 0.0
-13.712900000000001 0.0
-13.702900000000001 0.0
-13.692900000000002 0.0
-13.6829 0.0
-13.6729 0.0
-13.6629 0.0
-13.6529 0.0
-13.642900000000001 0.0
-13.632900000000001 0.0
-13.622900000000001 0.0
-13.6129 0.0
-13.6029 0.0
-13.5929 0.0
-13.5829 0.0
-13.5729 0.0
-13.5629 0.0
-13.552900000000001 0.0
-13.542900000000001 0.0
-13.532900000000001 0.0
-13.5229 0.0
-13.5129 0.0
-13.5029 0.0
-13.4929 0.0
-13.4829 0.0
-13.472900000000001 0.0
-13.462900000000001 0.0
-13.452900000000001 0.0
-13.442900000000002 0.0
-13.4329 0.0
-13.4229 0.0
-13.4129 0.0
-13.4029 0.0
-13.392900000000001 0.0
-13.382900000000001 0.0
-13.372900000000001 0.0
-13.3629 0.0
-13.3529 0.0
-13.3429 0.0
-13.3329 0.0
-13.3229 0.0
-13.3129 0.0
-13.302900000000001 0.0
-13.292900000000001 0.0
-13.282900000000001 0.0
-13.2729 0.0
-13.2629 0.0
-13.2529 0.0
-13.2429 0.0
-13.2329 0.0
-13.222900000000001 0.0
-13.212900000000001 0.0
-13.202900000000001 0.0
-13.192900000000002 0.0
-13.1829 0.0
-13.1729 0.0
-13.1629 0.0
-13.1529 0.0
-13.142900000000001 0.0
-13.132900000000001 0.0
-13.122900000000001 0.0
-13.1129 0.0
-13.1029 0.0
-13.0929 0.0
-13.0829 0.0
-13.0729 0.0
-13.0629 0.0
-13.052900000000001 0.0
-13.042900000000001 0.0
-13.032900000000001 0.0
-13.0229 0.0
-13.0129 0.0
-13.0029 0.0
-12.9929 0.0
-12.9829 0.0
-12.972900000000001 0.0
-12.962900000000001 0.0
-12.952900000000001 0.0
-12.942900000000002 0.0
-12.9329 0.0
-12.9229 0.0
-12.9129 0.0
-12.9029 0.0
-12.892900000000001 0.0
-12.882900000000001 0.0
-12.872900000000001 0.0
-12.862900000000002 0.0
-12.8529 0.0
-12.8429 0.0
-12.8329 0.0
-12.8229 0.0
-12.8129 0.0
-12.802900000000001 0.0
-12.792900000000001 0.0
-12.782900000000001 0.0
-12.7729 0.0
-12.7629 0.0
-12.7529 0.0
-12.7429 0.0
-12.7329 0.0
-12.722900000000001 0.0
-12.712900000000001 0.0
-12.702900000000001 0.0
-12.6929 0.0
-12.6829 0.0
-12.6729 0.0
-12.6629 0.0
-12.6529 0.0
-12.642900000000001 0.0
-12.632900000000001 0.0
-12.622900000000001 0.0
-12.612900000000002 0.0
-12.6029 0.0
-12.5929 0.0
-12.5829 0.0
-12.5729 0.0
-12.5629 0.0
-12.552900000000001 0.0
-12.542900000000001 0.0
-12.532900000000001 0.0
-12.5229 0.0
-12.5129 0.0
-12.5029 0.0
-12.4929 0.0
-12.4829 0.0
-12.472900000000001 0.0
-12.462900000000001 0.0
-12.452900000000001 0.0
-12.4429 0.0
-12.4329 0.0
-12.4229 0.0
-12.4129 0.0
-12.4029 0.0
-12.392900000000001 0.0
-12.382900000000001 0.0
-12.372900000000001 0.0
-12.362900000000002 0.0
-12.3529 0.0
-12.3429 0.0
-12.3329 0.0
-12.3229 0.0
-12.3129 0.0
-12.302900000000001 0.0
-12.292900000000001 0.0
-12.282900000000001 0.0
-12.2729 0.0
-12.2629 0.0
-12.2529 0.0
-12.2429 0.0
-12.2329 0.0
-12.222900000000001 0.0
-12.212900000000001 0.0
-12.202900000000001 0.0
-12.1929 0.0
-12.1829 0.0
-12.1729 0.0
-12.1629 0.0
-12.1529 0.0
-12.142900000000001 0.0
-12.132900000000001 0.0
-12.122900000000001 0.0
-12.112900000000002 0.0
-12.1029 0.0
-12.0929 0.0
-12.0829 0.0
-12.0729 0.0
-12.0629 0.0
-12.052900000000001 0.0
-12.042900000000001 0.0
-12.032900000000001 0.0
-12.0229 0.0
-12.0129 0.0
-12.0029 0.0
-11.9929 0.0
-11.9829 0.0
-11.972900000000001 0.0
-11.962900000000001 0.0
-11.952900000000001 0.0
-11.9429 0.0
-11.9329 0.0
-11.9229 0.0
-11.9129 0.0
-11.9029 0.0
-11.892900000000001 0.0
-11.882900000000001 0.0
-11.872900000000001 0.0
-11.8629 0.0
-11.8529 0.0
-11.8429 0.0
-11.8329 0.0
-11.8229 0.0
-11.8129 0.0
-11.802900000000001 0.0
-11.792900000000001 0.0
-11.782900000000001 0.0
-11.7729 0.0
-11.7629 0.0
-11.7529 0.0
-11.7429 0.0
-11.7329 0.0
-11.722900000000001 0.0
-11.712900000000001 0.0
-11.702900000000001 0.0
-11.692900000000002 0.0
-11.6829 0.0
-11.6729 0.0
-11.6629 0.0
-11.6529 0.0
-11.642900000000001 0.0
-11.632900000000001 0.0
-11.622900000000001 0.0
-11.6129 0.0
-11.6029 0.0
-11.5929 0.0
-11.5829 0.0
-11.5729 0.0
-11.5629 0.0
-11.552900000000001 0.0
-11.542900000000001 0.0
-11.532900000000001 0.0
-11.5229 0.0
-11.5129 0.0
-11.5029 0.0
-11.4929 0.0
-11.4829 0.0
-11.472900000000001 0.0
-11.462900000000001 0.0
-11.452900000000001 0.0
-11.442900000000002 0.0
-11.4329 0.0
-11.4229 2.746e-15
-11.4129 5.7560000000000004e-15
-11.4029 1.601e-14
-11.392900000000001 3.3070000000000004e-14
-11.382900000000001 7.51e-14
-11.372900000000001 1.576e-13
-11.3629 3.2139999999999997e-13
-11.3529 6.4e-13
-11.3429 1.261e-12
-11.3329 2.466e-12
-11.3229 4.7790000000000005e-12
-11.3129 9.139999999999999e-12
-11.302900000000001 1.733e-11
-11.292900000000001 3.2500000000000004e-11
-11.282900000000001 6.037e-11
-11.2729 1.105e-10
-11.2629 2.008e-10
-11.2529 3.6099999999999994e-10
-11.2429 6.420000000000001e-10
-11.2329 1.1330000000000001e-09
-11.222900000000001 1.974e-09
-11.212900000000001 3.406e-09
-11.202900000000001 5.819999999999999e-09
-11.192900000000002 9.85e-09
-11.1829 1.648e-08
-11.1729 2.735e-08
-11.1629 4.49e-08
-11.1529 7.29e-08
-11.142900000000001 1.1739999999999999e-07
-11.132900000000001 1.8709999999999997e-07
-11.122900000000001 2.954e-07
-11.1129 4.618e-07
-11.1029 7.15e-07
-11.0929 1.096e-06
-11.0829 1.6649999999999997e-06
-11.0729 2.503e-06
-11.0629 3.728e-06
-11.052900000000001 5.5009999999999995e-06
-11.042900000000001 8.03e-06
-11.032900000000001 1.167e-05
-11.0229 1.672e-05
-11.0129 2.3800000000000003e-05
-11.0029 3.354e-05
-10.9929 4.688e-05
-10.9829 6.49e-05
-10.972900000000001 8.91e-05
-10.962900000000001 0.00012130000000000001
-10.952900000000001 0.0001634
-10.942900000000002 0.00021869999999999998
-10.9329 0.00029029999999999995
-10.9229 0.00038180000000000006
-10.9129 0.0004978
-10.9029 0.000645
-10.892900000000001 0.000826
-10.882900000000001 0.001052
-10.872900000000001 0.001327
-10.8629 0.001662
-10.8529 0.002065
-10.8429 0.002544
-10.8329 0.0031099999999999995
-10.8229 0.003772
-10.8129 0.004539
-10.802900000000001 0.005419
-10.792900000000001 0.00642
-10.782900000000001 0.00753
-10.7729 0.008790000000000001
-10.7629 0.01017
-10.7529 0.011680000000000001
-10.7429 0.01329
-10.7329 0.015019999999999999
-10.722900000000001 0.016819999999999998
-10.712900000000001 0.01872
-10.702900000000001 0.02065
-10.692900000000002 0.022609999999999998
-10.6829 0.024579999999999998
-10.6729 0.026520000000000002
-10.6629 0.028380000000000002
-10.6529 0.03017
-10.642900000000001 0.031830000000000004
-10.632900000000001 0.03337
-10.622900000000001 0.03474
-10.6129 0.03593
-10.6029 0.03694
-10.5929 0.03777
-10.5829 0.03839
-10.5729 0.03884
-10.5629 0.03913
-10.552900000000001 0.03926
-10.542900000000001 0.03925
-10.532900000000001 0.03913
-10.5229 0.03892999999999999
-10.5129 0.03866
-10.5029 0.03833
-10.4929 0.037989999999999996
-10.4829 0.03764000000000001
-10.472900000000001 0.03729999999999999
-10.462900000000001 0.03697
-10.452900000000001 0.03667
-10.442900000000002 0.036359999999999996
-10.4329 0.0361
-10.4229 0.03583
-10.4129 0.0356
-10.4029 0.03536
-10.392900000000001 0.03512
-10.382900000000001 0.03485
-10.372900000000001 0.034589999999999996
-10.3629 0.03429
-10.352900000000002 0.03397
-10.3429 0.033620000000000004
-10.3329 0.03324
-10.3229 0.03286
-10.3129 0.03246
-10.302900000000001 0.032010000000000004
-10.292900000000001 0.03162
-10.282900000000001 0.031229999999999997
-10.2729 0.030860000000000002
-10.2629 0.030539999999999998
-10.2529 0.03024
-10.2429 0.030029999999999998
-10.2329 0.02989
-10.222900000000001 0.02982
-10.212900000000001 0.02981
-10.2029 0.02989
-10.192900000000002 0.03007
-10.1829 0.03029
-10.1729 0.03061
-10.1629 0.030989999999999997
-10.1529 0.03141
-10.142900000000001 0.03188
-10.132900000000001 0.03236
-10.122900000000001 0.032869999999999996
-10.1129 0.03335
-10.102900000000002 0.03382
-10.0929 0.03424000000000001
-10.0829 0.0346
-10.0729 0.03488
-10.0629 0.035070000000000004
-10.052900000000001 0.03513
-10.042900000000001 0.03508
-10.032900000000001 0.0349
-10.0229 0.03457
-10.0129 0.034109999999999994
-10.0029 0.03354
-9.9929 0.03283
-9.9829 0.03202
-9.972900000000001 0.03111
-9.962900000000001 0.03014
-9.9529 0.02911
-9.942900000000002 0.028040000000000002
-9.9329 0.02699
-9.9229 0.02593
-9.9129 0.024920000000000005
-9.9029 0.023960000000000002
-9.892900000000001 0.023080000000000003
-9.882900000000001 0.02227
-9.872900000000001 0.02155
-9.8629 0.02093
-9.852900000000002 0.020399999999999998
-9.8429 0.01996
-9.8329 0.01962
-9.8229 0.01937
-9.8129 0.019180000000000003
-9.802900000000001 0.019059999999999997
-9.792900000000001 0.019020000000000002
-9.782900000000001 0.019
-9.7729 0.019020000000000002
-9.7629 0.01907
-9.7529 0.019139999999999997
-9.7429 0.019209999999999998
-9.7329 0.01928
-9.722900000000001 0.019350000000000003
-9.712900000000001 0.01938
-9.7029 0.01941
-9.692900000000002 0.01938
-9.6829 0.0193
-9.6729 0.0192
-9.6629 0.019020000000000002
-9.6529 0.01881
-9.642900000000001 0.018520000000000002
-9.632900000000001 0.018179999999999998
-9.622900000000001 0.01776
-9.6129 0.0173
-9.602900000000002 0.01677
-9.5929 0.01618
-9.5829 0.01554
-9.5729 0.0149
-9.5629 0.014190000000000001
-9.552900000000001 0.013470000000000001
-9.542900000000001 0.012720000000000002
-9.532900000000001 0.012029999999999999
-9.5229 0.011280000000000002
-9.5129 0.010589999999999999
-9.5029 0.009909999999999999
-9.4929 0.00928
-9.4829 0.0087
-9.472900000000001 0.00815
-9.462900000000001 0.007679999999999999
-9.4529 0.007240000000000001
-9.442900000000002 0.00687
-9.4329 0.006549999999999999
-9.4229 0.00628
-9.4129 0.006050999999999999
-9.4029 0.005866
-9.392900000000001 0.005732000000000001
-9.382900000000001 0.005627
-9.372900000000001 0.005551
-9.3629 0.005501
-9.352900000000002 0.005476
-9.3429 0.005468000000000001
-9.3329 0.0054789999999999995
-9.3229 0.005503999999999999
-9.3129 0.0055390000000000005
-9.302900000000001 0.005582
-9.292900000000001 0.005628
-9.282900000000001 0.0056749999999999995
-9.2729 0.0057209999999999995
-9.2629 0.005757999999999999
-9.2529 0.005784999999999999
-9.2429 0.005796
-9.2329 0.005785
-9.222900000000001 0.005752
-9.212900000000001 0.005692
-9.2029 0.005602
-9.192900000000002 0.005481
-9.1829 0.005328
-9.1729 0.005143
-9.1629 0.004929000000000001
-9.1529 0.0046890000000000005
-9.142900000000001 0.004425
-9.132900000000001 0.004145
-9.122900000000001 0.0038510000000000003
-9.1129 0.003548
-9.102900000000002 0.003242
-9.0929 0.002939
-9.0829 0.002645
-9.0729 0.002361
-9.0629 0.002094
-9.052900000000001 0.001843
-9.042900000000001 0.0016129999999999999
-9.032900000000001 0.001406
-9.0229 0.001218
-9.0129 0.001055
-9.0029 0.000909
-8.9929 0.000785
-8.9829 0.000679
-8.972900000000001 0.0005893000000000001
-8.962900000000001 0.0005136
-8.9529 0.00045010000000000004
-8.942900000000002 0.00039730000000000006
-8.9329 0.0003529
-8.9229 0.00031560000000000003
-8.9129 0.00028389999999999996
-8.9029 0.00025650000000000005
-8.892900000000001 0.0002324
-8.882900000000001 0.0002112
-8.872900000000001 0.0001917
-8.8629 0.0001739
-8.852900000000002 0.0001571
-8.8429 0.0001417
-8.8329 0.0001269
-8.8229 0.0001132
-8.8129 0.00010019999999999998
-8.802900000000001 8.82e-05
-8.792900000000001 7.7e-05
-8.782900000000001 6.67e-05
-8.7729 5.732e-05
-8.7629 4.8830000000000005e-05
-8.7529 4.1259999999999995e-05
-8.7429 3.46e-05
-8.7329 2.875e-05
-8.722900000000001 2.369e-05
-8.712900000000001 1.9339999999999998e-05
-8.7029 1.564e-05
-8.692900000000002 1.256e-05
-8.6829 9.97e-06
-8.6729 7.850000000000001e-06
-8.6629 6.137e-06
-8.6529 4.744e-06
-8.642900000000001 3.6359999999999996e-06
-8.632900000000001 2.76e-06
-8.622900000000001 2.075e-06
-8.6129 1.546e-06
-8.602900000000002 1.141e-06
-8.5929 8.349999999999999e-07
-8.5829 6.035999999999999e-07
-8.5729 4.328e-07
-8.5629 3.073e-07
-8.552900000000001 2.159e-07
-8.542900000000001 1.504e-07
-8.532900000000001 1.037e-07
-8.5229 7.07e-08
-8.5129 4.776e-08
-8.5029 3.193e-08
-8.4929 2.115e-08
-8.4829 1.3849999999999998e-08
-8.472900000000001 8.98e-09
-8.462900000000001 5.769e-09
-8.4529 3.6660000000000004e-09
-8.442900000000002 2.3059999999999997e-09
-8.4329 1.435e-09
-8.4229 8.85e-10
-8.4129 5.411e-10
-8.4029 3.2919999999999996e-10
-8.392900000000001 2.0280000000000001e-10
-8.382900000000001 1.3199999999999998e-10
-8.372900000000001 1.012e-10
-8.3629 1.047e-10
-8.352900000000002 1.4779999999999997e-10
-8.3429 2.498e-10
-8.3329 4.5030000000000004e-10
-8.3229 8.235e-10
-8.3129 1.4999999999999998e-09
-8.302900000000001 2.7169999999999996e-09
-8.2929 4.8659999999999995e-09
-8.282900000000001 8.64e-09
-8.2729 1.517e-08
-8.262900000000002 2.6369999999999997e-08
-8.2529 4.538999999999999e-08
-8.2429 7.735000000000001e-08
-8.2329 1.305e-07
-8.222900000000001 2.179e-07
-8.212900000000001 3.603e-07
-8.2029 5.901000000000001e-07
-8.192900000000002 9.570000000000001e-07
-8.1829 1.536e-06
-8.1729 2.4400000000000004e-06
-8.1629 3.842e-06
-8.1529 5.995e-06
-8.142900000000001 9.24e-06
-8.132900000000001 1.4120000000000002e-05
-8.122900000000001 2.138e-05
-8.1129 3.205e-05
-8.102900000000002 4.751e-05
-8.0929 7.006e-05
-8.0829 0.0001021
-8.0729 0.0001472
-8.0629 0.0002105
-8.052900000000001 0.0002982
-8.0429 0.0004185
-8.032900000000001 0.0005817999999999999
-8.0229 0.0008018000000000001
-8.012900000000002 0.001096
-8.0029 0.001482
-7.992900000000001 0.001987
-7.982900000000001 0.002644
-7.972900000000001 0.003485
-7.9629 0.004553
-7.9529000000000005 0.0059
-7.942900000000001 0.007581
-7.932900000000001 0.009659999999999998
-7.9229 0.012199999999999999
-7.9129000000000005 0.015300000000000001
-7.902900000000001 0.01902
-7.892900000000001 0.02345
-7.882900000000001 0.0287
-7.8729000000000005 0.03487
-7.862900000000001 0.04204
-7.852900000000001 0.050300000000000004
-7.842900000000001 0.05977999999999999
-7.8329 0.07053
-7.822900000000001 0.0826
-7.812900000000001 0.09620000000000001
-7.802900000000001 0.111
-7.7929 0.12749999999999997
-7.782900000000001 0.14529999999999998
-7.772900000000001 0.1648
-7.762900000000001 0.1855
-7.7529 0.20750000000000002
-7.742900000000001 0.23099999999999998
-7.732900000000001 0.25529999999999997
-7.722900000000001 0.2808
-7.7129 0.3069
-7.7029000000000005 0.3337
-7.692900000000001 0.3607
-7.682900000000001 0.38770000000000004
-7.6729 0.41450000000000004
-7.6629000000000005 0.4409
-7.652900000000001 0.4665
-7.642900000000001 0.4913
-7.632900000000001 0.5148
-7.6229000000000005 0.5369
-7.612900000000001 0.5573000000000001
-7.602900000000001 0.5760000000000001
-7.592900000000001 0.5942
-7.5829 0.6093999999999999
-7.572900000000001 0.622
-7.562900000000001 0.633
-7.552900000000001 0.642
-7.5429 0.651
-7.532900000000001 0.658
-7.522900000000001 0.661
-7.512900000000001 0.667
-7.5029 0.67
-7.492900000000001 0.672
-7.482900000000001 0.672
-7.472900000000001 0.675
-7.4629 0.672
-7.4529000000000005 0.672
-7.442900000000001 0.674
-7.432900000000001 0.672
-7.4229 0.669
-7.4129000000000005 0.668
-7.402900000000001 0.666
-7.392900000000001 0.664
-7.382900000000001 0.661
-7.3729000000000005 0.658
-7.362900000000001 0.654
-7.352900000000001 0.65
-7.342900000000001 0.646
-7.3329 0.637
-7.322900000000001 0.633
-7.312900000000001 0.624
-7.302900000000001 0.617
-7.2929 0.6053999999999999
-7.282900000000001 0.5961
-7.272900000000001 0.5854999999999999
-7.262900000000001 0.5726
-7.2529 0.5596
-7.242900000000001 0.5458
-7.232900000000001 0.5311
-7.222900000000001 0.5159999999999999
-7.2129 0.5003
-7.2029000000000005 0.48400000000000004
-7.192900000000001 0.46729999999999994
-7.182900000000001 0.45049999999999996
-7.1729 0.4335
-7.1629000000000005 0.4167
-7.152900000000001 0.3999
-7.142900000000001 0.3833
-7.132900000000001 0.3669
-7.1229000000000005 0.351
-7.112900000000001 0.3353
-7.102900000000001 0.3202
-7.092900000000001 0.3056
-7.0829 0.29150000000000004
-7.072900000000001 0.2779
-7.062900000000001 0.265
-7.052900000000001 0.25250000000000006
-7.0429 0.24080000000000001
-7.032900000000001 0.22940000000000002
-7.022900000000001 0.2188
-7.012900000000001 0.20849999999999996
-7.0029 0.1989
-6.992900000000001 0.18999999999999997
-6.982900000000001 0.18130000000000002
-6.972900000000001 0.1734
-6.9629 0.166
-6.9529000000000005 0.15900000000000003
-6.942900000000001 0.1525
-6.932900000000001 0.1463
-6.9229 0.1408
-6.9129000000000005 0.13540000000000002
-6.902900000000001 0.1302
-6.892900000000001 0.12530000000000002
-6.882900000000001 0.1206
-6.8729000000000005 0.1159
-6.862900000000001 0.11120000000000001
-6.852900000000001 0.10650000000000001
-6.842900000000001 0.1019
-6.8329 0.09720000000000001
-6.822900000000001 0.0925
-6.812900000000001 0.0877
-6.802900000000001 0.0828
-6.7929 0.07800000000000001
-6.782900000000001 0.0731
-6.772900000000001 0.0684
-6.762900000000001 0.0635
-6.7529 0.05887
-6.742900000000001 0.05434
-6.732900000000001 0.050030000000000005
-6.722900000000001 0.04592
-6.7129 0.042069999999999996
-6.7029000000000005 0.0385
-6.692900000000001 0.03523
-6.682900000000001 0.03228
-6.6729 0.029640000000000003
-6.6629000000000005 0.027290000000000002
-6.652900000000001 0.025260000000000005
-6.642900000000001 0.0235
-6.632900000000001 0.022019999999999998
-6.6229000000000005 0.02079
-6.612900000000001 0.019790000000000002
-6.602900000000001 0.01901
-6.592900000000001 0.018410000000000003
-6.5829 0.01798
-6.572900000000001 0.01773
-6.562900000000001 0.01763
-6.552900000000001 0.01766
-6.5429 0.017830000000000002
-6.532900000000001 0.01814
-6.522900000000001 0.018569999999999996
-6.512900000000001 0.019139999999999997
-6.5029 0.019809999999999998
-6.492900000000001 0.02064
-6.482900000000001 0.021560000000000003
-6.472900000000001 0.022619999999999998
-6.4629 0.02379
-6.4529000000000005 0.02506
-6.442900000000001 0.026430000000000002
-6.432900000000001 0.02786
-6.4229 0.029400000000000006
-6.4129000000000005 0.031010000000000003
-6.402900000000001 0.03267
-6.392900000000001 0.03436
-6.382900000000001 0.036109999999999996
-6.3729000000000005 0.03788
-6.362900000000001 0.03964000000000001
-6.352900000000001 0.04144
-6.342900000000001 0.04324
-6.3329 0.045009999999999994
-6.322900000000001 0.046759999999999996
-6.312900000000001 0.04846
-6.302900000000001 0.050210000000000005
-6.2929 0.051829999999999994
-6.282900000000001 0.05352
-6.272900000000001 0.05517999999999999
-6.262900000000001 0.05674
-6.2529 0.05836
-6.242900000000001 0.05986000000000001
-6.232900000000001 0.06166
-6.222900000000001 0.06335
-6.2129 0.06525
-6.2029000000000005 0.06718
-6.192900000000001 0.06955
-6.182900000000001 0.07208
-6.1729 0.07486999999999999
-6.1629000000000005 0.07816
-6.152900000000001 0.08187
-6.142900000000001 0.08600000000000001
-6.132900000000001 0.0907
-6.1229000000000005 0.096
-6.112900000000001 0.1017
-6.102900000000001 0.1078
-6.092900000000001 0.1147
-6.0829 0.122
-6.072900000000001 0.1295
-6.062900000000001 0.1375
-6.052900000000001 0.14590000000000003
-6.0429 0.1544
-6.032900000000001 0.1628
-6.022900000000001 0.1712
-6.012900000000001 0.17959999999999998
-6.0029 0.18780000000000002
-5.992900000000001 0.1956
-5.982900000000001 0.2027
-5.972900000000001 0.2096
-5.9629 0.2158
-5.9529000000000005 0.2212
-5.942900000000001 0.22579999999999997
-5.932900000000001 0.22970000000000002
-5.9229 0.2328
-5.9129000000000005 0.23500000000000001
-5.902900000000001 0.2366
-5.892900000000001 0.2375
-5.882900000000001 0.2378
-5.8729000000000005 0.23770000000000002
-5.862900000000001 0.23720000000000002
-5.852900000000001 0.2367
-5.842900000000001 0.23629999999999998
-5.8329 0.23619999999999997
-5.822900000000001 0.2368
-5.812900000000001 0.2383
-5.802900000000001 0.24100000000000002
-5.7929 0.2451
-5.782900000000001 0.25060000000000004
-5.772900000000001 0.2581
-5.762900000000001 0.26770000000000005
-5.7529 0.2793
-5.742900000000001 0.29319999999999996
-5.732900000000001 0.30929999999999996
-5.722900000000001 0.3275
-5.7129 0.3481
-5.7029000000000005 0.3708
-5.692900000000001 0.3955
-5.682900000000001 0.4218
-5.6729 0.44980000000000003
-5.6629000000000005 0.47900000000000004
-5.652900000000001 0.51
-5.642900000000001 0.5395
-5.632900000000001 0.5726
-5.6229000000000005 0.6032
-5.612900000000001 0.6340000000000001
-5.602900000000001 0.665
-5.592900000000001 0.6931
-5.5829 0.7219
-5.572900000000001 0.749
-5.562900000000001 0.774
-5.552900000000001 0.797
-5.5429 0.8180000000000001
-5.532900000000001 0.8370000000000001
-5.522900000000001 0.8550000000000001
-5.512900000000001 0.8700000000000001
-5.5029 0.8840000000000001
-5.492900000000001 0.8960000000000001
-5.482900000000001 0.9050000000000001
-5.472900000000001 0.9150000000000001
-5.4629 0.9230000000000002
-5.4529000000000005 0.9310000000000002
-5.442900000000001 0.9390000000000001
-5.432900000000001 0.9450000000000001
-5.4229 0.9540000000000001
-5.4129000000000005 0.9640000000000001
-5.402900000000001 0.9740000000000001
-5.392900000000001 0.9860000000000001
-5.382900000000001 0.9970000000000001
-5.3729000000000005 1.012
-5.362900000000001 1.027
-5.352900000000001 1.043
-5.342900000000001 1.059
-5.3329 1.078
-5.322900000000001 1.093
-5.312900000000001 1.1119999999999999
-5.302900000000001 1.129
-5.2929 1.1440000000000001
-5.282900000000001 1.1600000000000001
-5.272900000000001 1.174
-5.262900000000001 1.186
-5.2529 1.195
-5.242900000000001 1.204
-5.232900000000001 1.212
-5.222900000000001 1.216
-5.2129 1.2169999999999999
-5.2029000000000005 1.218
-5.192900000000001 1.216
-5.182900000000001 1.214
-5.1729 1.209
-5.1629000000000005 1.2020000000000002
-5.152900000000001 1.194
-5.142900000000001 1.185
-5.132900000000001 1.175
-5.1229000000000005 1.163
-5.112900000000001 1.1520000000000001
-5.102900000000001 1.141
-5.092900000000001 1.127
-5.0829 1.115
-5.072900000000001 1.103
-5.062900000000001 1.09
-5.052900000000001 1.0779999999999998
-5.0429 1.067
-5.032900000000001 1.0559999999999998
-5.022900000000001 1.0459999999999998
-5.012900000000001 1.037
-5.0029 1.033
-4.992900000000001 1.028
-4.982900000000001 1.026
-4.972900000000001 1.027
-4.9629 1.03
-4.9529000000000005 1.036
-4.942900000000001 1.0430000000000001
-4.932900000000001 1.0550000000000002
-4.9229 1.069
-4.9129000000000005 1.088
-4.902900000000001 1.107
-4.892900000000001 1.128
-4.882900000000001 1.154
-4.8729000000000005 1.178
-4.862900000000001 1.205
-4.852900000000001 1.23
-4.842900000000001 1.2550000000000001
-4.8329 1.28
-4.822900000000001 1.3039999999999998
-4.812900000000001 1.3230000000000002
-4.802900000000001 1.341
-4.7929 1.356
-4.782900000000001 1.367
-4.772900000000001 1.3739999999999999
-4.762900000000001 1.377
-4.7529 1.375
-4.742900000000001 1.371
-4.732900000000001 1.364
-4.722900000000001 1.353
-4.7129 1.341
-4.7029000000000005 1.3239999999999998
-4.692900000000001 1.306
-4.682900000000001 1.288
-4.6729 1.2690000000000001
-4.6629000000000005 1.248
-4.652900000000001 1.229
-4.642900000000001 1.211
-4.632900000000001 1.193
-4.6229000000000005 1.178
-4.612900000000001 1.163
-4.602900000000001 1.149
-4.592900000000001 1.139
-4.5829 1.1289999999999998
-4.572900000000001 1.1199999999999999
-4.562900000000001 1.113
-4.552900000000001 1.107
-4.5429 1.101
-4.532900000000001 1.096
-4.522900000000001 1.092
-4.512900000000001 1.089
-4.5029 1.083
-4.492900000000001 1.08
-4.482900000000001 1.076
-4.472900000000001 1.071
-4.4629 1.067
-4.4529000000000005 1.0610000000000002
-4.442900000000001 1.055
-4.432900000000001 1.05
-4.4229 1.043
-4.4129000000000005 1.038
-4.402900000000001 1.032
-4.392900000000001 1.0270000000000001
-4.382900000000001 1.021
-4.372900000000001 1.017
-4.3629000000000016 1.014
-4.3529 1.014
-4.3429 1.011
-4.3329 1.014
-4.322900000000001 1.011
-4.312900000000001 1.014
-4.302900000000001 1.017
-4.292900000000001 1.02
-4.2829000000000015 1.029
-4.2729 1.032
-4.2629 1.038
-4.2529 1.044
-4.242900000000001 1.0479999999999998
-4.232900000000001 1.053
-4.222900000000001 1.0570000000000002
-4.212900000000001 1.0619999999999998
-4.202900000000001 1.065
-4.1929 1.067
-4.1829 1.068
-4.1729 1.0659999999999998
-4.1629000000000005 1.064
-4.152900000000001 1.059
-4.142900000000001 1.053
-4.132900000000001 1.043
-4.122900000000001 1.035
-4.1129000000000016 1.023
-4.1029 1.01
-4.0929 0.996
-4.0829 0.982
-4.072900000000001 0.9650000000000001
-4.062900000000001 0.9490000000000001
-4.052900000000001 0.9330000000000002
-4.042900000000001 0.9170000000000001
-4.0329000000000015 0.9010000000000001
-4.0229 0.8870000000000001
-4.0129 0.8710000000000001
-4.0029 0.8600000000000001
-3.9929000000000006 0.8500000000000001
-3.9829000000000008 0.8410000000000001
-3.972900000000001 0.8340000000000001
-3.962900000000001 0.8300000000000001
-3.9529000000000014 0.8290000000000001
-3.9429 0.8280000000000001
-3.9329 0.8310000000000001
-3.9229000000000003 0.8370000000000001
-3.9129000000000005 0.8420000000000001
-3.9029000000000007 0.8520000000000001
-3.892900000000001 0.8630000000000001
-3.882900000000001 0.8770000000000001
-3.8729000000000013 0.8910000000000001
-3.8629000000000016 0.9060000000000001
-3.8529 0.921
-3.8429 0.936
-3.8329000000000004 0.9540000000000001
-3.8229000000000006 0.9689999999999999
-3.812900000000001 0.984
-3.802900000000001 0.996
-3.7929000000000013 1.0090000000000001
-3.7829000000000015 1.018
-3.7729 1.028
-3.7629 1.0330000000000001
-3.7529000000000003 1.038
-3.7429000000000006 1.04
-3.7329000000000008 1.041
-3.722900000000001 1.038
-3.712900000000001 1.035
-3.7029000000000014 1.032
-3.6929 1.0250000000000001
-3.6829 1.021
-3.6729000000000003 1.014
-3.6629000000000005 1.008
-3.6529000000000007 1.002
-3.642900000000001 1.0
-3.632900000000001 0.9960000000000001
-3.6229000000000013 0.9930000000000001
-3.6129000000000016 0.9930000000000001
-3.6029 0.9920000000000001
-3.5929 0.9950000000000001
-3.5829000000000004 0.9990000000000001
-3.5729000000000006 1.002
-3.562900000000001 1.005
-3.552900000000001 1.008
-3.5429000000000013 1.0130000000000001
-3.5329000000000015 1.017
-3.5229 1.02
-3.5129 1.022
-3.5029000000000003 1.023
-3.4929000000000006 1.023
-3.4829000000000008 1.02
-3.472900000000001 1.0179999999999998
-3.462900000000001 1.0119999999999998
-3.4529000000000014 1.008
-3.4429 1.0019999999999998
-3.4329 0.9939999999999999
-3.4229000000000003 0.9869999999999999
-3.4129000000000005 0.979
-3.4029000000000007 0.9740000000000001
-3.392900000000001 0.9670000000000001
-3.382900000000001 0.9630000000000001
-3.3729000000000013 0.9620000000000001
-3.3629000000000016 0.9600000000000001
-3.3529 0.9609999999999999
-3.3429 0.9639999999999999
-3.3329000000000004 0.969
-3.3229000000000006 0.975
-3.312900000000001 0.983
-3.302900000000001 0.991
-3.2929000000000013 0.9999999999999999
-3.2829000000000015 1.012
-3.2729 1.0210000000000001
-3.2629 1.0319999999999998
-3.2529000000000003 1.0419999999999998
-3.2429000000000006 1.05
-3.2329000000000008 1.057
-3.222900000000001 1.061
-3.212900000000001 1.066
-3.2029000000000014 1.067
-3.1929 1.067
-3.1829 1.062
-3.1729000000000003 1.059
-3.1629000000000005 1.049
-3.1529000000000007 1.042
-3.142900000000001 1.0299999999999998
-3.132900000000001 1.0130000000000001
-3.1229000000000013 1.0
-3.1129000000000016 0.9800000000000001
-3.1029 0.9620000000000001
-3.0929 0.9410000000000001
-3.0829000000000004 0.92
-3.0729000000000006 0.896
-3.062900000000001 0.871
-3.052900000000001 0.8460000000000001
-3.0429000000000013 0.8210000000000001
-3.0329000000000015 0.795
-3.0229 0.77
-3.0129 0.743
-3.0029000000000003 0.716
-2.9929000000000006 0.6930000000000001
-2.9829000000000008 0.668
-2.972900000000001 0.641
-2.962900000000001 0.62
-2.9529000000000014 0.5982999999999999
-2.9429 0.5778
-2.9329 0.5589999999999999
-2.9229000000000003 0.5417000000000001
-2.9129000000000005 0.5265
-2.9029000000000007 0.5126999999999999
-2.892900000000001 0.501
-2.882900000000001 0.4909
-2.8729000000000013 0.4826000000000001
-2.8629000000000016 0.4757
-2.8529 0.47050000000000003
-2.8429 0.4668
-2.8329000000000004 0.46409999999999996
-2.8229000000000006 0.4628000000000001
-2.812900000000001 0.4623
-2.802900000000001 0.46259999999999996
-2.7929000000000013 0.4636
-2.7829000000000015 0.465
-2.7729 0.4668
-2.7629 0.4687
-2.7529000000000003 0.4707
-2.7429000000000006 0.4726
-2.7329000000000008 0.4743
-2.722900000000001 0.47590000000000005
-2.712900000000001 0.477
-2.7029000000000014 0.4778
-2.6929 0.4784
-2.6829 0.4781
-2.6729000000000003 0.4776
-2.6629000000000005 0.47669999999999996
-2.6529000000000007 0.47519999999999996
-2.642900000000001 0.47340000000000004
-2.632900000000001 0.4713
-2.6229000000000013 0.469
-2.6129000000000016 0.46659999999999996
-2.6029 0.464
-2.5929 0.4618
-2.5829000000000004 0.45969999999999994
-2.5729000000000006 0.458
-2.562900000000001 0.4566
-2.552900000000001 0.45589999999999997
-2.5429000000000013 0.4558
-2.5329000000000015 0.4563999999999999
-2.5229 0.4577
-2.5129 0.4595
-2.5029000000000003 0.4620000000000001
-2.4929000000000006 0.4649
-2.4829000000000008 0.4684999999999999
-2.472900000000001 0.4724
-2.462900000000001 0.47629999999999995
-2.4529000000000014 0.48040000000000005
-2.4429 0.48440000000000005
-2.4329 0.4881
-2.4229000000000003 0.4913
-2.4129000000000005 0.49380000000000007
-2.4029000000000007 0.4959
-2.392900000000001 0.49720000000000003
-2.382900000000001 0.4974
-2.3729000000000013 0.4969
-2.3629000000000016 0.49539999999999995
-2.3529 0.4931
-2.3429 0.4898
-2.3329000000000004 0.48549999999999993
-2.3229000000000006 0.4806
-2.312900000000001 0.4747
-2.302900000000001 0.4682
-2.2929000000000013 0.46099999999999997
-2.2829000000000015 0.45330000000000004
-2.2729 0.44530000000000003
-2.2629 0.4366
-2.2529000000000003 0.42779999999999996
-2.2429000000000006 0.4185
-2.2329000000000008 0.40880000000000005
-2.222900000000001 0.3991
-2.212900000000001 0.38899999999999996
-2.2029000000000014 0.37900000000000006
-2.1929 0.3685
-2.1829 0.3581
-2.1729000000000003 0.3475
-2.1629000000000005 0.3368
-2.1529000000000007 0.32600000000000007
-2.142900000000001 0.3148
-2.132900000000001 0.3037
-2.1229000000000013 0.2923
-2.1129000000000016 0.2809
-2.1029 0.26920000000000005
-2.0929 0.2574
-2.0829000000000004 0.24569999999999997
-2.0729000000000006 0.23400000000000004
-2.062900000000001 0.2224
-2.052900000000001 0.21089999999999998
-2.0429000000000013 0.1996
-2.0329000000000015 0.1889
-2.0229 0.1784
-2.0129 0.16870000000000002
-2.0029000000000003 0.15940000000000001
-1.9929000000000006 0.1511
-1.9829000000000008 0.1437
-1.972900000000001 0.1371
-1.9629000000000012 0.1316
-1.9529000000000014 0.12719999999999998
-1.9428999999999998 0.12390000000000001
-1.9329 0.12159999999999999
-1.9229000000000003 0.1204
-1.9129000000000005 0.12029999999999999
-1.9029000000000007 0.12129999999999999
-1.892900000000001 0.1231
-1.8829000000000011 0.12569999999999998
-1.8729000000000013 0.1291
-1.8629000000000016 0.1332
-1.8529 0.13799999999999998
-1.8429000000000002 0.14300000000000002
-1.8329000000000004 0.1484
-1.8229000000000006 0.154
-1.8129000000000008 0.1599
-1.802900000000001 0.1657
-1.7929000000000013 0.1714
-1.7829000000000015 0.1768
-1.7729 0.18169999999999997
-1.7629000000000001 0.1864
-1.7529000000000003 0.19060000000000002
-1.7429000000000006 0.19419999999999998
-1.7329000000000008 0.1971
-1.722900000000001 0.1996
-1.7129000000000012 0.20110000000000003
-1.7029000000000014 0.2021
-1.6928999999999998 0.20270000000000002
-1.6829 0.20239999999999997
-1.6729000000000003 0.2017
-1.6629000000000005 0.20040000000000002
-1.6529000000000007 0.19879999999999998
-1.642900000000001 0.1967
-1.6329000000000011 0.19429999999999997
-1.6229000000000013 0.19179999999999997
-1.6129000000000016 0.18929999999999997
-1.6029 0.1865
-1.5929000000000002 0.184
-1.5829000000000004 0.18120000000000003
-1.5729000000000006 0.17900000000000002
-1.5629000000000008 0.1767
-1.552900000000001 0.17490000000000003
-1.5429000000000013 0.1732
-1.5329000000000015 0.1719
-1.5229 0.17099999999999999
-1.5129000000000001 0.1704
-1.5029000000000003 0.1701
-1.4929000000000006 0.1703
-1.4829000000000008 0.1708
-1.472900000000001 0.17159999999999997
-1.4629000000000012 0.1726
-1.4529000000000014 0.174
-1.4428999999999998 0.1756
-1.4329 0.1773
-1.4229000000000003 0.1793
-1.4129000000000005 0.18139999999999998
-1.4029000000000007 0.1835
-1.392900000000001 0.1856
-1.3829000000000011 0.18789999999999998
-1.3729000000000013 0.1901
-1.3629000000000016 0.19249999999999998
-1.3529 0.19479999999999997
-1.3429000000000002 0.1974
-1.3329000000000004 0.1998
-1.3229000000000006 0.2025
-1.3129000000000008 0.2051
-1.302900000000001 0.2081
-1.2929000000000013 0.2112
-1.2829000000000015 0.2143
-1.2729 0.2176
-1.2629000000000001 0.2213
-1.2529000000000003 0.2248
-1.2429000000000006 0.2285
-1.2329000000000008 0.23220000000000002
-1.222900000000001 0.236
-1.2129000000000012 0.2394
-1.2029000000000014 0.243
-1.1928999999999998 0.24619999999999997
-1.1829 0.2491
-1.1729000000000003 0.25139999999999996
-1.1629000000000005 0.2534
-1.1529000000000007 0.2552
-1.142900000000001 0.2564
-1.1329000000000011 0.25680000000000003
-1.1229000000000013 0.2568
-1.1129000000000016 0.2562
-1.1029 0.2551
-1.0929000000000002 0.2534
-1.0829000000000004 0.2514
-1.0729000000000006 0.24889999999999998
-1.0629000000000008 0.24630000000000002
-1.052900000000001 0.24310000000000004
-1.0429000000000013 0.23979999999999999
-1.0329000000000015 0.2365
-1.0229 0.2327
-1.0129000000000001 0.2293
-1.0029000000000003 0.2258
-0.9929000000000006 0.22230000000000003
-0.9829000000000008 0.21889999999999998
-0.972900000000001 0.2157
-0.9629000000000012 0.2126
-0.9529000000000014 0.2095
-0.9428999999999998 0.2066
-0.9329000000000001 0.20379999999999998
-0.9229000000000003 0.2012
-0.9129000000000005 0.19870000000000002
-0.9029000000000007 0.19629999999999997
-0.8929000000000009 0.19399999999999998
-0.8829000000000011 0.1916
-0.8729000000000013 0.18920000000000003
-0.8629000000000016 0.18680000000000002
-0.8529 0.1844
-0.8429000000000002 0.18159999999999998
-0.8329000000000004 0.1789
-0.8229000000000006 0.17579999999999998
-0.8129000000000008 0.1726
-0.8029000000000011 0.16910000000000003
-0.7929000000000013 0.16510000000000002
-0.7829000000000015 0.16099999999999998
-0.7728999999999999 0.1565
-0.7629000000000001 0.1517
-0.7529000000000003 0.1466
-0.7429000000000006 0.1412
-0.7329000000000008 0.1353
-0.722900000000001 0.1293
-0.7129000000000012 0.1232
-0.7029000000000014 0.1167
-0.6928999999999998 0.1101
-0.6829000000000001 0.1036
-0.6729000000000003 0.0968
-0.6629000000000005 0.09000000000000001
-0.6529000000000007 0.0834
-0.6429000000000009 0.07680000000000001
-0.6329000000000011 0.07041
-0.6229000000000013 0.06425
-0.6129000000000016 0.058199999999999995
-0.6029 0.052489999999999995
-0.5929000000000002 0.046959999999999995
-0.5829000000000004 0.04181
-0.5729000000000006 0.03701
-0.5629000000000008 0.03255
-0.5529000000000011 0.02844
-0.5429000000000013 0.024690000000000004
-0.5329000000000015 0.02129
-0.5228999999999999 0.01824
-0.5129000000000001 0.015510000000000001
-0.5029000000000003 0.0131
-0.49290000000000056 0.01099
-0.4829000000000008 0.009160000000000001
-0.472900000000001 0.007587
-0.4629000000000012 0.006236
-0.4529000000000014 0.00507
-0.44289999999999985 0.0041069999999999995
-0.43290000000000006 0.003296
-0.4229000000000003 0.002628
-0.4129000000000005 0.0020770000000000003
-0.4029000000000007 0.0016319999999999998
-0.3929000000000009 0.001269
-0.38290000000000113 0.0009800000000000002
-0.37290000000000134 0.0007517
-0.36290000000000155 0.0005706999999999999
-0.3529 0.0004303
-0.3429000000000002 0.0003217
-0.3329000000000004 0.0002386
-0.32290000000000063 0.0001752
-0.31290000000000084 0.0001278
-0.30290000000000106 9.21e-05
-0.29290000000000127 6.596e-05
-0.2829000000000015 4.6870000000000004e-05
-0.2728999999999999 3.298e-05
-0.26290000000000013 2.298e-05
-0.25290000000000035 1.588e-05
-0.24290000000000056 1.086e-05
-0.23290000000000077 7.3630000000000005e-06
-0.222900000000001 4.954e-06
-0.2129000000000012 3.292e-06
-0.2029000000000014 2.171e-06
-0.19289999999999985 1.4189999999999999e-06
-0.18290000000000006 9.149999999999999e-07
-0.17290000000000028 5.854e-07
-0.1629000000000005 3.719e-07
-0.1529000000000007 2.3349999999999997e-07
-0.14290000000000092 1.452e-07
-0.13290000000000113 8.950000000000001e-08
-0.12290000000000134 5.4439999999999996e-08
-0.11290000000000155 3.2869999999999996e-08
-0.10289999999999999 1.9629999999999998e-08
-0.0929000000000002 1.161e-08
-0.08290000000000042 6.796e-09
-0.07290000000000063 3.937e-09
-0.06290000000000084 2.257e-09
-0.05290000000000106 1.281e-09
-0.04290000000000127 7.189e-10
-0.032900000000001484 4.0029999999999995e-10
-0.02289999999999992 2.203e-10
-0.012900000000000134 1.2e-10
-0.0029000000000003467 6.477e-11
0.00709999999999944 3.448e-11
0.017099999999999227 1.8189999999999997e-11
0.027099999999999014 9.479999999999999e-12
0.0370999999999988 4.8870000000000005e-12
0.04709999999999859 2.4930000000000004e-12
0.05710000000000015 1.247e-12
0.06709999999999994 6.222000000000001e-13
0.07709999999999972 3.094e-13
0.08709999999999951 1.47e-13
0.0970999999999993 7.157e-14
0.10709999999999908 3.038e-14
0.11709999999999887 1.069e-14
0.12709999999999866 0.0
0.13709999999999845 0.0
0.1471 0.0
0.1570999999999998 0.0
0.16709999999999958 0.0
0.17709999999999937 0.0
0.18709999999999916 0.0
0.19709999999999894 0.0
0.20709999999999873 0.0
0.21709999999999852 0.0
0.22710000000000008 0.0
0.23709999999999987 0.0
0.24709999999999965 0.0
0.25709999999999944 0.0
0.2670999999999992 0.0
0.277099999999999 0.0
0.2870999999999988 0.0
0.2970999999999986 0.0
0.30710000000000015 0.0
0.31709999999999994 0.0
0.3270999999999997 0.0
0.3370999999999995 0.0
0.3470999999999993 0.0
0.3570999999999991 0.0
0.36709999999999887 0.0
0.37709999999999866 0.0
0.38709999999999845 0.0
0.3971 0.0
0.4070999999999998 0.0
0.4170999999999996 0.0
0.42709999999999937 0.0
0.43709999999999916 0.0
0.44709999999999894 0.0
0.45709999999999873 0.0
0.4670999999999985 0.0
0.4771000000000001 0.0
0.48709999999999987 0.0
0.49709999999999965 0.0
0.5070999999999994 0.0
0.5170999999999992 0.0
0.527099999999999 0.0
0.5370999999999988 0.0
0.5470999999999986 0.0
0.5571000000000002 0.0
0.5670999999999999 0.0
0.5770999999999997 0.0
0.5870999999999995 0.0
0.5970999999999993 0.0
0.6070999999999991 0.0
0.6170999999999989 0.0
0.6270999999999987 0.0
0.6370999999999984 0.0
0.6471 0.0
0.6570999999999998 0.0
0.6670999999999996 0.0
0.6770999999999994 0.0
0.6870999999999992 0.0
0.6970999999999989 0.0
0.7070999999999987 0.0
0.7170999999999985 0.0
0.7271000000000001 0.0
0.7370999999999999 0.0
0.7470999999999997 0.0
0.7570999999999994 0.0
0.7670999999999992 0.0
0.777099999999999 0.0
0.7870999999999988 0.0
0.7970999999999986 0.0
0.8071000000000002 0.0
0.8170999999999999 0.0
0.8270999999999997 0.0
0.8370999999999995 0.0
0.8470999999999993 0.0
0.8570999999999991 0.0
0.8670999999999989 0.0
0.8770999999999987 0.0
0.8870999999999984 0.0
0.8971 3.98524e-14
0.9070999999999998 8.34095e-14
0.9170999999999996 1.7252669999999999e-13
0.9270999999999994 3.5346400000000003e-13
0.9370999999999992 7.628179999999998e-13
0.9470999999999989 1.53473e-12
0.9570999999999987 3.0575700000000003e-12
0.9670999999999985 6.18644e-12
0.9771000000000001 1.20828e-11
0.9870999999999999 2.33149e-11
0.9970999999999997 4.47331e-11
1.0070999999999994 8.47587e-11
1.0170999999999992 1.5869800000000001e-10
1.027099999999999 2.9395300000000003e-10
1.0370999999999988 5.38832e-10
1.0470999999999986 9.794300000000002e-10
1.0571000000000002 1.75947e-09
1.0671 3.1319899999999996e-09
1.0770999999999997 5.50194e-09
1.0870999999999995 9.5999e-09
1.0970999999999993 1.65719e-08
1.107099999999999 2.8288e-08
1.1170999999999989 4.7826200000000005e-08
1.1270999999999987 8.0096e-08
1.1370999999999984 1.32788e-07
1.1471 2.1788699999999997e-07
1.1570999999999998 3.55029e-07
1.1670999999999996 5.6944e-07
1.1770999999999994 9.077900000000001e-07
1.1870999999999992 1.4336599999999999e-06
1.197099999999999 2.24202e-06
1.2070999999999987 3.4763600000000005e-06
1.2170999999999985 5.3231e-06
1.2271 8.0998e-06
1.2370999999999999 1.21825e-05
1.2470999999999997 1.81798e-05
1.2570999999999994 2.68555e-05
1.2670999999999992 3.935e-05
1.277099999999999 5.7006e-05
1.2870999999999988 8.2199e-05
1.2970999999999986 0.00011700100000000001
1.3071000000000002 0.000165513
1.3171 0.00023189
1.3270999999999997 0.00032306
1.3370999999999995 0.00044311999999999997
1.3470999999999993 0.00060667
1.357099999999999 0.0008223099999999999
1.3670999999999989 0.00110505
1.3770999999999987 0.0014720999999999998
1.3870999999999984 0.0019473
1.3971 0.002557
1.4070999999999998 0.0033336
1.4170999999999996 0.0043008
1.4270999999999994 0.0055303999999999996
1.4370999999999992 0.007030000000000001
1.447099999999999 0.008912
1.4570999999999987 0.011185
1.4670999999999985 0.013973
1.4771 0.017333
1.4870999999999999 0.021353
1.4970999999999997 0.026158
1.5070999999999994 0.03183
1.5170999999999992 0.038549999999999994
1.527099999999999 0.04623
1.5370999999999988 0.05550999999999999
1.5470999999999986 0.06602
1.5571000000000002 0.07808999999999999
1.5671 0.092
1.5770999999999997 0.10767
1.5870999999999995 0.12542
1.5970999999999993 0.1454
1.607099999999999 0.1678
1.6170999999999989 0.1925
1.6270999999999987 0.21969999999999998
1.6370999999999984 0.2498
1.6471 0.28209999999999996
1.6570999999999998 0.31729999999999997
1.6670999999999996 0.35519999999999996
1.6770999999999994 0.3951
1.6870999999999992 0.43739999999999996
1.697099999999999 0.48149999999999993
1.7070999999999987 0.5281
1.7170999999999985 0.573
1.7271 0.6215999999999999
1.7370999999999999 0.668
1.7470999999999997 0.7157
1.7570999999999994 0.762
1.7670999999999992 0.808
1.777099999999999 0.8500000000000001
1.7870999999999988 0.8880000000000001
1.7970999999999986 0.9250000000000002
1.8071000000000002 0.9569999999999999
1.8171 0.9830000000000001
1.8270999999999997 1.0070000000000001
1.8370999999999995 1.0250000000000001
1.8470999999999993 1.0390000000000001
1.857099999999999 1.046
1.8670999999999989 1.05
1.8770999999999987 1.048
1.8870999999999984 1.0430000000000001
1.8971 1.0310000000000001
1.9070999999999998 1.017
1.9170999999999996 0.998
1.9270999999999994 0.978
1.9370999999999992 0.9530000000000001
1.947099999999999 0.926
1.9570999999999987 0.897
1.9670999999999985 0.8690000000000001
1.9771 0.8370000000000001
1.9870999999999999 0.805
1.9970999999999997 0.772
2.0070999999999994 0.74
2.0170999999999992 0.709
2.027099999999999 0.677
2.037099999999999 0.646
2.0470999999999986 0.617
2.0571 0.5887
2.0671 0.563
2.0770999999999997 0.5391
2.0870999999999995 0.5169999999999999
2.0970999999999993 0.4976
2.107099999999999 0.4806
2.117099999999999 0.4659
2.1270999999999987 0.45389999999999997
2.1370999999999984 0.44460000000000005
2.1471 0.4376
2.1571 0.4333
2.1670999999999996 0.43110000000000004
2.1770999999999994 0.431
2.187099999999999 0.43270000000000003
2.197099999999999 0.43609999999999993
2.2070999999999987 0.44089999999999996
2.2170999999999985 0.44669999999999993
2.2271 0.45339999999999997
2.2371 0.46070000000000005
2.2470999999999997 0.46830000000000005
2.2570999999999994 0.47600000000000003
2.2670999999999992 0.4835
2.277099999999999 0.4906999999999999
2.287099999999999 0.4973
2.2970999999999986 0.503
2.3071 0.5079
2.3171 0.5116999999999999
2.3270999999999997 0.5146
2.3370999999999995 0.516
2.3470999999999993 0.5162
2.357099999999999 0.5153
2.367099999999999 0.5127999999999999
2.3770999999999987 0.5092
2.3870999999999984 0.5041
2.3971 0.498
2.4071 0.49050000000000005
2.4170999999999996 0.4824
2.4270999999999994 0.47290000000000004
2.437099999999999 0.46309999999999996
2.447099999999999 0.4526
2.4570999999999987 0.44170000000000004
2.4670999999999985 0.4306
2.4771 0.41960000000000003
2.4871 0.40879999999999994
2.4970999999999997 0.39849999999999997
2.5070999999999994 0.3887
2.5170999999999992 0.37989999999999996
2.527099999999999 0.372
2.537099999999999 0.3651
2.5470999999999986 0.35939999999999994
2.5571 0.3549
2.5671 0.35190000000000005
2.5770999999999997 0.35
2.5870999999999995 0.3494
2.5970999999999993 0.35009999999999997
2.607099999999999 0.35180000000000006
2.617099999999999 0.3543
2.6270999999999987 0.3577
2.6370999999999984 0.3617
2.6471 0.3662
2.6571 0.37110000000000004
2.6670999999999996 0.3761
2.6770999999999994 0.3812
2.687099999999999 0.38639999999999997
2.697099999999999 0.39139999999999997
2.7070999999999987 0.39659999999999995
2.7170999999999985 0.40149999999999997
2.7271 0.40659999999999996
2.7371 0.4118
2.7470999999999997 0.41720000000000007
2.7570999999999994 0.4232
2.7670999999999992 0.42969999999999997
2.777099999999999 0.43729999999999997
2.787099999999999 0.4456
2.7970999999999986 0.45569999999999994
2.8071 0.46680000000000005
2.8171 0.4801
2.8270999999999997 0.4954
2.8370999999999995 0.5127999999999999
2.8470999999999993 0.5335
2.857099999999999 0.5555
2.867099999999999 0.5816
2.8770999999999987 0.6096999999999999
2.8870999999999984 0.6411
2.8971 0.6756000000000001
2.9071 0.7152
2.9170999999999996 0.7559
2.9270999999999994 0.799
2.937099999999999 0.8459999999999999
2.947099999999999 0.895
2.9570999999999987 0.9470000000000001
2.9670999999999985 1.0019999999999998
2.9771 1.059
2.9871 1.117
2.9970999999999997 1.177
3.0070999999999994 1.2400000000000002
3.0170999999999992 1.3040000000000003
3.027099999999999 1.3699999999999999
3.037099999999999 1.436
3.0470999999999986 1.505
3.0571 1.574
3.0671 1.6460000000000001
3.0770999999999997 1.717
3.0870999999999995 1.79
3.0970999999999993 1.862
3.107099999999999 1.9340000000000002
3.117099999999999 2.005
3.1270999999999987 2.074
3.1370999999999984 2.141
3.1471 2.206
3.1571 2.266
3.1670999999999996 2.322
3.1770999999999994 2.373
3.187099999999999 2.423
3.197099999999999 2.466
3.2070999999999987 2.5040000000000004
3.2170999999999985 2.54
3.2271 2.573
3.2371 2.602
3.2470999999999997 2.63
3.2570999999999994 2.658
3.2670999999999992 2.685
3.277099999999999 2.714
3.287099999999999 2.744
3.2970999999999986 2.7769999999999997
3.3071 2.811
3.3171 2.8499999999999996
3.3270999999999997 2.89
3.3370999999999995 2.9330000000000003
3.3470999999999993 2.9800000000000004
3.357099999999999 3.027
3.367099999999999 3.075
3.3770999999999987 3.1209999999999996
3.3870999999999984 3.166
3.3971 3.2099999999999995
3.4071 3.2470000000000003
3.4170999999999996 3.2809999999999997
3.4270999999999994 3.308
3.437099999999999 3.3280000000000003
3.447099999999999 3.342
3.4570999999999987 3.347
3.4670999999999985 3.3469999999999995
3.4771 3.3379999999999996
3.4871 3.3200000000000003
3.4970999999999997 3.3
3.5070999999999994 3.271
3.5170999999999992 3.241
3.527099999999999 3.2059999999999995
3.537099999999999 3.171
3.5470999999999986 3.1350000000000002
3.5571 3.098
3.5671 3.0680000000000005
3.5770999999999997 3.038
3.5870999999999995 3.0120000000000005
3.5970999999999993 2.9899999999999998
3.607100000000001 2.975
3.617099999999999 2.966
3.6271000000000004 2.963
3.6370999999999984 2.966
3.6471 2.974
3.657099999999998 2.985
3.6670999999999996 3.0
3.6770999999999976 3.0189999999999997
3.687099999999999 3.038
3.6971000000000007 3.0560000000000005
3.7070999999999987 3.074
3.7171000000000003 3.0909999999999997
3.7270999999999983 3.1020000000000003
3.7371 3.107
3.747099999999998 3.108
3.7570999999999994 3.1010000000000004
3.767100000000001 3.086
3.777099999999999 3.062
3.7871000000000006 3.0290000000000004
3.7970999999999986 2.988
3.8071 2.94
3.817099999999998 2.883
3.8270999999999997 2.82
3.8370999999999977 2.7510000000000003
3.8470999999999993 2.681
3.857100000000001 2.608
3.867099999999999 2.533
3.8771000000000004 2.4590000000000005
3.8870999999999984 2.3890000000000002
3.8971 2.322
3.907099999999998 2.26
3.9170999999999996 2.207
3.9270999999999976 2.1580000000000004
3.937099999999999 2.1189999999999998
3.9471000000000007 2.0869999999999997
3.9570999999999987 2.0649999999999995
3.9671000000000003 2.0500000000000003
3.9770999999999983 2.041
3.9871 2.043
3.997099999999998 2.051
4.007099999999999 2.064
4.017100000000001 2.0829999999999997
4.027099999999999 2.104
4.037100000000001 2.13
4.047099999999999 2.1590000000000003
4.0571 2.1870000000000003
4.067099999999998 2.217
4.0771 2.247
4.087099999999998 2.277
4.097099999999999 2.306
4.107100000000001 2.334
4.117099999999999 2.3609999999999998
4.1271 2.388
4.1370999999999984 2.4140000000000006
4.1471 2.441
4.157099999999998 2.467
4.1671 2.496
4.177099999999998 2.5269999999999997
4.187099999999999 2.56
4.197100000000001 2.5980000000000003
4.207099999999999 2.6420000000000003
4.2171 2.6910000000000003
4.227099999999998 2.742
4.2371 2.8019999999999996
4.247099999999998 2.864
4.257099999999999 2.9310000000000005
4.267100000000001 3.003
4.277099999999999 3.076
4.287100000000001 3.1510000000000007
4.297099999999999 3.2230000000000008
4.3071 3.295000000000001
4.317099999999998 3.362
4.3271 3.4219999999999997
4.337099999999998 3.476
4.347099999999999 3.5189999999999992
4.357100000000001 3.553
4.367099999999999 3.5759999999999996
4.3771 3.5869999999999997
4.3870999999999984 3.587
4.3971 3.5749999999999997
4.407099999999998 3.555
4.4171 3.524
4.427099999999998 3.4859999999999998
4.437099999999999 3.4419999999999997
4.447100000000001 3.3950000000000005
4.457099999999999 3.3440000000000003
4.4671 3.2940000000000005
4.477099999999998 3.243
4.4871 3.1980000000000004
4.497099999999998 3.1580000000000004
4.507099999999999 3.1229999999999998
4.517100000000001 3.095
4.527099999999999 3.075
4.537100000000001 3.064
4.547099999999999 3.061
4.5571 3.068
4.567099999999998 3.08
4.5771 3.1030000000000006
4.587099999999998 3.136
4.597099999999999 3.1750000000000003
4.607100000000001 3.2199999999999998
4.617099999999999 3.271
4.6271 3.3340000000000005
4.6370999999999984 3.401
4.6471 3.474
4.657099999999998 3.5549999999999997
4.6671 3.643
4.677099999999998 3.739
4.687099999999999 3.842
4.697100000000001 3.9520000000000004
4.707099999999999 4.07
4.7171 4.193
4.727099999999998 4.322
4.7371 4.458
4.747099999999998 4.597
4.757099999999999 4.737
4.767100000000001 4.8790000000000004
4.777099999999999 5.019
4.787100000000001 5.154
4.797099999999999 5.286
4.8071 5.407
4.817099999999998 5.52
4.8271 5.621
4.837099999999998 5.71
4.847099999999999 5.785
4.857100000000001 5.847
4.867099999999999 5.894
4.8771 5.923
4.8870999999999984 5.9559999999999995
4.8971 5.975
4.907099999999998 5.981
4.9171 5.963
4.927099999999998 5.965
4.937099999999999 5.954
4.947100000000001 5.95
4.957099999999999 5.946
4.9671 5.942
4.977099999999998 5.943
4.9871 5.9479999999999995
4.997099999999998 5.955
5.007099999999999 5.9670000000000005
5.017100000000001 5.977
5.027099999999999 5.994999999999999
5.037100000000001 6.01
5.047099999999999 6.012
5.0571 6.012
5.067099999999998 6.0089999999999995
5.0771 6.002000000000001
5.087099999999998 5.987
5.097099999999999 5.942
5.107100000000001 5.898000000000001
5.117099999999999 5.837
5.1271 5.763
5.1370999999999984 5.672999999999999
5.1471 5.571000000000001
5.157099999999998 5.455
5.1671 5.329000000000001
5.177099999999998 5.192
5.187099999999999 5.042999999999999
5.197100000000001 4.887
5.207099999999999 4.724
5.2171 4.553999999999999
5.227099999999998 4.38
5.2371 4.205
5.247099999999998 4.025
5.257099999999999 3.847
5.267100000000001 3.667
5.277099999999999 3.4919999999999995
5.287100000000001 3.3169999999999997
5.297099999999999 3.1439999999999997
5.3071 2.9779999999999998
5.317099999999998 2.815
5.3271 2.658
5.337099999999998 2.503
5.347099999999999 2.357
5.357100000000001 2.215
5.367099999999999 2.0799999999999996
5.3771 1.9480000000000002
5.3870999999999984 1.8230000000000002
5.3971 1.705
5.407099999999998 1.5910000000000002
5.4171 1.48
5.427099999999998 1.375
5.437099999999999 1.276
5.447100000000001 1.1800000000000002
5.457099999999999 1.0899999999999999
5.4671 1.0030000000000001
5.477099999999998 0.921
5.4871 0.8440000000000001
5.497099999999998 0.769
5.507099999999999 0.701
5.517100000000001 0.636
5.527099999999999 0.5752
5.537100000000001 0.5186000000000001
5.547099999999999 0.46609999999999996
5.5571 0.41750000000000004
5.567099999999998 0.3726
5.5771 0.3313
5.587099999999998 0.29319999999999996
5.597099999999999 0.2584
5.607100000000001 0.2268
5.617099999999999 0.19799999999999998
5.6271 0.1721
5.6370999999999984 0.1487
5.6471 0.1276
5.657099999999998 0.109
5.6671 0.0923
5.677099999999998 0.0777
5.687099999999999 0.065
5.697100000000001 0.053919999999999996
5.707099999999999 0.04437000000000001
5.7171 0.03623
5.727099999999998 0.02932
5.7371 0.023530000000000002
5.747099999999998 0.01873
5.757099999999999 0.014759999999999999
5.767100000000001 0.01153
5.777099999999999 0.00893
5.787100000000001 0.00684
5.797099999999999 0.005188
5.8071 0.0039
5.817099999999998 0.002901
5.8271 0.002139
5.837099999999998 0.0015600000000000002
5.847099999999999 0.001126
5.857100000000001 0.000805
5.867099999999999 0.0005698
5.8771 0.00039880000000000004
5.8870999999999984 0.0002765
5.8971 0.00018959999999999997
5.907099999999998 0.0001286
5.9171 8.64e-05
5.927099999999998 5.7430000000000004e-05
5.937099999999999 3.777e-05
5.947100000000001 2.459e-05
5.957099999999999 1.583e-05
