-22.402900000000002 -8.840000000000001e-05
-22.3929 -6.330000000000001e-05
-22.3829 -4.48e-05
-22.3729 -3.143e-05
-22.362900000000003 -2.1830000000000003e-05
-22.352899999999998 -1.5019999999999998e-05
-22.3429 -1.022e-05
-22.332900000000002 -6.9e-06
-22.3229 -4.604e-06
-22.3129 -3.044e-06
-22.3029 -1.9930000000000002e-06
-22.292900000000003 -1.291e-06
-22.2829 -8.300000000000001e-07
-22.2729 -5.266e-07
-22.262900000000002 -3.311e-07
-22.2529 -2.0619999999999998e-07
-22.2429 -1.2710000000000002e-07
-22.2329 -7.76e-08
-22.222900000000003 -4.685e-08
-22.2129 -2.8020000000000002e-08
-22.2029 -1.657e-08
-22.1929 -9.719999999999999e-09
-22.1829 -5.632e-09
-22.1729 -3.235e-09
-22.1629 -1.837e-09
-22.152900000000002 -1.033e-09
-22.1429 -5.747999999999999e-10
-22.1329 -3.167e-10
-22.1229 -1.7269999999999998e-10
-22.112900000000003 -9.310000000000001e-11
-22.102899999999998 -4.973e-11
-22.0929 -2.628e-11
-22.082900000000002 -1.3740000000000001e-11
-22.0729 -7.099999999999999e-12
-22.0629 -3.626e-12
-22.0529 -1.829e-12
-22.042900000000003 -9.1e-13
-22.0329 -4.4459999999999994e-13
-22.0229 -2.131e-13
-22.012900000000002 -1.005e-13
-22.0029 -4.451999999999999e-14
-21.9929 -1.6329999999999998e-14
-21.9829 -5.300999999999999e-15
-21.972900000000003 -2.757e-16
-21.9629 -0.0
-21.9529 -0.0
-21.9429 -0.0
-21.9329 -0.0
-21.9229 -0.0
-21.9129 -0.0
-21.902900000000002 -0.0
-21.8929 -0.0
-21.8829 -0.0
-21.8729 -0.0
-21.862900000000003 -0.0
-21.852899999999998 -0.0
-21.8429 -0.0
-21.832900000000002 -0.0
-21.8229 -0.0
-21.8129 -0.0
-21.8029 -0.0
-21.792900000000003 -0.0
-21.7829 -0.0
-21.7729 -0.0
-21.762900000000002 -0.0
-21.7529 -0.0
-21.7429 -0.0
-21.7329 -0.0
-21.722900000000003 -0.0
-21.7129 -0.0
-21.7029 -0.0
-21.6929 -0.0
-21.6829 -0.0
-21.6729 -0.0
-21.6629 -0.0
-21.652900000000002 -0.0
-21.6429 -0.0
-21.6329 -0.0
-21.6229 -0.0
-21.612900000000003 -0.0
-21.602899999999998 -0.0
-21.5929 -0.0
-21.582900000000002 -0.0
-21.5729 -0.0
-21.5629 -0.0
-21.5529 -0.0
-21.542900000000003 -0.0
-21.5329 -0.0
-21.5229 -0.0
-21.512900000000002 -0.0
-21.5029 -0.0
-21.4929 -0.0
-21.4829 -0.0
-21.472900000000003 -0.0
-21.4629 -0.0
-21.4529 -0.0
-21.4429 -0.0
-21.4329 -0.0
-21.4229 -0.0
-21.4129 -0.0
-21.402900000000002 -0.0
-21.3929 -0.0
-21.3829 -0.0
-21.3729 -0.0
-21.362900000000003 -0.0
-21.352899999999998 -0.0
-21.3429 -0.0
-21.332900000000002 -0.0
-21.3229 -0.0
-21.3129 -0.0
-21.3029 -0.0
-21.292900000000003 -0.0
-21.2829 -0.0
-21.2729 -0.0
-21.262900000000002 -0.0
-21.2529 -0.0
-21.2429 -0.0
-21.2329 -0.0
-21.222900000000003 -0.0
-21.2129 -0.0
-21.2029 -0.0
-21.1929 -0.0
-21.1829 -0.0
-21.1729 -0.0
-21.1629 -0.0
-21.152900000000002 -0.0
-21.1429 -0.0
-21.1329 -0.0
-21.1229 -0.0
-21.112900000000003 -0.0
-21.102899999999998 -0.0
-21.0929 -0.0
-21.082900000000002 -0.0
-21.0729 -0.0
-21.0629 -0.0
-21.0529 -0.0
-21.042900000000003 -0.0
-21.0329 -0.0
-21.0229 -0.0
-21.012900000000002 -0.0
-21.0029 -0.0
-20.9929 -0.0
-20.9829 -0.0
-20.972900000000003 -0.0
-20.9629 -0.0
-20.9529 -0.0
-20.9429 -0.0
-20.9329 -0.0
-20.9229 -0.0
-20.9129 -0.0
-20.902900000000002 -0.0
-20.8929 -0.0
-20.8829 -0.0
-20.8729 -0.0
-20.862900000000003 -0.0
-20.852899999999998 -0.0
-20.8429 -0.0
-20.832900000000002 -0.0
-20.8229 -0.0
-20.8129 -0.0
-20.8029 -0.0
-20.792900000000003 -0.0
-20.7829 -0.0
-20.7729 -0.0
-20.762900000000002 -0.0
-20.7529 -0.0
-20.7429 -0.0
-20.7329 -0.0
-20.722900000000003 -0.0
-20.7129 -0.0
-20.7029 -0.0
-20.6929 -0.0
-20.6829 -0.0
-20.6729 -0.0
-20.6629 -0.0
-20.652900000000002 -0.0
-20.6429 -0.0
-20.6329 -0.0
-20.6229 -0.0
-20.612900000000003 -0.0
-20.602899999999998 -0.0
-20.5929 -0.0
-20.582900000000002 -0.0
-20.5729 -0.0
-20.5629 -0.0
-20.5529 -0.0
-20.542900000000003 -0.0
-20.5329 -0.0
-20.5229 -0.0
-20.512900000000002 -0.0
-20.5029 -0.0
-20.4929 -0.0
-20.4829 -0.0
-20.472900000000003 -0.0
-20.4629 -0.0
-20.4529 -0.0
-20.4429 -0.0
-20.4329 -0.0
-20.4229 -0.0
-20.4129 -0.0
-20.402900000000002 -0.0
-20.3929 -0.0
-20.3829 -0.0
-20.3729 -0.0
-20.3629 -0.0
-20.3529 -0.0
-20.3429 -0.0
-20.332900000000002 -0.0
-20.3229 -0.0
-20.3129 -0.0
-20.3029 -0.0
-20.2929 -0.0
-20.2829 -0.0
-20.2729 -0.0
-20.262900000000002 -1.059e-15
-20.2529 -2.2240000000000002e-15
-20.2429 -4.6180000000000005e-15
-20.2329 -1.376e-14
-20.222900000000003 -2.822e-14
-20.2129 -5.729999999999999e-14
-20.2029 -1.151e-13
-20.1929 -2.286e-13
-20.1829 -4.497e-13
-20.1729 -8.75e-13
-20.1629 -1.7120000000000004e-12
-20.152900000000002 -3.271e-12
-20.1429 -6.199e-12
-20.1329 -1.1620000000000001e-11
-20.1229 -2.152e-11
-20.1129 -3.9420000000000004e-11
-20.1029 -7.150000000000001e-11
-20.0929 -1.2829999999999999e-10
-20.082900000000002 -2.28e-10
-20.0729 -4.01e-10
-20.0629 -6.980000000000001e-10
-20.0529 -1.2040000000000002e-09
-20.0429 -2.056e-09
-20.0329 -3.473e-09
-20.0229 -5.817e-09
-20.012900000000002 -9.639999999999999e-09
-20.0029 -1.582e-08
-19.9929 -2.571e-08
-19.9829 -4.139e-08
-19.972900000000003 -6.616e-08
-19.9629 -1.0419999999999999e-07
-19.9529 -1.634e-07
-19.9429 -2.533e-07
-19.9329 -3.892e-07
-19.9229 -5.928e-07
-19.9129 -8.95e-07
-19.902900000000002 -1.3399999999999999e-06
-19.8929 -1.986e-06
-19.8829 -2.919e-06
-19.8729 -4.259e-06
-19.8629 -6.16e-06
-19.8529 -8.84e-06
-19.8429 -1.2540000000000002e-05
-19.832900000000002 -1.77e-05
-19.8229 -2.4780000000000003e-05
-19.8129 -3.439e-05
-19.8029 -4.7350000000000006e-05
-19.7929 -6.450000000000001e-05
-19.7829 -8.77e-05
-19.7729 -0.00011789999999999999
-19.762900000000002 -0.0001572
-19.7529 -0.00020810000000000002
-19.7429 -0.0002733
-19.7329 -0.00035610000000000004
-19.722900000000003 -0.00046029999999999997
-19.7129 -0.0005914999999999999
-19.7029 -0.000751
-19.6929 -0.0009480000000000001
-19.6829 -0.001188
-19.6729 -0.001476
-19.6629 -0.001819
-19.652900000000002 -0.002225
-19.6429 -0.002697
-19.6329 -0.003247
-19.6229 -0.0038770000000000002
-19.6129 -0.004592000000000001
-19.6029 -0.005397
-19.5929 -0.006300000000000001
-19.582900000000002 -0.00728
-19.5729 -0.00838
-19.5629 -0.00955
-19.5529 -0.010799999999999999
-19.5429 -0.012159999999999997
-19.5329 -0.013590000000000001
-19.5229 -0.015079999999999998
-19.512900000000002 -0.01666
-19.5029 -0.01829
-19.4929 -0.019960000000000002
-19.4829 -0.02173
-19.472900000000003 -0.02353
-19.4629 -0.025410000000000002
-19.4529 -0.02735
-19.4429 -0.02936
-19.4329 -0.03145
-19.4229 -0.03365
-19.4129 -0.035969999999999995
-19.402900000000002 -0.03839
-19.3929 -0.04095
-19.3829 -0.04367
-19.3729 -0.04655
-19.3629 -0.04958
-19.3529 -0.052779999999999994
-19.3429 -0.05613
-19.332900000000002 -0.05958
-19.3229 -0.06319999999999999
-19.3129 -0.067
-19.3029 -0.0707
-19.2929 -0.0744
-19.2829 -0.07849999999999999
-19.2729 -0.08209999999999999
-19.262900000000002 -0.0859
-19.2529 -0.0895
-19.2429 -0.09289999999999998
-19.2329 -0.0962
-19.222900000000003 -0.09929999999999999
-19.2129 -0.10219999999999999
-19.2029 -0.105
-19.1929 -0.1074
-19.1829 -0.10980000000000001
-19.1729 -0.1121
-19.1629 -0.1142
-19.152900000000002 -0.11609999999999998
-19.1429 -0.1183
-19.1329 -0.12029999999999999
-19.1229 -0.12250000000000001
-19.1129 -0.1248
-19.1029 -0.1274
-19.0929 -0.13040000000000002
-19.082900000000002 -0.1338
-19.0729 -0.1375
-19.0629 -0.1416
-19.0529 -0.1464
-19.0429 -0.1515
-19.0329 -0.1573
-19.0229 -0.1636
-19.012900000000002 -0.1704
-19.0029 -0.1777
-18.9929 -0.18519999999999998
-18.9829 -0.1931
-18.972900000000003 -0.2012
-18.9629 -0.2095
-18.9529 -0.21790000000000004
-18.9429 -0.2263
-18.9329 -0.2343
-18.9229 -0.2422
-18.9129 -0.2499
-18.902900000000002 -0.2572
-18.8929 -0.2642
-18.8829 -0.2706
-18.8729 -0.27669999999999995
-18.8629 -0.2823
-18.8529 -0.28740000000000004
-18.8429 -0.292
-18.832900000000002 -0.2962
-18.8229 -0.2999
-18.8129 -0.3033
-18.8029 -0.3063
-18.7929 -0.30920000000000003
-18.7829 -0.3116
-18.7729 -0.314
-18.762900000000002 -0.3161
-18.7529 -0.318
-18.7429 -0.3201
-18.7329 -0.3218
-18.722900000000003 -0.3238
-18.7129 -0.32580000000000003
-18.7029 -0.32759999999999995
-18.6929 -0.3296
-18.6829 -0.33170000000000005
-18.6729 -0.33349999999999996
-18.6629 -0.3352
-18.652900000000002 -0.3369
-18.6429 -0.33840000000000003
-18.6329 -0.3397
-18.6229 -0.3408
-18.6129 -0.3415
-18.6029 -0.34190000000000004
-18.5929 -0.342
-18.582900000000002 -0.3417
-18.5729 -0.34090000000000004
-18.5629 -0.3396
-18.5529 -0.3382
-18.5429 -0.33630000000000004
-18.5329 -0.334
-18.5229 -0.3315
-18.512900000000002 -0.32870000000000005
-18.5029 -0.3257
-18.4929 -0.3226
-18.4829 -0.31949999999999995
-18.472900000000003 -0.31610000000000005
-18.4629 -0.3128
-18.4529 -0.30970000000000003
-18.4429 -0.3068
-18.4329 -0.30389999999999995
-18.4229 -0.30130000000000007
-18.4129 -0.2988
-18.402900000000002 -0.2967
-18.3929 -0.2949
-18.3829 -0.29350000000000004
-18.3729 -0.2922
-18.3629 -0.29109999999999997
-18.3529 -0.2904
-18.3429 -0.2896
-18.332900000000002 -0.289
-18.3229 -0.2885
-18.3129 -0.28800000000000003
-18.3029 -0.2872
-18.2929 -0.2863
-18.2829 -0.28500000000000003
-18.2729 -0.28359999999999996
-18.262900000000002 -0.2817
-18.2529 -0.27930000000000005
-18.2429 -0.2766
-18.2329 -0.2735
-18.222900000000003 -0.27020000000000005
-18.2129 -0.26639999999999997
-18.2029 -0.2626
-18.1929 -0.2586
-18.1829 -0.2547
-18.1729 -0.25079999999999997
-18.1629 -0.24719999999999998
-18.152900000000002 -0.2439
-18.1429 -0.24119999999999997
-18.1329 -0.239
-18.1229 -0.2375
-18.1129 -0.2368
-18.1029 -0.23700000000000002
-18.0929 -0.2381
-18.082900000000002 -0.2402
-18.0729 -0.2432
-18.0629 -0.2474
-18.0529 -0.2529
-18.0429 -0.2595
-18.0329 -0.26739999999999997
-18.0229 -0.27669999999999995
-18.012900000000002 -0.2873
-18.0029 -0.2997
-17.9929 -0.3131
-17.9829 -0.32850000000000007
-17.972900000000003 -0.3451
-17.9629 -0.3632
-17.9529 -0.3828
-17.9429 -0.40399999999999997
-17.9329 -0.4262
-17.9229 -0.44970000000000004
-17.9129 -0.4741
-17.902900000000002 -0.49909999999999993
-17.8929 -0.5245000000000001
-17.8829 -0.55
-17.8729 -0.5749000000000001
-17.8629 -0.6007
-17.8529 -0.6231000000000001
-17.8429 -0.646
-17.832900000000002 -0.6669999999999999
-17.8229 -0.6859999999999999
-17.8129 -0.702
-17.8029 -0.716
-17.7929 -0.727
-17.7829 -0.734
-17.7729 -0.741
-17.762900000000002 -0.743
-17.7529 -0.741
-17.7429 -0.738
-17.7329 -0.731
-17.722900000000003 -0.723
-17.7129 -0.713
-17.7029 -0.7
-17.6929 -0.6859999999999999
-17.6829 -0.6719999999999999
-17.6729 -0.657
-17.6629 -0.6425
-17.652900000000002 -0.6244999999999999
-17.6429 -0.6102
-17.6329 -0.5951
-17.6229 -0.5797
-17.6129 -0.5664
-17.6029 -0.5534
-17.5929 -0.5409999999999999
-17.582900000000002 -0.5294
-17.5729 -0.5183
-17.5629 -0.5076
-17.5529 -0.49750000000000005
-17.5429 -0.48729999999999996
-17.5329 -0.47719999999999996
-17.5229 -0.4669
-17.512900000000002 -0.4561
-17.5029 -0.44489999999999996
-17.4929 -0.43310000000000004
-17.4829 -0.42049999999999993
-17.472900000000003 -0.4071
-17.4629 -0.39270000000000005
-17.4529 -0.3776
-17.4429 -0.36149999999999993
-17.4329 -0.3448
-17.4229 -0.3272
-17.4129 -0.3091
-17.402900000000002 -0.2904
-17.3929 -0.2713
-17.3829 -0.2522
-17.3729 -0.2329
-17.3629 -0.2135
-17.3529 -0.19470000000000004
-17.3429 -0.1764
-17.332900000000002 -0.15860000000000002
-17.3229 -0.1415
-17.3129 -0.1254
-17.3029 -0.11019999999999999
-17.2929 -0.096
-17.2829 -0.083
-17.2729 -0.0713
-17.262900000000002 -0.060689999999999994
-17.2529 -0.05113999999999999
-17.2429 -0.04274
-17.2329 -0.03542
-17.222900000000003 -0.02909
-17.2129 -0.02365
-17.2029 -0.01908
-17.1929 -0.015229999999999999
-17.1829 -0.01205
-17.1729 -0.00945
-17.1629 -0.00733
-17.152900000000002 -0.005641
-17.1429 -0.00429
-17.1329 -0.003236
-17.1229 -0.002416
-17.1129 -0.0017859999999999998
-17.1029 -0.0013070000000000002
-17.0929 -0.0009469999999999999
-17.082900000000002 -0.0006799999999999999
-17.0729 -0.0004826
-17.0629 -0.00033929999999999995
-17.0529 -0.0002364
-17.0429 -0.0001629
-17.0329 -0.00011110000000000002
-17.0229 -7.510000000000001e-05
-17.012900000000002 -5.02e-05
-17.0029 -3.321e-05
-16.9929 -2.1760000000000002e-05
-16.9829 -1.412e-05
-16.972900000000003 -9.070000000000001e-06
-16.9629 -5.751e-06
-16.9529 -3.6230000000000003e-06
-16.9429 -2.256e-06
-16.9329 -1.39e-06
-16.9229 -8.490000000000002e-07
-16.9129 -5.119999999999999e-07
-16.902900000000002 -3.061e-07
-16.8929 -1.8109999999999997e-07
-16.8829 -1.061e-07
-16.8729 -6.136e-08
-16.8629 -3.525e-08
-16.8529 -2.001e-08
-16.8429 -1.1230000000000002e-08
-16.832900000000002 -6.249e-09
-16.8229 -3.4410000000000004e-09
-16.8129 -1.876e-09
-16.8029 -1.011e-09
-16.7929 -5.397e-10
-16.7829 -2.851e-10
-16.7729 -1.49e-10
-16.762900000000002 -7.710000000000001e-11
-16.7529 -3.946e-11
-16.7429 -2.002e-11
-16.7329 -1e-11
-16.722900000000003 -4.9000000000000005e-12
-16.7129 -2.29e-12
-16.7029 -1.038e-12
-16.6929 -4.02e-13
-16.6829 -1.639e-13
-16.6729 -5.764000000000001e-14
-16.6629 -1.419e-14
-16.652900000000002 -1.473e-15
-16.6429 -0.0
-16.6329 -0.0
-16.6229 -0.0
-16.6129 -0.0
-16.6029 -0.0
-16.5929 -0.0
-16.582900000000002 -0.0
-16.5729 -0.0
-16.5629 -0.0
-16.5529 -0.0
-16.5429 -0.0
-16.5329 -0.0
-16.5229 -0.0
-16.512900000000002 -0.0
-16.5029 -0.0
-16.4929 -0.0
-16.4829 -0.0
-16.472900000000003 -0.0
-16.4629 -0.0
-16.4529 -0.0
-16.4429 -0.0
-16.4329 -0.0
-16.4229 -0.0
-16.4129 -0.0
-16.402900000000002 -0.0
-16.3929 -0.0
-16.3829 -0.0
-16.3729 -0.0
-16.3629 -0.0
-16.3529 -0.0
-16.3429 -0.0
-16.332900000000002 -0.0
-16.3229 -0.0
-16.3129 -0.0
-16.3029 -0.0
-16.2929 -0.0
-16.2829 -0.0
-16.2729 -0.0
-16.262900000000002 -0.0
-16.2529 -0.0
-16.2429 -0.0
-16.2329 -0.0
-16.2229 -0.0
-16.2129 -0.0
-16.2029 -0.0
-16.1929 -0.0
-16.1829 -0.0
-16.172900000000002 -0.0
-16.1629 -0.0
-16.152900000000002 -0.0
-16.1429 -0.0
-16.1329 -0.0
-16.1229 -0.0
-16.1129 -0.0
-16.1029 -0.0
-16.0929 -0.0
-16.082900000000002 -0.0
-16.0729 -0.0
-16.0629 -0.0
-16.0529 -0.0
-16.0429 -0.0
-16.0329 -0.0
-16.0229 -0.0
-16.012900000000002 -0.0
-16.0029 -0.0
-15.9929 -0.0
-15.9829 -0.0
-15.972900000000001 -0.0
-15.962900000000001 -0.0
-15.9529 -0.0
-15.942900000000002 -0.0
-15.9329 -0.0
-15.9229 -0.0
-15.9129 -0.0
-15.9029 -0.0
-15.892900000000001 -0.0
-15.882900000000001 -0.0
-15.872900000000001 -0.0
-15.8629 -0.0
-15.852900000000002 -0.0
-15.8429 -0.0
-15.8329 -0.0
-15.8229 -0.0
-15.8129 -0.0
-15.802900000000001 -0.0
-15.792900000000001 -0.0
-15.782900000000001 -0.0
-15.7729 -0.0
-15.7629 -0.0
-15.7529 -0.0
-15.7429 -0.0
-15.7329 -0.0
-15.722900000000001 -0.0
-15.712900000000001 -0.0
-15.7029 -0.0
-15.692900000000002 -0.0
-15.6829 -0.0
-15.6729 -0.0
-15.6629 -0.0
-15.6529 -0.0
-15.642900000000001 -0.0
-15.632900000000001 -0.0
-15.622900000000001 -0.0
-15.6129 -0.0
-15.602900000000002 -0.0
-15.5929 -0.0
-15.5829 -0.0
-15.5729 -0.0
-15.5629 -0.0
-15.552900000000001 -0.0
-15.542900000000001 -0.0
-15.532900000000001 -0.0
-15.5229 -0.0
-15.5129 -0.0
-15.5029 -0.0
-15.4929 -0.0
-15.4829 -0.0
-15.472900000000001 -0.0
-15.462900000000001 -0.0
-15.4529 -0.0
-15.442900000000002 -0.0
-15.4329 -0.0
-15.4229 -0.0
-15.4129 -0.0
-15.4029 -0.0
-15.392900000000001 -0.0
-15.382900000000001 -0.0
-15.372900000000001 -0.0
-15.3629 -0.0
-15.352900000000002 -0.0
-15.3429 -0.0
-15.3329 -0.0
-15.3229 -0.0
-15.3129 -0.0
-15.302900000000001 -0.0
-15.292900000000001 -0.0
-15.282900000000001 -0.0
-15.2729 -0.0
-15.2629 -0.0
-15.2529 -0.0
-15.2429 -0.0
-15.2329 -0.0
-15.222900000000001 -0.0
-15.212900000000001 -0.0
-15.2029 -0.0
-15.192900000000002 -0.0
-15.1829 -0.0
-15.1729 -0.0
-15.1629 -0.0
-15.1529 -0.0
-15.142900000000001 -0.0
-15.132900000000001 -0.0
-15.122900000000001 -0.0
-15.1129 -0.0
-15.102900000000002 -0.0
-15.0929 -0.0
-15.0829 -0.0
-15.0729 -0.0
-15.0629 -0.0
-15.052900000000001 -0.0
-15.042900000000001 -0.0
-15.032900000000001 -0.0
-15.0229 -0.0
-15.0129 -0.0
-15.0029 -0.0
-14.9929 -0.0
-14.9829 -0.0
-14.972900000000001 -0.0
-14.962900000000001 -0.0
-14.9529 -0.0
-14.942900000000002 -0.0
-14.9329 -0.0
-14.9229 -0.0
-14.9129 -0.0
-14.9029 -0.0
-14.892900000000001 -0.0
-14.882900000000001 -0.0
-14.872900000000001 -0.0
-14.8629 -0.0
-14.852900000000002 -0.0
-14.8429 -0.0
-14.8329 -0.0
-14.8229 -0.0
-14.8129 -0.0
-14.802900000000001 -0.0
-14.792900000000001 -0.0
-14.782900000000001 -0.0
-14.7729 -0.0
-14.7629 -0.0
-14.7529 -0.0
-14.7429 -0.0
-14.7329 -0.0
-14.722900000000001 -0.0
-14.712900000000001 -0.0
-14.7029 -0.0
-14.692900000000002 -0.0
-14.6829 -0.0
-14.6729 -0.0
-14.6629 -0.0
-14.6529 -0.0
-14.642900000000001 -0.0
-14.632900000000001 -0.0
-14.622900000000001 -0.0
-14.6129 -0.0
-14.602900000000002 -0.0
-14.5929 -0.0
-14.5829 -0.0
-14.5729 -0.0
-14.5629 -0.0
-14.552900000000001 -0.0
-14.542900000000001 -0.0
-14.532900000000001 -0.0
-14.5229 -0.0
-14.5129 -0.0
-14.5029 -0.0
-14.4929 -0.0
-14.4829 -0.0
-14.472900000000001 -0.0
-14.462900000000001 -0.0
-14.4529 -0.0
-14.442900000000002 -0.0
-14.4329 -0.0
-14.4229 -0.0
-14.4129 -0.0
-14.4029 -0.0
-14.392900000000001 -0.0
-14.382900000000001 -0.0
-14.372900000000001 -0.0
-14.3629 -0.0
-14.3529 -0.0
-14.3429 -0.0
-14.3329 -0.0
-14.3229 -0.0
-14.3129 -0.0
-14.302900000000001 -0.0
-14.292900000000001 -0.0
-14.282900000000001 -0.0
-14.2729 -0.0
-14.2629 -0.0
-14.2529 -0.0
-14.2429 -0.0
-14.2329 -0.0
-14.222900000000001 -0.0
-14.212900000000001 -0.0
-14.202900000000001 -0.0
-14.192900000000002 -0.0
-14.1829 -0.0
-14.1729 -0.0
-14.1629 -0.0
-14.1529 -0.0
-14.142900000000001 -0.0
-14.132900000000001 -0.0
-14.122900000000001 -0.0
-14.1129 -0.0
-14.1029 -0.0
-14.0929 -0.0
-14.0829 -0.0
-14.0729 -0.0
-14.0629 -0.0
-14.052900000000001 -0.0
-14.042900000000001 -0.0
-14.032900000000001 -0.0
-14.0229 -0.0
-14.0129 -0.0
-14.0029 -0.0
-13.9929 -0.0
-13.9829 -0.0
-13.972900000000001 -0.0
-13.962900000000001 -0.0
-13.952900000000001 -0.0
-13.942900000000002 -0.0
-13.9329 -0.0
-13.9229 -0.0
-13.9129 -0.0
-13.9029 -0.0
-13.892900000000001 -0.0
-13.882900000000001 -0.0
-13.872900000000001 -0.0
-13.8629 -0.0
-13.8529 -0.0
-13.8429 -0.0
-13.8329 -0.0
-13.8229 -0.0
-13.8129 -0.0
-13.802900000000001 -0.0
-13.792900000000001 -0.0
-13.782900000000001 -0.0
-13.7729 -0.0
-13.7629 -0.0
-13.7529 -0.0
-13.7429 -0.0
-13.7329 -0.0
-13.722900000000001 -0.0
-13.712900000000001 -0.0
-13.702900000000001 -0.0
-13.692900000000002 -0.0
-13.6829 -0.0
-13.6729 -0.0
-13.6629 -0.0
-13.6529 -0.0
-13.642900000000001 -0.0
-13.632900000000001 -0.0
-13.622900000000001 -0.0
-13.6129 -0.0
-13.6029 -0.0
-13.5929 -0.0
-13.5829 -0.0
-13.5729 -0.0
-13.5629 -0.0
-13.552900000000001 -0.0
-13.542900000000001 -0.0
-13.532900000000001 -0.0
-13.5229 -0.0
-13.5129 -0.0
-13.5029 -0.0
-13.4929 -0.0
-13.4829 -0.0
-13.472900000000001 -0.0
-13.462900000000001 -0.0
-13.452900000000001 -0.0
-13.442900000000002 -0.0
-13.4329 -0.0
-13.4229 -0.0
-13.4129 -0.0
-13.4029 -0.0
-13.392900000000001 -0.0
-13.382900000000001 -0.0
-13.372900000000001 -0.0
-13.3629 -0.0
-13.3529 -0.0
-13.3429 -0.0
-13.3329 -0.0
-13.3229 -0.0
-13.3129 -0.0
-13.302900000000001 -0.0
-13.292900000000001 -0.0
-13.282900000000001 -0.0
-13.2729 -0.0
-13.2629 -0.0
-13.2529 -0.0
-13.2429 -0.0
-13.2329 -0.0
-13.222900000000001 -0.0
-13.212900000000001 -0.0
-13.202900000000001 -0.0
-13.192900000000002 -0.0
-13.1829 -0.0
-13.1729 -0.0
-13.1629 -0.0
-13.1529 -0.0
-13.142900000000001 -0.0
-13.132900000000001 -0.0
-13.122900000000001 -0.0
-13.1129 -0.0
-13.1029 -0.0
-13.0929 -0.0
-13.0829 -0.0
-13.0729 -0.0
-13.0629 -0.0
-13.052900000000001 -0.0
-13.042900000000001 -0.0
-13.032900000000001 -0.0
-13.0229 -0.0
-13.0129 -0.0
-13.0029 -0.0
-12.9929 -0.0
-12.9829 -0.0
-12.972900000000001 -0.0
-12.962900000000001 -0.0
-12.952900000000001 -0.0
-12.942900000000002 -0.0
-12.9329 -0.0
-12.9229 -0.0
-12.9129 -0.0
-12.9029 -0.0
-12.892900000000001 -0.0
-12.882900000000001 -0.0
-12.872900000000001 -0.0
-12.862900000000002 -0.0
-12.8529 -0.0
-12.8429 -0.0
-12.8329 -0.0
-12.8229 -0.0
-12.8129 -0.0
-12.802900000000001 -0.0
-12.792900000000001 -0.0
-12.782900000000001 -0.0
-12.7729 -0.0
-12.7629 -0.0
-12.7529 -0.0
-12.7429 -0.0
-12.7329 -0.0
-12.722900000000001 -0.0
-12.712900000000001 -0.0
-12.702900000000001 -0.0
-12.6929 -0.0
-12.6829 -0.0
-12.6729 -0.0
-12.6629 -0.0
-12.6529 -0.0
-12.642900000000001 -0.0
-12.632900000000001 -0.0
-12.622900000000001 -0.0
-12.612900000000002 -0.0
-12.6029 -0.0
-12.5929 -0.0
-12.5829 -0.0
-12.5729 -0.0
-12.5629 -0.0
-12.552900000000001 -0.0
-12.542900000000001 -0.0
-12.532900000000001 -0.0
-12.5229 -0.0
-12.5129 -0.0
-12.5029 -0.0
-12.4929 -0.0
-12.4829 -0.0
-12.472900000000001 -0.0
-12.462900000000001 -0.0
-12.452900000000001 -0.0
-12.4429 -0.0
-12.4329 -0.0
-12.4229 -0.0
-12.4129 -0.0
-12.4029 -0.0
-12.392900000000001 -0.0
-12.382900000000001 -0.0
-12.372900000000001 -0.0
-12.362900000000002 -0.0
-12.3529 -0.0
-12.3429 -0.0
-12.3329 -0.0
-12.3229 -0.0
-12.3129 -0.0
-12.302900000000001 -0.0
-12.292900000000001 -0.0
-12.282900000000001 -0.0
-12.2729 -0.0
-12.2629 -0.0
-12.2529 -0.0
-12.2429 -0.0
-12.2329 -0.0
-12.222900000000001 -0.0
-12.212900000000001 -0.0
-12.202900000000001 -0.0
-12.1929 -0.0
-12.1829 -0.0
-12.1729 -0.0
-12.1629 -0.0
-12.1529 -0.0
-12.142900000000001 -0.0
-12.132900000000001 -0.0
-12.122900000000001 -0.0
-12.112900000000002 -0.0
-12.1029 -0.0
-12.0929 -0.0
-12.0829 -0.0
-12.0729 -0.0
-12.0629 -0.0
-12.052900000000001 -0.0
-12.042900000000001 -0.0
-12.032900000000001 -0.0
-12.0229 -0.0
-12.0129 -0.0
-12.0029 -0.0
-11.9929 -0.0
-11.9829 -0.0
-11.972900000000001 -0.0
-11.962900000000001 -0.0
-11.952900000000001 -0.0
-11.9429 -0.0
-11.9329 -0.0
-11.9229 -0.0
-11.9129 -0.0
-11.9029 -0.0
-11.892900000000001 -0.0
-11.882900000000001 -0.0
-11.872900000000001 -0.0
-11.8629 -0.0
-11.8529 -0.0
-11.8429 -0.0
-11.8329 -0.0
-11.8229 -0.0
-11.8129 -0.0
-11.802900000000001 -0.0
-11.792900000000001 -0.0
-11.782900000000001 -0.0
-11.7729 -0.0
-11.7629 -0.0
-11.7529 -0.0
-11.7429 -0.0
-11.7329 -0.0
-11.722900000000001 -0.0
-11.712900000000001 -0.0
-11.702900000000001 -0.0
-11.692900000000002 -0.0
-11.6829 -0.0
-11.6729 -0.0
-11.6629 -0.0
-11.6529 -0.0
-11.642900000000001 -0.0
-11.632900000000001 -0.0
-11.622900000000001 -0.0
-11.6129 -0.0
-11.6029 -0.0
-11.5929 -0.0
-11.5829 -0.0
-11.5729 -0.0
-11.5629 -0.0
-11.552900000000001 -0.0
-11.542900000000001 -0.0
-11.532900000000001 -0.0
-11.5229 -0.0
-11.5129 -0.0
-11.5029 -0.0
-11.4929 -0.0
-11.4829 -0.0
-11.472900000000001 -0.0
-11.462900000000001 -0.0
-11.452900000000001 -0.0
-11.442900000000002 -0.0
-11.4329 -0.0
-11.4229 -2.754e-15
-11.4129 -5.771e-15
-11.4029 -1.605e-14
-11.392900000000001 -3.315e-14
-11.382900000000001 -7.52e-14
-11.372900000000001 -1.5790000000000001e-13
-11.3629 -3.2220000000000003e-13
-11.3529 -6.41e-13
-11.3429 -1.265e-12
-11.3329 -2.472e-12
-11.3229 -4.789e-12
-11.3129 -9.169999999999999e-12
-11.302900000000001 -1.737e-11
-11.292900000000001 -3.255e-11
-11.282900000000001 -6.044e-11
-11.2729 -1.108e-10
-11.2629 -2.012e-10
-11.2529 -3.619e-10
-11.2429 -6.44e-10
-11.2329 -1.133e-09
-11.222900000000001 -1.978e-09
-11.212900000000001 -3.4129999999999997e-09
-11.202900000000001 -5.8370000000000004e-09
-11.192900000000002 -9.86e-09
-11.1829 -1.653e-08
-11.1729 -2.7390000000000002e-08
-11.1629 -4.498e-08
-11.1529 -7.31e-08
-11.142900000000001 -1.178e-07
-11.132900000000001 -1.8759999999999996e-07
-11.122900000000001 -2.959e-07
-11.1129 -4.625e-07
-11.1029 -7.15e-07
-11.0929 -1.097e-06
-11.0829 -1.6660000000000002e-06
-11.0729 -2.5060000000000002e-06
-11.0629 -3.7329999999999997e-06
-11.052900000000001 -5.508999999999999e-06
-11.042900000000001 -8.05e-06
-11.032900000000001 -1.167e-05
-11.0229 -1.675e-05
-11.0129 -2.383e-05
-11.0029 -3.3600000000000004e-05
-10.9929 -4.692e-05
-10.9829 -6.5e-05
-10.972900000000001 -8.92e-05
-10.962900000000001 -0.00012140000000000001
-10.952900000000001 -0.0001637
-10.942900000000002 -0.000219
-10.9329 -0.0002904
-10.9229 -0.000382
-10.9129 -0.0004982
-10.9029 -0.0006439999999999999
-10.892900000000001 -0.000827
-10.882900000000001 -0.001052
-10.872900000000001 -0.001328
-10.8629 -0.0016619999999999998
-10.8529 -0.002066
-10.8429 -0.002546
-10.8329 -0.0031109999999999996
-10.8229 -0.0037750000000000006
-10.8129 -0.004542
-10.802900000000001 -0.005421
-10.792900000000001 -0.0064199999999999995
-10.782900000000001 -0.00754
-10.7729 -0.0088
-10.7629 -0.01017
-10.7529 -0.01168
-10.7429 -0.01329
-10.7329 -0.01503
-10.722900000000001 -0.01683
-10.712900000000001 -0.01872
-10.702900000000001 -0.020659999999999998
-10.692900000000002 -0.02263
-10.6829 -0.024579999999999998
-10.6729 -0.026510000000000002
-10.6629 -0.02839
-10.6529 -0.03018
-10.642900000000001 -0.03184
-10.632900000000001 -0.03338
-10.622900000000001 -0.03473
-10.6129 -0.03594
-10.6029 -0.03694
-10.5929 -0.037750000000000006
-10.5829 -0.03839
-10.5729 -0.03884
-10.5629 -0.03912
-10.552900000000001 -0.039240000000000004
-10.542900000000001 -0.03924
-10.532900000000001 -0.03914
-10.5229 -0.038919999999999996
-10.5129 -0.03864
-10.5029 -0.03833
-10.4929 -0.038
-10.4829 -0.03764
-10.472900000000001 -0.03730000000000001
-10.462900000000001 -0.03698
-10.452900000000001 -0.03666
-10.442900000000002 -0.03637
-10.4329 -0.036090000000000004
-10.4229 -0.03583
-10.4129 -0.0356
-10.4029 -0.03536
-10.392900000000001 -0.03511
-10.382900000000001 -0.03485
-10.372900000000001 -0.034600000000000006
-10.3629 -0.03428
-10.352900000000002 -0.03396
-10.3429 -0.03362
-10.3329 -0.03325
-10.3229 -0.03285
-10.3129 -0.03245
-10.302900000000001 -0.03203
-10.292900000000001 -0.03161
-10.282900000000001 -0.03122
-10.2729 -0.03087
-10.2629 -0.03054
-10.2529 -0.030270000000000002
-10.2429 -0.030049999999999997
-10.2329 -0.02989
-10.222900000000001 -0.02981
-10.212900000000001 -0.02982
-10.2029 -0.0299
-10.192900000000002 -0.030059999999999996
-10.1829 -0.0303
-10.1729 -0.030610000000000002
-10.1629 -0.030989999999999997
-10.1529 -0.03141
-10.142900000000001 -0.031869999999999996
-10.132900000000001 -0.032369999999999996
-10.122900000000001 -0.03285999999999999
-10.1129 -0.03336
-10.102900000000002 -0.03383
-10.0929 -0.03424
-10.0829 -0.034600000000000006
-10.0729 -0.034879999999999994
-10.0629 -0.03506
-10.052900000000001 -0.03513
-10.042900000000001 -0.035070000000000004
-10.032900000000001 -0.034890000000000004
-10.0229 -0.03457
-10.0129 -0.03412
-10.0029 -0.033549999999999996
-9.9929 -0.03283
-9.9829 -0.03202
-9.972900000000001 -0.031100000000000003
-9.962900000000001 -0.03015
-9.9529 -0.02911
-9.942900000000002 -0.028040000000000002
-9.9329 -0.02698
-9.9229 -0.02593
-9.9129 -0.024919999999999998
-9.9029 -0.02396
-9.892900000000001 -0.023080000000000003
-9.882900000000001 -0.022269999999999998
-9.872900000000001 -0.02155
-9.8629 -0.02092
-9.852900000000002 -0.020399999999999998
-9.8429 -0.019969999999999998
-9.8329 -0.01963
-9.8229 -0.01937
-9.8129 -0.01918
-9.802900000000001 -0.019060000000000004
-9.792900000000001 -0.019000000000000003
-9.782900000000001 -0.019
-9.7729 -0.019030000000000002
-9.7629 -0.01908
-9.7529 -0.01915
-9.7429 -0.01922
-9.7329 -0.019289999999999998
-9.722900000000001 -0.019349999999999996
-9.712900000000001 -0.01938
-9.7029 -0.01938
-9.692900000000002 -0.01938
-9.6829 -0.019309999999999997
-9.6729 -0.0192
-9.6629 -0.019030000000000002
-9.6529 -0.0188
-9.642900000000001 -0.01852
-9.632900000000001 -0.01817
-9.622900000000001 -0.017759999999999998
-9.6129 -0.01731
-9.602900000000002 -0.01676
-9.5929 -0.01618
-9.5829 -0.015550000000000001
-9.5729 -0.014879999999999999
-9.5629 -0.014190000000000001
-9.552900000000001 -0.01348
-9.542900000000001 -0.012740000000000001
-9.532900000000001 -0.011999999999999999
-9.5229 -0.011290000000000001
-9.5129 -0.01058
-9.5029 -0.009930000000000001
-9.4929 -0.00928
-9.4829 -0.00869
-9.472900000000001 -0.00816
-9.462900000000001 -0.00767
-9.4529 -0.00724
-9.442900000000002 -0.00686
-9.4329 -0.006539999999999999
-9.4229 -0.006279999999999999
-9.4129 -0.006051
-9.4029 -0.005867
-9.392900000000001 -0.005731
-9.382900000000001 -0.005626
-9.372900000000001 -0.0055509999999999995
-9.3629 -0.0055
-9.352900000000002 -0.005477
-9.3429 -0.005469000000000001
-9.3329 -0.00548
-9.3229 -0.005503999999999999
-9.3129 -0.0055390000000000005
-9.302900000000001 -0.005581
-9.292900000000001 -0.005627
-9.282900000000001 -0.005675
-9.2729 -0.005722
-9.2629 -0.005759
-9.2529 -0.005784
-9.2429 -0.005795
-9.2329 -0.005785
-9.222900000000001 -0.005751999999999999
-9.212900000000001 -0.005693
-9.2029 -0.005602
-9.192900000000002 -0.0054800000000000005
-9.1829 -0.005327
-9.1729 -0.005142
-9.1629 -0.004929
-9.1529 -0.0046879999999999995
-9.142900000000001 -0.004425
-9.132900000000001 -0.004145
-9.122900000000001 -0.003848
-9.1129 -0.003548
-9.102900000000002 -0.003242
-9.0929 -0.00294
-9.0829 -0.0026439999999999996
-9.0729 -0.0023610000000000003
-9.0629 -0.002092
-9.052900000000001 -0.001842
-9.042900000000001 -0.0016129999999999999
-9.032900000000001 -0.001405
-9.0229 -0.001218
-9.0129 -0.001055
-9.0029 -0.00091
-8.9929 -0.000785
-8.9829 -0.00068
-8.972900000000001 -0.0005891000000000001
-8.962900000000001 -0.0005135000000000001
-8.9529 -0.00045030000000000005
-8.942900000000002 -0.00039720000000000006
-8.9329 -0.0003528
-8.9229 -0.0003155
-8.9129 -0.0002839
-8.9029 -0.0002565
-8.892900000000001 -0.0002325
-8.882900000000001 -0.00021109999999999998
-8.872900000000001 -0.0001918
-8.8629 -0.0001739
-8.852900000000002 -0.00015729999999999997
-8.8429 -0.0001416
-8.8329 -0.000127
-8.8229 -0.00011310000000000001
-8.8129 -0.0001002
-8.802900000000001 -8.81e-05
-8.792900000000001 -7.7e-05
-8.782900000000001 -6.66e-05
-8.7729 -5.732e-05
-8.7629 -4.882e-05
-8.7529 -4.126e-05
-8.7429 -3.459e-05
-8.7329 -2.874e-05
-8.722900000000001 -2.368e-05
-8.712900000000001 -1.932e-05
-8.7029 -1.564e-05
-8.692900000000002 -1.255e-05
-8.6829 -9.97e-06
-8.6729 -7.86e-06
-8.6629 -6.136e-06
-8.6529 -4.744000000000001e-06
-8.642900000000001 -3.6359999999999996e-06
-8.632900000000001 -2.7589999999999998e-06
-8.622900000000001 -2.075e-06
-8.6129 -1.5459999999999999e-06
-8.602900000000002 -1.141e-06
-8.5929 -8.34e-07
-8.5829 -6.045e-07
-8.5729 -4.327e-07
-8.5629 -3.072e-07
-8.552900000000001 -2.16e-07
-8.542900000000001 -1.5030000000000002e-07
-8.532900000000001 -1.0359999999999999e-07
-8.5229 -7.069999999999999e-08
-8.5129 -4.774e-08
-8.5029 -3.192e-08
-8.4929 -2.114e-08
-8.4829 -1.3849999999999998e-08
-8.472900000000001 -8.98e-09
-8.462900000000001 -5.7590000000000005e-09
-8.4529 -3.6639999999999998e-09
-8.442900000000002 -2.3040000000000003e-09
-8.4329 -1.434e-09
-8.4229 -8.849999999999999e-10
-8.4129 -5.411e-10
-8.4029 -3.294e-10
-8.392900000000001 -2.0299999999999997e-10
-8.382900000000001 -1.328e-10
-8.372900000000001 -1.023e-10
-8.3629 -1.069e-10
-8.352900000000002 -1.5210000000000002e-10
-8.3429 -2.577e-10
-8.3329 -4.6530000000000004e-10
-8.3229 -8.5e-10
-8.3129 -1.5479999999999998e-09
-8.302900000000001 -2.8e-09
-8.2929 -5.018999999999999e-09
-8.282900000000001 -8.9e-09
-8.2729 -1.562e-08
-8.262900000000002 -2.7149999999999998e-08
-8.2529 -4.6680000000000005e-08
-8.2429 -7.952e-08
-8.2329 -1.341e-07
-8.222900000000001 -2.2390000000000004e-07
-8.212900000000001 -3.7009999999999996e-07
-8.2029 -6.055e-07
-8.192900000000002 -9.81e-07
-8.1829 -1.574e-06
-8.1729 -2.502e-06
-8.1629 -3.934e-06
-8.1529 -6.126e-06
-8.142900000000001 -9.450000000000001e-06
-8.132900000000001 -1.445e-05
-8.122900000000001 -2.1850000000000003e-05
-8.1129 -3.273e-05
-8.102900000000002 -4.8639999999999995e-05
-8.0929 -7.139e-05
-8.0829 -0.00010400000000000001
-8.0729 -0.00015020000000000002
-8.0629 -0.0002146
-8.052900000000001 -0.0003037
-8.0429 -0.0004259
-8.032900000000001 -0.0005925
-8.0229 -0.000816
-8.012900000000002 -0.001113
-8.0029 -0.001506
-7.992900000000001 -0.002019
-7.982900000000001 -0.0026819999999999995
-7.972900000000001 -0.003535
-7.9629 -0.004617
-7.9529000000000005 -0.005981
-7.942900000000001 -0.00768
-7.932900000000001 -0.009770000000000001
-7.9229 -0.012340000000000002
-7.9129000000000005 -0.015479999999999999
-7.902900000000001 -0.01923
-7.892900000000001 -0.023710000000000002
-7.882900000000001 -0.02901
-7.8729000000000005 -0.03523
-7.862900000000001 -0.042460000000000005
-7.852900000000001 -0.050820000000000004
-7.842900000000001 -0.060219999999999996
-7.8329 -0.0711
-7.822900000000001 -0.08329999999999999
-7.812900000000001 -0.09690000000000001
-7.802900000000001 -0.1119
-7.7929 -0.12840000000000001
-7.782900000000001 -0.1463
-7.772900000000001 -0.1658
-7.762900000000001 -0.1867
-7.7529 -0.2089
-7.742900000000001 -0.23229999999999998
-7.732900000000001 -0.25670000000000004
-7.722900000000001 -0.2822
-7.7129 -0.3085
-7.7029000000000005 -0.335
-7.692900000000001 -0.3621
-7.682900000000001 -0.38920000000000005
-7.6729 -0.416
-7.6629000000000005 -0.4421
-7.652900000000001 -0.46799999999999997
-7.642900000000001 -0.49239999999999995
-7.632900000000001 -0.5159
-7.6229000000000005 -0.538
-7.612900000000001 -0.5585
-7.602900000000001 -0.5771000000000001
-7.592900000000001 -0.5938
-7.5829 -0.6089
-7.572900000000001 -0.623
-7.562900000000001 -0.634
-7.552900000000001 -0.644
-7.5429 -0.652
-7.532900000000001 -0.657
-7.522900000000001 -0.664
-7.512900000000001 -0.667
-7.5029 -0.67
-7.492900000000001 -0.671
-7.482900000000001 -0.673
-7.472900000000001 -0.675
-7.4629 -0.672
-7.4529000000000005 -0.673
-7.442900000000001 -0.673
-7.432900000000001 -0.671
-7.4229 -0.669
-7.4129000000000005 -0.669
-7.402900000000001 -0.666
-7.392900000000001 -0.663
-7.382900000000001 -0.661
-7.3729000000000005 -0.657
-7.362900000000001 -0.654
-7.352900000000001 -0.65
-7.342900000000001 -0.645
-7.3329 -0.637
-7.322900000000001 -0.632
-7.312900000000001 -0.623
-7.302900000000001 -0.614
-7.2929 -0.6049
-7.282900000000001 -0.5954999999999999
-7.272900000000001 -0.5830000000000001
-7.262900000000001 -0.5716
-7.2529 -0.5586
-7.242900000000001 -0.5447
-7.232900000000001 -0.53
-7.222900000000001 -0.5146
-7.2129 -0.49890000000000007
-7.2029000000000005 -0.4827
-7.192900000000001 -0.46599999999999997
-7.182900000000001 -0.44920000000000004
-7.1729 -0.43220000000000003
-7.1629000000000005 -0.41529999999999995
-7.152900000000001 -0.3985
-7.142900000000001 -0.3819
-7.132900000000001 -0.3654
-7.1229000000000005 -0.3495
-7.112900000000001 -0.33409999999999995
-7.102900000000001 -0.31889999999999996
-7.092900000000001 -0.3045
-7.0829 -0.2905
-7.072900000000001 -0.27690000000000003
-7.062900000000001 -0.2639
-7.052900000000001 -0.2517
-7.0429 -0.23979999999999999
-7.032900000000001 -0.22870000000000001
-7.022900000000001 -0.21799999999999997
-7.012900000000001 -0.20769999999999997
-7.0029 -0.1982
-6.992900000000001 -0.1893
-6.982900000000001 -0.18069999999999997
-6.972900000000001 -0.1728
-6.9629 -0.1655
-6.9529000000000005 -0.1584
-6.942900000000001 -0.1519
-6.932900000000001 -0.1459
-6.9229 -0.1402
-6.9129000000000005 -0.1349
-6.902900000000001 -0.1298
-6.892900000000001 -0.12480000000000001
-6.882900000000001 -0.12009999999999998
-6.8729000000000005 -0.1154
-6.862900000000001 -0.1107
-6.852900000000001 -0.1062
-6.842900000000001 -0.10149999999999999
-6.8329 -0.09670000000000001
-6.822900000000001 -0.09209999999999999
-6.812900000000001 -0.0873
-6.802900000000001 -0.0823
-6.7929 -0.0775
-6.782900000000001 -0.0727
-6.772900000000001 -0.0678
-6.762900000000001 -0.063
-6.7529 -0.058399999999999994
-6.742900000000001 -0.053899999999999997
-6.732900000000001 -0.04958
-6.722900000000001 -0.04551
-6.7129 -0.04167
-6.7029000000000005 -0.03815
-6.692900000000001 -0.0349
-6.682900000000001 -0.03197
-6.6729 -0.02936
-6.6629000000000005 -0.02704
-6.652900000000001 -0.025029999999999997
-6.642900000000001 -0.023309999999999997
-6.632900000000001 -0.02185
-6.6229000000000005 -0.020630000000000003
-6.612900000000001 -0.019659999999999997
-6.602900000000001 -0.018889999999999997
-6.592900000000001 -0.01831
-6.5829 -0.017910000000000002
-6.572900000000001 -0.01768
-6.562900000000001 -0.017589999999999998
-6.552900000000001 -0.01762
-6.5429 -0.01779
-6.532900000000001 -0.01812
-6.522900000000001 -0.01856
-6.512900000000001 -0.01911
-6.5029 -0.0198
-6.492900000000001 -0.02062
-6.482900000000001 -0.02157
-6.472900000000001 -0.02262
-6.4629 -0.023799999999999998
-6.4529000000000005 -0.025060000000000002
-6.442900000000001 -0.026410000000000003
-6.432900000000001 -0.02787
-6.4229 -0.029419999999999998
-6.4129000000000005 -0.031010000000000003
-6.402900000000001 -0.03268
-6.392900000000001 -0.034390000000000004
-6.382900000000001 -0.0361
-6.3729000000000005 -0.03788
-6.362900000000001 -0.03966
-6.352900000000001 -0.04145
-6.342900000000001 -0.043230000000000005
-6.3329 -0.045009999999999994
-6.322900000000001 -0.046779999999999995
-6.312900000000001 -0.04845000000000001
-6.302900000000001 -0.05022
-6.2929 -0.05193
-6.282900000000001 -0.053529999999999994
-6.272900000000001 -0.055099999999999996
-6.262900000000001 -0.056729999999999996
-6.2529 -0.05836000000000001
-6.242900000000001 -0.059960000000000006
-6.232900000000001 -0.061660000000000006
-6.222900000000001 -0.06334999999999999
-6.2129 -0.06525
-6.2029000000000005 -0.06718
-6.192900000000001 -0.06955
-6.182900000000001 -0.07208
-6.1729 -0.07497
-6.1629000000000005 -0.07816000000000001
-6.152900000000001 -0.08188
-6.142900000000001 -0.08610000000000001
-6.132900000000001 -0.09069999999999999
-6.1229000000000005 -0.0959
-6.112900000000001 -0.1016
-6.102900000000001 -0.10790000000000001
-6.092900000000001 -0.11460000000000001
-6.0829 -0.122
-6.072900000000001 -0.1297
-6.062900000000001 -0.1376
-6.052900000000001 -0.1461
-6.0429 -0.1544
-6.032900000000001 -0.1629
-6.022900000000001 -0.1713
-6.012900000000001 -0.1797
-6.0029 -0.1878
-5.992900000000001 -0.1957
-5.982900000000001 -0.20299999999999996
-5.972900000000001 -0.2097
-5.9629 -0.2158
-5.9529000000000005 -0.2214
-5.942900000000001 -0.2259
-5.932900000000001 -0.22979999999999998
-5.9229 -0.23300000000000004
-5.9129000000000005 -0.2352
-5.902900000000001 -0.2367
-5.892900000000001 -0.23759999999999998
-5.882900000000001 -0.2379
-5.8729000000000005 -0.23760000000000003
-5.862900000000001 -0.23720000000000002
-5.852900000000001 -0.2367
-5.842900000000001 -0.2362
-5.8329 -0.23619999999999997
-5.822900000000001 -0.2368
-5.812900000000001 -0.2384
-5.802900000000001 -0.24109999999999998
-5.7929 -0.24500000000000002
-5.782900000000001 -0.2509
-5.772900000000001 -0.2582
-5.762900000000001 -0.26780000000000004
-5.7529 -0.2795
-5.742900000000001 -0.2932
-5.732900000000001 -0.3093
-5.722900000000001 -0.32780000000000004
-5.7129 -0.34829999999999994
-5.7029000000000005 -0.371
-5.692900000000001 -0.39570000000000005
-5.682900000000001 -0.4221
-5.6729 -0.4501
-5.6629000000000005 -0.47929999999999995
-5.652900000000001 -0.5102
-5.642900000000001 -0.5397
-5.632900000000001 -0.5718
-5.6229000000000005 -0.6033999999999999
-5.612900000000001 -0.6341
-5.602900000000001 -0.6652
-5.592900000000001 -0.6932
-5.5829 -0.7211000000000001
-5.572900000000001 -0.748
-5.562900000000001 -0.773
-5.552900000000001 -0.797
-5.5429 -0.8170000000000001
-5.532900000000001 -0.8370000000000001
-5.522900000000001 -0.8550000000000001
-5.512900000000001 -0.8700000000000001
-5.5029 -0.8840000000000001
-5.492900000000001 -0.8950000000000001
-5.482900000000001 -0.9050000000000001
-5.472900000000001 -0.9140000000000001
-5.4629 -0.9230000000000002
-5.4529000000000005 -0.9300000000000002
-5.442900000000001 -0.9380000000000001
-5.432900000000001 -0.9470000000000001
-5.4229 -0.9550000000000001
-5.4129000000000005 -0.9640000000000001
-5.402900000000001 -0.9750000000000001
-5.392900000000001 -0.9860000000000001
-5.382900000000001 -0.9980000000000001
-5.3729000000000005 -1.012
-5.362900000000001 -1.0270000000000001
-5.352900000000001 -1.044
-5.342900000000001 -1.059
-5.3329 -1.077
-5.322900000000001 -1.093
-5.312900000000001 -1.112
-5.302900000000001 -1.1300000000000001
-5.2929 -1.1440000000000001
-5.282900000000001 -1.161
-5.272900000000001 -1.173
-5.262900000000001 -1.186
-5.2529 -1.195
-5.242900000000001 -1.203
-5.232900000000001 -1.2120000000000002
-5.222900000000001 -1.215
-5.2129 -1.2180000000000002
-5.2029000000000005 -1.2180000000000002
-5.192900000000001 -1.2160000000000002
-5.182900000000001 -1.214
-5.1729 -1.209
-5.1629000000000005 -1.203
-5.152900000000001 -1.194
-5.142900000000001 -1.185
-5.132900000000001 -1.1749999999999998
-5.1229000000000005 -1.164
-5.112900000000001 -1.1520000000000001
-5.102900000000001 -1.14
-5.092900000000001 -1.128
-5.0829 -1.1150000000000002
-5.072900000000001 -1.1019999999999999
-5.062900000000001 -1.09
-5.052900000000001 -1.0779999999999998
-5.0429 -1.0670000000000002
-5.032900000000001 -1.0559999999999998
-5.022900000000001 -1.047
-5.012900000000001 -1.0379999999999998
-5.0029 -1.033
-4.992900000000001 -1.027
-4.982900000000001 -1.0250000000000001
-4.972900000000001 -1.026
-4.9629 -1.029
-4.9529000000000005 -1.0350000000000001
-4.942900000000001 -1.0430000000000001
-4.932900000000001 -1.0550000000000002
-4.9229 -1.071
-4.9129000000000005 -1.088
-4.902900000000001 -1.108
-4.892900000000001 -1.1300000000000001
-4.882900000000001 -1.1540000000000001
-4.8729000000000005 -1.18
-4.862900000000001 -1.205
-4.852900000000001 -1.231
-4.842900000000001 -1.257
-4.8329 -1.281
-4.822900000000001 -1.3039999999999998
-4.812900000000001 -1.325
-4.802900000000001 -1.342
-4.7929 -1.3570000000000002
-4.782900000000001 -1.368
-4.772900000000001 -1.375
-4.762900000000001 -1.377
-4.7529 -1.3769999999999998
-4.742900000000001 -1.3719999999999999
-4.732900000000001 -1.3639999999999999
-4.722900000000001 -1.353
-4.7129 -1.3399999999999999
-4.7029000000000005 -1.323
-4.692900000000001 -1.305
-4.682900000000001 -1.2870000000000001
-4.6729 -1.2690000000000001
-4.6629000000000005 -1.247
-4.652900000000001 -1.228
-4.642900000000001 -1.21
-4.632900000000001 -1.1920000000000002
-4.6229000000000005 -1.179
-4.612900000000001 -1.1620000000000001
-4.602900000000001 -1.1500000000000001
-4.592900000000001 -1.137
-4.5829 -1.128
-4.572900000000001 -1.121
-4.562900000000001 -1.113
-4.552900000000001 -1.106
-4.5429 -1.1019999999999999
-4.532900000000001 -1.095
-4.522900000000001 -1.092
-4.512900000000001 -1.089
-4.5029 -1.083
-4.492900000000001 -1.08
-4.482900000000001 -1.077
-4.472900000000001 -1.071
-4.4629 -1.067
-4.4529000000000005 -1.062
-4.442900000000001 -1.0550000000000002
-4.432900000000001 -1.05
-4.4229 -1.043
-4.4129000000000005 -1.038
-4.402900000000001 -1.032
-4.392900000000001 -1.026
-4.382900000000001 -1.02
-4.372900000000001 -1.017
-4.3629000000000016 -1.014
-4.3529 -1.0130000000000001
-4.3429 -1.011
-4.3329 -1.012
-4.322900000000001 -1.011
-4.312900000000001 -1.014
-4.302900000000001 -1.017
-4.292900000000001 -1.0219999999999998
-4.2829000000000015 -1.027
-4.2729 -1.032
-4.2629 -1.038
-4.2529 -1.0430000000000001
-4.242900000000001 -1.0489999999999997
-4.232900000000001 -1.054
-4.222900000000001 -1.059
-4.212900000000001 -1.063
-4.202900000000001 -1.0659999999999998
-4.1929 -1.068
-4.1829 -1.0670000000000002
-4.1729 -1.0659999999999998
-4.1629000000000005 -1.063
-4.152900000000001 -1.058
-4.142900000000001 -1.052
-4.132900000000001 -1.044
-4.122900000000001 -1.0339999999999998
-4.1129000000000016 -1.023
-4.1029 -1.0099999999999998
-4.0929 -0.9969999999999999
-4.0829 -0.9809999999999999
-4.072900000000001 -0.965
-4.062900000000001 -0.9489999999999998
-4.052900000000001 -0.9330000000000002
-4.042900000000001 -0.9180000000000001
-4.0329000000000015 -0.9000000000000001
-4.0229 -0.8870000000000001
-4.0129 -0.8710000000000001
-4.0029 -0.8580000000000001
-3.9929000000000006 -0.8490000000000001
-3.9829000000000008 -0.8420000000000001
-3.972900000000001 -0.8340000000000001
-3.962900000000001 -0.8310000000000001
-3.9529000000000014 -0.8280000000000001
-3.9429 -0.8280000000000001
-3.9329 -0.8310000000000001
-3.9229000000000003 -0.8370000000000001
-3.9129000000000005 -0.8440000000000001
-3.9029000000000007 -0.8520000000000001
-3.892900000000001 -0.8640000000000001
-3.882900000000001 -0.8770000000000001
-3.8729000000000013 -0.8910000000000001
-3.8629000000000016 -0.9050000000000001
-3.8529 -0.922
-3.8429 -0.937
-3.8329000000000004 -0.9540000000000001
-3.8229000000000006 -0.9679999999999999
-3.812900000000001 -0.9840000000000001
-3.802900000000001 -0.9970000000000001
-3.7929000000000013 -1.0090000000000001
-3.7829000000000015 -1.019
-3.7729 -1.028
-3.7629 -1.0330000000000001
-3.7529000000000003 -1.038
-3.7429000000000006 -1.041
-3.7329000000000008 -1.04
-3.722900000000001 -1.038
-3.712900000000001 -1.035
-3.7029000000000014 -1.032
-3.6929 -1.0270000000000001
-3.6829 -1.02
-3.6729000000000003 -1.014
-3.6629000000000005 -1.008
-3.6529000000000007 -1.003
-3.642900000000001 -0.9990000000000001
-3.632900000000001 -0.9960000000000001
-3.6229000000000013 -0.9940000000000001
-3.6129000000000016 -0.9920000000000001
-3.6029 -0.9940000000000001
-3.5929 -0.9950000000000001
-3.5829000000000004 -0.9980000000000001
-3.5729000000000006 -1.001
-3.562900000000001 -1.006
-3.552900000000001 -1.0090000000000001
-3.5429000000000013 -1.014
-3.5329000000000015 -1.017
-3.5229 -1.019
-3.5129 -1.022
-3.5029000000000003 -1.023
-3.4929000000000006 -1.022
-3.4829000000000008 -1.0210000000000001
-3.472900000000001 -1.0170000000000001
-3.462900000000001 -1.013
-3.4529000000000014 -1.007
-3.4429 -1.001
-3.4329 -0.9929999999999999
-3.4229000000000003 -0.9869999999999999
-3.4129000000000005 -0.98
-3.4029000000000007 -0.974
-3.392900000000001 -0.9690000000000001
-3.382900000000001 -0.9630000000000001
-3.3729000000000013 -0.962
-3.3629000000000016 -0.96
-3.3529 -0.96
-3.3429 -0.964
-3.3329000000000004 -0.9689999999999999
-3.3229000000000006 -0.9749999999999999
-3.312900000000001 -0.9829999999999999
-3.302900000000001 -0.99
-3.2929000000000013 -1.0
-3.2829000000000015 -1.011
-3.2729 -1.02
-3.2629 -1.03
-3.2529000000000003 -1.041
-3.2429000000000006 -1.05
-3.2329000000000008 -1.056
-3.222900000000001 -1.062
-3.212900000000001 -1.065
-3.2029000000000014 -1.067
-3.1929 -1.067
-3.1829 -1.0630000000000002
-3.1729000000000003 -1.0570000000000002
-3.1629000000000005 -1.0510000000000002
-3.1529000000000007 -1.04
-3.142900000000001 -1.028
-3.132900000000001 -1.0150000000000001
-3.1229000000000013 -0.9990000000000001
-3.1129000000000016 -0.9820000000000001
-3.1029 -0.9630000000000001
-3.0929 -0.9420000000000001
-3.0829000000000004 -0.92
-3.0729000000000006 -0.896
-3.062900000000001 -0.871
-3.052900000000001 -0.8470000000000001
-3.0429000000000013 -0.8220000000000001
-3.0329000000000015 -0.796
-3.0229 -0.77
-3.0129 -0.744
-3.0029000000000003 -0.718
-2.9929000000000006 -0.6920000000000001
-2.9829000000000008 -0.667
-2.972900000000001 -0.643
-2.962900000000001 -0.621
-2.9529000000000014 -0.5993
-2.9429 -0.5777
-2.9329 -0.5590999999999999
-2.9229000000000003 -0.5417000000000001
-2.9129000000000005 -0.5264
-2.9029000000000007 -0.5129
-2.892900000000001 -0.5009
-2.882900000000001 -0.49079999999999996
-2.8729000000000013 -0.48240000000000005
-2.8629000000000016 -0.4757
-2.8529 -0.47050000000000003
-2.8429 -0.46679999999999994
-2.8329000000000004 -0.46420000000000006
-2.8229000000000006 -0.4627
-2.812900000000001 -0.46219999999999994
-2.802900000000001 -0.4626
-2.7929000000000013 -0.4635
-2.7829000000000015 -0.4649000000000001
-2.7729 -0.4667
-2.7629 -0.4687
-2.7529000000000003 -0.4707
-2.7429000000000006 -0.47259999999999996
-2.7329000000000008 -0.47429999999999994
-2.722900000000001 -0.4759
-2.712900000000001 -0.477
-2.7029000000000014 -0.4778
-2.6929 -0.47829999999999995
-2.6829 -0.4782
-2.6729000000000003 -0.4776
-2.6629000000000005 -0.47669999999999996
-2.6529000000000007 -0.4752
-2.642900000000001 -0.4734
-2.632900000000001 -0.4713
-2.6229000000000013 -0.46900000000000003
-2.6129000000000016 -0.4665
-2.6029 -0.4641
-2.5929 -0.46180000000000004
-2.5829000000000004 -0.45970000000000005
-2.5729000000000006 -0.458
-2.562900000000001 -0.4566
-2.552900000000001 -0.45610000000000006
-2.5429000000000013 -0.45580000000000004
-2.5329000000000015 -0.4563999999999999
-2.5229 -0.4576
-2.5129 -0.4595
-2.5029000000000003 -0.46199999999999997
-2.4929000000000006 -0.46499999999999997
-2.4829000000000008 -0.46859999999999996
-2.472900000000001 -0.4724
-2.462900000000001 -0.47639999999999993
-2.4529000000000014 -0.48039999999999994
-2.4429 -0.4844
-2.4329 -0.488
-2.4229000000000003 -0.4912
-2.4129000000000005 -0.49400000000000005
-2.4029000000000007 -0.4959
-2.392900000000001 -0.497
-2.382900000000001 -0.4975
-2.3729000000000013 -0.497
-2.3629000000000016 -0.4954
-2.3529 -0.4931
-2.3429 -0.48960000000000004
-2.3329000000000004 -0.4856
-2.3229000000000006 -0.4805
-2.312900000000001 -0.47469999999999996
-2.302900000000001 -0.4683
-2.2929000000000013 -0.4611
-2.2829000000000015 -0.4534
-2.2729 -0.4452
-2.2629 -0.4366
-2.2529000000000003 -0.42779999999999996
-2.2429000000000006 -0.4184
-2.2329000000000008 -0.4088
-2.222900000000001 -0.3989
-2.212900000000001 -0.3889
-2.2029000000000014 -0.3789
-2.1929 -0.3685999999999999
-2.1829 -0.35819999999999996
-2.1729000000000003 -0.3476
-2.1629000000000005 -0.3366
-2.1529000000000007 -0.3259
-2.142900000000001 -0.31489999999999996
-2.132900000000001 -0.30360000000000004
-2.1229000000000013 -0.2923
-2.1129000000000016 -0.28079999999999994
-2.1029 -0.2692
-2.0929 -0.2575
-2.0829000000000004 -0.24570000000000003
-2.0729000000000006 -0.234
-2.062900000000001 -0.22230000000000003
-2.052900000000001 -0.2108
-2.0429000000000013 -0.19960000000000003
-2.0329000000000015 -0.1888
-2.0229 -0.17850000000000002
-2.0129 -0.1686
-2.0029000000000003 -0.1595
-1.9929000000000006 -0.1512
-1.9829000000000008 -0.1437
-1.972900000000001 -0.1371
-1.9629000000000012 -0.13169999999999998
-1.9529000000000014 -0.1273
-1.9428999999999998 -0.12400000000000001
-1.9329 -0.12169999999999999
-1.9229000000000003 -0.12059999999999998
-1.9129000000000005 -0.1204
-1.9029000000000007 -0.12129999999999999
-1.892900000000001 -0.1231
-1.8829000000000011 -0.1258
-1.8729000000000013 -0.12910000000000002
-1.8629000000000016 -0.1333
-1.8529 -0.1381
-1.8429000000000002 -0.1432
-1.8329000000000004 -0.1486
-1.8229000000000006 -0.15430000000000002
-1.8129000000000008 -0.15999999999999998
-1.802900000000001 -0.1659
-1.7929000000000013 -0.1713
-1.7829000000000015 -0.1767
-1.7729 -0.18180000000000002
-1.7629000000000001 -0.18660000000000002
-1.7529000000000003 -0.1905
-1.7429000000000006 -0.1941
-1.7329000000000008 -0.19720000000000001
-1.722900000000001 -0.19940000000000002
-1.7129000000000012 -0.2012
-1.7029000000000014 -0.2022
-1.6928999999999998 -0.20249999999999999
-1.6829 -0.20239999999999997
-1.6729000000000003 -0.20160000000000003
-1.6629000000000005 -0.2004
-1.6529000000000007 -0.19860000000000003
-1.642900000000001 -0.19649999999999998
-1.6329000000000011 -0.19440000000000002
-1.6229000000000013 -0.19169999999999998
-1.6129000000000016 -0.18910000000000002
-1.6029 -0.18639999999999998
-1.5929000000000002 -0.1839
-1.5829000000000004 -0.18120000000000003
-1.5729000000000006 -0.17880000000000001
-1.5629000000000008 -0.17670000000000002
-1.552900000000001 -0.1747
-1.5429000000000013 -0.1731
-1.5329000000000015 -0.1719
-1.5229 -0.171
-1.5129000000000001 -0.1703
-1.5029000000000003 -0.1701
-1.4929000000000006 -0.1703
-1.4829000000000008 -0.17070000000000002
-1.472900000000001 -0.1715
-1.4629000000000012 -0.1725
-1.4529000000000014 -0.1739
-1.4428999999999998 -0.1757
-1.4329 -0.1772
-1.4229000000000003 -0.17930000000000001
-1.4129000000000005 -0.1814
-1.4029000000000007 -0.18350000000000002
-1.392900000000001 -0.18560000000000001
-1.3829000000000011 -0.1878
-1.3729000000000013 -0.19019999999999998
-1.3629000000000016 -0.19249999999999998
-1.3529 -0.1949
-1.3429000000000002 -0.1973
-1.3329000000000004 -0.1999
-1.3229000000000006 -0.20240000000000002
-1.3129000000000008 -0.20529999999999998
-1.302900000000001 -0.2081
-1.2929000000000013 -0.21100000000000002
-1.2829000000000015 -0.2142
-1.2729 -0.21760000000000002
-1.2629000000000001 -0.2212
-1.2529000000000003 -0.2249
-1.2429000000000006 -0.2285
-1.2329000000000008 -0.23220000000000002
-1.222900000000001 -0.2358
-1.2129000000000012 -0.23949999999999996
-1.2029000000000014 -0.2428
-1.1928999999999998 -0.24619999999999997
-1.1829 -0.249
-1.1729000000000003 -0.25159999999999993
-1.1629000000000005 -0.2535
-1.1529000000000007 -0.25529999999999997
-1.142900000000001 -0.2563
-1.1329000000000011 -0.2568
-1.1229000000000013 -0.25670000000000004
-1.1129000000000016 -0.25620000000000004
-1.1029 -0.2551
-1.0929000000000002 -0.2534
-1.0829000000000004 -0.2513
-1.0729000000000006 -0.2489
-1.0629000000000008 -0.2463
-1.052900000000001 -0.24320000000000003
-1.0429000000000013 -0.2399
-1.0329000000000015 -0.23650000000000002
-1.0229 -0.23289999999999997
-1.0129000000000001 -0.22940000000000002
-1.0029000000000003 -0.2258
-0.9929000000000006 -0.2223
-0.9829000000000008 -0.2189
-0.972900000000001 -0.2156
-0.9629000000000012 -0.21239999999999998
-0.9529000000000014 -0.2094
-0.9428999999999998 -0.2066
-0.9329000000000001 -0.2038
-0.9229000000000003 -0.2012
-0.9129000000000005 -0.19870000000000002
-0.9029000000000007 -0.19640000000000002
-0.8929000000000009 -0.194
-0.8829000000000011 -0.1915
-0.8729000000000013 -0.1891
-0.8629000000000016 -0.1867
-0.8529 -0.1843
-0.8429000000000002 -0.1817
-0.8329000000000004 -0.17889999999999998
-0.8229000000000006 -0.17579999999999998
-0.8129000000000008 -0.1727
-0.8029000000000011 -0.1691
-0.7929000000000013 -0.1651
-0.7829000000000015 -0.16099999999999998
-0.7728999999999999 -0.1565
-0.7629000000000001 -0.1517
-0.7529000000000003 -0.1465
-0.7429000000000006 -0.141
-0.7329000000000008 -0.1353
-0.722900000000001 -0.1293
-0.7129000000000012 -0.12309999999999999
-0.7029000000000014 -0.1167
-0.6928999999999998 -0.1102
-0.6829000000000001 -0.1035
-0.6729000000000003 -0.09669999999999998
-0.6629000000000005 -0.09009999999999999
-0.6529000000000007 -0.0834
-0.6429000000000009 -0.07680000000000001
-0.6329000000000011 -0.07039999999999999
-0.6229000000000013 -0.06414
-0.6129000000000016 -0.05818
-0.6029 -0.052379999999999996
-0.5929000000000002 -0.04692
-0.5829000000000004 -0.04178
-0.5729000000000006 -0.03695999999999999
-0.5629000000000008 -0.0325
-0.5529000000000011 -0.02841
-0.5429000000000013 -0.024650000000000002
-0.5329000000000015 -0.02127
-0.5228999999999999 -0.018219999999999997
-0.5129000000000001 -0.01551
-0.5029000000000003 -0.0131
-0.49290000000000056 -0.010990000000000002
-0.4829000000000008 -0.00915
-0.472900000000001 -0.007573
-0.4629000000000012 -0.006212
-0.4529000000000014 -0.005067
-0.44289999999999985 -0.004098
-0.43290000000000006 -0.003291
-0.4229000000000003 -0.002624
-0.4129000000000005 -0.002075
-0.4029000000000007 -0.0016279999999999999
-0.3929000000000009 -0.001267
-0.38290000000000113 -0.000977
-0.37290000000000134 -0.0007490999999999999
-0.36290000000000155 -0.0005701
-0.3529 -0.0004292
-0.3429000000000002 -0.00032070000000000004
-0.3329000000000004 -0.00023780000000000003
-0.32290000000000063 -0.0001748
-0.31290000000000084 -0.0001274
-0.30290000000000106 -9.200000000000001e-05
-0.29290000000000127 -6.576999999999999e-05
-0.2829000000000015 -4.669e-05
-0.2728999999999999 -3.286000000000001e-05
-0.26290000000000013 -2.291e-05
-0.25290000000000035 -1.582e-05
-0.24290000000000056 -1.083e-05
-0.23290000000000077 -7.343e-06
-0.222900000000001 -4.9270000000000004e-06
-0.2129000000000012 -3.28e-06
-0.2029000000000014 -2.162e-06
-0.19289999999999985 -1.41e-06
-0.18290000000000006 -9.129999999999999e-07
-0.17290000000000028 -5.835e-07
-0.1629000000000005 -3.7030000000000003e-07
-0.1529000000000007 -2.3240000000000002e-07
-0.14290000000000092 -1.444e-07
-0.13290000000000113 -8.899999999999999e-08
-0.12290000000000134 -5.4129999999999996e-08
-0.11290000000000155 -3.27e-08
-0.10289999999999999 -1.9520000000000002e-08
-0.0929000000000002 -1.1540000000000001e-08
-0.08290000000000042 -6.752000000000001e-09
-0.07290000000000063 -3.914e-09
-0.06290000000000084 -2.244e-09
-0.05290000000000106 -1.274e-09
-0.04290000000000127 -7.162e-10
-0.032900000000001484 -3.9790000000000004e-10
-0.02289999999999992 -2.189e-10
-0.012900000000000134 -1.193e-10
-0.0029000000000003467 -6.421e-11
0.00709999999999944 -3.426e-11
0.017099999999999227 -1.8059999999999997e-11
0.027099999999999014 -9.42e-12
0.0370999999999988 -4.855000000000001e-12
0.04709999999999859 -2.477e-12
0.05710000000000015 -1.2359999999999998e-12
0.06709999999999994 -6.185e-13
0.07709999999999972 -3.0709999999999997e-13
0.08709999999999951 -1.458e-13
0.0970999999999993 -7.105e-14
0.10709999999999908 -3.0130000000000006e-14
0.11709999999999887 -1.059e-14
0.12709999999999866 -0.0
0.13709999999999845 -0.0
0.1471 -0.0
0.1570999999999998 -0.0
0.16709999999999958 -0.0
0.17709999999999937 -0.0
0.18709999999999916 -0.0
0.19709999999999894 -0.0
0.20709999999999873 -0.0
0.21709999999999852 -0.0
0.22710000000000008 -0.0
0.23709999999999987 -0.0
0.24709999999999965 -0.0
0.25709999999999944 -0.0
0.2670999999999992 -0.0
0.277099999999999 -0.0
0.2870999999999988 -0.0
0.2970999999999986 -0.0
0.30710000000000015 -0.0
0.31709999999999994 -0.0
0.3270999999999997 -0.0
0.3370999999999995 -0.0
0.3470999999999993 -0.0
0.3570999999999991 -0.0
0.36709999999999887 -0.0
0.37709999999999866 -0.0
0.38709999999999845 -0.0
0.3971 -0.0
0.4070999999999998 -0.0
0.4170999999999996 -0.0
0.42709999999999937 -0.0
0.43709999999999916 -0.0
0.44709999999999894 -0.0
0.45709999999999873 -0.0
0.4670999999999985 -0.0
0.4771000000000001 -0.0
0.48709999999999987 -0.0
0.49709999999999965 -0.0
0.5070999999999994 -0.0
0.5170999999999992 -0.0
0.527099999999999 -0.0
0.5370999999999988 -0.0
0.5470999999999986 -0.0
0.5571000000000002 -0.0
0.5670999999999999 -0.0
0.5770999999999997 -0.0
0.5870999999999995 -0.0
0.5970999999999993 -0.0
0.6070999999999991 -0.0
0.6170999999999989 -0.0
0.6270999999999987 -0.0
0.6370999999999984 -0.0
0.6471 -0.0
0.6570999999999998 -0.0
0.6670999999999996 -0.0
0.6770999999999994 -0.0
0.6870999999999992 -0.0
0.6970999999999989 -0.0
0.7070999999999987 -0.0
0.7170999999999985 -0.0
0.7271000000000001 -0.0
0.7370999999999999 -0.0
0.7470999999999997 -0.0
0.7570999999999994 -0.0
0.7670999999999992 -0.0
0.777099999999999 -0.0
0.7870999999999988 -0.0
0.7970999999999986 -0.0
0.8071000000000002 -0.0
0.8170999999999999 -0.0
0.8270999999999997 -0.0
0.8370999999999995 -0.0
0.8470999999999993 -0.0
0.8570999999999991 -0.0
0.8670999999999989 -0.0
0.8770999999999987 -0.0
0.8870999999999984 -0.0
0.8971 -3.79501e-14
0.9070999999999998 -7.96051e-14
0.9170999999999996 -1.647177e-13
0.9270999999999994 -3.37447e-13
0.9370999999999992 -7.30738e-13
0.9470999999999989 -1.4675599999999999e-12
0.9570999999999987 -2.92124e-12
0.9670999999999985 -5.93573e-12
0.9771000000000001 -1.1581399999999999e-11
0.9870999999999999 -2.23621e-11
0.9970999999999997 -4.29242e-11
1.0070999999999994 -8.134799999999999e-11
1.0170999999999992 -1.52477e-10
1.027099999999999 -2.8271400000000003e-10
1.0370999999999988 -5.187590000000001e-10
1.0470999999999986 -9.432999999999998e-10
1.0571000000000002 -1.69423e-09
1.0671 -3.01552e-09
1.0770999999999997 -5.31111e-09
1.0870999999999995 -9.268500000000001e-09
1.0970999999999993 -1.5999100000000002e-08
1.107099999999999 -2.73433e-08
1.1170999999999989 -4.6217900000000005e-08
1.1270999999999987 -7.748299999999999e-08
1.1370999999999984 -1.2856399999999999e-07
1.1471 -2.1114599999999998e-07
1.1570999999999998 -3.43959e-07
1.1670999999999996 -5.5332e-07
1.1770999999999994 -8.825999999999998e-07
1.1870999999999992 -1.3923399999999998e-06
1.197099999999999 -2.1785000000000004e-06
1.2070999999999987 -3.3855e-06
1.2170999999999985 -5.1817e-06
1.2271 -7.877599999999999e-06
1.2370999999999999 -1.1878899999999999e-05
1.2470999999999997 -1.7704200000000002e-05
1.2570999999999994 -2.6196800000000003e-05
1.2670999999999992 -3.8336e-05
1.277099999999999 -5.5685e-05
1.2870999999999988 -8.016700000000001e-05
1.2970999999999986 -0.00011455200000000001
1.3071000000000002 -0.00016183900000000002
1.3171 -0.00022686999999999997
1.3270999999999997 -0.00031489
1.3370999999999995 -0.00043488000000000006
1.3470999999999993 -0.0005953
1.357099999999999 -0.0008057800000000001
1.3670999999999989 -0.0010832300000000001
1.3770999999999987 -0.0014439
1.3870999999999984 -0.0019115999999999998
1.3971 -0.0025107
1.4070999999999998 -0.0032802999999999994
1.4170999999999996 -0.0042262
1.4270999999999994 -0.0054239
1.4370999999999992 -0.006922
1.447099999999999 -0.00877
1.4570999999999987 -0.011028999999999999
1.4670999999999985 -0.013760999999999999
1.4771 -0.017083
1.4870999999999999 -0.021055
1.4970999999999997 -0.025798
1.5070999999999994 -0.031420000000000003
1.5170999999999992 -0.03806
1.527099999999999 -0.04573
1.5370999999999988 -0.054759999999999996
1.5470999999999986 -0.06525
1.5571000000000002 -0.07715999999999999
1.5671 -0.09082
1.5770999999999997 -0.10644000000000002
1.5870999999999995 -0.12412000000000001
1.5970999999999993 -0.144
1.607099999999999 -0.1661
1.6170999999999989 -0.1907
1.6270999999999987 -0.2179
1.6370999999999984 -0.2475
1.6471 -0.27999999999999997
1.6570999999999998 -0.3148
1.6670999999999996 -0.35240000000000005
1.6770999999999994 -0.39230000000000004
1.6870999999999992 -0.4344
1.697099999999999 -0.47889999999999994
1.7070999999999987 -0.5245
1.7170999999999985 -0.5702
1.7271 -0.6188
1.7370999999999999 -0.6652
1.7470999999999997 -0.7121000000000001
1.7570999999999994 -0.759
1.7670999999999992 -0.805
1.777099999999999 -0.8460000000000001
1.7870999999999988 -0.8860000000000001
1.7970999999999986 -0.922
1.8071000000000002 -0.956
1.8171 -0.983
1.8270999999999997 -1.0070000000000001
1.8370999999999995 -1.0250000000000001
1.8470999999999993 -1.039
1.857099999999999 -1.048
1.8670999999999989 -1.051
1.8770999999999987 -1.0499999999999998
1.8870999999999984 -1.044
1.8971 -1.033
1.9070999999999998 -1.019
1.9170999999999996 -1.002
1.9270999999999994 -0.98
1.9370999999999992 -0.9560000000000001
1.947099999999999 -0.929
1.9570999999999987 -0.901
1.9670999999999985 -0.8700000000000001
1.9771 -0.8400000000000001
1.9870999999999999 -0.807
1.9970999999999997 -0.776
2.0070999999999994 -0.743
2.0170999999999992 -0.71
2.027099999999999 -0.6799999999999999
2.037099999999999 -0.649
2.0470999999999986 -0.62
2.0571 -0.5921
2.0671 -0.5656
2.0770999999999997 -0.5413
2.0870999999999995 -0.5193
2.0970999999999993 -0.4997
2.107099999999999 -0.48230000000000006
2.117099999999999 -0.4677
2.1270999999999987 -0.4555
2.1370999999999984 -0.4459000000000001
2.1471 -0.43870000000000003
2.1571 -0.43400000000000005
2.1670999999999996 -0.43160000000000004
2.1770999999999994 -0.43140000000000006
2.187099999999999 -0.4329
2.197099999999999 -0.43620000000000003
2.2070999999999987 -0.4409
2.2170999999999985 -0.4466
2.2271 -0.45330000000000004
2.2371 -0.46070000000000005
2.2470999999999997 -0.46810000000000007
2.2570999999999994 -0.47580000000000006
2.2670999999999992 -0.48349999999999993
2.277099999999999 -0.49060000000000004
2.287099999999999 -0.49710000000000004
2.2970999999999986 -0.5031
2.3071 -0.5081
2.3171 -0.512
2.3270999999999997 -0.5146999999999999
2.3370999999999995 -0.5163
2.3470999999999993 -0.5167
2.357099999999999 -0.5157
2.367099999999999 -0.5134
2.3770999999999987 -0.5097
2.3870999999999984 -0.5049
2.3971 -0.49870000000000003
2.4071 -0.4915999999999999
2.4170999999999996 -0.4832
2.4270999999999994 -0.47400000000000003
2.437099999999999 -0.46409999999999996
2.447099999999999 -0.4536
2.4570999999999987 -0.4428
2.4670999999999985 -0.43190000000000006
2.4771 -0.42079999999999995
2.4871 -0.4099
2.4970999999999997 -0.3997
2.5070999999999994 -0.3898
2.5170999999999992 -0.3808
2.527099999999999 -0.3728
2.537099999999999 -0.3658
2.5470999999999986 -0.3601
2.5571 -0.3555
2.5671 -0.3525
2.5770999999999997 -0.3505
2.5870999999999995 -0.34990000000000004
2.5970999999999993 -0.3505
2.607099999999999 -0.3521
2.617099999999999 -0.3547
2.6270999999999987 -0.358
2.6370999999999984 -0.3619
2.6471 -0.3666
2.6571 -0.3714
2.6670999999999996 -0.37639999999999996
2.6770999999999994 -0.3817
2.687099999999999 -0.38680000000000003
2.697099999999999 -0.3919
2.7070999999999987 -0.3971
2.7170999999999985 -0.4021
2.7271 -0.4072
2.7371 -0.41240000000000004
2.7470999999999997 -0.418
2.7570999999999994 -0.42399999999999993
2.7670999999999992 -0.4305
2.777099999999999 -0.4381
2.787099999999999 -0.44649999999999995
2.7970999999999986 -0.45609999999999995
2.8071 -0.4678
2.8171 -0.4808
2.8270999999999997 -0.496
2.8370999999999995 -0.5135
2.8470999999999993 -0.5338999999999999
2.857099999999999 -0.5558
2.867099999999999 -0.5817
2.8770999999999987 -0.6098
2.8870999999999984 -0.6412
2.8971 -0.6755
2.9071 -0.7131000000000001
2.9170999999999996 -0.7548
2.9270999999999994 -0.799
2.937099999999999 -0.8439999999999999
2.947099999999999 -0.895
2.9570999999999987 -0.9470000000000001
2.9670999999999985 -0.9999999999999999
2.9771 -1.058
2.9871 -1.115
2.9970999999999997 -1.177
3.0070999999999994 -1.2400000000000002
3.0170999999999992 -1.304
3.027099999999999 -1.3689999999999998
3.037099999999999 -1.436
3.0470999999999986 -1.5050000000000001
3.0571 -1.574
3.0671 -1.646
3.0770999999999997 -1.7169999999999999
3.0870999999999995 -1.7889999999999997
3.0970999999999993 -1.862
3.107099999999999 -1.933
3.117099999999999 -2.0040000000000004
3.1270999999999987 -2.074
3.1370999999999984 -2.14
3.1471 -2.203
3.1571 -2.264
3.1670999999999996 -2.3209999999999997
3.1770999999999994 -2.374
3.187099999999999 -2.4210000000000003
3.197099999999999 -2.4650000000000003
3.2070999999999987 -2.504
3.2170999999999985 -2.54
3.2271 -2.572
3.2371 -2.6029999999999998
3.2470999999999997 -2.6300000000000003
3.2570999999999994 -2.6569999999999996
3.2670999999999992 -2.685
3.277099999999999 -2.713
3.287099999999999 -2.743
3.2970999999999986 -2.7769999999999997
3.3071 -2.81
3.3171 -2.8489999999999998
3.3270999999999997 -2.89
3.3370999999999995 -2.933
3.3470999999999993 -2.9790000000000005
3.357099999999999 -3.025
3.367099999999999 -3.0730000000000004
3.3770999999999987 -3.121
3.3870999999999984 -3.1659999999999995
3.3971 -3.2099999999999995
3.4071 -3.2459999999999996
3.4170999999999996 -3.281
3.4270999999999994 -3.306
3.437099999999999 -3.328
3.447099999999999 -3.3419999999999996
3.4570999999999987 -3.3480000000000003
3.4670999999999985 -3.347
3.4771 -3.3369999999999997
3.4871 -3.3219999999999996
3.4970999999999997 -3.3
3.5070999999999994 -3.2720000000000002
3.5170999999999992 -3.241
3.527099999999999 -3.207
3.537099999999999 -3.171
3.5470999999999986 -3.135
3.5571 -3.1000000000000005
3.5671 -3.0660000000000003
3.5770999999999997 -3.036
3.5870999999999995 -3.011
3.5970999999999993 -2.992
3.607100000000001 -2.977
3.617099999999999 -2.968
3.6271000000000004 -2.962
3.6370999999999984 -2.966
3.6471 -2.9730000000000003
3.657099999999998 -2.9859999999999998
3.6670999999999996 -3.0010000000000003
3.6770999999999976 -3.018
3.687099999999999 -3.037
3.6971000000000007 -3.0580000000000003
3.7070999999999987 -3.0760000000000005
3.7171000000000003 -3.0909999999999997
3.7270999999999983 -3.1020000000000008
3.7371 -3.109
3.747099999999998 -3.108
3.7570999999999994 -3.101
3.767100000000001 -3.086
3.777099999999999 -3.063
3.7871000000000006 -3.029
3.7970999999999986 -2.9899999999999998
3.8071 -2.94
3.817099999999998 -2.883
3.8270999999999997 -2.82
3.8370999999999977 -2.7510000000000003
3.8470999999999993 -2.682
3.857100000000001 -2.609
3.867099999999999 -2.533
3.8771000000000004 -2.4579999999999997
3.8870999999999984 -2.388
3.8971 -2.322
3.907099999999998 -2.26
3.9170999999999996 -2.206
3.9270999999999976 -2.1590000000000003
3.937099999999999 -2.1189999999999998
3.9471000000000007 -2.088
3.9570999999999987 -2.063
3.9671000000000003 -2.0490000000000004
3.9770999999999983 -2.0420000000000003
3.9871 -2.043
3.997099999999998 -2.0500000000000003
4.007099999999999 -2.0629999999999997
4.017100000000001 -2.082
4.027099999999999 -2.1039999999999996
4.037100000000001 -2.13
4.047099999999999 -2.1590000000000003
4.0571 -2.1879999999999997
4.067099999999998 -2.2179999999999995
4.0771 -2.248
4.087099999999998 -2.2780000000000005
4.097099999999999 -2.305
4.107100000000001 -2.334
4.117099999999999 -2.361
4.1271 -2.387
4.1370999999999984 -2.4130000000000003
4.1471 -2.44
4.157099999999998 -2.468
4.1671 -2.496
4.177099999999998 -2.526
4.187099999999999 -2.56
4.197100000000001 -2.598
4.207099999999999 -2.6430000000000002
4.2171 -2.69
4.227099999999998 -2.742
4.2371 -2.8009999999999997
4.247099999999998 -2.864
4.257099999999999 -2.931
4.267100000000001 -3.003
4.277099999999999 -3.0760000000000005
4.287100000000001 -3.150000000000001
4.297099999999999 -3.2240000000000006
4.3071 -3.295000000000001
4.317099999999998 -3.362
4.3271 -3.4219999999999997
4.337099999999998 -3.4749999999999996
4.347099999999999 -3.5189999999999997
4.357100000000001 -3.5520000000000005
4.367099999999999 -3.576
4.3771 -3.5860000000000003
4.3870999999999984 -3.587
4.3971 -3.577
4.407099999999998 -3.555
4.4171 -3.5260000000000002
4.427099999999998 -3.4859999999999998
4.437099999999999 -3.4419999999999997
4.447100000000001 -3.394
4.457099999999999 -3.343
4.4671 -3.2940000000000005
4.477099999999998 -3.244
4.4871 -3.198
4.497099999999998 -3.1580000000000004
4.507099999999999 -3.1220000000000003
4.517100000000001 -3.0959999999999996
4.527099999999999 -3.076
4.537100000000001 -3.065
4.547099999999999 -3.061
4.5571 -3.0670000000000006
4.567099999999998 -3.0810000000000004
4.5771 -3.104
4.587099999999998 -3.134
4.597099999999999 -3.1730000000000005
4.607100000000001 -3.218
4.617099999999999 -3.2729999999999997
4.6271 -3.332
4.6370999999999984 -3.3989999999999996
4.6471 -3.474
4.657099999999998 -3.556
4.6671 -3.643
4.677099999999998 -3.739
4.687099999999999 -3.842
4.697100000000001 -3.951
4.707099999999999 -4.069
4.7171 -4.192
4.727099999999998 -4.324
4.7371 -4.458
4.747099999999998 -4.596
4.757099999999999 -4.738
4.767100000000001 -4.878
4.777099999999999 -5.02
4.787100000000001 -5.153
4.797099999999999 -5.285
4.8071 -5.407
4.817099999999998 -5.5200000000000005
4.8271 -5.62
4.837099999999998 -5.71
4.847099999999999 -5.785
4.857100000000001 -5.8469999999999995
4.867099999999999 -5.895
4.8771 -5.922000000000001
4.8870999999999984 -5.957
4.8971 -5.976
4.907099999999998 -5.97
4.9171 -5.974
4.927099999999998 -5.974
4.937099999999999 -5.952
4.947100000000001 -5.95
4.957099999999999 -5.946
4.9671 -5.942000000000001
4.977099999999998 -5.943
4.9871 -5.949
4.997099999999998 -5.954
5.007099999999999 -5.965
5.017100000000001 -5.974
5.027099999999999 -5.99
5.037100000000001 -5.995
5.047099999999999 -6.0169999999999995
5.0571 -6.026999999999999
5.067099999999998 -6.023999999999999
5.0771 -5.997
5.087099999999998 -5.983
5.097099999999999 -5.949
5.107100000000001 -5.898
5.117099999999999 -5.8389999999999995
5.1271 -5.7620000000000005
5.1370999999999984 -5.674
5.1471 -5.572000000000001
5.157099999999998 -5.457
5.1671 -5.33
5.177099999999998 -5.1930000000000005
5.187099999999999 -5.044
5.197100000000001 -4.8870000000000005
5.207099999999999 -4.725
5.2171 -4.555
5.227099999999998 -4.38
5.2371 -4.206
5.247099999999998 -4.0280000000000005
5.257099999999999 -3.849
5.267100000000001 -3.6719999999999997
5.277099999999999 -3.493
5.287100000000001 -3.3200000000000003
5.297099999999999 -3.1500000000000004
5.3071 -2.981
5.317099999999998 -2.8179999999999996
5.3271 -2.661
5.337099999999998 -2.508
5.347099999999999 -2.3600000000000003
5.357100000000001 -2.218
5.367099999999999 -2.083
5.3771 -1.952
5.3870999999999984 -1.8269999999999997
5.3971 -1.7060000000000002
5.407099999999998 -1.591
5.4171 -1.4809999999999999
5.427099999999998 -1.376
5.437099999999999 -1.277
5.447100000000001 -1.1800000000000002
5.457099999999999 -1.0899999999999999
5.4671 -1.004
5.477099999999998 -0.922
5.4871 -0.8420000000000001
5.497099999999998 -0.769
5.507099999999999 -0.7
5.517100000000001 -0.634
5.527099999999999 -0.5743
5.537100000000001 -0.5179
5.547099999999999 -0.4655
5.5571 -0.4166000000000001
5.567099999999998 -0.37170000000000003
5.5771 -0.33049999999999996
5.587099999999998 -0.2925
5.597099999999999 -0.2579
5.607100000000001 -0.22619999999999998
5.617099999999999 -0.1976
5.6271 -0.1716
5.6370999999999984 -0.1484
5.6471 -0.1273
5.657099999999998 -0.1088
5.6671 -0.0922
5.677099999999998 -0.0776
5.687099999999999 -0.0649
5.697100000000001 -0.05383
5.707099999999999 -0.04431
5.7171 -0.03617
5.727099999999998 -0.02929
5.7371 -0.0235
5.747099999999998 -0.01869
5.757099999999999 -0.01475
5.767100000000001 -0.01152
5.777099999999999 -0.00891
5.787100000000001 -0.006829999999999999
5.797099999999999 -0.005185
5.8071 -0.003896
5.817099999999998 -0.0029010000000000004
5.8271 -0.002138
5.837099999999998 -0.001559
5.847099999999999 -0.001126
5.857100000000001 -0.000804
5.867099999999999 -0.0005687
5.8771 -0.0003987
5.8870999999999984 -0.0002763
5.8971 -0.0001895
5.907099999999998 -0.00012859999999999998
5.9171 -8.629999999999998e-05
5.927099999999998 -5.7339999999999996e-05
5.937099999999999 -3.776e-05
5.947100000000001 -2.4560000000000002e-05
5.957099999999999 -1.583e-05
