-22.402900000000002 1.4049999999999998e-05
-22.3929 9.970000000000001e-06
-22.3829 6.999999999999999e-06
-22.3729 4.87e-06
-22.362900000000003 3.354e-06
-22.352899999999998 2.286e-06
-22.3429 1.544e-06
-22.332900000000002 1.031e-06
-22.3229 6.82e-07
-22.3129 4.468e-07
-22.3029 2.897e-07
-22.292900000000003 1.8590000000000004e-07
-22.2829 1.1820000000000001e-07
-22.2729 7.439999999999999e-08
-22.262900000000002 4.629e-08
-22.2529 2.8540000000000003e-08
-22.2429 1.742e-08
-22.2329 1.0510000000000001e-08
-22.222900000000003 6.29e-09
-22.2129 3.725e-09
-22.2029 2.183e-09
-22.1929 1.266e-09
-22.1829 7.27e-10
-22.1729 4.133e-10
-22.1629 2.3249999999999997e-10
-22.152900000000002 1.295e-10
-22.1429 7.120000000000001e-11
-22.1329 3.893e-11
-22.1229 2.1040000000000002e-11
-22.112900000000003 1.1240000000000001e-11
-22.102899999999998 5.949000000000001e-12
-22.0929 3.1120000000000005e-12
-22.082900000000002 1.612e-12
-22.0729 8.26e-13
-22.0629 4.174e-13
-22.0529 2.0779999999999998e-13
-22.042900000000003 1.022e-13
-22.0329 4.881e-14
-22.0229 2.18e-14
-22.012900000000002 9.39e-15
-22.0029 3.974e-15
-21.9929 1.321e-15
-21.9829 3.761e-16
-21.972900000000003 3.065e-17
-21.9629 0.0
-21.9529 0.0
-21.9429 0.0
-21.9329 0.0
-21.9229 0.0
-21.9129 0.0
-21.902900000000002 0.0
-21.8929 0.0
-21.8829 0.0
-21.8729 0.0
-21.862900000000003 0.0
-21.852899999999998 0.0
-21.8429 0.0
-21.832900000000002 0.0
-21.8229 0.0
-21.8129 0.0
-21.8029 0.0
-21.792900000000003 0.0
-21.7829 0.0
-21.7729 0.0
-21.762900000000002 0.0
-21.7529 0.0
-21.7429 0.0
-21.7329 0.0
-21.722900000000003 0.0
-21.7129 0.0
-21.7029 0.0
-21.6929 0.0
-21.6829 0.0
-21.6729 0.0
-21.6629 0.0
-21.652900000000002 0.0
-21.6429 0.0
-21.6329 0.0
-21.6229 0.0
-21.612900000000003 0.0
-21.602899999999998 0.0
-21.5929 0.0
-21.582900000000002 0.0
-21.5729 0.0
-21.5629 0.0
-21.5529 0.0
-21.542900000000003 0.0
-21.5329 0.0
-21.5229 0.0
-21.512900000000002 0.0
-21.5029 0.0
-21.4929 0.0
-21.4829 0.0
-21.472900000000003 0.0
-21.4629 0.0
-21.4529 0.0
-21.4429 0.0
-21.4329 0.0
-21.4229 0.0
-21.4129 0.0
-21.402900000000002 0.0
-21.3929 0.0
-21.3829 0.0
-21.3729 0.0
-21.362900000000003 0.0
-21.352899999999998 0.0
-21.3429 0.0
-21.332900000000002 0.0
-21.3229 0.0
-21.3129 0.0
-21.3029 0.0
-21.292900000000003 0.0
-21.2829 0.0
-21.2729 0.0
-21.262900000000002 0.0
-21.2529 0.0
-21.2429 0.0
-21.2329 0.0
-21.222900000000003 0.0
-21.2129 0.0
-21.2029 0.0
-21.1929 0.0
-21.1829 0.0
-21.1729 0.0
-21.1629 0.0
-21.152900000000002 0.0
-21.1429 0.0
-21.1329 0.0
-21.1229 0.0
-21.112900000000003 0.0
-21.102899999999998 0.0
-21.0929 0.0
-21.082900000000002 0.0
-21.0729 0.0
-21.0629 0.0
-21.0529 0.0
-21.042900000000003 0.0
-21.0329 0.0
-21.0229 0.0
-21.012900000000002 0.0
-21.0029 0.0
-20.9929 0.0
-20.9829 0.0
-20.972900000000003 0.0
-20.9629 0.0
-20.9529 0.0
-20.9429 0.0
-20.9329 0.0
-20.9229 0.0
-20.9129 0.0
-20.902900000000002 0.0
-20.8929 0.0
-20.8829 0.0
-20.8729 0.0
-20.862900000000003 0.0
-20.852899999999998 0.0
-20.8429 0.0
-20.832900000000002 0.0
-20.8229 0.0
-20.8129 0.0
-20.8029 0.0
-20.792900000000003 0.0
-20.7829 0.0
-20.7729 0.0
-20.762900000000002 0.0
-20.7529 0.0
-20.7429 0.0
-20.7329 0.0
-20.722900000000003 0.0
-20.7129 0.0
-20.7029 0.0
-20.6929 0.0
-20.6829 0.0
-20.6729 0.0
-20.6629 0.0
-20.652900000000002 0.0
-20.6429 0.0
-20.6329 0.0
-20.6229 0.0
-20.612900000000003 0.0
-20.602899999999998 0.0
-20.5929 0.0
-20.582900000000002 0.0
-20.5729 0.0
-20.5629 0.0
-20.5529 0.0
-20.542900000000003 0.0
-20.5329 0.0
-20.5229 0.0
-20.512900000000002 0.0
-20.5029 0.0
-20.4929 0.0
-20.4829 0.0
-20.472900000000003 0.0
-20.4629 0.0
-20.4529 0.0
-20.4429 0.0
-20.4329 0.0
-20.4229 0.0
-20.4129 0.0
-20.402900000000002 0.0
-20.3929 0.0
-20.3829 0.0
-20.3729 0.0
-20.3629 0.0
-20.3529 0.0
-20.3429 0.0
-20.332900000000002 0.0
-20.3229 0.0
-20.3129 0.0
-20.3029 0.0
-20.2929 0.0
-20.2829 0.0
-20.2729 0.0
-20.262900000000002 2.021e-14
-20.2529 4.244e-14
-20.2429 8.82e-14
-20.2329 2.286e-13
-20.222900000000003 4.675e-13
-20.2129 9.46e-13
-20.2029 1.893e-12
-20.1929 3.752e-12
-20.1829 7.35e-12
-20.1729 1.4260000000000001e-11
-20.1629 2.748e-11
-20.152900000000002 5.225e-11
-20.1429 9.830000000000001e-11
-20.1329 1.8300000000000001e-10
-20.1229 3.368e-10
-20.1129 6.13e-10
-20.1029 1.106e-09
-20.0929 1.971e-09
-20.082900000000002 3.478e-09
-20.0729 6.070000000000001e-09
-20.0629 1.0500000000000001e-08
-20.0529 1.796e-08
-20.0429 3.0399999999999994e-08
-20.0329 5.093e-08
-20.0229 8.46e-08
-20.012900000000002 1.386e-07
-20.0029 2.252e-07
-19.9929 3.6179999999999997e-07
-19.9829 5.758000000000001e-07
-19.972900000000003 9.07e-07
-19.9629 1.414e-06
-19.9529 2.183e-06
-19.9429 3.336e-06
-19.9329 5.051e-06
-19.9229 7.5699999999999995e-06
-19.9129 1.1230000000000001e-05
-19.902900000000002 1.651e-05
-19.8929 2.3990000000000002e-05
-19.8829 3.46e-05
-19.8729 4.939e-05
-19.8629 6.98e-05
-19.8529 9.78e-05
-19.8429 0.00013580000000000002
-19.832900000000002 0.0001868
-19.8229 0.00025469999999999996
-19.8129 0.00034399999999999996
-19.8029 0.00046049999999999997
-19.7929 0.000611
-19.7829 0.000805
-19.7729 0.00105
-19.762900000000002 0.001359
-19.7529 0.0017449999999999998
-19.7429 0.002223
-19.7329 0.0028069999999999996
-19.722900000000003 0.003516
-19.7129 0.004372
-19.7029 0.005394
-19.6929 0.00661
-19.6829 0.00803
-19.6729 0.00967
-19.6629 0.01158
-19.652900000000002 0.01376
-19.6429 0.016220000000000002
-19.6329 0.01899
-19.6229 0.02206
-19.6129 0.02543
-19.6029 0.02913
-19.5929 0.033100000000000004
-19.582900000000002 0.03736
-19.5729 0.04187
-19.5629 0.04656
-19.5529 0.05144
-19.5429 0.05643999999999999
-19.5329 0.061399999999999996
-19.5229 0.06659999999999999
-19.512900000000002 0.0716
-19.5029 0.07660000000000002
-19.4929 0.0814
-19.4829 0.086
-19.472900000000003 0.09040000000000001
-19.4629 0.0945
-19.4529 0.0984
-19.4429 0.102
-19.4329 0.1056
-19.4229 0.1089
-19.4129 0.11209999999999999
-19.402900000000002 0.11499999999999999
-19.3929 0.118
-19.3829 0.121
-19.3729 0.1241
-19.3629 0.1271
-19.3529 0.13029999999999997
-19.3429 0.1335
-19.332900000000002 0.1368
-19.3229 0.1402
-19.3129 0.14379999999999998
-19.3029 0.1474
-19.2929 0.15100000000000002
-19.2829 0.1545
-19.2729 0.1578
-19.262900000000002 0.1609
-19.2529 0.1639
-19.2429 0.16649999999999998
-19.2329 0.1688
-19.222900000000003 0.1706
-19.2129 0.17220000000000002
-19.2029 0.1732
-19.1929 0.1739
-19.1829 0.1743
-19.1729 0.1742
-19.1629 0.1739
-19.152900000000002 0.17339999999999997
-19.1429 0.17250000000000001
-19.1329 0.1718
-19.1229 0.171
-19.1129 0.1704
-19.1029 0.1698
-19.0929 0.1696
-19.082900000000002 0.1695
-19.0729 0.1699
-19.0629 0.1706
-19.0529 0.1718
-19.0429 0.1736
-19.0329 0.1758
-19.0229 0.17859999999999998
-19.012900000000002 0.18169999999999997
-19.0029 0.1852
-18.9929 0.189
-18.9829 0.193
-18.972900000000003 0.1971
-18.9629 0.2015
-18.9529 0.2058
-18.9429 0.20989999999999998
-18.9329 0.21379999999999996
-18.9229 0.21739999999999998
-18.9129 0.22060000000000002
-18.902900000000002 0.22340000000000002
-18.8929 0.2258
-18.8829 0.22769999999999999
-18.8729 0.22890000000000002
-18.8629 0.22970000000000002
-18.8529 0.2303
-18.8429 0.2302
-18.832900000000002 0.2297
-18.8229 0.2291
-18.8129 0.22790000000000002
-18.8029 0.2265
-18.7929 0.2249
-18.7829 0.2233
-18.7729 0.2214
-18.762900000000002 0.21960000000000002
-18.7529 0.21810000000000002
-18.7429 0.21630000000000002
-18.7329 0.2147
-18.722900000000003 0.2133
-18.7129 0.2119
-18.7029 0.2107
-18.6929 0.20950000000000002
-18.6829 0.2085
-18.6729 0.20779999999999998
-18.6629 0.2069
-18.652900000000002 0.2061
-18.6429 0.20520000000000002
-18.6329 0.20440000000000003
-18.6229 0.2037
-18.6129 0.20270000000000002
-18.6029 0.2016
-18.5929 0.2006
-18.582900000000002 0.19929999999999998
-18.5729 0.198
-18.5629 0.1964
-18.5529 0.1946
-18.5429 0.1928
-18.5329 0.1908
-18.5229 0.1885
-18.512900000000002 0.1862
-18.5029 0.18380000000000002
-18.4929 0.1813
-18.4829 0.17859999999999998
-18.472900000000003 0.176
-18.4629 0.17319999999999997
-18.4529 0.17049999999999998
-18.4429 0.1678
-18.4329 0.1649
-18.4229 0.16219999999999996
-18.4129 0.1596
-18.402900000000002 0.1569
-18.3929 0.1543
-18.3829 0.1518
-18.3729 0.1494
-18.3629 0.1472
-18.3529 0.145
-18.3429 0.1427
-18.332900000000002 0.1408
-18.3229 0.1385
-18.3129 0.1366
-18.3029 0.1346
-18.2929 0.1324
-18.2829 0.1303
-18.2729 0.1281
-18.262900000000002 0.12569999999999998
-18.2529 0.1233
-18.2429 0.1207
-18.2329 0.11800000000000001
-18.222900000000003 0.11510000000000001
-18.2129 0.1124
-18.2029 0.10949999999999999
-18.1929 0.1066
-18.1829 0.10370000000000001
-18.1729 0.1008
-18.1629 0.0982
-18.152900000000002 0.0955
-18.1429 0.0933
-18.1329 0.0914
-18.1229 0.08960000000000001
-18.1129 0.0883
-18.1029 0.08709999999999998
-18.0929 0.08650000000000001
-18.082900000000002 0.08620000000000001
-18.0729 0.08620000000000001
-18.0629 0.0867
-18.0529 0.08760000000000001
-18.0429 0.08860000000000001
-18.0329 0.0901
-18.0229 0.0918
-18.012900000000002 0.09380000000000001
-18.0029 0.09609999999999999
-17.9929 0.09840000000000002
-17.9829 0.10099999999999999
-17.972900000000003 0.1036
-17.9629 0.10629999999999999
-17.9529 0.10880000000000001
-17.9429 0.11140000000000001
-17.9329 0.11410000000000001
-17.9229 0.1163
-17.9129 0.1185
-17.902900000000002 0.1204
-17.8929 0.12200000000000003
-17.8829 0.1235
-17.8729 0.12459999999999999
-17.8629 0.1254
-17.8529 0.1257
-17.8429 0.1258
-17.832900000000002 0.12530000000000002
-17.8229 0.12469999999999999
-17.8129 0.12380000000000001
-17.8029 0.12249999999999998
-17.7929 0.12109999999999999
-17.7829 0.11949999999999998
-17.7729 0.1176
-17.762900000000002 0.1159
-17.7529 0.11399999999999999
-17.7429 0.1121
-17.7329 0.11029999999999998
-17.722900000000003 0.1088
-17.7129 0.10729999999999999
-17.7029 0.1063
-17.6929 0.1054
-17.6829 0.1049
-17.6729 0.1046
-17.6629 0.1047
-17.652900000000002 0.10500000000000001
-17.6429 0.1054
-17.6329 0.1061
-17.6229 0.10699999999999998
-17.6129 0.10759999999999999
-17.6029 0.10849999999999999
-17.5929 0.10919999999999999
-17.582900000000002 0.1096
-17.5729 0.1099
-17.5629 0.1098
-17.5529 0.10950000000000001
-17.5429 0.10869999999999999
-17.5329 0.10729999999999999
-17.5229 0.1058
-17.512900000000002 0.104
-17.5029 0.10149999999999999
-17.4929 0.09859999999999998
-17.4829 0.0956
-17.472900000000003 0.09232
-17.4629 0.08864
-17.4529 0.08464
-17.4429 0.08052
-17.4329 0.07622000000000001
-17.4229 0.07182
-17.4129 0.06744
-17.402900000000002 0.06281
-17.3929 0.05832999999999999
-17.3829 0.05391
-17.3729 0.049460000000000004
-17.3629 0.045189999999999994
-17.3529 0.04099
-17.3429 0.036930000000000004
-17.332900000000002 0.03309
-17.3229 0.029419999999999998
-17.3129 0.02599
-17.3029 0.02278
-17.2929 0.01982
-17.2829 0.017099999999999997
-17.2729 0.01464
-17.262900000000002 0.012427
-17.2529 0.010461999999999999
-17.2429 0.008731000000000001
-17.2329 0.007209
-17.222900000000003 0.0059099999999999995
-17.2129 0.004809
-17.2029 0.003854
-17.1929 0.003074
-17.1829 0.002427
-17.1729 0.001895
-17.1629 0.001468
-17.152900000000002 0.0011251
-17.1429 0.0008536
-17.1329 0.0006405
-17.1229 0.0004761
-17.1129 0.00035079999999999996
-17.1029 0.0002558
-17.0929 0.00018449999999999999
-17.082900000000002 0.00013181
-17.0729 9.311000000000001e-05
-17.0629 6.514e-05
-17.0529 4.51e-05
-17.0429 3.091e-05
-17.0329 2.0969999999999997e-05
-17.0229 1.4078e-05
-17.012900000000002 9.351e-06
-17.0029 6.144000000000001e-06
-16.9929 4.001e-06
-16.9829 2.577e-06
-16.972900000000003 1.642e-06
-16.9629 1.0363000000000001e-06
-16.9529 6.473e-07
-16.9429 3.989e-07
-16.9329 2.44e-07
-16.9229 1.4769999999999998e-07
-16.9129 8.831e-08
-16.902900000000002 5.2379999999999997e-08
-16.8929 3.072e-08
-16.8829 1.7829999999999998e-08
-16.8729 1.0227000000000001e-08
-16.8629 5.815e-09
-16.8529 3.268e-09
-16.8429 1.819e-09
-16.832900000000002 1.0016e-09
-16.8229 5.456000000000001e-10
-16.8129 2.9420000000000003e-10
-16.8029 1.569e-10
-16.7929 8.287e-11
-16.7829 4.337e-11
-16.7729 2.24e-11
-16.762900000000002 1.1468000000000001e-11
-16.7529 5.803e-12
-16.7429 2.911e-12
-16.7329 1.4396e-12
-16.722900000000003 6.937000000000001e-13
-16.7129 3.122e-13
-16.7029 1.2714e-13
-16.6929 3.482e-14
-16.6829 1.1732999999999999e-14
-16.6729 3.6859999999999995e-15
-16.6629 6.897e-16
-16.652900000000002 1.4430999999999998e-22
-16.6429 0.0
-16.6329 0.0
-16.6229 0.0
-16.6129 0.0
-16.6029 0.0
-16.5929 0.0
-16.582900000000002 0.0
-16.5729 0.0
-16.5629 0.0
-16.5529 0.0
-16.5429 0.0
-16.5329 0.0
-16.5229 0.0
-16.512900000000002 0.0
-16.5029 0.0
-16.4929 0.0
-16.4829 0.0
-16.472900000000003 0.0
-16.4629 0.0
-16.4529 0.0
-16.4429 0.0
-16.4329 0.0
-16.4229 0.0
-16.4129 0.0
-16.402900000000002 0.0
-16.3929 0.0
-16.3829 0.0
-16.3729 0.0
-16.3629 0.0
-16.3529 0.0
-16.3429 0.0
-16.332900000000002 0.0
-16.3229 0.0
-16.3129 0.0
-16.3029 0.0
-16.2929 0.0
-16.2829 0.0
-16.2729 0.0
-16.262900000000002 0.0
-16.2529 0.0
-16.2429 0.0
-16.2329 0.0
-16.2229 0.0
-16.2129 0.0
-16.2029 0.0
-16.1929 0.0
-16.1829 0.0
-16.172900000000002 0.0
-16.1629 0.0
-16.152900000000002 0.0
-16.1429 0.0
-16.1329 0.0
-16.1229 0.0
-16.1129 0.0
-16.1029 0.0
-16.0929 0.0
-16.082900000000002 0.0
-16.0729 0.0
-16.0629 0.0
-16.0529 0.0
-16.0429 0.0
-16.0329 0.0
-16.0229 0.0
-16.012900000000002 0.0
-16.0029 0.0
-15.9929 0.0
-15.9829 0.0
-15.972900000000001 0.0
-15.962900000000001 0.0
-15.9529 0.0
-15.942900000000002 0.0
-15.9329 0.0
-15.9229 0.0
-15.9129 0.0
-15.9029 0.0
-15.892900000000001 0.0
-15.882900000000001 0.0
-15.872900000000001 0.0
-15.8629 0.0
-15.852900000000002 0.0
-15.8429 0.0
-15.8329 0.0
-15.8229 0.0
-15.8129 0.0
-15.802900000000001 0.0
-15.792900000000001 0.0
-15.782900000000001 0.0
-15.7729 0.0
-15.7629 0.0
-15.7529 0.0
-15.7429 0.0
-15.7329 0.0
-15.722900000000001 0.0
-15.712900000000001 0.0
-15.7029 0.0
-15.692900000000002 0.0
-15.6829 0.0
-15.6729 0.0
-15.6629 0.0
-15.6529 0.0
-15.642900000000001 0.0
-15.632900000000001 0.0
-15.622900000000001 0.0
-15.6129 0.0
-15.602900000000002 0.0
-15.5929 0.0
-15.5829 0.0
-15.5729 0.0
-15.5629 0.0
-15.552900000000001 0.0
-15.542900000000001 0.0
-15.532900000000001 0.0
-15.5229 0.0
-15.5129 0.0
-15.5029 0.0
-15.4929 0.0
-15.4829 0.0
-15.472900000000001 0.0
-15.462900000000001 0.0
-15.4529 0.0
-15.442900000000002 0.0
-15.4329 0.0
-15.4229 0.0
-15.4129 0.0
-15.4029 0.0
-15.392900000000001 0.0
-15.382900000000001 0.0
-15.372900000000001 0.0
-15.3629 0.0
-15.352900000000002 0.0
-15.3429 0.0
-15.3329 0.0
-15.3229 0.0
-15.3129 0.0
-15.302900000000001 0.0
-15.292900000000001 0.0
-15.282900000000001 0.0
-15.2729 0.0
-15.2629 0.0
-15.2529 0.0
-15.2429 0.0
-15.2329 0.0
-15.222900000000001 0.0
-15.212900000000001 0.0
-15.2029 0.0
-15.192900000000002 0.0
-15.1829 0.0
-15.1729 0.0
-15.1629 0.0
-15.1529 0.0
-15.142900000000001 0.0
-15.132900000000001 0.0
-15.122900000000001 0.0
-15.1129 0.0
-15.102900000000002 0.0
-15.0929 0.0
-15.0829 0.0
-15.0729 0.0
-15.0629 0.0
-15.052900000000001 0.0
-15.042900000000001 0.0
-15.032900000000001 0.0
-15.0229 0.0
-15.0129 0.0
-15.0029 0.0
-14.9929 0.0
-14.9829 0.0
-14.972900000000001 0.0
-14.962900000000001 0.0
-14.9529 0.0
-14.942900000000002 0.0
-14.9329 0.0
-14.9229 0.0
-14.9129 0.0
-14.9029 0.0
-14.892900000000001 0.0
-14.882900000000001 0.0
-14.872900000000001 0.0
-14.8629 0.0
-14.852900000000002 0.0
-14.8429 0.0
-14.8329 0.0
-14.8229 0.0
-14.8129 0.0
-14.802900000000001 0.0
-14.792900000000001 0.0
-14.782900000000001 0.0
-14.7729 0.0
-14.7629 0.0
-14.7529 0.0
-14.7429 0.0
-14.7329 0.0
-14.722900000000001 0.0
-14.712900000000001 0.0
-14.7029 0.0
-14.692900000000002 0.0
-14.6829 0.0
-14.6729 0.0
-14.6629 0.0
-14.6529 0.0
-14.642900000000001 0.0
-14.632900000000001 0.0
-14.622900000000001 0.0
-14.6129 0.0
-14.602900000000002 0.0
-14.5929 0.0
-14.5829 0.0
-14.5729 0.0
-14.5629 0.0
-14.552900000000001 0.0
-14.542900000000001 0.0
-14.532900000000001 0.0
-14.5229 0.0
-14.5129 0.0
-14.5029 0.0
-14.4929 0.0
-14.4829 0.0
-14.472900000000001 0.0
-14.462900000000001 0.0
-14.4529 0.0
-14.442900000000002 0.0
-14.4329 0.0
-14.4229 0.0
-14.4129 0.0
-14.4029 0.0
-14.392900000000001 0.0
-14.382900000000001 0.0
-14.372900000000001 0.0
-14.3629 0.0
-14.3529 0.0
-14.3429 0.0
-14.3329 0.0
-14.3229 0.0
-14.3129 0.0
-14.302900000000001 0.0
-14.292900000000001 0.0
-14.282900000000001 0.0
-14.2729 0.0
-14.2629 0.0
-14.2529 0.0
-14.2429 0.0
-14.2329 0.0
-14.222900000000001 0.0
-14.212900000000001 0.0
-14.202900000000001 0.0
-14.192900000000002 0.0
-14.1829 0.0
-14.1729 0.0
-14.1629 0.0
-14.1529 0.0
-14.142900000000001 0.0
-14.132900000000001 0.0
-14.122900000000001 0.0
-14.1129 0.0
-14.1029 0.0
-14.0929 0.0
-14.0829 0.0
-14.0729 0.0
-14.0629 0.0
-14.052900000000001 0.0
-14.042900000000001 0.0
-14.032900000000001 0.0
-14.0229 0.0
-14.0129 0.0
-14.0029 0.0
-13.9929 0.0
-13.9829 0.0
-13.972900000000001 0.0
-13.962900000000001 0.0
-13.952900000000001 0.0
-13.942900000000002 0.0
-13.9329 0.0
-13.9229 0.0
-13.9129 0.0
-13.9029 0.0
-13.892900000000001 0.0
-13.882900000000001 0.0
-13.872900000000001 0.0
-13.8629 0.0
-13.8529 0.0
-13.8429 0.0
-13.8329 0.0
-13.8229 0.0
-13.8129 0.0
-13.802900000000001 0.0
-13.792900000000001 0.0
-13.782900000000001 0.0
-13.7729 0.0
-13.7629 0.0
-13.7529 0.0
-13.7429 0.0
-13.7329 0.0
-13.722900000000001 0.0
-13.712900000000001 0.0
-13.702900000000001 0.0
-13.692900000000002 0.0
-13.6829 0.0
-13.6729 0.0
-13.6629 0.0
-13.6529 0.0
-13.642900000000001 0.0
-13.632900000000001 0.0
-13.622900000000001 0.0
-13.6129 0.0
-13.6029 0.0
-13.5929 0.0
-13.5829 0.0
-13.5729 0.0
-13.5629 0.0
-13.552900000000001 0.0
-13.542900000000001 0.0
-13.532900000000001 0.0
-13.5229 0.0
-13.5129 0.0
-13.5029 0.0
-13.4929 0.0
-13.4829 0.0
-13.472900000000001 0.0
-13.462900000000001 0.0
-13.452900000000001 0.0
-13.442900000000002 0.0
-13.4329 0.0
-13.4229 0.0
-13.4129 0.0
-13.4029 0.0
-13.392900000000001 0.0
-13.382900000000001 0.0
-13.372900000000001 0.0
-13.3629 0.0
-13.3529 0.0
-13.3429 0.0
-13.3329 0.0
-13.3229 0.0
-13.3129 0.0
-13.302900000000001 0.0
-13.292900000000001 0.0
-13.282900000000001 0.0
-13.2729 0.0
-13.2629 0.0
-13.2529 0.0
-13.2429 0.0
-13.2329 0.0
-13.222900000000001 0.0
-13.212900000000001 0.0
-13.202900000000001 0.0
-13.192900000000002 0.0
-13.1829 0.0
-13.1729 0.0
-13.1629 0.0
-13.1529 0.0
-13.142900000000001 0.0
-13.132900000000001 0.0
-13.122900000000001 0.0
-13.1129 0.0
-13.1029 0.0
-13.0929 0.0
-13.0829 0.0
-13.0729 0.0
-13.0629 0.0
-13.052900000000001 0.0
-13.042900000000001 0.0
-13.032900000000001 0.0
-13.0229 0.0
-13.0129 0.0
-13.0029 0.0
-12.9929 0.0
-12.9829 0.0
-12.972900000000001 0.0
-12.962900000000001 0.0
-12.952900000000001 0.0
-12.942900000000002 0.0
-12.9329 0.0
-12.9229 0.0
-12.9129 0.0
-12.9029 0.0
-12.892900000000001 0.0
-12.882900000000001 0.0
-12.872900000000001 0.0
-12.862900000000002 0.0
-12.8529 0.0
-12.8429 0.0
-12.8329 0.0
-12.8229 0.0
-12.8129 0.0
-12.802900000000001 0.0
-12.792900000000001 0.0
-12.782900000000001 0.0
-12.7729 0.0
-12.7629 0.0
-12.7529 0.0
-12.7429 0.0
-12.7329 0.0
-12.722900000000001 0.0
-12.712900000000001 0.0
-12.702900000000001 0.0
-12.6929 0.0
-12.6829 0.0
-12.6729 0.0
-12.6629 0.0
-12.6529 0.0
-12.642900000000001 0.0
-12.632900000000001 0.0
-12.622900000000001 0.0
-12.612900000000002 0.0
-12.6029 0.0
-12.5929 0.0
-12.5829 0.0
-12.5729 0.0
-12.5629 0.0
-12.552900000000001 0.0
-12.542900000000001 0.0
-12.532900000000001 0.0
-12.5229 0.0
-12.5129 0.0
-12.5029 0.0
-12.4929 0.0
-12.4829 0.0
-12.472900000000001 0.0
-12.462900000000001 0.0
-12.452900000000001 0.0
-12.4429 0.0
-12.4329 0.0
-12.4229 0.0
-12.4129 0.0
-12.4029 0.0
-12.392900000000001 0.0
-12.382900000000001 0.0
-12.372900000000001 0.0
-12.362900000000002 0.0
-12.3529 0.0
-12.3429 0.0
-12.3329 0.0
-12.3229 0.0
-12.3129 0.0
-12.302900000000001 0.0
-12.292900000000001 0.0
-12.282900000000001 0.0
-12.2729 0.0
-12.2629 0.0
-12.2529 0.0
-12.2429 0.0
-12.2329 0.0
-12.222900000000001 0.0
-12.212900000000001 0.0
-12.202900000000001 0.0
-12.1929 0.0
-12.1829 0.0
-12.1729 0.0
-12.1629 0.0
-12.1529 0.0
-12.142900000000001 0.0
-12.132900000000001 0.0
-12.122900000000001 0.0
-12.112900000000002 0.0
-12.1029 0.0
-12.0929 0.0
-12.0829 0.0
-12.0729 0.0
-12.0629 0.0
-12.052900000000001 0.0
-12.042900000000001 0.0
-12.032900000000001 0.0
-12.0229 0.0
-12.0129 0.0
-12.0029 0.0
-11.9929 0.0
-11.9829 0.0
-11.972900000000001 0.0
-11.962900000000001 0.0
-11.952900000000001 0.0
-11.9429 0.0
-11.9329 0.0
-11.9229 0.0
-11.9129 0.0
-11.9029 0.0
-11.892900000000001 0.0
-11.882900000000001 0.0
-11.872900000000001 0.0
-11.8629 0.0
-11.8529 0.0
-11.8429 0.0
-11.8329 0.0
-11.8229 0.0
-11.8129 0.0
-11.802900000000001 0.0
-11.792900000000001 0.0
-11.782900000000001 0.0
-11.7729 0.0
-11.7629 0.0
-11.7529 0.0
-11.7429 0.0
-11.7329 0.0
-11.722900000000001 0.0
-11.712900000000001 0.0
-11.702900000000001 0.0
-11.692900000000002 0.0
-11.6829 0.0
-11.6729 0.0
-11.6629 0.0
-11.6529 0.0
-11.642900000000001 0.0
-11.632900000000001 0.0
-11.622900000000001 0.0
-11.6129 0.0
-11.6029 0.0
-11.5929 0.0
-11.5829 0.0
-11.5729 0.0
-11.5629 0.0
-11.552900000000001 0.0
-11.542900000000001 0.0
-11.532900000000001 0.0
-11.5229 0.0
-11.5129 0.0
-11.5029 0.0
-11.4929 0.0
-11.4829 0.0
-11.472900000000001 0.0
-11.462900000000001 0.0
-11.452900000000001 0.0
-11.442900000000002 0.0
-11.4329 0.0
-11.4229 3.7490000000000005e-13
-11.4129 7.85e-13
-11.4029 2.1550000000000004e-12
-11.392900000000001 4.451e-12
-11.382900000000001 9.990000000000001e-12
-11.372900000000001 2.0829999999999997e-11
-11.3629 4.246e-11
-11.3529 8.45e-11
-11.3429 1.6629999999999998e-10
-11.3329 3.2490000000000004e-10
-11.3229 6.29e-10
-11.3129 1.2029999999999999e-09
-11.302900000000001 2.2749999999999997e-09
-11.292900000000001 4.260000000000001e-09
-11.282900000000001 7.89e-09
-11.2729 1.448e-08
-11.2629 2.6269999999999996e-08
-11.2529 4.716e-08
-11.2429 8.38e-08
-11.2329 1.4750000000000002e-07
-11.222900000000001 2.5679999999999997e-07
-11.212900000000001 4.428e-07
-11.202900000000001 7.55e-07
-11.192900000000002 1.276e-06
-11.1829 2.135e-06
-11.1729 3.537e-06
-11.1629 5.7999999999999995e-06
-11.1529 9.410000000000001e-06
-11.142900000000001 1.5129999999999999e-05
-11.132900000000001 2.411e-05
-11.122900000000001 3.798e-05
-11.1129 5.926e-05
-11.1029 9.16e-05
-11.0929 0.0001403
-11.0829 0.00021279999999999997
-11.0729 0.0003197
-11.0629 0.00047559999999999996
-11.052900000000001 0.000701
-11.042900000000001 0.001023
-11.032900000000001 0.0014810000000000001
-11.0229 0.002125
-11.0129 0.0030199999999999997
-11.0029 0.004253
-10.9929 0.005935
-10.9829 0.00823
-10.972900000000001 0.01127
-10.962900000000001 0.01534
-10.952900000000001 0.020669999999999997
-10.942900000000002 0.02764
-10.9329 0.03667
-10.9229 0.048229999999999995
-10.9129 0.0628
-10.9029 0.0814
-10.892900000000001 0.1044
-10.882900000000001 0.133
-10.872900000000001 0.1681
-10.8629 0.21050000000000002
-10.8529 0.262
-10.8429 0.32309999999999994
-10.8329 0.3956
-10.8229 0.48069999999999996
-10.8129 0.5796
-10.802900000000001 0.6920000000000001
-10.792900000000001 0.8230000000000001
-10.782900000000001 0.9710000000000001
-10.7729 1.133
-10.7629 1.315
-10.7529 1.513
-10.7429 1.7289999999999999
-10.7329 1.958
-10.722900000000001 2.2009999999999996
-10.712900000000001 2.4579999999999997
-10.702900000000001 2.721
-10.692900000000002 2.9909999999999997
-10.6829 3.2620000000000005
-10.6729 3.5309999999999997
-10.6629 3.795
-10.6529 4.049
-10.642900000000001 4.289
-10.632900000000001 4.51
-10.622900000000001 4.713
-10.6129 4.8919999999999995
-10.6029 5.045
-10.5929 5.170999999999999
-10.5829 5.271
-10.5729 5.344
-10.5629 5.390000000000001
-10.552900000000001 5.411999999999999
-10.542900000000001 5.411999999999999
-10.532900000000001 5.391
-10.5229 5.354
-10.5129 5.301
-10.5029 5.234999999999999
-10.4929 5.161
-10.4829 5.083
-10.472900000000001 4.997999999999999
-10.462900000000001 4.911
-10.452900000000001 4.825
-10.442900000000002 4.738
-10.4329 4.652
-10.4229 4.569
-10.4129 4.486
-10.4029 4.404999999999999
-10.392900000000001 4.327
-10.382900000000001 4.249
-10.372900000000001 4.171
-10.3629 4.093
-10.352900000000002 4.015000000000001
-10.3429 3.9370000000000003
-10.3329 3.8569999999999998
-10.3229 3.778
-10.3129 3.699
-10.302900000000001 3.621
-10.292900000000001 3.5439999999999996
-10.282900000000001 3.468
-10.2729 3.3949999999999996
-10.2629 3.3270000000000004
-10.2529 3.2630000000000003
-10.2429 3.204
-10.2329 3.152
-10.222900000000001 3.1050000000000004
-10.212900000000001 3.066
-10.2029 3.036
-10.192900000000002 3.0100000000000002
-10.1829 2.993
-10.1729 2.9819999999999998
-10.1629 2.979
-10.1529 2.98
-10.142900000000001 2.9859999999999998
-10.132900000000001 2.998
-10.122900000000001 3.012
-10.1129 3.0250000000000004
-10.102900000000002 3.0380000000000003
-10.0929 3.0500000000000003
-10.0829 3.0580000000000003
-10.0729 3.061
-10.0629 3.058
-10.052900000000001 3.047
-10.042900000000001 3.026
-10.032900000000001 2.9979999999999998
-10.0229 2.96
-10.0129 2.91
-10.0029 2.85
-9.9929 2.782
-9.9829 2.705
-9.972900000000001 2.62
-9.962900000000001 2.53
-9.9529 2.4349999999999996
-9.942900000000002 2.337
-9.9329 2.2369999999999997
-9.9229 2.1399999999999997
-9.9129 2.0440000000000005
-9.9029 1.951
-9.892900000000001 1.8639999999999999
-9.882900000000001 1.782
-9.872900000000001 1.7089999999999999
-9.8629 1.6400000000000001
-9.852900000000002 1.581
-9.8429 1.5290000000000004
-9.8329 1.4820000000000002
-9.8229 1.4449999999999998
-9.8129 1.413
-9.802900000000001 1.3850000000000002
-9.792900000000001 1.364
-9.782900000000001 1.346
-9.7729 1.332
-9.7629 1.3190000000000002
-9.7529 1.31
-9.7429 1.3
-9.7329 1.292
-9.722900000000001 1.285
-9.712900000000001 1.276
-9.7029 1.2650000000000001
-9.692900000000002 1.255
-9.6829 1.242
-9.6729 1.226
-9.6629 1.207
-9.6529 1.1880000000000002
-9.642900000000001 1.163
-9.632900000000001 1.1370000000000002
-9.622900000000001 1.1069999999999998
-9.6129 1.073
-9.602900000000002 1.037
-9.5929 1.0
-9.5829 0.9590000000000001
-9.5729 0.917
-9.5629 0.874
-9.552900000000001 0.8290000000000001
-9.542900000000001 0.786
-9.532900000000001 0.741
-9.5229 0.6990000000000001
-9.5129 0.659
-9.5029 0.62
-9.4929 0.5848
-9.4829 0.5519999999999999
-9.472900000000001 0.5224000000000001
-9.462900000000001 0.49620000000000003
-9.4529 0.4734
-9.442900000000002 0.4538
-9.4329 0.4375
-9.4229 0.42429999999999995
-9.4129 0.414
-9.4029 0.4059
-9.392900000000001 0.40019999999999994
-9.382900000000001 0.3965
-9.372900000000001 0.3945
-9.3629 0.39390000000000003
-9.352900000000002 0.3948
-9.3429 0.3967
-9.3329 0.39969999999999994
-9.3229 0.4036
-9.3129 0.40779999999999994
-9.302900000000001 0.41269999999999996
-9.292900000000001 0.4178
-9.282900000000001 0.42290000000000005
-9.2729 0.42780000000000007
-9.2629 0.43220000000000003
-9.2529 0.4355
-9.2429 0.43789999999999996
-9.2329 0.4385
-9.222900000000001 0.4376
-9.212900000000001 0.4343
-9.2029 0.42889999999999995
-9.192900000000002 0.42110000000000003
-9.1829 0.41089999999999993
-9.1729 0.3983
-9.1629 0.3833
-9.1529 0.36650000000000005
-9.142900000000001 0.34769999999999995
-9.132900000000001 0.3278
-9.122900000000001 0.3068000000000001
-9.1129 0.2852
-9.102900000000002 0.2635
-9.0929 0.24210000000000004
-9.0829 0.2211
-9.0729 0.2014
-9.0629 0.18269999999999997
-9.052900000000001 0.1656
-9.042900000000001 0.15030000000000002
-9.032900000000001 0.1364
-9.0229 0.1244
-9.0129 0.11380000000000001
-9.0029 0.1051
-8.9929 0.0975
-8.9829 0.0913
-8.972900000000001 0.08600000000000001
-8.962900000000001 0.0818
-8.9529 0.0779
-8.942900000000002 0.0748
-8.9329 0.0718
-8.9229 0.0689
-8.9129 0.0662
-8.9029 0.0635
-8.892900000000001 0.060559999999999996
-8.882900000000001 0.05751
-8.872900000000001 0.05434
-8.8629 0.05100999999999999
-8.852900000000002 0.04758
-8.8429 0.044039999999999996
-8.8329 0.04047
-8.8229 0.036879999999999996
-8.8129 0.03333
-8.802900000000001 0.029879999999999997
-8.792900000000001 0.02656
-8.782900000000001 0.0234
-8.7729 0.02043
-8.7629 0.01769
-8.7529 0.015189999999999999
-8.7429 0.01291
-8.7329 0.01087
-8.722900000000001 0.00907
-8.712900000000001 0.0075
-8.7029 0.00615
-8.692900000000002 0.004991000000000001
-8.6829 0.004011
-8.6729 0.003195
-8.6629 0.0025210000000000002
-8.6529 0.001969
-8.642900000000001 0.0015220000000000003
-8.632900000000001 0.001167
-8.622900000000001 0.000885
-8.6129 0.000664
-8.602900000000002 0.0004944
-8.5929 0.0003638
-8.5829 0.0002653
-8.5729 0.0001913
-8.5629 0.0001367
-8.552900000000001 9.659999999999999e-05
-8.542900000000001 6.76e-05
-8.532900000000001 4.683e-05
-8.5229 3.211e-05
-8.5129 2.178e-05
-8.5029 1.4619999999999999e-05
-8.4929 9.720000000000002e-06
-8.4829 6.39e-06
-8.472900000000001 4.156999999999999e-06
-8.462900000000001 2.6760000000000003e-06
-8.4529 1.7050000000000002e-06
-8.442900000000002 1.0749999999999999e-06
-8.4329 6.71e-07
-8.4229 4.1410000000000004e-07
-8.4129 2.529e-07
-8.4029 1.528e-07
-8.392900000000001 9.14e-08
-8.382900000000001 5.407e-08
-8.372900000000001 3.166e-08
-8.3629 1.8350000000000002e-08
-8.352900000000002 1.0569999999999998e-08
-8.3429 6.082000000000001e-09
-8.3329 3.57e-09
-8.3229 2.275e-09
-8.3129 1.786e-09
-8.302900000000001 1.935e-09
-8.2929 2.754e-09
-8.282900000000001 4.485e-09
-8.2729 7.63e-09
-8.262900000000002 1.3059999999999999e-08
-8.2529 2.222e-08
-8.2429 3.754e-08
-8.2329 6.267e-08
-8.222900000000001 1.0380000000000002e-07
-8.212900000000001 1.7000000000000001e-07
-8.2029 2.76e-07
-8.192900000000002 4.428e-07
-8.1829 7.034e-07
-8.1729 1.107e-06
-8.1629 1.725e-06
-8.1529 2.66e-06
-8.142900000000001 4.058e-06
-8.132900000000001 6.13e-06
-8.122900000000001 9.18e-06
-8.1129 1.36e-05
-8.102900000000002 1.994e-05
-8.0929 2.8939999999999997e-05
-8.0829 4.1630000000000006e-05
-8.0729 5.923000000000001e-05
-8.0629 8.370000000000002e-05
-8.052900000000001 0.0001168
-8.0429 0.00016140000000000002
-8.032900000000001 0.00022099999999999998
-8.0229 0.0002999
-8.012900000000002 0.0004029000000000001
-8.0029 0.0005357000000000001
-7.992900000000001 0.0007068
-7.982900000000001 0.000924
-7.972900000000001 0.0011939999999999997
-7.9629 0.001532
-7.9529000000000005 0.001945
-7.942900000000001 0.002448
-7.932900000000001 0.0030529999999999997
-7.9229 0.0037730000000000003
-7.9129000000000005 0.004624
-7.902900000000001 0.005611
-7.892900000000001 0.006758
-7.882900000000001 0.008069999999999999
-7.8729000000000005 0.00954
-7.862900000000001 0.01121
-7.852900000000001 0.01303
-7.842900000000001 0.01505
-7.8329 0.017240000000000002
-7.822900000000001 0.019600000000000006
-7.812900000000001 0.022109999999999998
-7.802900000000001 0.02475
-7.7929 0.02749
-7.782900000000001 0.03033
-7.772900000000001 0.03322
-7.762900000000001 0.03616
-7.7529 0.03909
-7.742900000000001 0.04201
-7.732900000000001 0.044879999999999996
-7.722900000000001 0.047639999999999995
-7.7129 0.0502
-7.7029000000000005 0.0528
-7.692900000000001 0.05525999999999999
-7.682900000000001 0.05748
-7.6729 0.05948
-7.6629000000000005 0.06131
-7.652900000000001 0.06312
-7.642900000000001 0.06469
-7.632900000000001 0.06601
-7.6229000000000005 0.06731000000000001
-7.612900000000001 0.06847
-7.602900000000001 0.06939
-7.592900000000001 0.07050000000000001
-7.5829 0.0711
-7.572900000000001 0.07189999999999999
-7.562900000000001 0.0727
-7.552900000000001 0.07339999999999999
-7.5429 0.0744
-7.532900000000001 0.07500000000000001
-7.522900000000001 0.0759
-7.512900000000001 0.0767
-7.5029 0.0776
-7.492900000000001 0.0788
-7.482900000000001 0.08
-7.472900000000001 0.0813
-7.4629 0.08270000000000001
-7.4529000000000005 0.0844
-7.442900000000001 0.0863
-7.432900000000001 0.0884
-7.4229 0.0905
-7.4129000000000005 0.093
-7.402900000000001 0.09559999999999999
-7.392900000000001 0.0986
-7.382900000000001 0.1018
-7.3729000000000005 0.10519999999999999
-7.362900000000001 0.1089
-7.352900000000001 0.1129
-7.342900000000001 0.1169
-7.3329 0.1213
-7.322900000000001 0.1259
-7.312900000000001 0.13069999999999998
-7.302900000000001 0.136
-7.2929 0.1412
-7.282900000000001 0.1466
-7.272900000000001 0.1525
-7.262900000000001 0.15850000000000003
-7.2529 0.1646
-7.242900000000001 0.17120000000000002
-7.232900000000001 0.1781
-7.222900000000001 0.18539999999999998
-7.2129 0.1928
-7.2029000000000005 0.20059999999999997
-7.192900000000001 0.2087
-7.182900000000001 0.21739999999999998
-7.1729 0.2262
-7.1629000000000005 0.23529999999999998
-7.152900000000001 0.2449
-7.142900000000001 0.2545
-7.132900000000001 0.2643
-7.1229000000000005 0.2744
-7.112900000000001 0.2846
-7.102900000000001 0.2949
-7.092900000000001 0.3053
-7.0829 0.3156
-7.072900000000001 0.3261
-7.062900000000001 0.3366
-7.052900000000001 0.34709999999999996
-7.0429 0.3579
-7.032900000000001 0.3688
-7.022900000000001 0.3801
-7.012900000000001 0.39160000000000006
-7.0029 0.4035
-6.992900000000001 0.41550000000000004
-6.982900000000001 0.42810000000000004
-6.972900000000001 0.44139999999999996
-6.9629 0.4544
-6.9529000000000005 0.4678
-6.942900000000001 0.48109999999999997
-6.932900000000001 0.49440000000000006
-6.9229 0.5071
-6.9129000000000005 0.5193
-6.902900000000001 0.5302
-6.892900000000001 0.5397
-6.882900000000001 0.5477
-6.8729000000000005 0.5534
-6.862900000000001 0.5569000000000001
-6.852900000000001 0.5575
-6.842900000000001 0.5552
-6.8329 0.5500999999999999
-6.822900000000001 0.5415
-6.812900000000001 0.5299
-6.802900000000001 0.5151
-6.7929 0.4974
-6.782900000000001 0.4766
-6.772900000000001 0.4537
-6.762900000000001 0.4285999999999999
-6.7529 0.40179999999999993
-6.742900000000001 0.37370000000000003
-6.732900000000001 0.3449
-6.722900000000001 0.3158
-6.7129 0.2867
-6.7029000000000005 0.2581
-6.692900000000001 0.2307
-6.682900000000001 0.20440000000000003
-6.6729 0.17950000000000002
-6.6629000000000005 0.1565
-6.652900000000001 0.13529999999999998
-6.642900000000001 0.1161
-6.632900000000001 0.099
-6.6229000000000005 0.0837
-6.612900000000001 0.0706
-6.602900000000001 0.05892
-6.592900000000001 0.04911
-6.5829 0.04077
-6.572900000000001 0.033819999999999996
-6.562900000000001 0.02808
-6.552900000000001 0.023370000000000002
-6.5429 0.01958
-6.532900000000001 0.016579999999999998
-6.522900000000001 0.01422
-6.512900000000001 0.012410000000000001
-6.5029 0.011009999999999999
-6.492900000000001 0.01001
-6.482900000000001 0.00929
-6.472900000000001 0.0088
-6.4629 0.00851
-6.4529000000000005 0.00837
-6.442900000000001 0.00835
-6.432900000000001 0.00841
-6.4229 0.008570000000000001
-6.4129000000000005 0.00878
-6.402900000000001 0.009049999999999999
-6.392900000000001 0.00937
-6.382900000000001 0.00971
-6.3729000000000005 0.01008
-6.362900000000001 0.01048
-6.352900000000001 0.01088
-6.342900000000001 0.011330000000000002
-6.3329 0.01176
-6.322900000000001 0.0122
-6.312900000000001 0.01261
-6.302900000000001 0.01303
-6.2929 0.013440000000000002
-6.282900000000001 0.013829999999999999
-6.272900000000001 0.014169999999999999
-6.262900000000001 0.014499999999999999
-6.2529 0.0148
-6.242900000000001 0.015050000000000001
-6.232900000000001 0.01531
-6.222900000000001 0.015520000000000003
-6.2129 0.01576
-6.2029000000000005 0.01598
-6.192900000000001 0.01621
-6.182900000000001 0.01646
-6.1729 0.016739999999999998
-6.1629000000000005 0.01706
-6.152900000000001 0.01746
-6.142900000000001 0.017920000000000002
-6.132900000000001 0.01845
-6.1229000000000005 0.01908
-6.112900000000001 0.01981
-6.102900000000001 0.02062
-6.092900000000001 0.02151
-6.0829 0.02248
-6.072900000000001 0.02352
-6.062900000000001 0.02461
-6.052900000000001 0.025750000000000002
-6.0429 0.026889999999999997
-6.032900000000001 0.028040000000000002
-6.022900000000001 0.02919
-6.012900000000001 0.030299999999999997
-6.0029 0.03133
-5.992900000000001 0.03234
-5.982900000000001 0.03325
-5.972900000000001 0.03405999999999999
-5.9629 0.03478
-5.9529000000000005 0.03538
-5.942900000000001 0.035859999999999996
-5.932900000000001 0.03623
-5.9229 0.03651
-5.9129000000000005 0.03662
-5.902900000000001 0.03665
-5.892900000000001 0.03653
-5.882900000000001 0.036340000000000004
-5.8729000000000005 0.03604
-5.862900000000001 0.03566
-5.852900000000001 0.035199999999999995
-5.842900000000001 0.0347
-5.8329 0.034159999999999996
-5.822900000000001 0.03359
-5.812900000000001 0.03304
-5.802900000000001 0.03248
-5.7929 0.03198
-5.782900000000001 0.031560000000000005
-5.772900000000001 0.031239999999999997
-5.762900000000001 0.03105
-5.7529 0.030999999999999996
-5.742900000000001 0.03114
-5.732900000000001 0.031479999999999994
-5.722900000000001 0.032010000000000004
-5.7129 0.032780000000000004
-5.7029000000000005 0.0338
-5.692900000000001 0.03507
-5.682900000000001 0.03656
-5.6729 0.03831
-5.6629000000000005 0.040310000000000006
-5.652900000000001 0.04249000000000001
-5.642900000000001 0.04488
-5.632900000000001 0.04742
-5.6229000000000005 0.05013
-5.612900000000001 0.05291
-5.602900000000001 0.055749999999999994
-5.592900000000001 0.05861
-5.5829 0.06151
-5.572900000000001 0.06421
-5.562900000000001 0.06695000000000001
-5.552900000000001 0.06939000000000001
-5.5429 0.07183
-5.532900000000001 0.07407
-5.522900000000001 0.0761
-5.512900000000001 0.078
-5.5029 0.0797
-5.492900000000001 0.0812
-5.482900000000001 0.0827
-5.472900000000001 0.08379999999999999
-5.4629 0.085
-5.4529000000000005 0.086
-5.442900000000001 0.0872
-5.432900000000001 0.0883
-5.4229 0.08949999999999998
-5.4129000000000005 0.0907
-5.402900000000001 0.0921
-5.392900000000001 0.0936
-5.382900000000001 0.0951
-5.3729000000000005 0.0967
-5.362900000000001 0.0986
-5.352900000000001 0.1005
-5.342900000000001 0.1026
-5.3329 0.1045
-5.322900000000001 0.1063
-5.312900000000001 0.1083
-5.302900000000001 0.10999999999999999
-5.2929 0.1116
-5.282900000000001 0.1129
-5.272900000000001 0.1139
-5.262900000000001 0.1148
-5.2529 0.11529999999999999
-5.242900000000001 0.1153
-5.232900000000001 0.115
-5.222900000000001 0.11429999999999998
-5.2129 0.1132
-5.2029000000000005 0.112
-5.192900000000001 0.1103
-5.182900000000001 0.1085
-5.1729 0.1064
-5.1629000000000005 0.1041
-5.152900000000001 0.10190000000000002
-5.142900000000001 0.0996
-5.132900000000001 0.0971
-5.1229000000000005 0.0948
-5.112900000000001 0.09259999999999999
-5.102900000000001 0.0903
-5.092900000000001 0.0885
-5.0829 0.08659999999999998
-5.072900000000001 0.0852
-5.062900000000001 0.08349999999999999
-5.052900000000001 0.08230000000000001
-5.0429 0.08149999999999999
-5.032900000000001 0.08049999999999999
-5.022900000000001 0.0799
-5.012900000000001 0.07929999999999998
-5.0029 0.07869999999999999
-4.992900000000001 0.0786
-4.982900000000001 0.07830000000000001
-4.972900000000001 0.0781
-4.9629 0.078
-4.9529000000000005 0.0779
-4.942900000000001 0.07780000000000001
-4.932900000000001 0.07780000000000001
-4.9229 0.0778
-4.9129000000000005 0.07780000000000001
-4.902900000000001 0.0779
-4.892900000000001 0.07780000000000001
-4.882900000000001 0.0778
-4.8729000000000005 0.0778
-4.862900000000001 0.0775
-4.852900000000001 0.07749999999999999
-4.842900000000001 0.0774
-4.8329 0.0772
-4.822900000000001 0.07680000000000001
-4.812900000000001 0.07640000000000001
-4.802900000000001 0.07600000000000001
-4.7929 0.0753
-4.782900000000001 0.0749
-4.772900000000001 0.07401999999999999
-4.762900000000001 0.07324
-4.7529 0.07225
-4.742900000000001 0.07122999999999999
-4.732900000000001 0.07009
-4.722900000000001 0.06885
-4.7129 0.06761
-4.7029000000000005 0.06638
-4.692900000000001 0.06504
-4.682900000000001 0.06373000000000001
-4.6729 0.06242
-4.6629000000000005 0.061099999999999995
-4.652900000000001 0.060000000000000005
-4.642900000000001 0.05888000000000001
-4.632900000000001 0.05784999999999999
-4.6229000000000005 0.05711
-4.612900000000001 0.05634
-4.602900000000001 0.055720000000000006
-4.592900000000001 0.055170000000000004
-4.5829 0.05485
-4.572900000000001 0.05451
-4.562900000000001 0.05432999999999999
-4.552900000000001 0.05425
-4.5429 0.05423
-4.532900000000001 0.05428000000000001
-4.522900000000001 0.05437
-4.512900000000001 0.05450000000000001
-4.5029 0.054650000000000004
-4.492900000000001 0.05485000000000001
-4.482900000000001 0.055080000000000004
-4.472900000000001 0.05531
-4.4629 0.055549999999999995
-4.4529000000000005 0.05600000000000001
-4.442900000000001 0.05644
-4.432900000000001 0.05685000000000001
-4.4229 0.05733
-4.4129000000000005 0.05802
-4.402900000000001 0.05888
-4.392900000000001 0.05963
-4.382900000000001 0.06058
-4.372900000000001 0.061709999999999994
-4.3629000000000016 0.06283
-4.3529 0.06412999999999999
-4.3429 0.0655
-4.3329 0.0669
-4.322900000000001 0.0684
-4.312900000000001 0.06989999999999999
-4.302900000000001 0.0712
-4.292900000000001 0.0727
-4.2829000000000015 0.07390000000000001
-4.2729 0.0753
-4.2629 0.0764
-4.2529 0.07719999999999999
-4.242900000000001 0.0781
-4.232900000000001 0.0786
-4.222900000000001 0.079
-4.212900000000001 0.0788
-4.202900000000001 0.07869999999999999
-4.1929 0.07830000000000001
-4.1829 0.0775
-4.1729 0.0768
-4.1629000000000005 0.0755
-4.152900000000001 0.07429999999999999
-4.142900000000001 0.0728
-4.132900000000001 0.0713
-4.122900000000001 0.0695
-4.1129000000000016 0.0675
-4.1029 0.06559999999999999
-4.0929 0.0638
-4.0829 0.061810000000000004
-4.072900000000001 0.05994
-4.062900000000001 0.0581
-4.052900000000001 0.05648999999999999
-4.042900000000001 0.05499999999999999
-4.0329000000000015 0.05363999999999999
-4.0229 0.05245999999999999
-4.0129 0.0515
-4.0029 0.050769999999999996
-3.9929000000000006 0.050260000000000006
-3.9829000000000008 0.04998999999999999
-3.972900000000001 0.049949999999999994
-3.962900000000001 0.050170000000000006
-3.9529000000000014 0.05062
-3.9429 0.05127
-3.9329 0.05214
-3.9229000000000003 0.0532
-3.9129000000000005 0.05444
-3.9029000000000007 0.05584
-3.892900000000001 0.05732
-3.882900000000001 0.05902
-3.8729000000000013 0.060880000000000004
-3.8629000000000016 0.0626
-3.8529 0.0645
-3.8429 0.0663
-3.8329000000000004 0.0682
-3.8229000000000006 0.06999999999999999
-3.812900000000001 0.07189999999999999
-3.802900000000001 0.0736
-3.7929000000000013 0.07529999999999999
-3.7829000000000015 0.07669999999999999
-3.7729 0.0781
-3.7629 0.0792
-3.7529000000000003 0.0802
-3.7429000000000006 0.0811
-3.7329000000000008 0.0818
-3.722900000000001 0.0821
-3.712900000000001 0.08249999999999999
-3.7029000000000014 0.08259999999999999
-3.6929 0.08259999999999999
-3.6829 0.0825
-3.6729000000000003 0.0821
-3.6629000000000005 0.0819
-3.6529000000000007 0.0816
-3.642900000000001 0.081
-3.632900000000001 0.0807
-3.6229000000000013 0.0803
-3.6129000000000016 0.0798
-3.6029 0.0793
-3.5929 0.0791
-3.5829000000000004 0.0787
-3.5729000000000006 0.07859999999999999
-3.562900000000001 0.07830000000000001
-3.552900000000001 0.0782
-3.5429000000000013 0.078
-3.5329000000000015 0.07769999999999999
-3.5229 0.07769999999999999
-3.5129 0.07740000000000001
-3.5029000000000003 0.0774
-3.4929000000000006 0.0771
-3.4829000000000008 0.0768
-3.472900000000001 0.07680000000000001
-3.462900000000001 0.0765
-3.4529000000000014 0.07619999999999999
-3.4429 0.0759
-3.4329 0.0756
-3.4229000000000003 0.0753
-3.4129000000000005 0.0753
-3.4029000000000007 0.0751
-3.392900000000001 0.0749
-3.382900000000001 0.07490000000000001
-3.3729000000000013 0.075
-3.3629000000000016 0.0753
-3.3529 0.0756
-3.3429 0.0762
-3.3329000000000004 0.0765
-3.3229000000000006 0.07719999999999999
-3.312900000000001 0.07799999999999999
-3.302900000000001 0.07889999999999998
-3.2929000000000013 0.07989999999999998
-3.2829000000000015 0.0808
-3.2729 0.08189999999999999
-3.2629 0.08279999999999998
-3.2529000000000003 0.08370000000000001
-3.2429000000000006 0.08470000000000001
-3.2329000000000008 0.0858
-3.222900000000001 0.08650000000000001
-3.212900000000001 0.0872
-3.2029000000000014 0.08789999999999999
-3.1929 0.0885
-3.1829 0.0887
-3.1729000000000003 0.08889999999999999
-3.1629000000000005 0.089
-3.1529000000000007 0.08889999999999999
-3.142900000000001 0.08859999999999998
-3.132900000000001 0.08830000000000002
-3.1229000000000013 0.0877
-3.1129000000000016 0.0871
-3.1029 0.08624
-3.0929 0.08539
-3.0829000000000004 0.08438
-3.0729000000000006 0.08327999999999999
-3.062900000000001 0.08210999999999999
-3.052900000000001 0.0809
-3.0429000000000013 0.07972
-3.0329000000000015 0.07849
-3.0229 0.07733000000000001
-3.0129 0.07612000000000001
-3.0029000000000003 0.07509
-2.9929000000000006 0.07400999999999999
-2.9829000000000008 0.0731
-2.972900000000001 0.07235
-2.962900000000001 0.07149
-2.9529000000000014 0.07108
-2.9429 0.07055
-2.9329 0.07028000000000001
-2.9229000000000003 0.07018999999999999
-2.9129000000000005 0.07027
-2.9029000000000007 0.07053000000000001
-2.892900000000001 0.07095000000000001
-2.882900000000001 0.07158999999999999
-2.8729000000000013 0.07239
-2.8629000000000016 0.07339000000000001
-2.8529 0.0746
-2.8429 0.07612
-2.8329000000000004 0.07784
-2.8229000000000006 0.07970000000000001
-2.812900000000001 0.0819
-2.802900000000001 0.0841
-2.7929000000000013 0.0866
-2.7829000000000015 0.08950000000000001
-2.7729 0.09230000000000001
-2.7629 0.0952
-2.7529000000000003 0.09849999999999999
-2.7429000000000006 0.1017
-2.7329000000000008 0.1048
-2.722900000000001 0.10819999999999999
-2.712900000000001 0.1113
-2.7029000000000014 0.1144
-2.6929 0.1173
-2.6829 0.12009999999999998
-2.6729000000000003 0.1228
-2.6629000000000005 0.1251
-2.6529000000000007 0.1272
-2.642900000000001 0.1293
-2.632900000000001 0.1308
-2.6229000000000013 0.1323
-2.6129000000000016 0.1336
-2.6029 0.1347
-2.5929 0.1359
-2.5829000000000004 0.1368
-2.5729000000000006 0.1377
-2.562900000000001 0.13859999999999997
-2.552900000000001 0.1396
-2.5429000000000013 0.141
-2.5329000000000015 0.1424
-2.5229 0.14379999999999998
-2.5129 0.14550000000000002
-2.5029000000000003 0.1475
-2.4929000000000006 0.1494
-2.4829000000000008 0.15180000000000002
-2.472900000000001 0.1541
-2.462900000000001 0.15639999999999998
-2.4529000000000014 0.15869999999999998
-2.4429 0.1609
-2.4329 0.1631
-2.4229000000000003 0.165
-2.4129000000000005 0.1667
-2.4029000000000007 0.16820000000000002
-2.392900000000001 0.16920000000000002
-2.382900000000001 0.1699
-2.3729000000000013 0.1702
-2.3629000000000016 0.1704
-2.3529 0.1701
-2.3429 0.1692
-2.3329000000000004 0.1684
-2.3229000000000006 0.1671
-2.312900000000001 0.1657
-2.302900000000001 0.16399999999999998
-2.2929000000000013 0.16230000000000003
-2.2829000000000015 0.16049999999999998
-2.2729 0.15869999999999998
-2.2629 0.157
-2.2529000000000003 0.1552
-2.2429000000000006 0.1535
-2.2329000000000008 0.152
-2.222900000000001 0.15059999999999998
-2.212900000000001 0.1492
-2.2029000000000014 0.148
-2.1929 0.14670000000000002
-2.1829 0.14550000000000002
-2.1729000000000003 0.1442
-2.1629000000000005 0.1428
-2.1529000000000007 0.1415
-2.142900000000001 0.1398
-2.132900000000001 0.1381
-2.1229000000000013 0.136
-2.1129000000000016 0.1337
-2.1029 0.1311
-2.0929 0.12819999999999998
-2.0829000000000004 0.125
-2.0729000000000006 0.12160000000000001
-2.062900000000001 0.118
-2.052900000000001 0.1142
-2.0429000000000013 0.1107
-2.0329000000000015 0.107
-2.0229 0.1035
-2.0129 0.10040000000000002
-2.0029000000000003 0.0976
-1.9929000000000006 0.09549999999999999
-1.9829000000000008 0.09390000000000001
-1.972900000000001 0.093
-1.9629000000000012 0.09299999999999999
-1.9529000000000014 0.09379999999999998
-1.9428999999999998 0.09549999999999999
-1.9329 0.0983
-1.9229000000000003 0.1021
-1.9129000000000005 0.1069
-1.9029000000000007 0.1127
-1.892900000000001 0.1196
-1.8829000000000011 0.1272
-1.8729000000000013 0.1359
-1.8629000000000016 0.1454
-1.8529 0.1556
-1.8429000000000002 0.1667
-1.8329000000000004 0.17809999999999998
-1.8229000000000006 0.1903
-1.8129000000000008 0.20260000000000003
-1.802900000000001 0.2155
-1.7929000000000013 0.2285
-1.7829000000000015 0.24140000000000003
-1.7729 0.25429999999999997
-1.7629000000000001 0.2669
-1.7529000000000003 0.27920000000000006
-1.7429000000000006 0.2912
-1.7329000000000008 0.3025
-1.722900000000001 0.31320000000000003
-1.7129000000000012 0.3232
-1.7029000000000014 0.3327
-1.6928999999999998 0.34109999999999996
-1.6829 0.34890000000000004
-1.6729000000000003 0.3558
-1.6629000000000005 0.36200000000000004
-1.6529000000000007 0.36760000000000004
-1.642900000000001 0.3723
-1.6329000000000011 0.37670000000000003
-1.6229000000000013 0.3805
-1.6129000000000016 0.384
-1.6029 0.3871
-1.5929000000000002 0.3901
-1.5829000000000004 0.39309999999999995
-1.5729000000000006 0.39630000000000004
-1.5629000000000008 0.39969999999999994
-1.552900000000001 0.40319999999999995
-1.5429000000000013 0.4073
-1.5329000000000015 0.4118
-1.5229 0.4169
-1.5129000000000001 0.42260000000000003
-1.5029000000000003 0.4292
-1.4929000000000006 0.43620000000000003
-1.4829000000000008 0.4442
-1.472900000000001 0.4526
-1.4629000000000012 0.462
-1.4529000000000014 0.47180000000000005
-1.4428999999999998 0.48219999999999996
-1.4329 0.4931
-1.4229000000000003 0.5046
-1.4129000000000005 0.5161
-1.4029000000000007 0.5282
-1.392900000000001 0.5405
-1.3829000000000011 0.553
-1.3729000000000013 0.5656
-1.3629000000000016 0.5781999999999999
-1.3529 0.5917
-1.3429000000000002 0.6041
-1.3329000000000004 0.6186
-1.3229000000000006 0.6328
-1.3129000000000008 0.647
-1.302900000000001 0.6613
-1.2929000000000013 0.6775
-1.2829000000000015 0.6926
-1.2729 0.7089000000000001
-1.2629000000000001 0.7238
-1.2529000000000003 0.7409
-1.2429000000000006 0.7568
-1.2329000000000008 0.7707
-1.222900000000001 0.788
-1.2129000000000012 0.801
-1.2029000000000014 0.8140000000000001
-1.1928999999999998 0.8259999999999998
-1.1829 0.837
-1.1729000000000003 0.843
-1.1629000000000005 0.8489
-1.1529000000000007 0.8528
-1.142900000000001 0.8542000000000001
-1.1329000000000011 0.8529
-1.1229000000000013 0.8501000000000001
-1.1129000000000016 0.8448
-1.1029 0.8383
-1.0929000000000002 0.8277999999999999
-1.0829000000000004 0.8182
-1.0729000000000006 0.8068
-1.0629000000000008 0.7957999999999998
-1.052900000000001 0.7835000000000001
-1.0429000000000013 0.772
-1.0329000000000015 0.7604000000000001
-1.0229 0.7511
-1.0129000000000001 0.7410000000000001
-1.0029000000000003 0.7343000000000001
-0.9929000000000006 0.7291000000000001
-0.9829000000000008 0.7254
-0.972900000000001 0.7242000000000001
-0.9629000000000012 0.7244
-0.9529000000000014 0.7272
-0.9428999999999998 0.73
-0.9329000000000001 0.738
-0.9229000000000003 0.746
-0.9129000000000005 0.755
-0.9029000000000007 0.765
-0.8929000000000009 0.775
-0.8829000000000011 0.787
-0.8729000000000013 0.798
-0.8629000000000016 0.809
-0.8529 0.8180000000000001
-0.8429000000000002 0.8290000000000001
-0.8329000000000004 0.8350000000000001
-0.8229000000000006 0.8420000000000001
-0.8129000000000008 0.8460000000000001
-0.8029000000000011 0.8470000000000001
-0.7929000000000013 0.8470000000000001
-0.7829000000000015 0.8450000000000001
-0.7728999999999999 0.8380000000000001
-0.7629000000000001 0.8300000000000001
-0.7529000000000003 0.8180000000000001
-0.7429000000000006 0.806
-0.7329000000000008 0.788
-0.722900000000001 0.7674
-0.7129000000000012 0.7457
-0.7029000000000014 0.7207000000000001
-0.6928999999999998 0.692
-0.6829000000000001 0.663
-0.6729000000000003 0.6305
-0.6629000000000005 0.598
-0.6529000000000007 0.5654
-0.6429000000000009 0.5299
-0.6329000000000011 0.49449999999999994
-0.6229000000000013 0.45959999999999995
-0.6129000000000016 0.423
-0.6029 0.3879
-0.5929000000000002 0.3535
-0.5829000000000004 0.3202
-0.5729000000000006 0.288
-0.5629000000000008 0.2576
-0.5529000000000011 0.2288
-0.5429000000000013 0.2017
-0.5329000000000015 0.1767
-0.5228999999999999 0.15369999999999998
-0.5129000000000001 0.13269999999999998
-0.5029000000000003 0.1138
-0.49290000000000056 0.09678999999999999
-0.4829000000000008 0.08186
-0.472900000000001 0.06862
-0.4629000000000012 0.057039999999999993
-0.4529000000000014 0.04716
-0.44289999999999985 0.038630000000000005
-0.43290000000000006 0.03138
-0.4229000000000003 0.025300000000000003
-0.4129000000000005 0.02024
-0.4029000000000007 0.016050000000000002
-0.3929000000000009 0.01264
-0.38290000000000113 0.009845
-0.37290000000000134 0.007616
-0.36290000000000155 0.0058319999999999995
-0.3529 0.004436
-0.3429000000000002 0.003347
-0.3329000000000004 0.0025
-0.32290000000000063 0.00185
-0.31290000000000084 0.001357
-0.30290000000000106 0.0009868
-0.29290000000000127 0.0007107999999999999
-0.2829000000000015 0.0005078
-0.2728999999999999 0.0003589
-0.26290000000000013 0.0002514
-0.25290000000000035 0.00017430000000000004
-0.24290000000000056 0.0001199
-0.23290000000000077 8.159999999999999e-05
-0.222900000000001 5.493999999999999e-05
-0.2129000000000012 3.6700000000000004e-05
-0.2029000000000014 2.4259999999999998e-05
-0.19289999999999985 1.589e-05
-0.18290000000000006 1.0300000000000001e-05
-0.17290000000000028 6.602e-06
-0.1629000000000005 4.199e-06
-0.1529000000000007 2.6409999999999998e-06
-0.14290000000000092 1.645e-06
-0.13290000000000113 1.0146e-06
-0.12290000000000134 6.187999999999999e-07
-0.11290000000000155 3.7379999999999997e-07
-0.10289999999999999 2.234e-07
-0.0929000000000002 1.3230000000000001e-07
-0.08290000000000042 7.753000000000001e-08
-0.07290000000000063 4.492e-08
-0.06290000000000084 2.578e-08
-0.05290000000000106 1.4639999999999997e-08
-0.04290000000000127 8.236e-09
-0.032900000000001484 4.5829999999999996e-09
-0.02289999999999992 2.5199999999999996e-09
-0.012900000000000134 1.373e-09
-0.0029000000000003467 7.404e-10
0.00709999999999944 3.948e-10
0.017099999999999227 2.084e-10
0.027099999999999014 1.086e-10
0.0370999999999988 5.619e-11
0.04709999999999859 2.864e-11
0.05710000000000015 1.4390000000000001e-11
0.06709999999999994 7.161e-12
0.07709999999999972 3.5569999999999995e-12
0.08709999999999951 1.665e-12
0.0970999999999993 8.1e-13
0.10709999999999908 3.534e-13
0.11709999999999887 1.1839999999999998e-13
0.12709999999999866 0.0
0.13709999999999845 0.0
0.1471 0.0
0.1570999999999998 0.0
0.16709999999999958 0.0
0.17709999999999937 0.0
0.18709999999999916 0.0
0.19709999999999894 0.0
0.20709999999999873 0.0
0.21709999999999852 0.0
0.22710000000000008 0.0
0.23709999999999987 0.0
0.24709999999999965 0.0
0.25709999999999944 0.0
0.2670999999999992 0.0
0.277099999999999 0.0
0.2870999999999988 0.0
0.2970999999999986 0.0
0.30710000000000015 0.0
0.31709999999999994 0.0
0.3270999999999997 0.0
0.3370999999999995 0.0
0.3470999999999993 0.0
0.3570999999999991 0.0
0.36709999999999887 0.0
0.37709999999999866 0.0
0.38709999999999845 0.0
0.3971 0.0
0.4070999999999998 0.0
0.4170999999999996 0.0
0.42709999999999937 0.0
0.43709999999999916 0.0
0.44709999999999894 0.0
0.45709999999999873 0.0
0.4670999999999985 0.0
0.4771000000000001 0.0
0.48709999999999987 0.0
0.49709999999999965 0.0
0.5070999999999994 0.0
0.5170999999999992 0.0
0.527099999999999 0.0
0.5370999999999988 0.0
0.5470999999999986 0.0
0.5571000000000002 0.0
0.5670999999999999 0.0
0.5770999999999997 0.0
0.5870999999999995 0.0
0.5970999999999993 0.0
0.6070999999999991 0.0
0.6170999999999989 0.0
0.6270999999999987 0.0
0.6370999999999984 0.0
0.6471 0.0
0.6570999999999998 0.0
0.6670999999999996 0.0
0.6770999999999994 0.0
0.6870999999999992 0.0
0.6970999999999989 0.0
0.7070999999999987 0.0
0.7170999999999985 0.0
0.7271000000000001 0.0
0.7370999999999999 0.0
0.7470999999999997 0.0
0.7570999999999994 0.0
0.7670999999999992 0.0
0.777099999999999 0.0
0.7870999999999988 0.0
0.7970999999999986 0.0
0.8071000000000002 0.0
0.8170999999999999 0.0
0.8270999999999997 0.0
0.8370999999999995 0.0
0.8470999999999993 0.0
0.8570999999999991 0.0
0.8670999999999989 0.0
0.8770999999999987 0.0
0.8870999999999984 0.0
0.8971 2.2176e-15
0.9070999999999998 4.6512e-15
0.9170999999999996 9.6086e-15
0.9270999999999994 1.9666e-14
0.9370999999999992 4.2450000000000005e-14
0.9470999999999989 8.5229e-14
0.9570999999999987 1.6957e-13
0.9670999999999985 3.4185999999999997e-13
0.9771000000000001 6.6847e-13
0.9870999999999999 1.2881e-12
0.9970999999999997 2.4727e-12
1.0070999999999994 4.6598e-12
1.0170999999999992 8.7363e-12
1.027099999999999 1.6184e-11
1.0370999999999988 2.9685e-11
1.0470999999999986 5.3792e-11
1.0571000000000002 9.6511e-11
1.0671 1.7167e-10
1.0770999999999997 3.0194e-10
1.0870999999999995 5.2676e-10
1.0970999999999993 9.0544e-10
1.107099999999999 1.5452e-09
1.1170999999999989 2.6103e-09
1.1270999999999987 4.3509e-09
1.1370999999999984 7.215499999999999e-09
1.1471 1.1829e-08
1.1570999999999998 1.9192e-08
1.1670999999999996 3.0831e-08
1.1770999999999994 4.9011e-08
1.1870999999999992 7.719e-08
1.197099999999999 1.2045e-07
1.2070999999999987 1.8615e-07
1.2170999999999985 2.8466e-07
1.2271 4.3026e-07
1.2370999999999999 6.478e-07
1.2470999999999997 9.636e-07
1.2570999999999994 1.4184999999999998e-06
1.2670999999999992 2.0696e-06
1.277099999999999 2.9922999999999997e-06
1.2870999999999988 4.2816e-06
1.2970999999999986 6.081e-06
1.3071000000000002 8.566e-06
1.3171 1.1927e-05
1.3270999999999997 1.6488000000000002e-05
1.3370999999999995 2.2575e-05
1.3470999999999993 3.0648e-05
1.357099999999999 4.13e-05
1.3670999999999989 5.5039999999999995e-05
1.3770999999999987 7.277e-05
1.3870999999999984 9.554999999999999e-05
1.3971 0.0001243
1.4070999999999998 0.00016037999999999998
1.4170999999999996 0.0002053
1.4270999999999994 0.00026052
1.4370999999999992 0.0003283
1.447099999999999 0.00041
1.4570999999999987 0.0005085
1.4670999999999985 0.0006268000000000001
1.4771 0.0007656000000000001
1.4870999999999999 0.000928
1.4970999999999997 0.0011182
1.5070999999999994 0.0013376
1.5170999999999992 0.0015888999999999999
1.527099999999999 0.001875
1.5370999999999988 0.002197
1.5470999999999986 0.002562
1.5571000000000002 0.0029640000000000005
1.5671 0.003412
1.5770999999999997 0.003906
1.5870999999999995 0.004442
1.5970999999999993 0.005030000000000001
1.607099999999999 0.005672
1.6170999999999989 0.006351
1.6270999999999987 0.007092
1.6370999999999984 0.007876
1.6471 0.008704
1.6570999999999998 0.00957
1.6670999999999996 0.010499999999999999
1.6770999999999994 0.011460000000000001
1.6870999999999992 0.012459999999999999
1.697099999999999 0.013509999999999998
1.7070999999999987 0.01458
1.7170999999999985 0.0157
1.7271 0.01684
1.7370999999999999 0.018
1.7470999999999997 0.01919
1.7570999999999994 0.02041
1.7670999999999992 0.02164
1.777099999999999 0.022899999999999997
1.7870999999999988 0.024170000000000004
1.7970999999999986 0.02547
1.8071000000000002 0.02678
1.8171 0.028140000000000002
1.8270999999999997 0.029490000000000002
1.8370999999999995 0.03091
1.8470999999999993 0.03233
1.857099999999999 0.03378
1.8670999999999989 0.03526
1.8770999999999987 0.03679
1.8870999999999984 0.03832000000000001
1.8971 0.03985
1.9070999999999998 0.04141
1.9170999999999996 0.04295
1.9270999999999994 0.04444
1.9370999999999992 0.04589
1.947099999999999 0.04727
1.9570999999999987 0.04853
1.9670999999999985 0.04967
1.9771 0.050649999999999994
1.9870999999999999 0.05144
1.9970999999999997 0.05199000000000001
2.0070999999999994 0.052360000000000004
2.0170999999999992 0.05244
2.027099999999999 0.05226
2.037099999999999 0.051809999999999995
2.0470999999999986 0.05113
2.0571 0.050159999999999996
2.0671 0.04898
2.0770999999999997 0.0476
2.0870999999999995 0.046040000000000005
2.0970999999999993 0.04433
2.107099999999999 0.04253
2.117099999999999 0.04069
2.1270999999999987 0.038810000000000004
2.1370999999999984 0.03698
2.1471 0.0352
2.1571 0.03352
2.1670999999999996 0.031970000000000005
2.1770999999999994 0.03058
2.187099999999999 0.029330000000000002
2.197099999999999 0.02827
2.2070999999999987 0.0274
2.2170999999999985 0.02669
2.2271 0.026149999999999996
2.2371 0.0258
2.2470999999999997 0.025580000000000002
2.2570999999999994 0.02552
2.2670999999999992 0.025570000000000002
2.277099999999999 0.02577
2.287099999999999 0.026019999999999998
2.2970999999999986 0.02637
2.3071 0.026770000000000002
2.3171 0.027209999999999998
2.3270999999999997 0.027680000000000003
2.3370999999999995 0.028159999999999998
2.3470999999999993 0.02865
2.357099999999999 0.02908
2.367099999999999 0.02951
2.3770999999999987 0.02984
2.3870999999999984 0.03014
2.3971 0.03036
2.4071 0.03052
2.4170999999999996 0.03057
2.4270999999999994 0.030519999999999995
2.437099999999999 0.0304
2.447099999999999 0.03017
2.4570999999999987 0.02988
2.4670999999999985 0.0295
2.4771 0.02907
2.4871 0.028569999999999998
2.4970999999999997 0.02803
2.5070999999999994 0.02747
2.5170999999999992 0.026890000000000004
2.527099999999999 0.02629
2.537099999999999 0.025719999999999996
2.5470999999999986 0.02518
2.5571 0.024649999999999995
2.5671 0.024159999999999997
2.5770999999999997 0.02372
2.5870999999999995 0.02331
2.5970999999999993 0.02296
2.607099999999999 0.02262
2.617099999999999 0.02233
2.6270999999999987 0.02207
2.6370999999999984 0.02187
2.6471 0.02164
2.6571 0.02147
2.6670999999999996 0.02128
2.6770999999999994 0.021089999999999998
2.687099999999999 0.02091
2.697099999999999 0.02071
2.7070999999999987 0.02051
2.7170999999999985 0.020290000000000002
2.7271 0.020059999999999998
2.7371 0.01983
2.7470999999999997 0.0196
2.7570999999999994 0.01935
2.7670999999999992 0.0191
2.777099999999999 0.01889
2.787099999999999 0.018670000000000003
2.7970999999999986 0.01851
2.8071 0.018359999999999998
2.8171 0.01829
2.8270999999999997 0.018260000000000002
2.8370999999999995 0.01829
2.8470999999999993 0.018420000000000002
2.857099999999999 0.01864
2.867099999999999 0.01896
2.8770999999999987 0.019379999999999998
2.8870999999999984 0.01993
2.8971 0.0206
2.9071 0.02142
2.9170999999999996 0.02233
2.9270999999999994 0.023400000000000004
2.937099999999999 0.02458
2.947099999999999 0.0259
2.9570999999999987 0.027280000000000002
2.9670999999999985 0.028800000000000003
2.9771 0.030379999999999997
2.9871 0.032040000000000006
2.9970999999999997 0.03375
3.0070999999999994 0.03551
3.0170999999999992 0.037290000000000004
3.027099999999999 0.03905
3.037099999999999 0.04082
3.0470999999999986 0.04254
3.0571 0.04422
3.0671 0.04585
3.0770999999999997 0.04738
3.0870999999999995 0.04884999999999999
3.0970999999999993 0.05023
3.107099999999999 0.05148
3.117099999999999 0.05266
3.1270999999999987 0.0537
3.1370999999999984 0.05464
3.1471 0.055499999999999994
3.1571 0.056260000000000004
3.1670999999999996 0.05695
3.1770999999999994 0.057550000000000004
3.187099999999999 0.058140000000000004
3.197099999999999 0.05873
3.2070999999999987 0.059370000000000006
3.2170999999999985 0.05990000000000001
3.2271 0.06068000000000001
3.2371 0.06142
3.2470999999999997 0.062329999999999997
3.2570999999999994 0.0634
3.2670999999999992 0.0646
3.277099999999999 0.066
3.287099999999999 0.06739999999999999
3.2970999999999986 0.0691
3.3071 0.0708
3.3171 0.0727
3.3270999999999997 0.0745
3.3370999999999995 0.07669999999999999
3.3470999999999993 0.0784
3.357099999999999 0.0805
3.367099999999999 0.0824
3.3770999999999987 0.0841
3.3870999999999984 0.08549999999999999
3.3971 0.08670000000000001
3.4071 0.0877
3.4170999999999996 0.08839999999999999
3.4270999999999994 0.0887
3.437099999999999 0.08879999999999999
3.447099999999999 0.0885
3.4570999999999987 0.088
3.4670999999999985 0.0871
3.4771 0.0859
3.4871 0.08460000000000001
3.4970999999999997 0.083
3.5070999999999994 0.0814
3.5170999999999992 0.07970000000000001
3.527099999999999 0.0779
3.537099999999999 0.076
3.5470999999999986 0.07429999999999999
3.5571 0.0726
3.5671 0.0711
3.5770999999999997 0.0697
3.5870999999999995 0.06869999999999998
3.5970999999999993 0.0678
3.607100000000001 0.0669
3.617099999999999 0.0663
3.6271000000000004 0.066
3.6370999999999984 0.0659
3.6471 0.0657
3.657099999999998 0.0658
3.6670999999999996 0.0663
3.6770999999999976 0.0663
3.687099999999999 0.0669
3.6971000000000007 0.0673
3.7070999999999987 0.0675
3.7171000000000003 0.0678
3.7270999999999983 0.0681
3.7371 0.0683
3.747099999999998 0.0681
3.7570999999999994 0.06789999999999999
3.767100000000001 0.06749999999999999
3.777099999999999 0.0669
3.7871000000000006 0.06609999999999999
3.7970999999999986 0.0651
3.8071 0.0639
3.817099999999998 0.0625
3.8270999999999997 0.06079
3.8370999999999977 0.058989999999999994
3.8470999999999993 0.057210000000000004
3.857100000000001 0.05529
3.867099999999999 0.05329
3.8771000000000004 0.051309999999999995
3.8870999999999984 0.04936
3.8971 0.0475
3.907099999999998 0.04574
3.9170999999999996 0.04415
3.9270999999999976 0.042760000000000006
3.937099999999999 0.04158
3.9471000000000007 0.040639999999999996
3.9570999999999987 0.039970000000000006
3.9671000000000003 0.039569999999999994
3.9770999999999983 0.03945
3.9871 0.039619999999999995
3.997099999999998 0.04003
4.007099999999999 0.04067
4.017100000000001 0.04154
4.027099999999999 0.04256000000000001
4.037100000000001 0.04376
4.047099999999999 0.04507
4.0571 0.04642
4.067099999999998 0.047819999999999994
4.0771 0.0492
4.087099999999998 0.05051
4.097099999999999 0.05174
4.107100000000001 0.052860000000000004
4.117099999999999 0.05384
4.1271 0.0547
4.1370999999999984 0.05537
4.1471 0.0559
4.157099999999998 0.056260000000000004
4.1671 0.056490000000000005
4.177099999999998 0.05659
4.187099999999999 0.056620000000000004
4.197100000000001 0.05655
4.207099999999999 0.056420000000000005
4.2171 0.05627
4.227099999999998 0.05612
4.2371 0.05597
4.247099999999998 0.055880000000000006
4.257099999999999 0.05582
4.267100000000001 0.05576000000000001
4.277099999999999 0.05580999999999999
4.287100000000001 0.05584
4.297099999999999 0.05592
4.3071 0.056010000000000004
4.317099999999998 0.056069999999999995
4.3271 0.056100000000000004
4.337099999999998 0.05608
4.347099999999999 0.05596999999999999
4.357100000000001 0.05576
4.367099999999999 0.055439999999999996
4.3771 0.05498
4.3870999999999984 0.054400000000000004
4.3971 0.05366
4.407099999999998 0.05277
4.4171 0.05174000000000001
4.427099999999998 0.0506
4.437099999999999 0.04930999999999999
4.447100000000001 0.04796
4.457099999999999 0.04654
4.4671 0.04506
4.477099999999998 0.043559999999999995
4.4871 0.04205
4.497099999999998 0.04059
4.507099999999999 0.03918
4.517100000000001 0.037840000000000006
4.527099999999999 0.03659
4.537100000000001 0.03545
4.547099999999999 0.03446
4.5571 0.03362
4.567099999999998 0.03292
4.5771 0.03239
4.587099999999998 0.03201
4.597099999999999 0.0318
4.607100000000001 0.03174
4.617099999999999 0.031849999999999996
4.6271 0.0321
4.6370999999999984 0.032479999999999995
4.6471 0.033010000000000005
4.657099999999998 0.03366000000000001
4.6671 0.03445
4.677099999999998 0.03533
4.687099999999999 0.03632
4.697100000000001 0.03741
4.707099999999999 0.03858
4.7171 0.03982
4.727099999999998 0.041159999999999995
4.7371 0.04255
4.747099999999998 0.043969999999999995
4.757099999999999 0.04543
4.767100000000001 0.04690999999999999
4.777099999999999 0.04836000000000001
4.787100000000001 0.04979
4.797099999999999 0.05117
4.8071 0.05245
4.817099999999998 0.05365
4.8271 0.05473
4.837099999999998 0.05567
4.847099999999999 0.056459999999999996
4.857100000000001 0.05707
4.867099999999999 0.05745
4.8771 0.05779
4.8870999999999984 0.057830000000000006
4.8971 0.05793
4.907099999999998 0.05780999999999999
4.9171 0.057580000000000006
4.927099999999998 0.05728
4.937099999999999 0.05693
4.947100000000001 0.05657
4.957099999999999 0.05624
4.9671 0.055920000000000004
4.977099999999998 0.05568
4.9871 0.055499999999999994
4.997099999999998 0.05541000000000001
5.007099999999999 0.05541
5.017100000000001 0.05549
5.027099999999999 0.05564
5.037100000000001 0.05586
5.047099999999999 0.05609
5.0571 0.05632
5.067099999999998 0.05653
5.0771 0.0567
5.087099999999998 0.05678
5.097099999999999 0.05674
5.107100000000001 0.05659
5.117099999999999 0.056280000000000004
5.1271 0.05582000000000001
5.1370999999999984 0.05521
5.1471 0.054419999999999996
5.157099999999998 0.053470000000000004
5.1671 0.05238
5.177099999999998 0.05114
5.187099999999999 0.04977999999999999
5.197100000000001 0.04832
5.207099999999999 0.04679
5.2171 0.045160000000000006
5.227099999999998 0.04352
5.2371 0.04186
5.247099999999998 0.040170000000000004
5.257099999999999 0.03852
5.267100000000001 0.03689
5.277099999999999 0.03529
5.287100000000001 0.033749999999999995
5.297099999999999 0.032260000000000004
5.3071 0.03084
5.317099999999998 0.02946
5.3271 0.028159999999999998
5.337099999999998 0.026930000000000003
5.347099999999999 0.02574
5.357100000000001 0.02461
5.367099999999999 0.023530000000000002
5.3771 0.022510000000000002
5.3870999999999984 0.021500000000000002
5.3971 0.02054
5.407099999999998 0.01959
5.4171 0.018670000000000003
5.427099999999998 0.017759999999999998
5.437099999999999 0.01689
5.447100000000001 0.01602
5.457099999999999 0.015160000000000002
5.4671 0.01432
5.477099999999998 0.013510000000000001
5.4871 0.01272
5.497099999999998 0.01192
5.507099999999999 0.011170000000000001
5.517100000000001 0.01042
5.527099999999999 0.0097
5.537100000000001 0.008990000000000001
5.547099999999999 0.00832
5.5571 0.00766
5.567099999999998 0.007050000000000001
5.5771 0.00643
5.587099999999998 0.005844
5.597099999999999 0.005285
5.607100000000001 0.004756
5.617099999999999 0.004254
5.6271 0.0037790000000000002
5.6370999999999984 0.0033359999999999996
5.6471 0.002925
5.657099999999998 0.0025440000000000003
5.6671 0.0021959999999999996
5.677099999999998 0.001881
5.687099999999999 0.001596
5.697100000000001 0.0013410000000000002
5.707099999999999 0.001119
5.7171 0.0009260000000000001
5.727099999999998 0.000759
5.7371 0.000615
5.747099999999998 0.0004940000000000001
5.757099999999999 0.00039299999999999996
5.767100000000001 0.0003095
5.777099999999999 0.0002414
5.787100000000001 0.00018639999999999998
5.797099999999999 0.0001425
5.8071 0.00010769999999999999
5.817099999999998 8.07e-05
5.8271 5.965e-05
5.837099999999998 4.379e-05
5.847099999999999 3.177e-05
5.857100000000001 2.2820000000000002e-05
5.867099999999999 1.622e-05
5.8771 1.14e-05
5.8870999999999984 7.919999999999999e-06
5.8971 5.453e-06
5.907099999999998 3.7130000000000003e-06
5.9171 2.5020000000000004e-06
5.927099999999998 1.666e-06
5.937099999999999 1.1e-06
5.947100000000001 7.170000000000001e-07
5.957099999999999 4.63e-07
