-22.402900000000002 0.00042039898000000015
-22.3929 0.00029475065000000004
-22.3829 0.00020472218
-22.3729 0.00014091111999999995
-22.362900000000003 9.5803612e-05
-22.352899999999998 6.468251200000002e-05
-22.3429 4.3203133e-05
-22.332900000000002 2.8570432e-05
-22.3229 1.8716060000000003e-05
-22.3129 1.2145696299999998e-05
-22.3029 7.790878100000002e-06
-22.292900000000003 4.958381100000001e-06
-22.2829 3.1217312000000002e-06
-22.2729 1.9456757900000003e-06
-22.262900000000002 1.2011311600000002e-06
-22.2529 7.3443343e-07
-22.2429 4.444654999999999e-07
-22.2329 2.6625061e-07
-22.222900000000003 1.5805158099999995e-07
-22.2129 9.284328500000002e-08
-22.2029 5.3930223e-08
-22.1929 3.10428841e-08
-22.1829 1.7685308400000005e-08
-22.1729 9.979767e-09
-22.1629 5.5750162199999985e-09
-22.152900000000002 3.0813391100000004e-09
-22.1429 1.6874827500000003e-09
-22.1329 9.1439653e-10
-22.1229 4.90339579e-10
-22.112900000000003 2.60143806e-10
-22.102899999999998 1.3672582889999998e-10
-22.0929 7.112050920000002e-11
-22.082900000000002 3.650460469999999e-11
-22.0729 1.8566023820000008e-11
-22.0629 9.275130343000004e-12
-22.0529 4.572038e-12
-22.042900000000003 2.2151630000000005e-12
-22.0329 1.0376589999999999e-12
-22.0229 4.3644239999999993e-13
-22.012900000000002 1.7947109999999997e-13
-22.0029 7.207806000000002e-14
-21.9929 2.3778829999999997e-14
-21.9829 7.105768e-15
-21.972900000000003 3.8486400000000003e-16
-21.9629 0.0
-21.9529 0.0
-21.9429 0.0
-21.9329 0.0
-21.9229 0.0
-21.9129 0.0
-21.902900000000002 0.0
-21.8929 0.0
-21.8829 0.0
-21.8729 0.0
-21.862900000000003 0.0
-21.852899999999998 0.0
-21.8429 0.0
-21.832900000000002 0.0
-21.8229 0.0
-21.8129 0.0
-21.8029 0.0
-21.792900000000003 0.0
-21.7829 0.0
-21.7729 0.0
-21.762900000000002 0.0
-21.7529 0.0
-21.7429 0.0
-21.7329 0.0
-21.722900000000003 0.0
-21.7129 0.0
-21.7029 0.0
-21.6929 0.0
-21.6829 0.0
-21.6729 0.0
-21.6629 0.0
-21.652900000000002 0.0
-21.6429 0.0
-21.6329 0.0
-21.6229 0.0
-21.612900000000003 0.0
-21.602899999999998 0.0
-21.5929 0.0
-21.582900000000002 0.0
-21.5729 0.0
-21.5629 0.0
-21.5529 0.0
-21.542900000000003 0.0
-21.5329 0.0
-21.5229 0.0
-21.512900000000002 0.0
-21.5029 0.0
-21.4929 0.0
-21.4829 0.0
-21.472900000000003 0.0
-21.4629 0.0
-21.4529 0.0
-21.4429 0.0
-21.4329 0.0
-21.4229 0.0
-21.4129 0.0
-21.402900000000002 0.0
-21.3929 0.0
-21.3829 0.0
-21.3729 0.0
-21.362900000000003 0.0
-21.352899999999998 0.0
-21.3429 0.0
-21.332900000000002 0.0
-21.3229 0.0
-21.3129 0.0
-21.3029 0.0
-21.292900000000003 0.0
-21.2829 0.0
-21.2729 0.0
-21.262900000000002 0.0
-21.2529 0.0
-21.2429 0.0
-21.2329 0.0
-21.222900000000003 0.0
-21.2129 0.0
-21.2029 0.0
-21.1929 0.0
-21.1829 0.0
-21.1729 0.0
-21.1629 0.0
-21.152900000000002 0.0
-21.1429 0.0
-21.1329 0.0
-21.1229 0.0
-21.112900000000003 0.0
-21.102899999999998 0.0
-21.0929 0.0
-21.082900000000002 0.0
-21.0729 0.0
-21.0629 0.0
-21.0529 0.0
-21.042900000000003 0.0
-21.0329 0.0
-21.0229 0.0
-21.012900000000002 0.0
-21.0029 0.0
-20.9929 0.0
-20.9829 0.0
-20.972900000000003 0.0
-20.9629 0.0
-20.9529 0.0
-20.9429 0.0
-20.9329 0.0
-20.9229 0.0
-20.9129 0.0
-20.902900000000002 0.0
-20.8929 0.0
-20.8829 0.0
-20.8729 0.0
-20.862900000000003 0.0
-20.852899999999998 0.0
-20.8429 0.0
-20.832900000000002 0.0
-20.8229 0.0
-20.8129 0.0
-20.8029 0.0
-20.792900000000003 0.0
-20.7829 0.0
-20.7729 0.0
-20.762900000000002 0.0
-20.7529 0.0
-20.7429 0.0
-20.7329 0.0
-20.722900000000003 0.0
-20.7129 0.0
-20.7029 0.0
-20.6929 0.0
-20.6829 0.0
-20.6729 0.0
-20.6629 0.0
-20.652900000000002 0.0
-20.6429 0.0
-20.6329 0.0
-20.6229 0.0
-20.612900000000003 0.0
-20.602899999999998 0.0
-20.5929 0.0
-20.582900000000002 0.0
-20.5729 0.0
-20.5629 0.0
-20.5529 0.0
-20.542900000000003 0.0
-20.5329 0.0
-20.5229 0.0
-20.512900000000002 0.0
-20.5029 0.0
-20.4929 0.0
-20.4829 0.0
-20.472900000000003 0.0
-20.4629 0.0
-20.4529 0.0
-20.4429 0.0
-20.4329 0.0
-20.4229 0.0
-20.4129 0.0
-20.402900000000002 0.0
-20.3929 0.0
-20.3829 0.0
-20.3729 0.0
-20.3629 1.63803857e-14
-20.3529 3.42292141e-14
-20.3429 1.04912242e-13
-20.332900000000002 2.16440689e-13
-20.3229 4.4067234000000004e-13
-20.3129 9.0660002e-13
-20.3029 1.8064974699999997e-12
-20.2929 3.5729049e-12
-20.2829 6.9827635000000004e-12
-20.2729 1.36278533e-11
-20.262900000000002 2.601800485589999e-11
-20.2529 4.9552474308300004e-11
-20.2429 9.2897990536e-11
-20.2329 1.7296468968999997e-10
-20.222900000000003 3.1639832393999994e-10
-20.2129 5.758304703700002e-10
-20.2029 1.0363018295399998e-09
-20.1929 1.8479713901000001e-09
-20.1829 3.2443179932000005e-09
-20.1729 5.6658819249e-09
-20.1629 9.761847411000001e-09
-20.152900000000002 1.6687339319999996e-08
-20.1429 2.8181925869e-08
-20.1329 4.7129482119999984e-08
-20.1229 7.815636537e-08
-20.1129 1.2790795122999996e-07
-20.1029 2.0805389120000004e-07
-20.0929 3.3306098910000005e-07
-20.082900000000002 5.301613179999997e-07
-20.0729 8.345476140999998e-07
-20.0629 1.3013780382e-06
-20.0529 2.0059920580000006e-06
-20.0429 3.068356e-06
-20.0329 4.651964922e-06
-20.0229 6.962536158999999e-06
-20.012900000000002 1.035577644e-05
-20.0029 1.5238608109999998e-05
-19.9929 2.2166490370000005e-05
-19.9829 3.207286066e-05
-19.972900000000003 4.589673890000001e-05
-19.9629 6.501241559999998e-05
-19.9529 9.13958959e-05
-19.9429 0.00012743148920000004
-19.9329 0.00017600536099999996
-19.9229 0.000241315888
-19.9129 0.000327492333
-19.902900000000002 0.00044081767100000006
-19.8929 0.0005891919179999998
-19.8829 0.0007804598370000001
-19.8729 0.00102592925
-19.8629 0.0013386769100000003
-19.8529 0.00173261044
-19.8429 0.002224114329999999
-19.832900000000002 0.00283672604
-19.8229 0.0035916557399999984
-19.8129 0.004515973300000001
-19.8029 0.0056338294
-19.7929 0.006974811800000003
-19.7829 0.008580577599999998
-19.7729 0.010487296699999997
-19.762900000000002 0.0127214486
-19.7529 0.0153412009
-19.7429 0.018324556
-19.7329 0.021865576
-19.722900000000003 0.025753129
-19.7129 0.030318416999999997
-19.7029 0.03531879400000001
-19.6929 0.040963433
-19.6829 0.047149240999999995
-19.6729 0.05408415400000001
-19.6629 0.06151412
-19.652900000000002 0.06971672000000001
-19.6429 0.07849859000000002
-19.6329 0.08787447000000001
-19.6229 0.09789015000000001
-19.6129 0.10855294999999998
-19.6029 0.11974447000000002
-19.5929 0.13152567999999998
-19.582900000000002 0.14387563
-19.5729 0.15649467
-19.5629 0.16962172000000003
-19.5529 0.18320819
-19.5429 0.19704421
-19.5329 0.21113144999999997
-19.5229 0.22549632000000006
-19.512900000000002 0.23973511
-19.5029 0.25466020000000006
-19.4929 0.26914360000000004
-19.4829 0.28408869999999997
-19.472900000000003 0.29872439999999995
-19.4629 0.31332750000000004
-19.4529 0.32812949999999996
-19.4429 0.3426444
-19.4329 0.3569897000000001
-19.4229 0.3715448
-19.4129 0.38569849999999983
-19.402900000000002 0.40021919999999994
-19.3929 0.41455260000000005
-19.3829 0.4285839000000002
-19.3729 0.4430266
-19.3629 0.4571841
-19.3529 0.47103880000000004
-19.3429 0.48540629999999985
-19.332900000000002 0.4995839999999999
-19.3229 0.5135731
-19.3129 0.5273661999999999
-19.3029 0.5407722999999999
-19.2929 0.5546787
-19.2829 0.568003
-19.2729 0.581139
-19.262900000000002 0.5938838999999999
-19.2529 0.6059379
-19.2429 0.6180227
-19.2329 0.6292074
-19.222900000000003 0.6405216
-19.2129 0.6510347999999999
-19.2029 0.6612822
-19.1929 0.671059
-19.1829 0.6803310000000001
-19.1729 0.6895320000000001
-19.1629 0.6984490000000002
-19.152900000000002 0.7072019999999998
-19.1429 0.715751
-19.1329 0.724535
-19.1229 0.7332259999999999
-19.1129 0.7424560000000002
-19.1029 0.7519940000000002
-19.0929 0.7618750000000001
-19.082900000000002 0.772663
-19.0729 0.7843910000000002
-19.0629 0.796948
-19.0529 0.8108589999999998
-19.0429 0.8259129999999998
-19.0329 0.8419920000000001
-19.0229 0.8593479999999999
-19.012900000000002 0.87812
-19.0029 0.8978830000000001
-18.9929 0.9183730000000001
-18.9829 0.9398270000000001
-18.972900000000003 0.9619269999999999
-18.9629 0.9844870000000001
-18.9529 1.0065739999999999
-18.9429 1.0285039999999999
-18.9329 1.0497800000000002
-18.9229 1.0703679999999998
-18.9129 1.0898739999999998
-18.902900000000002 1.1079030000000003
-18.8929 1.1248650000000002
-18.8829 1.1404329999999998
-18.8729 1.154376
-18.8629 1.1670299999999998
-18.8529 1.177701
-18.8429 1.1874889999999998
-18.832900000000002 1.195825
-18.8229 1.2030770000000002
-18.8129 1.2092
-18.8029 1.2144779999999997
-18.7929 1.2189520000000003
-18.7829 1.2230999999999999
-18.7729 1.2267339999999998
-18.762900000000002 1.2299120000000001
-18.7529 1.2332850000000002
-18.7429 1.2362680000000001
-18.7329 1.2392550000000002
-18.722900000000003 1.2427320000000002
-18.7129 1.246644
-18.7029 1.2507629999999998
-18.6929 1.2541859999999998
-18.6829 1.2590360000000005
-18.6729 1.263312
-18.6629 1.2677180000000001
-18.652900000000002 1.2729409999999997
-18.6429 1.2772960000000002
-18.6329 1.2810890000000001
-18.6229 1.2846759999999997
-18.6129 1.2880880000000003
-18.6029 1.290718
-18.5929 1.292128
-18.582900000000002 1.2930659999999998
-18.5729 1.292857
-18.5629 1.2907600000000001
-18.5529 1.288018
-18.5429 1.284548
-18.5329 1.279437
-18.5229 1.273657
-18.512900000000002 1.2646499999999998
-18.5029 1.255903
-18.4929 1.24573
-18.4829 1.234477
-18.472900000000003 1.223966
-18.4629 1.211152
-18.4529 1.198715
-18.4429 1.1862179999999998
-18.4329 1.1734069999999999
-18.4229 1.1628999999999998
-18.4129 1.1500329999999999
-18.402900000000002 1.140839
-18.3929 1.1301569999999999
-18.3829 1.1220799999999997
-18.3729 1.114327
-18.3629 1.1078219999999999
-18.3529 1.1027959999999999
-18.3429 1.097918
-18.332900000000002 1.0944340000000001
-18.3229 1.092061
-18.3129 1.0898910000000002
-18.3029 1.0879830000000001
-18.2929 1.0857660000000002
-18.2829 1.0837370000000002
-18.2729 1.0826800000000003
-18.262900000000002 1.0803820000000002
-18.2529 1.079634
-18.2429 1.075979
-18.2329 1.075997
-18.222900000000003 1.0760759999999998
-18.2129 1.0759329999999998
-18.2029 1.0767890000000002
-18.1929 1.079671
-18.1829 1.085746
-18.1729 1.092955
-18.1629 1.1028840000000004
-18.152900000000002 1.116274
-18.1429 1.131991
-18.1329 1.1521719999999998
-18.1229 1.175327
-18.1129 1.2008340000000002
-18.1029 1.2305279999999998
-18.0929 1.264384
-18.082900000000002 1.2998969999999999
-18.0729 1.3377039999999998
-18.0629 1.3800810000000003
-18.0529 1.4243360000000003
-18.0429 1.473606
-18.0329 1.5232350000000001
-18.0229 1.575675
-18.012900000000002 1.6286039999999997
-18.0029 1.6875539999999998
-17.9929 1.7469579999999996
-17.9829 1.80974
-17.972900000000003 1.8772980000000001
-17.9629 1.9446620000000001
-17.9529 2.016784
-17.9429 2.0874449999999993
-17.9329 2.1640430000000004
-17.9229 2.242997
-17.9129 2.319899
-17.902900000000002 2.401821
-17.8929 2.481259
-17.8829 2.562298999999999
-17.8729 2.641824
-17.8629 2.718619000000001
-17.8529 2.7903840000000004
-17.8429 2.8597919999999992
-17.832900000000002 2.9228100000000006
-17.8229 2.979779
-17.8129 3.026863
-17.8029 3.0706480000000003
-17.7929 3.1037369999999993
-17.7829 3.1263299999999994
-17.7729 3.1411270000000004
-17.762900000000002 3.1480920000000006
-17.7529 3.1468049999999996
-17.7429 3.134729
-17.7329 3.1174649999999997
-17.722900000000003 3.0963400000000005
-17.7129 3.066172999999999
-17.7029 3.0333700000000006
-17.6929 3.0004840000000006
-17.6829 2.9673849999999997
-17.6729 2.9343320000000004
-17.6629 2.9028290000000005
-17.652900000000002 2.8763029999999987
-17.6429 2.8520769999999986
-17.6329 2.832858
-17.6229 2.8198570000000003
-17.6129 2.8130119999999996
-17.6029 2.8109539
-17.5929 2.816102300000001
-17.582900000000002 2.8249828000000003
-17.5729 2.8413082999999997
-17.5629 2.8573728000000003
-17.5529 2.8766594
-17.5429 2.8964648000000004
-17.5329 2.9143680999999995
-17.5229 2.9345472999999997
-17.512900000000002 2.9473810999999994
-17.5029 2.9580486
-17.4929 2.9610195999999998
-17.4829 2.9571841
-17.472900000000003 2.9441131000000014
-17.4629 2.9196104000000007
-17.4529 2.8839308999999993
-17.4429 2.8385939999999996
-17.4329 2.7814577999999996
-17.4229 2.7126403999999993
-17.4129 2.630720180000001
-17.402900000000002 2.53835726
-17.3929 2.43822922
-17.3829 2.32722594
-17.3729 2.2060332199999992
-17.3629 2.08063914
-17.3529 1.95149849
-17.3429 1.82023318
-17.332900000000002 1.6851260799999996
-17.3229 1.5532033
-17.3129 1.4206466400000004
-17.3029 1.2917342899999997
-17.2929 1.1683260399999997
-17.2829 1.0501527
-17.2729 0.9382687599999998
-17.262900000000002 0.8339594200000001
-17.2529 0.7374829700000002
-17.2429 0.6494011299999999
-17.2329 0.56830868
-17.222900000000003 0.49467333999999996
-17.2129 0.4278883899999999
-17.2029 0.3693055500000001
-17.1929 0.31684143
-17.1829 0.27064171000000004
-17.1729 0.22988079
-17.1629 0.19442918
-17.152900000000002 0.16351815
-17.1429 0.13689986999999998
-17.1329 0.11386513000000002
-17.1229 0.09431162399999998
-17.1129 0.07753979199999998
-17.1029 0.06344854599999998
-17.0929 0.051480486
-17.082900000000002 0.041565259999999986
-17.0729 0.033285851000000005
-17.0629 0.026477469999999996
-17.0529 0.020871332
-17.0429 0.016342983999999998
-17.0329 0.012697033000000002
-17.0229 0.0097728771
-17.012900000000002 0.007465355
-17.0029 0.0056506784
-16.9929 0.0042373442
-16.9829 0.0031512981
-16.972900000000003 0.0023203012000000004
-16.9629 0.00168858301
-16.9529 0.0012197371100000007
-16.9429 0.0008717134799999999
-16.9329 0.0006182582499999998
-16.9229 0.00043267263099999997
-16.9129 0.000301182553
-16.902900000000002 0.00020736286300000005
-16.8929 0.00014074746199999996
-16.8829 9.4830576e-05
-16.8729 6.329209979999999e-05
-16.8629 4.16797972e-05
-16.8529 2.7195952199999997e-05
-16.8429 1.7619804299999993e-05
-16.832900000000002 1.127528305e-05
-16.8229 7.14020874e-06
-16.8129 4.471369429999999e-06
-16.8029 2.7765179900000003e-06
-16.7929 1.7020779319999998e-06
-16.7829 1.0334838510000001e-06
-16.7729 6.215337300000001e-07
-16.762900000000002 3.7002263080000005e-07
-16.7529 2.1698117950000004e-07
-16.7429 1.2641160260000002e-07
-16.7329 7.28086776e-08
-16.722900000000003 4.152436665999999e-08
-16.7129 2.3443026500000007e-08
-16.7029 1.3063416773e-08
-16.6929 7.211895271999998e-09
-16.6829 3.940966609999998e-09
-16.6729 2.1319219826999994e-09
-16.6629 1.139355369908e-09
-16.652900000000002 6.024879809001717e-10
-16.6429 3.1547475e-10
-16.6329 1.6337460000000002e-10
-16.6229 8.373810399999999e-11
-16.6129 4.2393259e-11
-16.6029 2.1241021000000004e-11
-16.5929 1.05282712e-11
-16.582900000000002 5.0741976000000006e-12
-16.5729 2.4637932e-12
-16.5629 1.1080494499999998e-12
-16.5529 3.775821100000001e-13
-16.5429 1.04990981e-13
-16.5329 0.0
-16.5229 0.0
-16.512900000000002 0.0
-16.5029 0.0
-16.4929 0.0
-16.4829 0.0
-16.472900000000003 0.0
-16.4629 0.0
-16.4529 0.0
-16.4429 0.0
-16.4329 0.0
-16.4229 0.0
-16.4129 0.0
-16.402900000000002 0.0
-16.3929 0.0
-16.3829 0.0
-16.3729 0.0
-16.3629 0.0
-16.3529 0.0
-16.3429 0.0
-16.332900000000002 0.0
-16.3229 0.0
-16.3129 0.0
-16.3029 0.0
-16.2929 0.0
-16.2829 0.0
-16.2729 0.0
-16.262900000000002 0.0
-16.2529 0.0
-16.2429 0.0
-16.2329 0.0
-16.2229 0.0
-16.2129 0.0
-16.2029 0.0
-16.1929 0.0
-16.1829 0.0
-16.172900000000002 0.0
-16.1629 0.0
-16.152900000000002 0.0
-16.1429 0.0
-16.1329 0.0
-16.1229 0.0
-16.1129 0.0
-16.1029 0.0
-16.0929 0.0
-16.082900000000002 0.0
-16.0729 0.0
-16.0629 0.0
-16.0529 0.0
-16.0429 0.0
-16.0329 0.0
-16.0229 0.0
-16.012900000000002 0.0
-16.0029 0.0
-15.9929 0.0
-15.9829 0.0
-15.972900000000001 0.0
-15.962900000000001 0.0
-15.9529 0.0
-15.942900000000002 0.0
-15.9329 0.0
-15.9229 0.0
-15.9129 0.0
-15.9029 0.0
-15.892900000000001 0.0
-15.882900000000001 0.0
-15.872900000000001 0.0
-15.8629 0.0
-15.852900000000002 0.0
-15.8429 0.0
-15.8329 0.0
-15.8229 0.0
-15.8129 0.0
-15.802900000000001 0.0
-15.792900000000001 0.0
-15.782900000000001 0.0
-15.7729 0.0
-15.7629 0.0
-15.7529 0.0
-15.7429 0.0
-15.7329 0.0
-15.722900000000001 0.0
-15.712900000000001 0.0
-15.7029 0.0
-15.692900000000002 0.0
-15.6829 0.0
-15.6729 0.0
-15.6629 0.0
-15.6529 0.0
-15.642900000000001 0.0
-15.632900000000001 0.0
-15.622900000000001 0.0
-15.6129 0.0
-15.602900000000002 0.0
-15.5929 0.0
-15.5829 0.0
-15.5729 0.0
-15.5629 0.0
-15.552900000000001 0.0
-15.542900000000001 0.0
-15.532900000000001 0.0
-15.5229 0.0
-15.5129 0.0
-15.5029 0.0
-15.4929 0.0
-15.4829 0.0
-15.472900000000001 0.0
-15.462900000000001 0.0
-15.4529 0.0
-15.442900000000002 0.0
-15.4329 0.0
-15.4229 0.0
-15.4129 0.0
-15.4029 0.0
-15.392900000000001 0.0
-15.382900000000001 0.0
-15.372900000000001 0.0
-15.3629 0.0
-15.352900000000002 0.0
-15.3429 0.0
-15.3329 0.0
-15.3229 0.0
-15.3129 0.0
-15.302900000000001 0.0
-15.292900000000001 0.0
-15.282900000000001 0.0
-15.2729 0.0
-15.2629 0.0
-15.2529 0.0
-15.2429 0.0
-15.2329 0.0
-15.222900000000001 0.0
-15.212900000000001 0.0
-15.2029 0.0
-15.192900000000002 0.0
-15.1829 0.0
-15.1729 0.0
-15.1629 0.0
-15.1529 0.0
-15.142900000000001 0.0
-15.132900000000001 0.0
-15.122900000000001 0.0
-15.1129 0.0
-15.102900000000002 0.0
-15.0929 0.0
-15.0829 0.0
-15.0729 0.0
-15.0629 0.0
-15.052900000000001 0.0
-15.042900000000001 0.0
-15.032900000000001 0.0
-15.0229 0.0
-15.0129 0.0
-15.0029 0.0
-14.9929 0.0
-14.9829 0.0
-14.972900000000001 0.0
-14.962900000000001 0.0
-14.9529 0.0
-14.942900000000002 0.0
-14.9329 0.0
-14.9229 0.0
-14.9129 0.0
-14.9029 0.0
-14.892900000000001 0.0
-14.882900000000001 0.0
-14.872900000000001 0.0
-14.8629 0.0
-14.852900000000002 0.0
-14.8429 0.0
-14.8329 0.0
-14.8229 0.0
-14.8129 0.0
-14.802900000000001 0.0
-14.792900000000001 0.0
-14.782900000000001 0.0
-14.7729 0.0
-14.7629 0.0
-14.7529 0.0
-14.7429 0.0
-14.7329 0.0
-14.722900000000001 0.0
-14.712900000000001 0.0
-14.7029 0.0
-14.692900000000002 0.0
-14.6829 0.0
-14.6729 0.0
-14.6629 0.0
-14.6529 0.0
-14.642900000000001 0.0
-14.632900000000001 0.0
-14.622900000000001 0.0
-14.6129 0.0
-14.602900000000002 0.0
-14.5929 0.0
-14.5829 0.0
-14.5729 0.0
-14.5629 0.0
-14.552900000000001 0.0
-14.542900000000001 0.0
-14.532900000000001 0.0
-14.5229 0.0
-14.5129 0.0
-14.5029 0.0
-14.4929 0.0
-14.4829 0.0
-14.472900000000001 0.0
-14.462900000000001 0.0
-14.4529 0.0
-14.442900000000002 0.0
-14.4329 0.0
-14.4229 0.0
-14.4129 0.0
-14.4029 0.0
-14.392900000000001 0.0
-14.382900000000001 0.0
-14.372900000000001 0.0
-14.3629 0.0
-14.3529 0.0
-14.3429 0.0
-14.3329 0.0
-14.3229 0.0
-14.3129 0.0
-14.302900000000001 0.0
-14.292900000000001 0.0
-14.282900000000001 0.0
-14.2729 0.0
-14.2629 0.0
-14.2529 0.0
-14.2429 0.0
-14.2329 0.0
-14.222900000000001 0.0
-14.212900000000001 0.0
-14.202900000000001 0.0
-14.192900000000002 0.0
-14.1829 0.0
-14.1729 0.0
-14.1629 0.0
-14.1529 0.0
-14.142900000000001 0.0
-14.132900000000001 0.0
-14.122900000000001 0.0
-14.1129 0.0
-14.1029 0.0
-14.0929 0.0
-14.0829 0.0
-14.0729 0.0
-14.0629 0.0
-14.052900000000001 0.0
-14.042900000000001 0.0
-14.032900000000001 0.0
-14.0229 0.0
-14.0129 0.0
-14.0029 0.0
-13.9929 0.0
-13.9829 0.0
-13.972900000000001 0.0
-13.962900000000001 0.0
-13.952900000000001 0.0
-13.942900000000002 0.0
-13.9329 0.0
-13.9229 0.0
-13.9129 0.0
-13.9029 0.0
-13.892900000000001 0.0
-13.882900000000001 0.0
-13.872900000000001 0.0
-13.8629 0.0
-13.8529 0.0
-13.8429 0.0
-13.8329 0.0
-13.8229 0.0
-13.8129 0.0
-13.802900000000001 0.0
-13.792900000000001 0.0
-13.782900000000001 0.0
-13.7729 0.0
-13.7629 0.0
-13.7529 0.0
-13.7429 0.0
-13.7329 0.0
-13.722900000000001 0.0
-13.712900000000001 0.0
-13.702900000000001 0.0
-13.692900000000002 0.0
-13.6829 0.0
-13.6729 0.0
-13.6629 0.0
-13.6529 0.0
-13.642900000000001 0.0
-13.632900000000001 0.0
-13.622900000000001 0.0
-13.6129 0.0
-13.6029 0.0
-13.5929 0.0
-13.5829 0.0
-13.5729 0.0
-13.5629 0.0
-13.552900000000001 0.0
-13.542900000000001 0.0
-13.532900000000001 0.0
-13.5229 0.0
-13.5129 0.0
-13.5029 0.0
-13.4929 0.0
-13.4829 0.0
-13.472900000000001 0.0
-13.462900000000001 0.0
-13.452900000000001 0.0
-13.442900000000002 0.0
-13.4329 0.0
-13.4229 0.0
-13.4129 0.0
-13.4029 0.0
-13.392900000000001 0.0
-13.382900000000001 0.0
-13.372900000000001 0.0
-13.3629 0.0
-13.3529 0.0
-13.3429 0.0
-13.3329 0.0
-13.3229 0.0
-13.3129 0.0
-13.302900000000001 0.0
-13.292900000000001 0.0
-13.282900000000001 0.0
-13.2729 0.0
-13.2629 0.0
-13.2529 0.0
-13.2429 0.0
-13.2329 0.0
-13.222900000000001 0.0
-13.212900000000001 0.0
-13.202900000000001 0.0
-13.192900000000002 0.0
-13.1829 0.0
-13.1729 0.0
-13.1629 0.0
-13.1529 0.0
-13.142900000000001 0.0
-13.132900000000001 0.0
-13.122900000000001 0.0
-13.1129 0.0
-13.1029 0.0
-13.0929 0.0
-13.0829 0.0
-13.0729 0.0
-13.0629 0.0
-13.052900000000001 0.0
-13.042900000000001 0.0
-13.032900000000001 0.0
-13.0229 0.0
-13.0129 0.0
-13.0029 0.0
-12.9929 0.0
-12.9829 0.0
-12.972900000000001 0.0
-12.962900000000001 0.0
-12.952900000000001 0.0
-12.942900000000002 0.0
-12.9329 0.0
-12.9229 0.0
-12.9129 0.0
-12.9029 0.0
-12.892900000000001 0.0
-12.882900000000001 0.0
-12.872900000000001 0.0
-12.862900000000002 0.0
-12.8529 0.0
-12.8429 0.0
-12.8329 0.0
-12.8229 0.0
-12.8129 0.0
-12.802900000000001 0.0
-12.792900000000001 0.0
-12.782900000000001 0.0
-12.7729 0.0
-12.7629 0.0
-12.7529 0.0
-12.7429 0.0
-12.7329 0.0
-12.722900000000001 0.0
-12.712900000000001 0.0
-12.702900000000001 0.0
-12.6929 0.0
-12.6829 0.0
-12.6729 0.0
-12.6629 0.0
-12.6529 0.0
-12.642900000000001 0.0
-12.632900000000001 0.0
-12.622900000000001 0.0
-12.612900000000002 0.0
-12.6029 0.0
-12.5929 0.0
-12.5829 0.0
-12.5729 0.0
-12.5629 0.0
-12.552900000000001 0.0
-12.542900000000001 0.0
-12.532900000000001 0.0
-12.5229 0.0
-12.5129 0.0
-12.5029 0.0
-12.4929 0.0
-12.4829 0.0
-12.472900000000001 0.0
-12.462900000000001 0.0
-12.452900000000001 0.0
-12.4429 0.0
-12.4329 0.0
-12.4229 0.0
-12.4129 0.0
-12.4029 0.0
-12.392900000000001 0.0
-12.382900000000001 0.0
-12.372900000000001 0.0
-12.362900000000002 0.0
-12.3529 0.0
-12.3429 0.0
-12.3329 0.0
-12.3229 0.0
-12.3129 0.0
-12.302900000000001 0.0
-12.292900000000001 0.0
-12.282900000000001 0.0
-12.2729 0.0
-12.2629 0.0
-12.2529 0.0
-12.2429 0.0
-12.2329 0.0
-12.222900000000001 0.0
-12.212900000000001 0.0
-12.202900000000001 0.0
-12.1929 0.0
-12.1829 0.0
-12.1729 0.0
-12.1629 0.0
-12.1529 0.0
-12.142900000000001 0.0
-12.132900000000001 0.0
-12.122900000000001 0.0
-12.112900000000002 0.0
-12.1029 0.0
-12.0929 0.0
-12.0829 0.0
-12.0729 0.0
-12.0629 0.0
-12.052900000000001 0.0
-12.042900000000001 0.0
-12.032900000000001 0.0
-12.0229 0.0
-12.0129 0.0
-12.0029 0.0
-11.9929 0.0
-11.9829 0.0
-11.972900000000001 0.0
-11.962900000000001 0.0
-11.952900000000001 0.0
-11.9429 0.0
-11.9329 0.0
-11.9229 0.0
-11.9129 0.0
-11.9029 0.0
-11.892900000000001 0.0
-11.882900000000001 0.0
-11.872900000000001 0.0
-11.8629 0.0
-11.8529 0.0
-11.8429 0.0
-11.8329 0.0
-11.8229 0.0
-11.8129 0.0
-11.802900000000001 0.0
-11.792900000000001 0.0
-11.782900000000001 0.0
-11.7729 0.0
-11.7629 0.0
-11.7529 0.0
-11.7429 0.0
-11.7329 0.0
-11.722900000000001 0.0
-11.712900000000001 0.0
-11.702900000000001 0.0
-11.692900000000002 0.0
-11.6829 0.0
-11.6729 0.0
-11.6629 0.0
-11.6529 0.0
-11.642900000000001 0.0
-11.632900000000001 0.0
-11.622900000000001 0.0
-11.6129 0.0
-11.6029 0.0
-11.5929 0.0
-11.5829 0.0
-11.5729 0.0
-11.5629 2.0476272e-14
-11.552900000000001 7.400261e-14
-11.542900000000001 1.5421887e-13
-11.532900000000001 3.9566910000000006e-13
-11.5229 8.422414000000001e-13
-11.5129 1.7377773e-12
-11.5029 3.497041e-12
-11.4929 6.981194000000001e-12
-11.4829 1.3914659000000001e-11
-11.472900000000001 2.726866e-11
-11.462900000000001 5.285174e-11
-11.452900000000001 1.0091520000000002e-10
-11.442900000000002 1.9130324999999998e-10
-11.4329 3.571181e-10
-11.4229 6.607952947499999e-10
-11.4129 1.2123205293799997e-09
-11.4029 2.2014106939e-09
-11.392900000000001 3.9471898947000006e-09
-11.382900000000001 7.0055736781e-09
-11.372900000000001 1.2340656121e-08
-11.3629 2.1455853845e-08
-11.3529 3.7012847556999995e-08
-11.3429 6.312624456599999e-08
-11.3329 1.0657679144000001e-07
-11.3229 1.7784597665999998e-07
-11.3129 2.9451709243e-07
-11.302900000000001 4.822377199999999e-07
-11.292900000000001 7.833024563e-07
-11.282900000000001 1.2555802945999998e-06
-11.2729 1.9996860076999993e-06
-11.2629 3.1441062970000004e-06
-11.2529 4.899277991000002e-06
-11.2429 7.566158626999999e-06
-11.2329 1.1554940569000004e-05
-11.222900000000001 1.7447439199999998e-05
-11.212900000000001 2.621623266e-05
-11.202900000000001 3.8788026410000016e-05
-11.192900000000002 5.701996495000001e-05
-11.1829 8.293804650000003e-05
-11.1729 0.00011902716230000002
-11.1629 0.00017021704179999997
-11.1529 0.00024038934699999997
-11.142900000000001 0.00033724980819999995
-11.132900000000001 0.00046776793000000003
-11.122900000000001 0.0006419102029999997
-11.1129 0.000872106326
-11.1029 0.001172307649
-11.0929 0.001564431512
-11.0829 0.0020698623899999997
-11.0729 0.00272070339
-11.0629 0.00352093083
-11.052900000000001 0.004536439629999998
-11.042900000000001 0.005772220600000001
-11.032900000000001 0.0072949409
-11.0229 0.009121866000000003
-11.0129 0.011312415400000005
-11.0029 0.013876554700000002
-10.9929 0.016895586000000004
-10.9829 0.020400453300000003
-10.972900000000001 0.024417674
-10.962900000000001 0.02896403840000001
-10.952900000000001 0.034140067299999986
-10.942900000000002 0.03979901699999999
-10.9329 0.04605285799999998
-10.9229 0.052842506
-10.9129 0.060204034
-10.9029 0.06806046500000001
-10.892900000000001 0.076367889
-10.882900000000001 0.08510210700000001
-10.872900000000001 0.094294385
-10.8629 0.103720352
-10.8529 0.11355122000000001
-10.8429 0.12363467
-10.8329 0.13398248000000001
-10.8229 0.14455395000000004
-10.8129 0.15541147000000005
-10.802900000000001 0.16687127
-10.792900000000001 0.17848393999999998
-10.782900000000001 0.18999607000000004
-10.7729 0.20175259999999998
-10.7629 0.21461977000000002
-10.7529 0.22843520000000006
-10.7429 0.24245744999999994
-10.7329 0.25642566
-10.722900000000001 0.27127557
-10.712900000000001 0.2867390800000001
-10.702900000000001 0.30314559999999996
-10.692900000000002 0.31948869999999996
-10.6829 0.33606920000000007
-10.6729 0.35269519999999993
-10.6629 0.369196
-10.6529 0.3852058999999999
-10.642900000000001 0.4007916000000001
-10.632900000000001 0.41561390000000004
-10.622900000000001 0.42940199999999995
-10.6129 0.4422485999999999
-10.6029 0.4536218999999999
-10.5929 0.4634530999999999
-10.5829 0.47236200000000006
-10.5729 0.4798189000000001
-10.5629 0.48540300000000003
-10.552900000000001 0.4901353
-10.542900000000001 0.49343539999999997
-10.532900000000001 0.4954637000000001
-10.5229 0.49680019999999997
-10.5129 0.4971156000000001
-10.5029 0.4967994
-10.4929 0.49612220000000007
-10.4829 0.4949842
-10.472900000000001 0.49313559999999995
-10.462900000000001 0.4917259
-10.452900000000001 0.4894563000000003
-10.442900000000002 0.4875661
-10.4329 0.48553520000000006
-10.4229 0.4833439999999999
-10.4129 0.48090239999999995
-10.4029 0.4782102
-10.392900000000001 0.47549789999999975
-10.382900000000001 0.47234509999999996
-10.372900000000001 0.4689421000000001
-10.3629 0.4653180000000001
-10.352900000000002 0.461444
-10.3429 0.4572593999999999
-10.3329 0.4526545999999999
-10.3229 0.44788990000000006
-10.3129 0.44274479999999994
-10.302900000000001 0.4376802
-10.292900000000001 0.43250529999999987
-10.282900000000001 0.4269913
-10.2729 0.4220577999999999
-10.2629 0.41687460000000004
-10.2529 0.4121426000000001
-10.2429 0.40766099999999994
-10.2329 0.40363119999999997
-10.222900000000001 0.40019209999999983
-10.212900000000001 0.39729439999999994
-10.2029 0.3950178999999999
-10.192900000000002 0.39308270000000006
-10.1829 0.3921187000000001
-10.1729 0.39146539999999996
-10.1629 0.3914031999999999
-10.1529 0.3918520000000001
-10.142900000000001 0.39284139999999995
-10.132900000000001 0.39374079999999995
-10.122900000000001 0.3952502
-10.1129 0.3965892
-10.102900000000002 0.39795790000000003
-10.0929 0.39879560000000003
-10.0829 0.3994918
-10.0729 0.39940639999999994
-10.0629 0.39839920000000006
-10.052900000000001 0.3970696999999999
-10.042900000000001 0.3941578999999999
-10.032900000000001 0.3903036000000001
-10.0229 0.3853168999999999
-10.0129 0.3791277
-10.0029 0.3716762
-9.9929 0.36294269999999995
-9.9829 0.35351719999999986
-9.972900000000001 0.34312070000000006
-9.962900000000001 0.33199279999999987
-9.9529 0.3204048
-9.942900000000002 0.30858660000000004
-9.9329 0.2964187999999999
-9.9229 0.28447189999999994
-9.9129 0.27259619999999996
-9.9029 0.26127170000000005
-9.892900000000001 0.25091939999999996
-9.882900000000001 0.24087850000000005
-9.872900000000001 0.23200979999999993
-9.8629 0.2237425999999999
-9.852900000000002 0.21645749999999994
-9.8429 0.2101341
-9.8329 0.20441229999999996
-9.8229 0.19974179999999997
-9.8129 0.19572170000000005
-9.802900000000001 0.19217309999999999
-9.792900000000001 0.18932469999999996
-9.782900000000001 0.1868266
-9.7729 0.18475829999999988
-9.7629 0.18288010000000002
-9.7529 0.18099140000000002
-9.7429 0.17940210000000006
-9.7329 0.1776917
-9.722900000000001 0.17575040000000008
-9.712900000000001 0.17375789999999997
-9.7029 0.1714139
-9.692900000000002 0.16882850000000005
-9.6829 0.16592169999999998
-9.6729 0.16257280000000002
-9.6629 0.15901279999999998
-9.6529 0.1551905
-9.642900000000001 0.15080699999999997
-9.632900000000001 0.14638100000000007
-9.622900000000001 0.1411562
-9.6129 0.13592850000000004
-9.602900000000002 0.13041360000000002
-9.5929 0.12445370000000001
-9.5829 0.11846500000000001
-9.5729 0.11243150000000003
-9.5629 0.10641579999999999
-9.552900000000001 0.10042419999999999
-9.542900000000001 0.09451800000000002
-9.532900000000001 0.08873249999999998
-9.5229 0.08319050000000001
-9.5129 0.07792619999999999
-9.5029 0.0729981
-9.4929 0.0684277
-9.4829 0.06426
-9.472900000000001 0.060506199999999996
-9.462900000000001 0.0571491
-9.4529 0.054257200000000005
-9.442900000000002 0.051727199999999994
-9.4329 0.049617600000000005
-9.4229 0.0478305
-9.4129 0.046406699999999995
-9.4029 0.0452504
-9.392900000000001 0.04433710000000001
-9.382900000000001 0.043631199999999995
-9.372900000000001 0.04311229999999999
-9.3629 0.0427036
-9.352900000000002 0.042392200000000005
-9.3429 0.042185999999999994
-9.3329 0.04197290000000001
-9.3229 0.0418299
-9.3129 0.041624399999999985
-9.302900000000001 0.041437600000000005
-9.292900000000001 0.04120739999999999
-9.282900000000001 0.0409446
-9.2729 0.0405712
-9.2629 0.0401523
-9.2529 0.039585600000000006
-9.2429 0.038939699999999994
-9.2329 0.038171899999999995
-9.222900000000001 0.03728295999999999
-9.212900000000001 0.03625085000000001
-9.2029 0.03505744000000001
-9.192900000000002 0.033764239999999994
-9.1829 0.032337859999999996
-9.1729 0.030799069999999994
-9.1629 0.0291284
-9.1529 0.02743167
-9.142900000000001 0.025613359999999995
-9.132900000000001 0.023777380000000004
-9.122900000000001 0.0219078
-9.1129 0.02006638
-9.102900000000002 0.018245
-9.0929 0.016495380000000004
-9.0829 0.014810300000000004
-9.0729 0.013235800000000002
-9.0629 0.011737
-9.052900000000001 0.010362870000000005
-9.042900000000001 0.009121149999999995
-9.032900000000001 0.008001010000000003
-9.0229 0.007004800000000002
-9.0129 0.006124389999999999
-9.0029 0.005357099999999999
-8.9929 0.004693509999999998
-8.9829 0.004125630000000001
-8.972900000000001 0.0036406799999999994
-8.962900000000001 0.00322496
-8.9529 0.0028750100000000003
-8.942900000000002 0.002577739999999999
-8.9329 0.0023222300000000006
-8.9229 0.0021011899999999997
-8.9129 0.00190629
-8.9029 0.0017348230000000001
-8.892900000000001 0.00157992
-8.882900000000001 0.001438528
-8.872900000000001 0.0013079169999999998
-8.8629 0.0011867630000000002
-8.852900000000002 0.0010711890000000002
-8.8429 0.0009637780000000001
-8.8329 0.0008617520000000004
-8.8229 0.0007662569999999998
-8.8129 0.000676861
-8.802900000000001 0.0005937840000000001
-8.792900000000001 0.0005172139999999999
-8.782900000000001 0.00044685499999999996
-8.7729 0.0003832361000000001
-8.7629 0.00032596559999999993
-8.7529 0.0002756915
-8.7429 0.0002308136
-8.7329 0.00019182509999999997
-8.722900000000001 0.000158745
-8.712900000000001 0.00013077220000000001
-8.7029 0.00010797740000000001
-8.692900000000002 9.025269999999998e-05
-8.6829 7.792748000000002e-05
-8.6729 7.155904e-05
-8.6629 7.233862e-05
-8.6529 8.27541e-05
-8.642900000000001 0.00010623583
-8.632900000000001 0.00014847219000000008
-8.622900000000001 0.00021712069
-8.6129 0.0003258938
-8.602900000000002 0.0004925842600000002
-8.5929 0.0007411035700000003
-8.5829 0.0011063907900000002
-8.5729 0.0016464411299999997
-8.5629 0.0024173200999999993
-8.552900000000001 0.003519152520000001
-8.542900000000001 0.005072166859999999
-8.532900000000001 0.00723669853
-8.5229 0.010223186319000004
-8.5129 0.014232184829
-8.5029 0.019744431280000006
-8.4929 0.026960938403999997
-8.4829 0.03648279954400001
-8.472900000000001 0.04881133817500003
-8.462900000000001 0.06474846838770001
-8.4529 0.08489588941050001
-8.442900000000002 0.11025628237030001
-8.4329 0.14133097356510002
-8.4229 0.18042388791970002
-8.4129 0.22753888064903002
-8.4029 0.2826763282792099
-8.392900000000001 0.34884058451172
-8.382900000000001 0.42703741019584
-8.372900000000001 0.51626483128984
-8.3629 0.6175319218813069
-8.352900000000002 0.7318320132404761
-8.3429 0.8591798759273731
-8.3329 0.998567750929604
-8.3229 1.1530096001403134
-8.3129 1.3134817568027817
-8.302900000000001 1.4740100867010095
-8.2929 1.65457641929258
-8.282900000000001 1.8351889317007395
-8.2729 2.0158646710298713
-8.262900000000002 2.1865764458505996
-8.2529 2.3573477114657
-8.2429 2.5181838811208
-8.2329 2.669081846349601
-8.222900000000001 2.8100582403629994
-8.212900000000001 2.9311368460959994
-8.2029 3.0323195245240004
-8.192900000000002 3.113642464124001
-8.1829 3.1751344915149984
-8.1729 3.206815272750001
-8.1629 3.22874289265
-8.1529 3.2308914000200004
-8.142900000000001 3.213415431389999
-8.132900000000001 3.1863360904400007
-8.122900000000001 3.1395639199499996
-8.1129 3.0832992331000004
-8.102900000000002 3.0275538678999996
-8.0929 2.9522793823999995
-8.0829 2.8875424885000007
-8.0729 2.8135290791999985
-8.0629 2.750149366299999
-8.052900000000001 2.677646646
-8.0429 2.6158866089999995
-8.032900000000001 2.5651921150000008
-8.0229 2.515768389
-8.012900000000002 2.477737089
-8.0029 2.4414310159999997
-7.992900000000001 2.417548058999999
-7.982900000000001 2.396179926
-7.972900000000001 2.3880699699999997
-7.9629 2.384169940000001
-7.9529000000000005 2.3951644
-7.942900000000001 2.4020232899999994
-7.932900000000001 2.42607347
-7.9229 2.468154700000001
-7.9129000000000005 2.510225579999999
-7.902900000000001 2.56303556
-7.892900000000001 2.6368078400000003
-7.882900000000001 2.7151408499999987
-7.8729000000000005 2.8191910299999994
-7.862900000000001 2.937126699999999
-7.852900000000001 3.0629587
-7.842900000000001 3.2149547000000003
-7.8329 3.3860064
-7.822900000000001 3.5642643
-7.812900000000001 3.7694661
-7.802900000000001 3.9925350999999987
-7.7929 4.230824400000003
-7.782900000000001 4.4838466
-7.772900000000001 4.759267899999999
-7.762900000000001 5.0359591
-7.7529 5.3200081
-7.742900000000001 5.625794500000001
-7.732900000000001 5.911499599999997
-7.722900000000001 6.226458000000003
-7.7129 6.540642599999998
-7.7029000000000005 6.833998500000002
-7.692900000000001 7.1460334
-7.682900000000001 7.437171199999999
-7.6729 7.726676899999999
-7.6629000000000005 8.015115199999999
-7.652900000000001 8.282070000000004
-7.642900000000001 8.557609300000005
-7.632900000000001 8.8117301
-7.6229000000000005 9.054710200000002
-7.612900000000001 9.286536299999996
-7.602900000000001 9.527339999999997
-7.592900000000001 9.746974499999995
-7.5829 9.966022799999998
-7.572900000000001 10.174699000000004
-7.562900000000001 10.392604
-7.552900000000001 10.590568100000002
-7.5429 10.798445099999999
-7.532900000000001 11.016448999999998
-7.522900000000001 11.2448128
-7.512900000000001 11.473877599999996
-7.5029 11.733645300000003
-7.492900000000001 11.994174100000006
-7.482900000000001 12.2856838
-7.472900000000001 12.608207599999997
-7.4629 12.921744500000004
-7.4529000000000005 13.2764133
-7.442900000000001 13.662266099999997
-7.432900000000001 14.039092899999998
-7.4229 14.4770619
-7.4129000000000005 14.905714600000001
-7.402900000000001 15.3751864
-7.392900000000001 15.834963199999995
-7.382900000000001 16.3150709
-7.3729000000000005 16.805198300000004
-7.362900000000001 17.284936699999992
-7.352900000000001 17.754264799999994
-7.342900000000001 18.222920699999996
-7.3329 18.66059550000001
-7.322900000000001 19.056855899999988
-7.312900000000001 19.431674200000007
-7.302900000000001 19.754839300000018
-7.2929 20.025958
-7.282900000000001 20.245092599999996
-7.272900000000001 20.4022848
-7.262900000000001 20.477103000000003
-7.2529 20.4901578
-7.242900000000001 20.440551499999987
-7.232900000000001 20.289411099999988
-7.222900000000001 20.0860544
-7.2129 19.801645599999997
-7.2029000000000005 19.4654597
-7.192900000000001 19.058323700000003
-7.182900000000001 18.620183499999992
-7.1729 18.121586299999997
-7.1629000000000005 17.58197400000001
-7.152900000000001 17.033186700000005
-7.142900000000001 16.464207299999998
-7.132900000000001 15.9054032
-7.1229000000000005 15.327471099999997
-7.112900000000001 14.760468300000005
-7.102900000000001 14.224073699999993
-7.092900000000001 13.7288854
-7.0829 13.2348036
-7.072900000000001 12.7819923
-7.062900000000001 12.370209499999998
-7.052900000000001 12.009846399999997
-7.0429 11.680396
-7.032900000000001 11.392390399999998
-7.022900000000001 11.155412599999996
-7.012900000000001 10.959230399999997
-7.0029 10.804272199999998
-6.992900000000001 10.680208700000003
-6.982900000000001 10.5970169
-6.972900000000001 10.544589899999998
-6.9629 10.5127313
-6.9529000000000005 10.511580699999998
-6.942900000000001 10.511001899999997
-6.932900000000001 10.5308942
-6.9229 10.560953399999999
-6.9129000000000005 10.581371699999998
-6.902900000000001 10.5820219
-6.892900000000001 10.582672000000002
-6.882900000000001 10.5534561
-6.8729000000000005 10.484009999999998
-6.862900000000001 10.394533899999997
-6.852900000000001 10.265093600000005
-6.842900000000001 10.105322199999996
-6.8329 9.885241700000002
-6.822900000000001 9.624957099999998
-6.812900000000001 9.324370300000007
-6.802900000000001 8.983582599999998
-6.7929 8.592631699999997
-6.782900000000001 8.164530099999999
-6.772900000000001 7.717251700000002
-6.762900000000001 7.2521925
-6.7529 6.7599868999999995
-6.742900000000001 6.249947399999999
-6.732900000000001 5.754003799999998
-6.722900000000001 5.252534
-6.7129 4.745403099999999
-6.7029000000000005 4.2736570999999985
-6.692900000000001 3.8274604999999995
-6.682900000000001 3.3925463000000002
-6.6729 2.9903536999999996
-6.6629000000000005 2.6237199999999996
-6.652900000000001 2.2886336000000007
-6.642900000000001 1.9868272000000011
-6.632900000000001 1.7207523999999998
-6.6229000000000005 1.4867252000000002
-6.612900000000001 1.2848698999999995
-6.602900000000001 1.1116672999999995
-6.592900000000001 0.966226
-6.5829 0.8442492
-6.572900000000001 0.7450787000000001
-6.562900000000001 0.6649598
-6.552900000000001 0.6008668000000001
-6.5429 0.5509879
-6.532900000000001 0.5134803
-6.522900000000001 0.4861483
-6.512900000000001 0.4668897999999999
-6.5029 0.4542999
-6.492900000000001 0.4473794
-6.482900000000001 0.44449640000000007
-6.472900000000001 0.44504990000000005
-6.4629 0.4483528000000001
-6.4529000000000005 0.45358109999999996
-6.442900000000001 0.4604417
-6.432900000000001 0.4688037
-6.4229 0.47757030000000006
-6.4129000000000005 0.48734819999999995
-6.402900000000001 0.49763250000000003
-6.392900000000001 0.5083982
-6.382900000000001 0.5199444
-6.3729000000000005 0.5320200999999999
-6.362900000000001 0.5441672000000001
-6.352900000000001 0.5571988999999999
-6.342900000000001 0.5704151000000001
-6.3329 0.5838811
-6.322900000000001 0.5980807000000001
-6.312900000000001 0.6126091000000002
-6.302900000000001 0.627755
-6.2929 0.6432109999999999
-6.282900000000001 0.6587810000000001
-6.272900000000001 0.6750939999999999
-6.262900000000001 0.691114
-6.2529 0.7076900000000004
-6.242900000000001 0.724776
-6.232900000000001 0.7421110000000001
-6.222900000000001 0.7599450000000001
-6.2129 0.7786450000000001
-6.2029000000000005 0.7986620000000001
-6.192900000000001 0.8194700000000001
-6.182900000000001 0.8419780000000002
-6.1729 0.866754
-6.1629000000000005 0.893416
-6.152900000000001 0.9231429999999998
-6.142900000000001 0.9554590000000001
-6.132900000000001 0.9918120000000001
-6.1229000000000005 1.030644
-6.112900000000001 1.0736340000000002
-6.102900000000001 1.1229149999999997
-6.092900000000001 1.174051
-6.0829 1.2294619999999998
-6.072900000000001 1.287722
-6.062900000000001 1.3500470000000002
-6.052900000000001 1.4133239999999998
-6.0429 1.4801019999999998
-6.032900000000001 1.5492239999999997
-6.022900000000001 1.6181500000000002
-6.012900000000001 1.6860819999999996
-6.0029 1.7541660000000003
-5.992900000000001 1.8199280000000002
-5.982900000000001 1.880632
-5.972900000000001 1.9407619999999997
-5.9629 1.9931159999999999
-5.9529000000000005 2.0415819999999996
-5.942900000000001 2.083122
-5.932900000000001 2.1170280000000004
-5.9229 2.1430350000000002
-5.9129000000000005 2.1613970000000005
-5.902900000000001 2.1690260000000006
-5.892900000000001 2.171899
-5.882900000000001 2.1622410000000007
-5.8729000000000005 2.146623999999999
-5.862900000000001 2.1237899999999996
-5.852900000000001 2.0917410000000003
-5.842900000000001 2.054579
-5.8329 2.011599
-5.822900000000001 1.9665510000000004
-5.812900000000001 1.91773
-5.802900000000001 1.8639659999999998
-5.7929 1.8122719999999999
-5.782900000000001 1.7610509999999997
-5.772900000000001 1.7120499999999996
-5.762900000000001 1.6638549999999999
-5.7529 1.6228860000000005
-5.742900000000001 1.583143
-5.732900000000001 1.5491289999999995
-5.722900000000001 1.5206240000000002
-5.7129 1.4981109999999997
-5.7029000000000005 1.4815139999999998
-5.692900000000001 1.4702230000000005
-5.682900000000001 1.464732
-5.6729 1.4665650000000001
-5.6629000000000005 1.4722389999999996
-5.652900000000001 1.4831570000000005
-5.642900000000001 1.498032
-5.632900000000001 1.518402
-5.6229000000000005 1.5411
-5.612900000000001 1.5650600000000001
-5.602900000000001 1.5925500000000004
-5.592900000000001 1.6234060000000001
-5.5829 1.6492540000000002
-5.572900000000001 1.680842
-5.562900000000001 1.710105
-5.552900000000001 1.7389210000000002
-5.5429 1.7641119999999997
-5.532900000000001 1.789309
-5.522900000000001 1.811798
-5.512900000000001 1.8311899999999999
-5.5029 1.852173
-5.492900000000001 1.868457
-5.482900000000001 1.8835229999999996
-5.472900000000001 1.898611999999999
-5.4629 1.9144939999999995
-5.4529000000000005 1.9298629999999994
-5.442900000000001 1.947487
-5.432900000000001 1.9628209999999995
-5.4229 1.983964999999999
-5.4129000000000005 2.006379
-5.402900000000001 2.0350349999999997
-5.392900000000001 2.0631129999999995
-5.382900000000001 2.097432
-5.3729000000000005 2.135996
-5.362900000000001 2.17593
-5.352900000000001 2.217952
-5.342900000000001 2.2662210000000003
-5.3329 2.313235
-5.322900000000001 2.364720000000001
-5.312900000000001 2.4173329999999993
-5.302900000000001 2.4656220000000006
-5.2929 2.515906
-5.282900000000001 2.564526000000001
-5.272900000000001 2.6089400000000005
-5.262900000000001 2.6506950000000002
-5.2529 2.689003999999999
-5.242900000000001 2.722144
-5.232900000000001 2.7490670000000006
-5.222900000000001 2.775391000000001
-5.2129 2.794737
-5.2029000000000005 2.8064359999999997
-5.192900000000001 2.8167980000000004
-5.182900000000001 2.821714
-5.1729 2.8217940000000006
-5.1629000000000005 2.8148909999999994
-5.152900000000001 2.8120640000000003
-5.142900000000001 2.8015440000000003
-5.132900000000001 2.786464
-5.1229000000000005 2.771694
-5.112900000000001 2.7536339999999995
-5.102900000000001 2.7332449999999997
-5.092900000000001 2.7131410000000002
-5.0829 2.690706999999999
-5.072900000000001 2.6694180000000003
-5.062900000000001 2.647392
-5.052900000000001 2.627693999999999
-5.0429 2.605193
-5.032900000000001 2.5877899999999996
-5.022900000000001 2.570505
-5.012900000000001 2.556132
-5.0029 2.5457920000000005
-4.992900000000001 2.5386630000000006
-4.982900000000001 2.5361729999999993
-4.972900000000001 2.5360950000000004
-4.9629 2.5438520000000002
-4.9529000000000005 2.5547489999999997
-4.942900000000001 2.5715859999999995
-4.932900000000001 2.5931369999999996
-4.9229 2.622238
-4.9129000000000005 2.6533700000000002
-4.902900000000001 2.6900450000000005
-4.892900000000001 2.7307580000000002
-4.882900000000001 2.773672
-4.8729000000000005 2.8203259999999992
-4.862900000000001 2.8673059999999997
-4.852900000000001 2.914403
-4.842900000000001 2.9613050000000007
-4.8329 3.005818999999999
-4.822900000000001 3.047925
-4.812900000000001 3.0847319999999985
-4.802900000000001 3.1187359999999993
-4.7929 3.145325000000001
-4.782900000000001 3.169187
-4.772900000000001 3.182431000000001
-4.762900000000001 3.189754000000001
-4.7529 3.192056
-4.742900000000001 3.1884159999999997
-4.732900000000001 3.174163
-4.722900000000001 3.157696000000001
-4.7129 3.133676
-4.7029000000000005 3.107554
-4.692900000000001 3.0769199999999994
-4.682900000000001 3.0435760000000007
-4.6729 3.0082120000000003
-4.6629000000000005 2.9715229999999995
-4.652900000000001 2.9322549999999987
-4.642900000000001 2.897186
-4.632900000000001 2.863295
-4.6229000000000005 2.830223
-4.612900000000001 2.799461000000001
-4.602900000000001 2.7688720000000004
-4.592900000000001 2.7424269999999993
-4.5829 2.7195750000000003
-4.572900000000001 2.696829
-4.562900000000001 2.6751790000000004
-4.552900000000001 2.660555
-4.5429 2.6421030000000005
-4.532900000000001 2.626687000000001
-4.522900000000001 2.6111630000000012
-4.512900000000001 2.599169
-4.5029 2.5831280000000008
-4.492900000000001 2.5709250000000003
-4.482900000000001 2.557999000000001
-4.472900000000001 2.5463169999999997
-4.4629 2.5336809999999996
-4.4529000000000005 2.517202999999999
-4.442900000000001 2.507029
-4.432900000000001 2.494423
-4.4229 2.4827250000000007
-4.4129000000000005 2.4730199999999996
-4.402900000000001 2.462873000000001
-4.392900000000001 2.456402
-4.382900000000001 2.449459
-4.372900000000001 2.4459180000000003
-4.3629000000000016 2.444614
-4.3529 2.4465879999999998
-4.3429 2.448305000000001
-4.3329 2.4530330000000005
-4.322900000000001 2.4613779999999994
-4.312900000000001 2.470412
-4.302900000000001 2.480997999999999
-4.292900000000001 2.4930580000000004
-4.2829000000000015 2.5075429999999987
-4.2729 2.5213200000000007
-4.2629 2.535133
-4.2529 2.549622
-4.242900000000001 2.563198
-4.232900000000001 2.57399
-4.222900000000001 2.5851540000000006
-4.212900000000001 2.59443
-4.202900000000001 2.599972
-4.1929 2.6057170000000007
-4.1829 2.607223
-4.1729 2.602422
-4.1629000000000005 2.598606
-4.152900000000001 2.5925619999999996
-4.142900000000001 2.5795929999999996
-4.132900000000001 2.5655170000000003
-4.122900000000001 2.5502149999999992
-4.1129000000000016 2.5291079999999995
-4.1029 2.505766999999999
-4.0929 2.4825450000000004
-4.0829 2.4570879999999997
-4.072900000000001 2.4274269999999993
-4.062900000000001 2.3976859999999993
-4.052900000000001 2.368414000000001
-4.042900000000001 2.3379699999999994
-4.0329000000000015 2.305696
-4.0229 2.2757240000000003
-4.0129 2.244779999999999
-4.0029 2.2140399999999993
-3.9929000000000006 2.185000000000001
-3.9829000000000008 2.157166
-3.972900000000001 2.1307300000000002
-3.962900000000001 2.1048310000000003
-3.9529000000000014 2.082427
-3.9429 2.0595350000000003
-3.9329 2.040049
-3.9229000000000003 2.0231489999999996
-3.9129000000000005 2.0074739999999998
-3.9029000000000007 1.9946259999999998
-3.892900000000001 1.9827590000000002
-3.882900000000001 1.9756109999999993
-3.8729000000000013 1.966375
-3.8629000000000016 1.963621
-3.8529 1.9575830000000005
-3.8429 1.9558750000000007
-3.8329000000000004 1.9508729999999996
-3.8229000000000006 1.9509530000000008
-3.812900000000001 1.9507580000000002
-3.802900000000001 1.9461610000000003
-3.7929000000000013 1.9463310000000003
-3.7829000000000015 1.9412560000000003
-3.7729 1.9362700000000002
-3.7629 1.9280730000000001
-3.7529000000000003 1.920367
-3.7429000000000006 1.9123739999999998
-3.7329000000000008 1.8976850000000005
-3.722900000000001 1.8839159999999997
-3.712900000000001 1.8667879999999992
-3.7029000000000014 1.851389
-3.6929 1.8330610000000003
-3.6829 1.814103
-3.6729000000000003 1.7943209999999996
-3.6629000000000005 1.7786099999999998
-3.6529000000000007 1.7587009999999998
-3.642900000000001 1.7423689999999998
-3.632900000000001 1.727631
-3.6229000000000013 1.7135799999999999
-3.6129000000000016 1.7046160000000004
-3.6029 1.6942370000000004
-3.5929 1.6887179999999997
-3.5829000000000004 1.681861
-3.5729000000000006 1.6795400000000003
-3.562900000000001 1.678966
-3.552900000000001 1.6770180000000001
-3.5429000000000013 1.67908
-3.5329000000000015 1.6782540000000001
-3.5229 1.6778310000000005
-3.5129 1.6792840000000002
-3.5029000000000003 1.6787480000000006
-3.4929000000000006 1.6772970000000005
-3.4829000000000008 1.6725329999999998
-3.472900000000001 1.668546
-3.462900000000001 1.6613699999999996
-3.4529000000000014 1.656397
-3.4429 1.6482500000000002
-3.4329 1.6412060000000002
-3.4229000000000003 1.634202
-3.4129000000000005 1.6263180000000004
-3.4029000000000007 1.6215800000000002
-3.392900000000001 1.6173899999999997
-3.382900000000001 1.6166669999999999
-3.3729000000000013 1.6171949999999997
-3.3629000000000016 1.621265
-3.3529 1.6272749999999998
-3.3429 1.6370460000000002
-3.3329000000000004 1.6487299999999996
-3.3229000000000006 1.6651599999999998
-3.312900000000001 1.682786
-3.302900000000001 1.7045209999999997
-3.2929000000000013 1.726117
-3.2829000000000015 1.7496150000000001
-3.2729 1.775773
-3.2629 1.8014500000000004
-3.2529000000000003 1.8263940000000005
-3.2429000000000006 1.8531700000000009
-3.2329000000000008 1.87801
-3.222900000000001 1.9020340000000002
-3.212900000000001 1.924345
-3.2029000000000014 1.945954
-3.1929 1.9656590000000003
-3.1829 1.9828390000000005
-3.1729000000000003 2.0004110000000006
-3.1629000000000005 2.014168000000001
-3.1529000000000007 2.0266330000000004
-3.142900000000001 2.0362710000000006
-3.132900000000001 2.045077
-3.1229000000000013 2.048933000000001
-3.1129000000000016 2.049908
-3.1029 2.052629
-3.0929 2.0490999999999997
-3.0829000000000004 2.044307
-3.0729000000000006 2.0367529999999996
-3.062900000000001 2.0254089999999993
-3.052900000000001 2.012118
-3.0429000000000013 1.9971699999999997
-3.0329000000000015 1.9804570000000004
-3.0229 1.959708
-3.0129 1.9375899999999997
-3.0029000000000003 1.915372
-2.9929000000000006 1.8917819999999996
-2.9829000000000008 1.866528
-2.972900000000001 1.8423169999999998
-2.962900000000001 1.8174470000000005
-2.9529000000000014 1.794342
-2.9429 1.7768100000000002
-2.9329 1.7556239999999996
-2.9229000000000003 1.7408230000000002
-2.9129000000000005 1.726885
-2.9029000000000007 1.7153360000000002
-2.892900000000001 1.7053809999999998
-2.882900000000001 1.6991999999999998
-2.8729000000000013 1.6941799999999998
-2.8629000000000016 1.6942500000000003
-2.8529 1.6961880000000003
-2.8429 1.6989910000000004
-2.8329000000000004 1.703477
-2.8229000000000006 1.708808
-2.812900000000001 1.7147990000000004
-2.802900000000001 1.7239510000000005
-2.7929000000000013 1.7323480000000002
-2.7829000000000015 1.738882
-2.7729 1.7485600000000001
-2.7629 1.7570740000000002
-2.7529000000000003 1.7639300000000002
-2.7429000000000006 1.7692009999999998
-2.7329000000000008 1.7750350000000001
-2.722900000000001 1.7787720000000002
-2.712900000000001 1.783364
-2.7029000000000014 1.7833620000000001
-2.6929 1.7820379999999996
-2.6829 1.7812739999999996
-2.6729000000000003 1.7752949999999998
-2.6629000000000005 1.771682
-2.6529000000000007 1.7649329999999999
-2.642900000000001 1.7579070000000006
-2.632900000000001 1.747663
-2.6229000000000013 1.7371770000000004
-2.6129000000000016 1.7269270000000005
-2.6029 1.7168600000000003
-2.5929 1.7076540000000004
-2.5829000000000004 1.6977429999999998
-2.5729000000000006 1.6892650000000002
-2.562900000000001 1.6821629999999999
-2.552900000000001 1.6774159999999996
-2.5429000000000013 1.6742449999999998
-2.5329000000000015 1.6726789999999998
-2.5229 1.6755380000000004
-2.5129 1.6780629999999999
-2.5029000000000003 1.6846800000000004
-2.4929000000000006 1.689992
-2.4829000000000008 1.7016680000000004
-2.472900000000001 1.7113929999999993
-2.462900000000001 1.722089999999999
-2.4529000000000014 1.7353380000000005
-2.4429 1.7471330000000003
-2.4329 1.7608730000000004
-2.4229000000000003 1.7714120000000002
-2.4129000000000005 1.7824150000000005
-2.4029000000000007 1.79022
-2.392900000000001 1.7971369999999995
-2.382900000000001 1.802786
-2.3729000000000013 1.8066499999999999
-2.3629000000000016 1.8069489999999997
-2.3529 1.8068659999999994
-2.3429 1.8023260000000003
-2.3329000000000004 1.7959339999999997
-2.3229000000000006 1.7856619999999996
-2.312900000000001 1.774439
-2.302900000000001 1.7629560000000004
-2.2929000000000013 1.7457600000000004
-2.2829000000000015 1.7279079999999996
-2.2729 1.7072280000000002
-2.2629 1.6859279999999992
-2.2529000000000003 1.6630809999999996
-2.2429000000000006 1.6380400000000002
-2.2329000000000008 1.6111715999999996
-2.222900000000001 1.5841880999999995
-2.212900000000001 1.5578839
-2.2029000000000014 1.5271621000000002
-2.1929 1.4983534999999997
-2.1829 1.4682092
-2.1729000000000003 1.4347351999999998
-2.1629000000000005 1.4044203000000004
-2.1529000000000007 1.3726157000000008
-2.142900000000001 1.3377133
-2.132900000000001 1.3057799999999995
-2.1229000000000013 1.2715988999999996
-2.1129000000000016 1.2374496
-2.1029 1.2042841000000004
-2.0929 1.1689619000000002
-2.0829000000000004 1.1360209
-2.0729000000000006 1.1020822999999997
-2.062900000000001 1.0702422999999999
-2.052900000000001 1.0399666999999997
-2.0429000000000013 1.0100047000000003
-2.0329000000000015 0.9818946000000002
-2.0229 0.9577541000000002
-2.0129 0.9349056
-2.0029000000000003 0.9168050999999999
-1.9929000000000006 0.9011406000000001
-1.9829000000000008 0.8892431999999999
-1.972900000000001 0.8827418000000001
-1.9629000000000012 0.8791276999999998
-1.9529000000000014 0.8801806
-1.9428999999999998 0.8852325999999999
-1.9329 0.8951019000000001
-1.9229000000000003 0.9093299999999996
-1.9129000000000005 0.9295614000000001
-1.9029000000000007 0.9503294
-1.892900000000001 0.9780142999999999
-1.8829000000000011 1.0077960999999998
-1.8729000000000013 1.0395615
-1.8629000000000016 1.0752933999999998
-1.8529 1.1140357
-1.8429000000000002 1.1542715000000001
-1.8329000000000004 1.1960437000000002
-1.8229000000000006 1.2389688999999997
-1.8129000000000008 1.2839534
-1.802900000000001 1.3285979999999995
-1.7929000000000013 1.3726485999999993
-1.7829000000000015 1.4147771000000002
-1.7729 1.4570894999999995
-1.7629000000000001 1.4965684
-1.7529000000000003 1.5327455999999997
-1.7429000000000006 1.5658471000000005
-1.7329000000000008 1.5967095000000007
-1.722900000000001 1.6213585000000004
-1.7129000000000012 1.6426920000000003
-1.7029000000000014 1.6605922999999998
-1.6928999999999998 1.6731760999999998
-1.6829 1.6818196999999993
-1.6729000000000003 1.6852217999999997
-1.6629000000000005 1.6850785999999998
-1.6529000000000007 1.6818703
-1.642900000000001 1.6752257000000004
-1.6329000000000011 1.6686808
-1.6229000000000013 1.6584668000000002
-1.6129000000000016 1.6486449000000003
-1.6029 1.6374149000000007
-1.5929000000000002 1.6255962
-1.5829000000000004 1.6164293
-1.5729000000000006 1.6061186999999997
-1.5629000000000008 1.6014192999999997
-1.552900000000001 1.5983192
-1.5429000000000013 1.5978351999999998
-1.5329000000000015 1.5979865
-1.5229 1.6039441999999995
-1.5129000000000001 1.6131621999999997
-1.5029000000000003 1.6248140999999998
-1.4929000000000006 1.6420816000000005
-1.4829000000000008 1.6613780999999996
-1.472900000000001 1.6807938999999996
-1.4629000000000012 1.7037968000000003
-1.4529000000000014 1.7279338999999998
-1.4428999999999998 1.7540210000000003
-1.4329 1.7795671000000006
-1.4229000000000003 1.8028562000000001
-1.4129000000000005 1.8295585000000003
-1.4029000000000007 1.8519316000000006
-1.392900000000001 1.8753257000000005
-1.3829000000000011 1.8956433000000001
-1.3729000000000013 1.9130467000000002
-1.3629000000000016 1.9300996999999993
-1.3529 1.9463357000000001
-1.3429000000000002 1.9594856000000003
-1.3329000000000004 1.9736293999999999
-1.3229000000000006 1.9846363
-1.3129000000000008 1.9987920000000003
-1.302900000000001 2.0125882
-1.2929000000000013 2.0258184999999997
-1.2829000000000015 2.0433929999999996
-1.2729 2.060651
-1.2629000000000001 2.0803850999999995
-1.2529000000000003 2.1020257
-1.2429000000000006 2.1270897000000004
-1.2329000000000008 2.1503107999999993
-1.222900000000001 2.177477299999999
-1.2129000000000012 2.2060299
-1.2029000000000014 2.2344956999999996
-1.1928999999999998 2.2608034999999997
-1.1829 2.2891463
-1.1729000000000003 2.3144405999999993
-1.1629000000000005 2.3413335
-1.1529000000000007 2.3621041000000007
-1.142900000000001 2.379385
-1.1329000000000011 2.3934108000000003
-1.1229000000000013 2.4018809999999995
-1.1129000000000016 2.4091979
-1.1029 2.4080554000000003
-1.0929000000000002 2.4040795999999993
-1.0829000000000004 2.3969536
-1.0729000000000006 2.384241199999999
-1.0629000000000008 2.3671576999999995
-1.052900000000001 2.347788
-1.0429000000000013 2.3227904999999995
-1.0329000000000015 2.2964917999999996
-1.0229 2.2640142999999995
-1.0129000000000001 2.2345140000000008
-1.0029000000000003 2.1984358999999998
-0.9929000000000006 2.1653770999999997
-0.9829000000000008 2.1299368000000003
-0.972900000000001 2.0938158999999996
-0.9629000000000012 2.0586406999999998
-0.9529000000000014 2.0245708000000002
-0.9428999999999998 1.9906294999999998
-0.9329000000000001 1.9586259000000004
-0.9229000000000003 1.9286501999999999
-0.9129000000000005 1.8988132999999994
-0.9029000000000007 1.8712849999999994
-0.8929000000000009 1.8460672000000002
-0.8829000000000011 1.8226749999999998
-0.8729000000000013 1.7986024
-0.8629000000000016 1.7763700000000002
-0.8529 1.7553348000000002
-0.8429000000000002 1.7323230999999994
-0.8329000000000004 1.7112317999999995
-0.8229000000000006 1.6901555000000008
-0.8129000000000008 1.6659749000000004
-0.8029000000000011 1.6427329000000006
-0.7929000000000013 1.6174765
-0.7829000000000015 1.5910347000000005
-0.7728999999999999 1.5631202000000002
-0.7629000000000001 1.5317142999999998
-0.7529000000000003 1.4994048699999998
-0.7429000000000006 1.46750394
-0.7329000000000008 1.4328384800000005
-0.722900000000001 1.3964687100000002
-0.7129000000000012 1.35934452
-0.7029000000000014 1.3195830099999994
-0.6928999999999998 1.2813042800000005
-0.6829000000000001 1.2398086399999992
-0.6729000000000003 1.1995768699999994
-0.6629000000000005 1.1613441700000002
-0.6529000000000007 1.1219591399999995
-0.6429000000000009 1.08219046
-0.6329000000000011 1.0449165300000003
-0.6229000000000013 1.0076064400000002
-0.6129000000000016 0.97279018
-0.6029 0.9384013299999998
-0.5929000000000002 0.9053737000000001
-0.5829000000000004 0.8730959599999998
-0.5729000000000006 0.8427825199999999
-0.5629000000000008 0.81337446
-0.5529000000000011 0.7845317400000004
-0.5429000000000013 0.75661352
-0.5329000000000015 0.7280125400000003
-0.5228999999999999 0.6995951700000002
-0.5129000000000001 0.6710137100000002
-0.5029000000000003 0.6420244099999999
-0.49290000000000056 0.61207524
-0.4829000000000008 0.5815764800000004
-0.472900000000001 0.55071396
-0.4629000000000012 0.5190880800000001
-0.4529000000000014 0.4857034600000001
-0.44289999999999985 0.4523534299999999
-0.43290000000000006 0.41870128400000006
-0.4229000000000003 0.38574221200000014
-0.4129000000000005 0.352237684
-0.4029000000000007 0.319007563
-0.3929000000000009 0.2868925200000001
-0.38290000000000113 0.25576213799999997
-0.37290000000000134 0.22641543799999994
-0.36290000000000155 0.19882861699999999
-0.3529 0.1728464658000001
-0.3429000000000002 0.1493675972
-0.3329000000000004 0.12733539849999997
-0.32290000000000063 0.10766692609999998
-0.31290000000000084 0.09070483680000001
-0.30290000000000106 0.07540845559999998
-0.29290000000000127 0.062010296400000005
-0.2829000000000015 0.05058848351000001
-0.2728999999999999 0.04081309088000002
-0.26290000000000013 0.03265589286000001
-0.25290000000000035 0.025794621389999998
-0.24290000000000056 0.020211170750000014
-0.23290000000000077 0.0156893091
-0.222900000000001 0.012116866155999998
-0.2129000000000012 0.009175027221
-0.2029000000000014 0.006905062413
-0.19289999999999985 0.005148604008000002
-0.18290000000000006 0.0037915085109999996
-0.17290000000000028 0.0027691078869999997
-0.1629000000000005 0.0019978611559999995
-0.1529000000000007 0.0014250546552999996
-0.14290000000000092 0.0010105828652999997
-0.13290000000000113 0.0007077361221999995
-0.12290000000000134 0.00049040233514
-0.11290000000000155 0.0003365196553400001
-0.10289999999999999 0.00022845056132000003
-0.0929000000000002 0.00015263714688
-0.08290000000000042 0.0001017171748
-0.07290000000000063 6.683223415799997e-05
-0.06290000000000084 4.3478646443e-05
-0.05290000000000106 2.8011602220999997e-05
-0.04290000000000127 1.7841903842e-05
-0.032900000000001484 1.1204085301699999e-05
-0.02289999999999992 7.0113017908000015e-06
-0.012900000000000134 4.3243485331000016e-06
-0.0029000000000003467 2.6339600774e-06
0.00709999999999944 1.59669435595e-06
0.017099999999999227 9.5275299663e-07
0.027099999999999014 5.629382455100003e-07
0.0370999999999988 3.29641805723e-07
0.04709999999999859 1.9071784638199997e-07
0.05710000000000015 1.0884744334899998e-07
0.06709999999999994 6.187875246500001e-08
0.07709999999999972 3.4717716892900015e-08
0.08709999999999951 1.9275049374299996e-08
0.0970999999999993 1.0569408994700004e-08
0.10709999999999908 5.7308872412500006e-09
0.11709999999999887 3.0775096383099986e-09
0.12709999999999866 1.6370051799999997e-09
0.13709999999999845 8.599829700000001e-10
0.1471 4.4755024e-10
0.1570999999999998 2.299946e-10
0.16709999999999958 1.17073033e-10
0.17709999999999937 5.8944171e-11
0.18709999999999916 2.9316475e-11
0.19709999999999894 1.45015374e-11
0.20709999999999873 6.960204399999999e-12
0.21709999999999852 3.273103e-12
0.22710000000000008 1.27306344e-12
0.23709999999999987 2.5065862e-13
0.24709999999999965 0.0
0.25709999999999944 0.0
0.2670999999999992 0.0
0.277099999999999 0.0
0.2870999999999988 0.0
0.2970999999999986 0.0
0.30710000000000015 0.0
0.31709999999999994 0.0
0.3270999999999997 0.0
0.3370999999999995 0.0
0.3470999999999993 0.0
0.3570999999999991 0.0
0.36709999999999887 0.0
0.37709999999999866 0.0
0.38709999999999845 0.0
0.3971 0.0
0.4070999999999998 0.0
0.4170999999999996 0.0
0.42709999999999937 0.0
0.43709999999999916 0.0
0.44709999999999894 0.0
0.45709999999999873 0.0
0.4670999999999985 0.0
0.4771000000000001 0.0
0.48709999999999987 0.0
0.49709999999999965 0.0
0.5070999999999994 0.0
0.5170999999999992 0.0
0.527099999999999 0.0
0.5370999999999988 0.0
0.5470999999999986 0.0
0.5571000000000002 0.0
0.5670999999999999 0.0
0.5770999999999997 3.85997177e-13
0.5870999999999995 3.9192134e-12
0.5970999999999993 1.16573074e-11
0.6070999999999991 2.955087500000001e-11
0.6170999999999989 6.131452499999999e-11
0.6270999999999987 1.2564111e-10
0.6370999999999984 2.5329590999999997e-10
0.6471 5.0559292e-10
0.6570999999999998 1.0001275699999999e-09
0.6670999999999996 1.9600363299999998e-09
0.6770999999999994 3.7893951e-09
0.6870999999999992 7.2572610000000005e-09
0.6970999999999989 1.3770582200000002e-08
0.7070999999999987 2.5732344000000002e-08
0.7170999999999985 4.7745616e-08
0.7271000000000001 8.755013700000001e-08
0.7370999999999999 1.5881760500000004e-07
0.7470999999999997 2.8547023e-07
0.7570999999999994 5.066081699999999e-07
0.7670999999999992 8.915991900000001e-07
0.777099999999999 1.5479901000000001e-06
0.7870999999999988 2.6637692e-06
0.7970999999999986 4.5433977e-06
0.8071000000000002 7.649456900000001e-06
0.8170999999999999 1.27659009e-05
0.8270999999999997 2.1008615799999998e-05
0.8370999999999995 3.4277115e-05
0.8470999999999993 5.538684499999999e-05
0.8570999999999991 8.845803399999999e-05
0.8670999999999989 0.000139723529
0.8770999999999987 0.00021913307100000003
0.8870999999999984 0.00033875359000000004
0.8971 0.0005186883001530416
0.9070999999999998 0.000785070840319544
0.9170999999999996 0.001176101670663102
0.9270999999999994 0.0017490634513566822
0.9370999999999992 0.0025633033029893258
0.9470999999999989 0.003729313606009949
0.9570999999999987 0.005367761111967063
0.9670999999999985 0.007629598324524101
0.9771000000000001 0.01075570224793611
0.9870999999999999 0.014977671692728341
0.9970999999999997 0.020707140778836786
1.0070999999999994 0.028246181339017948
1.0170999999999992 0.0381972346361785
1.027099999999999 0.051064745182361294
1.0370999999999988 0.06765039217398171
1.0470999999999986 0.08875843195446795
1.0571000000000002 0.11559575513391471
1.0671 0.14776510972841433
1.0770999999999997 0.1889729094658877
1.0870999999999995 0.2382239782206814
1.0970999999999993 0.29653099797019905
1.107099999999999 0.36688427658146405
1.1170999999999989 0.449308867802767
1.1270999999999987 0.5457933624194091
1.1370999999999984 0.65636109396442
1.1471 0.7819903734107
1.1570999999999998 0.9237133710789703
1.1670999999999996 1.0855022525755902
1.1770999999999994 1.2563837952538797
1.1870999999999992 1.4473259214628995
1.197099999999999 1.6483468397767997
1.2070999999999987 1.8594361757385998
1.2170999999999985 2.0905835084183
1.2271 2.3317794108575
1.2370999999999999 2.583024518748
1.2470999999999997 2.8343006048939996
1.2570999999999994 3.0956090471130007
1.2670999999999992 3.3469234728850004
1.277099999999999 3.6082417695689997
1.2870999999999988 3.859588493020001
1.2970999999999986 4.10087181443
1.3071000000000002 4.33228753792
1.3171 4.55367843215
1.3270999999999997 4.75507547197
1.3370999999999995 4.9365981533699985
1.3470999999999993 5.108215380260001
1.357099999999999 5.2600986908
1.3670999999999989 5.3822188133
1.3770999999999987 5.484695296200001
1.3870999999999984 5.5677721441
1.3971 5.631486106300001
1.4070999999999998 5.6760629708
1.4170999999999996 5.6918723694999995
1.4270999999999994 5.699099529999998
1.4370999999999992 5.678150179000001
1.447099999999999 5.659433772000002
1.4570999999999987 5.613736202
1.4670999999999985 5.561382144000001
1.4771 5.513291343000001
1.4870999999999999 5.450214956
1.4970999999999997 5.393245436
1.5070999999999994 5.343538103999999
1.5170999999999992 5.302518150000001
1.527099999999999 5.261310389999999
1.5370999999999988 5.24314923
1.5470999999999986 5.228486269999999
1.5571000000000002 5.23931661
1.5671 5.270709679999999
1.5770999999999997 5.332606689999999
1.5870999999999995 5.40905869
1.5970999999999993 5.52507769
1.607099999999999 5.67164628
1.6170999999999989 5.85392888
1.6270999999999987 6.064676340000002
1.6370999999999984 6.327992999999999
1.6471 6.6290007
1.6570999999999998 6.992550799999999
1.6670999999999996 7.382649799999999
1.6770999999999994 7.843379499999998
1.6870999999999992 8.354508600000003
1.697099999999999 8.8962572
1.7070999999999987 9.518383699999998
1.7170999999999985 10.170668400000002
1.7271 10.8929607
1.7370999999999999 11.655889700000001
1.7470999999999997 12.4688174
1.7570999999999994 13.291971499999999
1.7670999999999992 14.164630900000004
1.777099999999999 15.037150600000002
1.7870999999999988 15.929494899999998
1.7970999999999986 16.831326599999997
1.8071000000000002 17.7325286
1.8171 18.6030559
1.8270999999999997 19.422912099999998
1.8370999999999995 20.2216347
1.8470999999999993 20.979539999999993
1.857099999999999 21.6567448
1.8670999999999989 22.262556500000002
1.8770999999999987 22.807089500000004
1.8870999999999984 23.260636100000006
1.8971 23.632807300000003
1.9070999999999998 23.903935500000003
1.9170999999999996 24.093891900000003
1.9270999999999994 24.1822697
1.9370999999999992 24.1599114
1.947099999999999 24.0460838
1.9570999999999987 23.841087399999996
1.9670999999999985 23.545131700000002
1.9771 23.1381164
1.9870999999999999 22.650459
1.9970999999999997 22.091706200000004
2.0070999999999994 21.432342499999994
2.0170999999999992 20.7121782
2.027099999999999 19.931613900000002
2.037099999999999 19.080566500000003
2.0470999999999986 18.209323100000002
2.0571 17.2780901
2.0671 16.3268067
2.0770999999999997 15.355615899999998
2.0870999999999995 14.3848851
2.0970999999999993 13.414778499999999
2.107099999999999 12.4751047
2.117099999999999 11.556375300000001
2.1270999999999987 10.678068299999998
2.1370999999999984 9.841006400000001
2.1471 9.055137799999997
2.1571 8.340143599999998
2.1670999999999996 7.686313299999998
2.1770999999999994 7.073518699999999
2.187099999999999 6.5418061
2.197099999999999 6.071168000000001
2.2070999999999987 5.681475799999999
2.2170999999999985 5.332978
2.2271 5.048172800000001
2.2371 4.8172543
2.2470999999999997 4.63023
2.2570999999999994 4.4867584
2.2670999999999992 4.3867215999999996
2.277099999999999 4.3202566
2.287099999999999 4.2872707000000005
2.2970999999999986 4.257294699999999
2.3071 4.2606679000000005
2.3171 4.2971974999999984
2.3270999999999997 4.3364379
2.3370999999999995 4.3784047
2.3470999999999993 4.4435397
2.357099999999999 4.501069799999999
2.367099999999999 4.5614672999999994
2.3770999999999987 4.623540600000001
2.3870999999999984 4.678005700000001
2.3971 4.7428096
2.4071 4.800288899999999
2.4170999999999996 4.849111100000001
2.4270999999999994 4.908546800000001
2.437099999999999 4.949808299999999
2.447099999999999 4.990225599999999
2.4570999999999987 5.032346700000001
2.4670999999999985 5.0654476
2.4771 5.1192561
2.4871 5.163910400000001
2.4970999999999997 5.198832199999998
2.5070999999999994 5.2643136
2.5170999999999992 5.331286599999999
2.527099999999999 5.397684399999999
2.537099999999999 5.465182699999999
2.5470999999999986 5.5621098
2.5571 5.6593485
2.5671 5.7666058
2.5770999999999997 5.8828127
2.5870999999999995 6.009264999999999
2.5970999999999993 6.133714200000001
2.607099999999999 6.2862908
2.617099999999999 6.408354200000001
2.6270999999999987 6.558380000000001
2.6370999999999984 6.676186299999999
2.6471 6.801816699999999
2.6571 6.916295999999999
2.6670999999999996 7.0193661
2.6770999999999994 7.100958799999999
2.687099999999999 7.1813621
2.697099999999999 7.2317693
2.7070999999999987 7.262407100000001
2.7170999999999985 7.284148600000003
2.7271 7.276445
2.7371 7.260480900000001
2.7470999999999997 7.226159799999999
2.7570999999999994 7.1743245
2.7670999999999992 7.1061718
2.777099999999999 7.0398994
2.787099999999999 6.9476329
2.7970999999999986 6.8468442
2.8071 6.739968999999999
2.8171 6.625064600000001
2.8270999999999997 6.502975199999998
2.8370999999999995 6.391462200000002
2.8470999999999993 6.232723400000002
2.857099999999999 6.104908200000001
2.867099999999999 5.947919600000001
2.8770999999999987 5.790373699999999
2.8870999999999984 5.6339465
2.8971 5.458266899999999
2.9071 5.272291099999999
2.9170999999999996 5.1052664
2.9270999999999994 4.918961200000001
2.937099999999999 4.7318968
2.947099999999999 4.5456711
2.9570999999999987 4.3585793
2.9670999999999985 4.1716295
2.9771 3.9767233
2.9871 3.7993416
2.9970999999999997 3.6273251999999996
3.0070999999999994 3.4616262
3.0170999999999992 3.3060907999999998
3.027099999999999 3.1584858000000007
3.037099999999999 3.0211270000000003
3.0470999999999986 2.8950951
3.0571 2.7737108999999998
3.0671 2.6696327
3.0770999999999997 2.5772082
3.0870999999999995 2.4881793000000005
3.0970999999999993 2.4202720999999996
3.107099999999999 2.3428143
3.117099999999999 2.2855339000000003
3.1270999999999987 2.2272794999999994
3.1370999999999984 2.1772730000000005
3.1471 2.1353429
3.1571 2.0903239
3.1670999999999996 2.0501
3.1770999999999994 2.0048665000000003
3.187099999999999 1.9626198000000001
3.197099999999999 1.9230997000000003
3.2070999999999987 1.8817464000000004
3.2170999999999985 1.8389923999999997
3.2271 1.7946075000000006
3.2371 1.7497306999999998
3.2470999999999997 1.704202
3.2570999999999994 1.6586066
3.2670999999999992 1.6134614000000005
3.277099999999999 1.5689574
3.287099999999999 1.5271138
3.2970999999999986 1.4854020000000001
3.3071 1.4466738999999997
3.3171 1.4112760999999998
3.3270999999999997 1.3770316000000002
3.3370999999999995 1.3459294999999998
3.3470999999999993 1.3198137000000003
3.357099999999999 1.2936301
3.367099999999999 1.2724166000000001
3.3770999999999987 1.249906
3.3870999999999984 1.2310149999999995
3.3971 1.2130940000000001
3.4071 1.1954979999999997
3.4170999999999996 1.1786090000000002
3.4270999999999994 1.163054
3.437099999999999 1.1459689999999998
3.447099999999999 1.12819
3.4570999999999987 1.1102249999999998
3.4670999999999985 1.0915350000000001
3.4771 1.071418
3.4871 1.0516839999999996
3.4970999999999997 1.0317969999999996
3.5070999999999994 1.009853
3.5170999999999992 0.9882780000000002
3.527099999999999 0.9672000000000003
3.537099999999999 0.9456090000000003
3.5470999999999986 0.9246360000000002
3.5571 0.9047789999999999
3.5671 0.8851499999999999
3.5770999999999997 0.8677730000000001
3.5870999999999995 0.8497150000000002
3.5970999999999993 0.833125
3.607100000000001 0.8181750000000001
3.617099999999999 0.8032860000000001
3.6271000000000004 0.790692
3.6370999999999984 0.7786399999999999
3.6471 0.7665980000000001
3.657099999999998 0.7548769999999999
3.6670999999999996 0.74424
3.6770999999999976 0.7335789
3.687099999999999 0.7236995
3.6971000000000007 0.7141969
3.7070999999999987 0.7030121
3.7171000000000003 0.6918951000000001
3.7270999999999983 0.6806230999999998
3.7371 0.6680580000000002
3.747099999999998 0.6551389000000001
3.7570999999999994 0.6424637999999999
3.767100000000001 0.6284958000000002
3.777099999999999 0.6140309
3.7871000000000006 0.5992622
3.7970999999999986 0.5837013000000001
3.8071 0.5683844
3.817099999999998 0.5527366999999999
3.8270999999999997 0.5369651
3.8370999999999977 0.5217815
3.8470999999999993 0.5066971
3.857100000000001 0.4923330000000001
3.867099999999999 0.47829240000000006
3.8771000000000004 0.4654902000000001
3.8870999999999984 0.45364110000000013
3.8971 0.4426665999999999
3.907099999999998 0.4329655000000001
3.9170999999999996 0.4246395
3.9270999999999976 0.4172290999999999
3.937099999999999 0.411393
3.9471000000000007 0.4065529000000001
3.9570999999999987 0.4032174
3.9671000000000003 0.4009777
3.9770999999999983 0.3996129999999999
3.9871 0.39947270000000007
3.997099999999998 0.39989710000000006
4.007099999999999 0.40121590000000007
4.017100000000001 0.40302800000000005
4.027099999999999 0.4055736
4.037100000000001 0.4084919
4.047099999999999 0.4115831
4.0571 0.4149964
4.067099999999998 0.41865119999999995
4.0771 0.422138
4.087099999999998 0.42552550000000006
4.097099999999999 0.4294449999999999
4.107100000000001 0.4328536
4.117099999999999 0.4363944
4.1271 0.4399355000000001
4.1370999999999984 0.44348669999999996
4.1471 0.4471388000000001
4.157099999999998 0.450701
4.1671 0.45457339999999996
4.177099999999998 0.4583551999999998
4.187099999999999 0.46257839999999995
4.197100000000001 0.46668099999999985
4.207099999999999 0.4709638000000001
4.2171 0.4756471
4.227099999999998 0.4801498
4.2371 0.48498320000000006
4.247099999999998 0.4898661000000001
4.257099999999999 0.49465830000000005
4.267100000000001 0.49915050000000005
4.277099999999999 0.5035407000000001
4.287100000000001 0.5074118999999999
4.297099999999999 0.5109404000000001
4.3071 0.5136285
4.317099999999998 0.5153433000000001
4.3271 0.5164462
4.337099999999998 0.5164874000000002
4.347099999999999 0.5150751000000001
4.357100000000001 0.51263
4.367099999999999 0.5091513999999999
4.3771 0.5044196
4.3870999999999984 0.49873449999999997
4.3971 0.4920151
4.407099999999998 0.4842426
4.4171 0.4760585000000002
4.427099999999998 0.46732079999999987
4.437099999999999 0.4580028000000001
4.447100000000001 0.4489215000000001
4.457099999999999 0.43976969999999993
4.4671 0.43085769999999984
4.477099999999998 0.4223456
4.4871 0.41430439999999996
4.497099999999998 0.40697440000000007
4.507099999999999 0.4007057
4.517100000000001 0.39494960000000007
4.527099999999999 0.3901556
4.537100000000001 0.38641429999999993
4.547099999999999 0.38345539999999995
4.5571 0.38146929999999996
4.567099999999998 0.38037570000000004
4.5771 0.3802552
4.587099999999998 0.38050670000000003
4.597099999999999 0.3816209000000001
4.607100000000001 0.38333759999999995
4.617099999999999 0.38562620000000003
4.6271 0.3884764
4.6370999999999984 0.3915887
4.6471 0.39496270000000006
4.657099999999998 0.3990078999999999
4.6671 0.4031047
4.677099999999998 0.4074931
4.687099999999999 0.41206239999999994
4.697100000000001 0.41674279999999997
4.707099999999999 0.42198490000000005
4.7171 0.4269974999999999
4.727099999999998 0.43193099999999995
4.7371 0.43738520000000003
4.747099999999998 0.4423995
4.757099999999999 0.44719430000000004
4.767100000000001 0.4519687999999999
4.777099999999999 0.4566931
4.787100000000001 0.4607662
4.797099999999999 0.4641983000000001
4.8071 0.46722869999999994
4.817099999999998 0.4696875999999999
4.8271 0.47111430000000004
4.837099999999998 0.4716886999999999
4.847099999999999 0.4715004
4.857100000000001 0.47034950000000014
4.867099999999999 0.4680762000000001
4.8771 0.46495
4.8870999999999984 0.4610513999999999
4.8971 0.4563905999999999
4.907099999999998 0.4508678
4.9171 0.4448036
4.927099999999998 0.4384281000000001
4.937099999999999 0.43163180000000007
4.947100000000001 0.424555
4.957099999999999 0.41749800000000004
4.9671 0.4108512
4.977099999999998 0.4040251000000001
4.9871 0.39748989999999995
4.997099999999998 0.39125530000000003
5.007099999999999 0.385252
5.017100000000001 0.3796294000000001
5.027099999999999 0.374128
5.037100000000001 0.36896700000000004
5.047099999999999 0.3637673
5.0571 0.35878749999999987
5.067099999999998 0.3535286
5.0771 0.34827949999999996
5.087099999999998 0.3425403
5.097099999999999 0.336421
5.107100000000001 0.32998140000000015
5.117099999999999 0.32316100000000003
5.1271 0.31562
5.1370999999999984 0.30787869999999995
5.1471 0.2993264000000001
5.157099999999998 0.29027329999999996
5.1671 0.28096550000000003
5.177099999999998 0.271098
5.187099999999999 0.2610716
5.197100000000001 0.2508849
5.207099999999999 0.24038929999999997
5.2171 0.2298952999999999
5.227099999999998 0.21952490000000002
5.2371 0.20893679999999998
5.247099999999998 0.19867159999999995
5.257099999999999 0.1884989
5.267100000000001 0.178767
5.277099999999999 0.1691271
5.287100000000001 0.159562
5.297099999999999 0.15046290000000004
5.3071 0.141846
5.317099999999998 0.1336169
5.3271 0.12578400000000003
5.337099999999998 0.11772440000000002
5.347099999999999 0.11056880000000001
5.357100000000001 0.10347039999999998
5.367099999999999 0.09674779000000001
5.3771 0.09029566999999998
5.3870999999999984 0.08414033999999998
5.3971 0.07824593
5.407099999999998 0.07260172000000001
5.4171 0.06723203999999998
5.427099999999998 0.06210077999999999
5.437099999999999 0.0571962
5.447100000000001 0.05253243
5.457099999999999 0.04813488
5.4671 0.04393481000000001
5.477099999999998 0.0399795
5.4871 0.03627951999999999
5.497099999999998 0.032810704999999996
5.507099999999999 0.02957752299999999
5.517100000000001 0.026557631
5.527099999999999 0.023769716000000003
5.537100000000001 0.021220534
5.547099999999999 0.018876934000000005
5.5571 0.016729603000000003
5.567099999999998 0.014771219999999998
5.5771 0.013021211600000004
5.587099999999998 0.011401822399999999
5.597099999999999 0.009975262600000001
5.607100000000001 0.008678100899999997
5.617099999999999 0.007517017300000001
5.6271 0.006483003599999999
5.6370999999999984 0.005563205499999998
5.6471 0.004750063529999999
5.657099999999998 0.00403039588
5.6671 0.0034005924199999996
5.677099999999998 0.0028506518499999997
5.687099999999999 0.00237299591
5.697100000000001 0.0019616937699999996
5.707099999999999 0.001610766057
5.7171 0.0013109530189999998
5.727099999999998 0.0010597102559999996
5.7371 0.0008490242629999999
5.747099999999998 0.0006736414740000001
5.757099999999999 0.000530393191
5.767100000000001 0.0004137983909000001
5.777099999999999 0.0003199117705
5.787100000000001 0.00024495948930000004
5.797099999999999 0.00018577365339999998
5.8071 0.0001395824986
5.817099999999998 0.00010384188057999999
5.8271 7.649755249000001e-05
5.837099999999998 5.5703660000000004e-05
5.847099999999999 4.0235900000000006e-05
5.857100000000001 2.8755569999999997e-05
5.867099999999999 2.0342630000000006e-05
5.8771 1.4244749e-05
5.8870999999999984 9.877993e-06
5.8971 6.7718289999999994e-06
5.907099999999998 4.597297e-06
5.9171 3.0872189999999997e-06
5.927099999999998 2.052928e-06
5.937099999999999 1.3511069e-06
5.947100000000001 8.769517000000001e-07
5.957099999999999 5.656561e-07
