-22.402900000000002 -0.00033726626
-22.3929 -0.00023686436
-22.3829 -0.00016460977
-22.3729 -0.00011346517
-22.362900000000003 -7.74723e-05
-22.352899999999998 -5.233722199999999e-05
-22.3429 -3.501019900000001e-05
-22.332900000000002 -2.3207999000000003e-05
-22.3229 -1.5225264e-05
-22.3129 -9.887306999999998e-06
-22.3029 -6.368234999999999e-06
-22.292900000000003 -4.0546273e-06
-22.2829 -2.5567996e-06
-22.2729 -1.5962556999999997e-06
-22.262900000000002 -9.8625091e-07
-22.2529 -6.047335300000001e-07
-22.2429 -3.6652310000000005e-07
-22.2329 -2.1993745999999997e-07
-22.222900000000003 -1.3076923299999997e-07
-22.2129 -7.686521099999999e-08
-22.2029 -4.4755e-08
-22.1929 -2.5799668999999993e-08
-22.1829 -1.4726092799999999e-08
-22.1729 -8.323799899999998e-09
-22.1629 -4.6567211999999996e-09
-22.152900000000002 -2.57875594e-09
-22.1429 -1.4139938900000002e-09
-22.1329 -7.6727923e-10
-22.1229 -4.1197002900000006e-10
-22.112900000000003 -2.1892940500000003e-10
-22.102899999999998 -1.15121855e-10
-22.0929 -5.99007874e-11
-22.082900000000002 -3.08604905e-11
-22.0729 -1.570772568e-11
-22.0629 -7.861058478e-12
-22.0529 -3.8886300000000006e-12
-22.042900000000003 -1.8905e-12
-22.0329 -8.93437e-13
-22.0229 -3.7992400000000005e-13
-22.012900000000002 -1.5812789999999998e-13
-22.0029 -6.49846e-14
-21.9929 -2.1074499999999996e-14
-21.9829 -5.790989999999999e-15
-21.972900000000003 -2.8089100000000003e-16
-21.9629 -0.0
-21.9529 -0.0
-21.9429 -0.0
-21.9329 -0.0
-21.9229 -0.0
-21.9129 -0.0
-21.902900000000002 -0.0
-21.8929 -0.0
-21.8829 -0.0
-21.8729 -0.0
-21.862900000000003 -0.0
-21.852899999999998 -0.0
-21.8429 -0.0
-21.832900000000002 -0.0
-21.8229 -0.0
-21.8129 -0.0
-21.8029 -0.0
-21.792900000000003 -0.0
-21.7829 -0.0
-21.7729 -0.0
-21.762900000000002 -0.0
-21.7529 -0.0
-21.7429 -0.0
-21.7329 -0.0
-21.722900000000003 -0.0
-21.7129 -0.0
-21.7029 -0.0
-21.6929 -0.0
-21.6829 -0.0
-21.6729 -0.0
-21.6629 -0.0
-21.652900000000002 -0.0
-21.6429 -0.0
-21.6329 -0.0
-21.6229 -0.0
-21.612900000000003 -0.0
-21.602899999999998 -0.0
-21.5929 -0.0
-21.582900000000002 -0.0
-21.5729 -0.0
-21.5629 -0.0
-21.5529 -0.0
-21.542900000000003 -0.0
-21.5329 -0.0
-21.5229 -0.0
-21.512900000000002 -0.0
-21.5029 -0.0
-21.4929 -0.0
-21.4829 -0.0
-21.472900000000003 -0.0
-21.4629 -0.0
-21.4529 -0.0
-21.4429 -0.0
-21.4329 -0.0
-21.4229 -0.0
-21.4129 -0.0
-21.402900000000002 -0.0
-21.3929 -0.0
-21.3829 -0.0
-21.3729 -0.0
-21.362900000000003 -0.0
-21.352899999999998 -0.0
-21.3429 -0.0
-21.332900000000002 -0.0
-21.3229 -0.0
-21.3129 -0.0
-21.3029 -0.0
-21.292900000000003 -0.0
-21.2829 -0.0
-21.2729 -0.0
-21.262900000000002 -0.0
-21.2529 -0.0
-21.2429 -0.0
-21.2329 -0.0
-21.222900000000003 -0.0
-21.2129 -0.0
-21.2029 -0.0
-21.1929 -0.0
-21.1829 -0.0
-21.1729 -0.0
-21.1629 -0.0
-21.152900000000002 -0.0
-21.1429 -0.0
-21.1329 -0.0
-21.1229 -0.0
-21.112900000000003 -0.0
-21.102899999999998 -0.0
-21.0929 -0.0
-21.082900000000002 -0.0
-21.0729 -0.0
-21.0629 -0.0
-21.0529 -0.0
-21.042900000000003 -0.0
-21.0329 -0.0
-21.0229 -0.0
-21.012900000000002 -0.0
-21.0029 -0.0
-20.9929 -0.0
-20.9829 -0.0
-20.972900000000003 -0.0
-20.9629 -0.0
-20.9529 -0.0
-20.9429 -0.0
-20.9329 -0.0
-20.9229 -0.0
-20.9129 -0.0
-20.902900000000002 -0.0
-20.8929 -0.0
-20.8829 -0.0
-20.8729 -0.0
-20.862900000000003 -0.0
-20.852899999999998 -0.0
-20.8429 -0.0
-20.832900000000002 -0.0
-20.8229 -0.0
-20.8129 -0.0
-20.8029 -0.0
-20.792900000000003 -0.0
-20.7829 -0.0
-20.7729 -0.0
-20.762900000000002 -0.0
-20.7529 -0.0
-20.7429 -0.0
-20.7329 -0.0
-20.722900000000003 -0.0
-20.7129 -0.0
-20.7029 -0.0
-20.6929 -0.0
-20.6829 -0.0
-20.6729 -0.0
-20.6629 -0.0
-20.652900000000002 -0.0
-20.6429 -0.0
-20.6329 -0.0
-20.6229 -0.0
-20.612900000000003 -0.0
-20.602899999999998 -0.0
-20.5929 -0.0
-20.582900000000002 -0.0
-20.5729 -0.0
-20.5629 -0.0
-20.5529 -0.0
-20.542900000000003 -0.0
-20.5329 -0.0
-20.5229 -0.0
-20.512900000000002 -0.0
-20.5029 -0.0
-20.4929 -0.0
-20.4829 -0.0
-20.472900000000003 -0.0
-20.4629 -0.0
-20.4529 -0.0
-20.4429 -0.0
-20.4329 -0.0
-20.4229 -0.0
-20.4129 -0.0
-20.402900000000002 -0.0
-20.3929 -0.0
-20.3829 -0.0
-20.3729 -0.0
-20.3629 -8.83571e-17
-20.3529 -1.84428e-16
-20.3429 -2.01526e-15
-20.332900000000002 -4.186775e-15
-20.3229 -8.603909999999999e-15
-20.3129 -1.9582060000000002e-14
-20.3029 -3.959475e-14
-20.2929 -7.92294e-14
-20.2829 -1.571565e-13
-20.2729 -3.180265e-13
-20.262900000000002 -6.193017565e-13
-20.2529 -1.2206223875999999e-12
-20.2429 -2.328100298e-12
-20.2329 -4.40424558e-12
-20.222900000000003 -8.24811012e-12
-20.2129 -1.53048416e-11
-20.2029 -2.802648449e-11
-20.1929 -5.0904648999999995e-11
-20.1829 -9.14905934e-11
-20.1729 -1.625398652e-10
-20.1629 -2.86933981e-10
-20.152900000000002 -5.01692842e-10
-20.1429 -8.67027412e-10
-20.1329 -1.4843472e-09
-20.1229 -2.52508665e-09
-20.1129 -4.24102964e-09
-20.1029 -7.06590112e-09
-20.0929 -1.1659806e-08
-20.082900000000002 -1.90668498e-08
-20.0729 -3.08711362e-08
-20.0629 -4.95426494e-08
-20.0529 -7.9037667e-08
-20.0429 -1.24607698e-07
-20.0329 -1.94535004e-07
-20.0229 -3.02611522e-07
-20.012900000000002 -4.6470942e-07
-20.0029 -7.067881999999999e-07
-19.9929 -1.06803024e-06
-19.9829 -1.59930638e-06
-19.972900000000003 -2.3725083999999997e-06
-19.9629 -3.4890954e-06
-19.9529 -5.1016418000000004e-06
-19.9429 -7.383539499999999e-06
-19.9329 -1.0599638e-05
-19.9229 -1.508251e-05
-19.9129 -2.1295221e-05
-19.902900000000002 -2.9774451000000004e-05
-19.8929 -4.1328948e-05
-19.8829 -5.6898037e-05
-19.8729 -7.7716e-05
-19.8629 -0.00010517399999999999
-19.8529 -0.00014124024
-19.8429 -0.00018787862
-19.832900000000002 -0.00024857603
-19.8229 -0.00032496083999999996
-19.8129 -0.0004216485
-19.8029 -0.0005437511
-19.7929 -0.0006937789
-19.7829 -0.0008804796
-19.7729 -0.0011061865
-19.762900000000002 -0.0013792897
-19.7529 -0.0017079158
-19.7429 -0.002095802
-19.7329 -0.002552931
-19.722900000000003 -0.00309687
-19.7129 -0.0037272980000000004
-19.7029 -0.004445963
-19.6929 -0.005260893
-19.6829 -0.00620311
-19.6729 -0.007254643
-19.6629 -0.008446508999999998
-19.652900000000002 -0.009778769999999999
-19.6429 -0.011246429999999998
-19.6329 -0.01287955
-19.6229 -0.014677160000000002
-19.6129 -0.01666029
-19.6029 -0.01881594
-19.5929 -0.02118226
-19.582900000000002 -0.02373918
-19.5729 -0.02650682
-19.5629 -0.02949533
-19.5529 -0.0327746
-19.5429 -0.036204820000000006
-19.5329 -0.039915860000000004
-19.5229 -0.04398791
-19.512900000000002 -0.0482208
-19.5029 -0.052725100000000004
-19.4929 -0.057480500000000004
-19.4829 -0.062496899999999994
-19.472900000000003 -0.0678947
-19.4629 -0.0734536
-19.4529 -0.07929380000000001
-19.4429 -0.0854455
-19.4329 -0.0916882
-19.4229 -0.09829230000000001
-19.4129 -0.10502769999999997
-19.402900000000002 -0.11215460000000001
-19.3929 -0.1193824
-19.3829 -0.1268115
-19.3729 -0.13434220000000002
-19.3629 -0.1419736
-19.3529 -0.1498065
-19.3429 -0.1577408
-19.332900000000002 -0.16577560000000002
-19.3229 -0.1738117
-19.3129 -0.1819477
-19.3029 -0.1897857
-19.2929 -0.19792329999999997
-19.2829 -0.20596230000000001
-19.2729 -0.2139002
-19.262900000000002 -0.2215402
-19.2529 -0.2291802
-19.2429 -0.23682199999999998
-19.2329 -0.2442628
-19.222900000000003 -0.25170299999999995
-19.2129 -0.2588452
-19.2029 -0.26608750000000003
-19.1929 -0.27313199999999993
-19.1829 -0.279975
-19.1729 -0.28701799999999994
-19.1629 -0.29366400000000004
-19.152900000000002 -0.30060900000000007
-19.1429 -0.3075570000000001
-19.1329 -0.314306
-19.1229 -0.321356
-19.1129 -0.32860899999999993
-19.1029 -0.335963
-19.0929 -0.34382
-19.082900000000002 -0.351882
-19.0729 -0.3602449999999999
-19.0629 -0.369214
-19.0529 -0.37898600000000005
-19.0429 -0.388959
-19.0329 -0.39974000000000004
-19.0229 -0.410826
-19.012900000000002 -0.42281299999999994
-19.0029 -0.435404
-18.9929 -0.44799900000000004
-18.9829 -0.46129600000000004
-18.972900000000003 -0.47479699999999997
-18.9629 -0.4881980000000001
-18.9529 -0.5016989999999999
-18.9429 -0.514999
-18.9329 -0.527902
-18.9229 -0.5405
-18.9129 -0.552496
-18.902900000000002 -0.56389
-18.8929 -0.5746810000000001
-18.8829 -0.5846690000000001
-18.8729 -0.594055
-18.8629 -0.602637
-18.8529 -0.610416
-18.8429 -0.617491
-18.832900000000002 -0.624166
-18.8229 -0.630437
-18.8129 -0.636209
-18.8029 -0.641479
-18.7929 -0.6465470000000001
-18.7829 -0.6517179999999999
-18.7729 -0.656786
-18.762900000000002 -0.6617589999999998
-18.7529 -0.6669320000000001
-18.7429 -0.672307
-18.7329 -0.677386
-18.722900000000003 -0.683368
-18.7129 -0.690052
-18.7029 -0.69694
-18.6929 -0.703233
-18.6829 -0.7108280000000001
-18.6729 -0.717723
-18.6629 -0.72502
-18.652900000000002 -0.7333210000000001
-18.6429 -0.7405189999999999
-18.6329 -0.747615
-18.6229 -0.754313
-18.6129 -0.760904
-18.6029 -0.7666929999999998
-18.5929 -0.772378
-18.582900000000002 -0.7770539999999999
-18.5729 -0.781926
-18.5629 -0.7822909999999998
-18.5529 -0.786446
-18.5429 -0.786195
-18.5329 -0.786734
-18.5229 -0.786965
-18.512900000000002 -0.7850969999999999
-18.5029 -0.7839079999999999
-18.4929 -0.779822
-18.4829 -0.775935
-18.472900000000003 -0.772131
-18.4629 -0.768427
-18.4529 -0.764029
-18.4429 -0.760123
-18.4329 -0.7566320000000001
-18.4229 -0.752736
-18.4129 -0.7492460000000001
-18.402900000000002 -0.747463
-18.3929 -0.7462930000000001
-18.3829 -0.745718
-18.3729 -0.7456720000000001
-18.3629 -0.747609
-18.3529 -0.7479609999999999
-18.3429 -0.750826
-18.332900000000002 -0.7539849999999999
-18.3229 -0.7576559999999999
-18.3129 -0.761719
-18.3029 -0.7657729999999999
-18.2929 -0.7701449999999999
-18.2829 -0.77391
-18.2729 -0.7766639999999999
-18.262900000000002 -0.781121
-18.2529 -0.7836569999999998
-18.2429 -0.7875049999999999
-18.2329 -0.7931459999999999
-18.222900000000003 -0.797203
-18.2129 -0.8017410000000001
-18.2029 -0.80769
-18.1929 -0.814451
-18.1829 -0.822823
-18.1729 -0.8337969999999999
-18.1629 -0.8457150000000001
-18.152900000000002 -0.859718
-18.1429 -0.8766670000000001
-18.1329 -0.8949229999999999
-18.1229 -0.9177240000000001
-18.1129 -0.940703
-18.1029 -0.966442
-18.0929 -0.995082
-18.082900000000002 -1.024254
-18.0729 -1.057548
-18.0629 -1.092846
-18.0529 -1.130186
-18.0429 -1.1685320000000001
-18.0329 -1.207903
-18.0229 -1.251288
-18.012900000000002 -1.2937100000000001
-18.0029 -1.33914
-17.9929 -1.38659
-17.9829 -1.43908
-17.972900000000003 -1.48761
-17.9629 -1.5421400000000003
-17.9529 -1.5997100000000004
-17.9429 -1.6562800000000002
-17.9329 -1.71887
-17.9229 -1.7795
-17.9129 -1.8401399999999999
-17.902900000000002 -1.90578
-17.8929 -1.9694499999999997
-17.8829 -2.03209
-17.8729 -2.0947400000000003
-17.8629 -2.15534
-17.8529 -2.21192
-17.8429 -2.26347
-17.832900000000002 -2.31397
-17.8229 -2.3564000000000003
-17.8129 -2.39378
-17.8029 -2.4230799999999997
-17.7929 -2.44532
-17.7829 -2.46246
-17.7729 -2.4685400000000004
-17.762900000000002 -2.4685300000000003
-17.7529 -2.4614600000000006
-17.7429 -2.44631
-17.7329 -2.4250699999999994
-17.722900000000003 -2.39981
-17.7129 -2.36949
-17.7029 -2.33313
-17.6929 -2.29875
-17.6829 -2.26037
-17.6729 -2.2219800000000003
-17.6629 -2.18562
-17.652900000000002 -2.15128
-17.6429 -2.1209379999999998
-17.6329 -2.0916609999999998
-17.6229 -2.067426
-17.6129 -2.0492339999999998
-17.6029 -2.035104
-17.5929 -2.024988
-17.582900000000002 -2.0193350000000003
-17.5729 -2.018536
-17.5629 -2.020452
-17.5529 -2.027012
-17.5429 -2.0333769999999998
-17.5329 -2.0414459999999996
-17.5229 -2.0472289999999997
-17.512900000000002 -2.052676
-17.5029 -2.054678
-17.4929 -2.054273
-17.4829 -2.0475209999999997
-17.472900000000003 -2.0350829999999998
-17.4629 -2.017127
-17.4529 -1.9904530000000002
-17.4429 -1.9571313000000001
-17.4329 -1.9130314000000002
-17.4229 -1.8630629
-17.4129 -1.8042858000000002
-17.402900000000002 -1.7385896
-17.3929 -1.6650141999999997
-17.3829 -1.5854996
-17.3729 -1.5000455
-17.3629 -1.4116419
-17.3529 -1.3182585999999998
-17.3429 -1.2239357
-17.332900000000002 -1.1296730000000001
-17.3229 -1.0354305
-17.3129 -0.9435633000000001
-17.3029 -0.8547320999999998
-17.2929 -0.7693760999999999
-17.2829 -0.6881672000000001
-17.2729 -0.6111325000000001
-17.262900000000002 -0.5399638000000001
-17.2529 -0.47456719999999997
-17.2429 -0.4152287
-17.2329 -0.36014720000000006
-17.222900000000003 -0.3122308
-17.2129 -0.2679796
-17.2029 -0.2293803
-17.1929 -0.19562417999999998
-17.1829 -0.16592611000000002
-17.1729 -0.14006011000000002
-17.1629 -0.11756379
-17.152900000000002 -0.09832575
-17.1429 -0.08177249
-17.1329 -0.06770881
-17.1229 -0.0558038
-17.1129 -0.04569546
-17.1029 -0.03722839
-17.0929 -0.0301069
-17.082900000000002 -0.0242375
-17.0729 -0.019389709999999998
-17.0629 -0.015439519
-17.0529 -0.012095474
-17.0429 -0.009489955
-17.0329 -0.007367477999999999
-17.0229 -0.005680541
-17.012900000000002 -0.004336124
-17.0029 -0.003289084
-16.9929 -0.0024698639999999996
-16.9829 -0.001834637
-16.972900000000003 -0.0013533119000000001
-16.9629 -0.0009895890000000001
-16.9529 -0.0007161616000000001
-16.9429 -0.0005135589
-16.9329 -0.0003651989
-16.9229 -0.0002563975
-16.9129 -0.00017895564
-16.902900000000002 -0.0001230739
-16.8929 -8.411485e-05
-16.8829 -5.6825719999999995e-05
-16.8729 -3.8068502e-05
-16.8629 -2.5189344e-05
-16.8529 -1.6488273e-05
-16.8429 -1.0700146e-05
-16.832900000000002 -6.8732298e-06
-16.8229 -4.3611682e-06
-16.8129 -2.7470105e-06
-16.8029 -1.7100408000000001e-06
-16.7929 -1.05378853e-06
-16.7829 -6.4106047e-07
-16.7729 -3.8621738e-07
-16.762900000000002 -2.3077791000000002e-07
-16.7529 -1.35751421e-07
-16.7429 -7.9471872e-08
-16.7329 -4.5989405e-08
-16.722900000000003 -2.62987656e-08
-16.7129 -1.48771747e-08
-16.7029 -8.332688299999999e-09
-16.6929 -4.61282794e-09
-16.6829 -2.53466725e-09
-16.6729 -1.3737483700000001e-09
-16.6629 -7.36473679e-10
-16.652900000000002 -3.905059011e-10
-16.6429 -2.0537984e-10
-16.6329 -1.0675308e-10
-16.6229 -5.489859e-11
-16.6129 -2.78553e-11
-16.6029 -1.4028044e-11
-16.5929 -6.983218999999999e-12
-16.582900000000002 -3.435354e-12
-16.5729 -1.6464729e-12
-16.5629 -7.685886e-13
-16.5529 -3.176811e-13
-16.5429 -9.663634000000001e-14
-16.5329 -0.0
-16.5229 -0.0
-16.512900000000002 -0.0
-16.5029 -0.0
-16.4929 -0.0
-16.4829 -0.0
-16.472900000000003 -0.0
-16.4629 -0.0
-16.4529 -0.0
-16.4429 -0.0
-16.4329 -0.0
-16.4229 -0.0
-16.4129 -0.0
-16.402900000000002 -0.0
-16.3929 -0.0
-16.3829 -0.0
-16.3729 -0.0
-16.3629 -0.0
-16.3529 -0.0
-16.3429 -0.0
-16.332900000000002 -0.0
-16.3229 -0.0
-16.3129 -0.0
-16.3029 -0.0
-16.2929 -0.0
-16.2829 -0.0
-16.2729 -0.0
-16.262900000000002 -0.0
-16.2529 -0.0
-16.2429 -0.0
-16.2329 -0.0
-16.2229 -0.0
-16.2129 -0.0
-16.2029 -0.0
-16.1929 -0.0
-16.1829 -0.0
-16.172900000000002 -0.0
-16.1629 -0.0
-16.152900000000002 -0.0
-16.1429 -0.0
-16.1329 -0.0
-16.1229 -0.0
-16.1129 -0.0
-16.1029 -0.0
-16.0929 -0.0
-16.082900000000002 -0.0
-16.0729 -0.0
-16.0629 -0.0
-16.0529 -0.0
-16.0429 -0.0
-16.0329 -0.0
-16.0229 -0.0
-16.012900000000002 -0.0
-16.0029 -0.0
-15.9929 -0.0
-15.9829 -0.0
-15.972900000000001 -0.0
-15.962900000000001 -0.0
-15.9529 -0.0
-15.942900000000002 -0.0
-15.9329 -0.0
-15.9229 -0.0
-15.9129 -0.0
-15.9029 -0.0
-15.892900000000001 -0.0
-15.882900000000001 -0.0
-15.872900000000001 -0.0
-15.8629 -0.0
-15.852900000000002 -0.0
-15.8429 -0.0
-15.8329 -0.0
-15.8229 -0.0
-15.8129 -0.0
-15.802900000000001 -0.0
-15.792900000000001 -0.0
-15.782900000000001 -0.0
-15.7729 -0.0
-15.7629 -0.0
-15.7529 -0.0
-15.7429 -0.0
-15.7329 -0.0
-15.722900000000001 -0.0
-15.712900000000001 -0.0
-15.7029 -0.0
-15.692900000000002 -0.0
-15.6829 -0.0
-15.6729 -0.0
-15.6629 -0.0
-15.6529 -0.0
-15.642900000000001 -0.0
-15.632900000000001 -0.0
-15.622900000000001 -0.0
-15.6129 -0.0
-15.602900000000002 -0.0
-15.5929 -0.0
-15.5829 -0.0
-15.5729 -0.0
-15.5629 -0.0
-15.552900000000001 -0.0
-15.542900000000001 -0.0
-15.532900000000001 -0.0
-15.5229 -0.0
-15.5129 -0.0
-15.5029 -0.0
-15.4929 -0.0
-15.4829 -0.0
-15.472900000000001 -0.0
-15.462900000000001 -0.0
-15.4529 -0.0
-15.442900000000002 -0.0
-15.4329 -0.0
-15.4229 -0.0
-15.4129 -0.0
-15.4029 -0.0
-15.392900000000001 -0.0
-15.382900000000001 -0.0
-15.372900000000001 -0.0
-15.3629 -0.0
-15.352900000000002 -0.0
-15.3429 -0.0
-15.3329 -0.0
-15.3229 -0.0
-15.3129 -0.0
-15.302900000000001 -0.0
-15.292900000000001 -0.0
-15.282900000000001 -0.0
-15.2729 -0.0
-15.2629 -0.0
-15.2529 -0.0
-15.2429 -0.0
-15.2329 -0.0
-15.222900000000001 -0.0
-15.212900000000001 -0.0
-15.2029 -0.0
-15.192900000000002 -0.0
-15.1829 -0.0
-15.1729 -0.0
-15.1629 -0.0
-15.1529 -0.0
-15.142900000000001 -0.0
-15.132900000000001 -0.0
-15.122900000000001 -0.0
-15.1129 -0.0
-15.102900000000002 -0.0
-15.0929 -0.0
-15.0829 -0.0
-15.0729 -0.0
-15.0629 -0.0
-15.052900000000001 -0.0
-15.042900000000001 -0.0
-15.032900000000001 -0.0
-15.0229 -0.0
-15.0129 -0.0
-15.0029 -0.0
-14.9929 -0.0
-14.9829 -0.0
-14.972900000000001 -0.0
-14.962900000000001 -0.0
-14.9529 -0.0
-14.942900000000002 -0.0
-14.9329 -0.0
-14.9229 -0.0
-14.9129 -0.0
-14.9029 -0.0
-14.892900000000001 -0.0
-14.882900000000001 -0.0
-14.872900000000001 -0.0
-14.8629 -0.0
-14.852900000000002 -0.0
-14.8429 -0.0
-14.8329 -0.0
-14.8229 -0.0
-14.8129 -0.0
-14.802900000000001 -0.0
-14.792900000000001 -0.0
-14.782900000000001 -0.0
-14.7729 -0.0
-14.7629 -0.0
-14.7529 -0.0
-14.7429 -0.0
-14.7329 -0.0
-14.722900000000001 -0.0
-14.712900000000001 -0.0
-14.7029 -0.0
-14.692900000000002 -0.0
-14.6829 -0.0
-14.6729 -0.0
-14.6629 -0.0
-14.6529 -0.0
-14.642900000000001 -0.0
-14.632900000000001 -0.0
-14.622900000000001 -0.0
-14.6129 -0.0
-14.602900000000002 -0.0
-14.5929 -0.0
-14.5829 -0.0
-14.5729 -0.0
-14.5629 -0.0
-14.552900000000001 -0.0
-14.542900000000001 -0.0
-14.532900000000001 -0.0
-14.5229 -0.0
-14.5129 -0.0
-14.5029 -0.0
-14.4929 -0.0
-14.4829 -0.0
-14.472900000000001 -0.0
-14.462900000000001 -0.0
-14.4529 -0.0
-14.442900000000002 -0.0
-14.4329 -0.0
-14.4229 -0.0
-14.4129 -0.0
-14.4029 -0.0
-14.392900000000001 -0.0
-14.382900000000001 -0.0
-14.372900000000001 -0.0
-14.3629 -0.0
-14.3529 -0.0
-14.3429 -0.0
-14.3329 -0.0
-14.3229 -0.0
-14.3129 -0.0
-14.302900000000001 -0.0
-14.292900000000001 -0.0
-14.282900000000001 -0.0
-14.2729 -0.0
-14.2629 -0.0
-14.2529 -0.0
-14.2429 -0.0
-14.2329 -0.0
-14.222900000000001 -0.0
-14.212900000000001 -0.0
-14.202900000000001 -0.0
-14.192900000000002 -0.0
-14.1829 -0.0
-14.1729 -0.0
-14.1629 -0.0
-14.1529 -0.0
-14.142900000000001 -0.0
-14.132900000000001 -0.0
-14.122900000000001 -0.0
-14.1129 -0.0
-14.1029 -0.0
-14.0929 -0.0
-14.0829 -0.0
-14.0729 -0.0
-14.0629 -0.0
-14.052900000000001 -0.0
-14.042900000000001 -0.0
-14.032900000000001 -0.0
-14.0229 -0.0
-14.0129 -0.0
-14.0029 -0.0
-13.9929 -0.0
-13.9829 -0.0
-13.972900000000001 -0.0
-13.962900000000001 -0.0
-13.952900000000001 -0.0
-13.942900000000002 -0.0
-13.9329 -0.0
-13.9229 -0.0
-13.9129 -0.0
-13.9029 -0.0
-13.892900000000001 -0.0
-13.882900000000001 -0.0
-13.872900000000001 -0.0
-13.8629 -0.0
-13.8529 -0.0
-13.8429 -0.0
-13.8329 -0.0
-13.8229 -0.0
-13.8129 -0.0
-13.802900000000001 -0.0
-13.792900000000001 -0.0
-13.782900000000001 -0.0
-13.7729 -0.0
-13.7629 -0.0
-13.7529 -0.0
-13.7429 -0.0
-13.7329 -0.0
-13.722900000000001 -0.0
-13.712900000000001 -0.0
-13.702900000000001 -0.0
-13.692900000000002 -0.0
-13.6829 -0.0
-13.6729 -0.0
-13.6629 -0.0
-13.6529 -0.0
-13.642900000000001 -0.0
-13.632900000000001 -0.0
-13.622900000000001 -0.0
-13.6129 -0.0
-13.6029 -0.0
-13.5929 -0.0
-13.5829 -0.0
-13.5729 -0.0
-13.5629 -0.0
-13.552900000000001 -0.0
-13.542900000000001 -0.0
-13.532900000000001 -0.0
-13.5229 -0.0
-13.5129 -0.0
-13.5029 -0.0
-13.4929 -0.0
-13.4829 -0.0
-13.472900000000001 -0.0
-13.462900000000001 -0.0
-13.452900000000001 -0.0
-13.442900000000002 -0.0
-13.4329 -0.0
-13.4229 -0.0
-13.4129 -0.0
-13.4029 -0.0
-13.392900000000001 -0.0
-13.382900000000001 -0.0
-13.372900000000001 -0.0
-13.3629 -0.0
-13.3529 -0.0
-13.3429 -0.0
-13.3329 -0.0
-13.3229 -0.0
-13.3129 -0.0
-13.302900000000001 -0.0
-13.292900000000001 -0.0
-13.282900000000001 -0.0
-13.2729 -0.0
-13.2629 -0.0
-13.2529 -0.0
-13.2429 -0.0
-13.2329 -0.0
-13.222900000000001 -0.0
-13.212900000000001 -0.0
-13.202900000000001 -0.0
-13.192900000000002 -0.0
-13.1829 -0.0
-13.1729 -0.0
-13.1629 -0.0
-13.1529 -0.0
-13.142900000000001 -0.0
-13.132900000000001 -0.0
-13.122900000000001 -0.0
-13.1129 -0.0
-13.1029 -0.0
-13.0929 -0.0
-13.0829 -0.0
-13.0729 -0.0
-13.0629 -0.0
-13.052900000000001 -0.0
-13.042900000000001 -0.0
-13.032900000000001 -0.0
-13.0229 -0.0
-13.0129 -0.0
-13.0029 -0.0
-12.9929 -0.0
-12.9829 -0.0
-12.972900000000001 -0.0
-12.962900000000001 -0.0
-12.952900000000001 -0.0
-12.942900000000002 -0.0
-12.9329 -0.0
-12.9229 -0.0
-12.9129 -0.0
-12.9029 -0.0
-12.892900000000001 -0.0
-12.882900000000001 -0.0
-12.872900000000001 -0.0
-12.862900000000002 -0.0
-12.8529 -0.0
-12.8429 -0.0
-12.8329 -0.0
-12.8229 -0.0
-12.8129 -0.0
-12.802900000000001 -0.0
-12.792900000000001 -0.0
-12.782900000000001 -0.0
-12.7729 -0.0
-12.7629 -0.0
-12.7529 -0.0
-12.7429 -0.0
-12.7329 -0.0
-12.722900000000001 -0.0
-12.712900000000001 -0.0
-12.702900000000001 -0.0
-12.6929 -0.0
-12.6829 -0.0
-12.6729 -0.0
-12.6629 -0.0
-12.6529 -0.0
-12.642900000000001 -0.0
-12.632900000000001 -0.0
-12.622900000000001 -0.0
-12.612900000000002 -0.0
-12.6029 -0.0
-12.5929 -0.0
-12.5829 -0.0
-12.5729 -0.0
-12.5629 -0.0
-12.552900000000001 -0.0
-12.542900000000001 -0.0
-12.532900000000001 -0.0
-12.5229 -0.0
-12.5129 -0.0
-12.5029 -0.0
-12.4929 -0.0
-12.4829 -0.0
-12.472900000000001 -0.0
-12.462900000000001 -0.0
-12.452900000000001 -0.0
-12.4429 -0.0
-12.4329 -0.0
-12.4229 -0.0
-12.4129 -0.0
-12.4029 -0.0
-12.392900000000001 -0.0
-12.382900000000001 -0.0
-12.372900000000001 -0.0
-12.362900000000002 -0.0
-12.3529 -0.0
-12.3429 -0.0
-12.3329 -0.0
-12.3229 -0.0
-12.3129 -0.0
-12.302900000000001 -0.0
-12.292900000000001 -0.0
-12.282900000000001 -0.0
-12.2729 -0.0
-12.2629 -0.0
-12.2529 -0.0
-12.2429 -0.0
-12.2329 -0.0
-12.222900000000001 -0.0
-12.212900000000001 -0.0
-12.202900000000001 -0.0
-12.1929 -0.0
-12.1829 -0.0
-12.1729 -0.0
-12.1629 -0.0
-12.1529 -0.0
-12.142900000000001 -0.0
-12.132900000000001 -0.0
-12.122900000000001 -0.0
-12.112900000000002 -0.0
-12.1029 -0.0
-12.0929 -0.0
-12.0829 -0.0
-12.0729 -0.0
-12.0629 -0.0
-12.052900000000001 -0.0
-12.042900000000001 -0.0
-12.032900000000001 -0.0
-12.0229 -0.0
-12.0129 -0.0
-12.0029 -0.0
-11.9929 -0.0
-11.9829 -0.0
-11.972900000000001 -0.0
-11.962900000000001 -0.0
-11.952900000000001 -0.0
-11.9429 -0.0
-11.9329 -0.0
-11.9229 -0.0
-11.9129 -0.0
-11.9029 -0.0
-11.892900000000001 -0.0
-11.882900000000001 -0.0
-11.872900000000001 -0.0
-11.8629 -0.0
-11.8529 -0.0
-11.8429 -0.0
-11.8329 -0.0
-11.8229 -0.0
-11.8129 -0.0
-11.802900000000001 -0.0
-11.792900000000001 -0.0
-11.782900000000001 -0.0
-11.7729 -0.0
-11.7629 -0.0
-11.7529 -0.0
-11.7429 -0.0
-11.7329 -0.0
-11.722900000000001 -0.0
-11.712900000000001 -0.0
-11.702900000000001 -0.0
-11.692900000000002 -0.0
-11.6829 -0.0
-11.6729 -0.0
-11.6629 -0.0
-11.6529 -0.0
-11.642900000000001 -0.0
-11.632900000000001 -0.0
-11.622900000000001 -0.0
-11.6129 -0.0
-11.6029 -0.0
-11.5929 -0.0
-11.5829 -0.0
-11.5729 -0.0
-11.5629 -1.52318e-15
-11.552900000000001 -5.6174e-15
-11.542900000000001 -1.16702e-14
-11.532900000000001 -2.97122e-14
-11.5229 -6.3349e-14
-11.5129 -1.30845e-13
-11.5029 -2.62601e-13
-11.4929 -5.2698e-13
-11.4829 -1.04677e-12
-11.472900000000001 -2.05497e-12
-11.462900000000001 -3.9719e-12
-11.452900000000001 -7.5789e-12
-11.442900000000002 -1.4326299999999999e-11
-11.4329 -2.6757600000000004e-11
-11.4229 -4.954479216e-11
-11.4129 -9.077685479999999e-11
-11.4029 -1.642318693e-10
-11.392900000000001 -2.954218656e-10
-11.382900000000001 -5.24787427e-10
-11.372900000000001 -9.22930234e-10
-11.3629 -1.6077387539999999e-09
-11.3529 -2.77167324e-09
-11.3429 -4.7208901400000004e-09
-11.3329 -7.97272228e-09
-11.3229 -1.333228475e-08
-11.3129 -2.20640649e-08
-11.302900000000001 -3.61668035e-08
-11.292900000000001 -5.865819089999999e-08
-11.282900000000001 -9.4221566e-08
-11.2729 -1.49644929e-07
-11.2629 -2.35876032e-07
-11.2529 -3.68832407e-07
-11.2429 -5.6850595e-07
-11.2329 -8.695734699999999e-07
-11.222900000000001 -1.31668239e-06
-11.212900000000001 -1.97683334e-06
-11.202900000000001 -2.9334621e-06
-11.192900000000002 -4.32043e-06
-11.1829 -6.2997001e-06
-11.1729 -9.0723431e-06
-11.1629 -1.2983815e-05
-11.1529 -1.8422293e-05
-11.142900000000001 -2.5749752e-05
-11.132900000000001 -3.5890278e-05
-11.122900000000001 -4.9445765000000004e-05
-11.1129 -6.7308386e-05
-11.1029 -9.111545e-05
-11.0929 -0.00012202294999999999
-11.0829 -0.00016212307
-11.0729 -0.000213198
-11.0629 -0.00027809544
-11.052900000000001 -0.00035881220000000003
-11.042900000000001 -0.00045890950000000003
-11.032900000000001 -0.0005838036
-11.0229 -0.0007344432
-11.0129 -0.0009174194000000001
-11.0029 -0.0011344811000000002
-10.9929 -0.0013925604000000003
-10.9829 -0.001696009
-10.972900000000001 -0.002045208
-10.962900000000001 -0.002455177
-10.952900000000001 -0.002916371
-10.942900000000002 -0.0034439069999999995
-10.9329 -0.00404094
-10.9229 -0.004701215
-10.9129 -0.005441085
-10.9029 -0.00625474
-10.892900000000001 -0.007155559999999999
-10.882900000000001 -0.00813985
-10.872900000000001 -0.009220029999999999
-10.8629 -0.010388870000000001
-10.8529 -0.01167736
-10.8429 -0.01306778
-10.8329 -0.014581950000000002
-10.8229 -0.01623583
-10.8129 -0.018032689999999997
-10.802900000000001 -0.01998879
-10.792900000000001 -0.02209466
-10.782900000000001 -0.024381600000000003
-10.7729 -0.0268799
-10.7629 -0.029559
-10.7529 -0.0324791
-10.7429 -0.0355903
-10.7329 -0.038922500000000006
-10.722900000000001 -0.0424653
-10.712900000000001 -0.0461988
-10.702900000000001 -0.05012249999999999
-10.692900000000002 -0.0541165
-10.6829 -0.0583504
-10.6729 -0.0625937
-10.6629 -0.0669465
-10.6529 -0.0712482
-10.642900000000001 -0.0755888
-10.632900000000001 -0.0799278
-10.622900000000001 -0.0841051
-10.6129 -0.0882306
-10.6029 -0.0922541
-10.5929 -0.0962857
-10.5829 -0.0998953
-10.5729 -0.103603
-10.5629 -0.1071086
-10.552900000000001 -0.1104128
-10.542900000000001 -0.1136155
-10.532900000000001 -0.1168167
-10.5229 -0.1199168
-10.5129 -0.1229161
-10.5029 -0.12571480000000002
-10.4929 -0.1284129
-10.4829 -0.13121049999999998
-10.472900000000001 -0.1340078
-10.462900000000001 -0.13670510000000002
-10.452900000000001 -0.1391023
-10.442900000000002 -0.1415993
-10.4329 -0.1440962
-10.4229 -0.1463928
-10.4129 -0.14848970000000003
-10.4029 -0.15038600000000002
-10.392900000000001 -0.15208239999999998
-10.382900000000001 -0.1538782
-10.372900000000001 -0.1550739
-10.3629 -0.1562693
-10.352900000000002 -0.15736429999999998
-10.3429 -0.15785910000000003
-10.3329 -0.15855329999999998
-10.3229 -0.15894749999999996
-10.3129 -0.15924159999999998
-10.302900000000001 -0.15933560000000002
-10.292900000000001 -0.1594297
-10.282900000000001 -0.15932380000000002
-10.2729 -0.1594182
-10.2629 -0.15941329999999998
-10.2529 -0.15960860000000002
-10.2429 -0.1598045
-10.2329 -0.1602013
-10.222900000000001 -0.16069880000000003
-10.212900000000001 -0.16149709999999998
-10.2029 -0.1623964
-10.192900000000002 -0.1636965
-10.1829 -0.16519729999999996
-10.1729 -0.16689900000000002
-10.1629 -0.1688015
-10.1529 -0.1710046
-10.142900000000001 -0.17300819999999997
-10.132900000000001 -0.1752122
-10.122900000000001 -0.1777161
-10.1129 -0.1800205
-10.102900000000002 -0.1822242
-10.0929 -0.1842277
-10.0829 -0.18573040000000002
-10.0729 -0.1870324
-10.0629 -0.1880334
-10.052900000000001 -0.18833270000000002
-10.042900000000001 -0.18823099999999998
-10.032900000000001 -0.18732780000000002
-10.0229 -0.1859232
-10.0129 -0.183717
-10.0029 -0.18100940000000001
-9.9929 -0.17760050000000002
-9.9829 -0.17389030000000003
-9.972900000000001 -0.1694793
-9.962900000000001 -0.1649678
-9.9529 -0.15985560000000001
-9.942900000000002 -0.15444329999999998
-9.9329 -0.149131
-9.9229 -0.1439193
-9.9129 -0.13880820000000002
-9.9029 -0.13379799999999997
-9.892900000000001 -0.12908880000000003
-9.882900000000001 -0.12458059999999999
-9.872900000000001 -0.1205735
-9.8629 -0.11696780000000001
-9.852900000000002 -0.11366309999999999
-9.8429 -0.11075979999999998
-9.8329 -0.10815749999999999
-9.8229 -0.1060564
-9.8129 -0.1041557
-9.802900000000001 -0.10245570000000002
-9.792900000000001 -0.10119650000000001
-9.782900000000001 -0.10000770000000002
-9.7729 -0.0989189
-9.7629 -0.0979403
-9.7529 -0.0968517
-9.7429 -0.0959729
-9.7329 -0.09508350000000002
-9.722900000000001 -0.0939841
-9.712900000000001 -0.09266359999999998
-9.7029 -0.09144259999999999
-9.692900000000002 -0.0901009
-9.6829 -0.0884482
-9.6729 -0.08668469999999999
-9.6629 -0.0846601
-9.6529 -0.08269470000000001
-9.642900000000001 -0.08031819999999999
-9.632900000000001 -0.07771099999999999
-9.622900000000001 -0.07522259999999999
-9.6129 -0.07247340000000001
-9.602900000000002 -0.06962339999999999
-9.5929 -0.0666527
-9.5829 -0.0636015
-9.5729 -0.060510100000000004
-9.5629 -0.05741830000000001
-9.552900000000001 -0.054356600000000005
-9.542900000000001 -0.051335
-9.532900000000001 -0.048423600000000004
-9.5229 -0.04562239999999999
-9.5129 -0.042992300000000004
-9.5029 -0.04054279999999999
-9.4929 -0.038243900000000004
-9.4829 -0.036196099999999995
-9.472900000000001 -0.0343393
-9.462900000000001 -0.0326835
-9.4529 -0.031268699999999996
-9.442900000000002 -0.0300349
-9.4329 -0.028991899999999998
-9.4229 -0.0281098
-9.4129 -0.0273787
-9.4029 -0.0267879
-9.392900000000001 -0.0262878
-9.382900000000001 -0.025878099999999994
-9.372900000000001 -0.025519
-9.3629 -0.025230100000000002
-9.352900000000002 -0.024971300000000002
-9.3429 -0.024732599999999993
-9.3329 -0.0245142
-9.3229 -0.0242856
-9.3129 -0.0240369
-9.302900000000001 -0.0237882
-9.292900000000001 -0.0235193
-9.282900000000001 -0.0232099
-9.2729 -0.022900300000000002
-9.2629 -0.0225303
-9.2529 -0.022139899999999997
-9.2429 -0.0216787
-9.2329 -0.0211972
-9.222900000000001 -0.0206149
-9.212900000000001 -0.0200021
-9.2029 -0.019318300000000004
-9.192900000000002 -0.018584
-9.1829 -0.01776918
-9.1729 -0.01688373
-9.1629 -0.01600061
-9.1529 -0.01504401
-9.142900000000001 -0.014050059999999998
-9.132900000000001 -0.013046980000000001
-9.122900000000001 -0.012054639999999998
-9.1129 -0.01105127
-9.102900000000002 -0.01006719
-9.0929 -0.0091012
-9.0829 -0.008201400000000001
-9.0729 -0.007325100000000001
-9.0629 -0.006513010000000001
-9.052900000000001 -0.0057837
-9.042900000000001 -0.0051087500000000004
-9.032900000000001 -0.00449834
-9.0229 -0.00395845
-9.0129 -0.00348004
-9.0029 -0.00306109
-8.9929 -0.0026995200000000004
-8.9829 -0.0023873299999999996
-8.972900000000001 -0.00211944
-8.962900000000001 -0.00189179
-8.9529 -0.00169534
-8.942900000000002 -0.00152724
-8.9329 -0.0013804400000000001
-8.9229 -0.0012527200000000001
-8.9129 -0.00113923
-8.9029 -0.0010359599999999998
-8.892900000000001 -0.0009428899999999999
-8.882900000000001 -0.0008552080000000001
-8.872900000000001 -0.0007757510000000001
-8.8629 -0.0006987529999999999
-8.852900000000002 -0.0006287549999999999
-8.8429 -0.000561678
-8.8329 -0.0004986929999999999
-8.8229 -0.0004400379999999999
-8.8129 -0.00038573100000000005
-8.802900000000001 -0.00033541399999999997
-8.792900000000001 -0.000289522
-8.782900000000001 -0.000248047
-8.7729 -0.000210542
-8.7629 -0.00017727
-8.7529 -0.0001482019
-8.7429 -0.00012271899999999997
-8.7329 -0.00010089399999999999
-8.722900000000001 -8.225379999999999e-05
-8.712900000000001 -6.631640000000001e-05
-8.7029 -5.315489999999999e-05
-8.692900000000002 -4.217949999999999e-05
-8.6829 -3.319148e-05
-8.6729 -2.5913510000000003e-05
-8.6629 -2.0060280000000004e-05
-8.6529 -1.5410100000000003e-05
-8.642900000000001 -1.177177e-05
-8.632900000000001 -8.986190000000001e-06
-8.622900000000001 -6.88113e-06
-8.6129 -5.36878e-06
-8.602900000000002 -4.364700000000002e-06
-8.5929 -3.82635e-06
-8.5829 -3.73109e-06
-8.5729 -4.12043e-06
-8.5629 -5.06101e-06
-8.552900000000001 -6.6647299999999995e-06
-8.542900000000001 -9.11965e-06
-8.532900000000001 -1.2656899999999999e-05
-8.5229 -1.7716649999999996e-05
-8.5129 -2.4591788e-05
-8.5029 -3.393762e-05
-8.4929 -4.6373355e-05
-8.4829 -6.2801172e-05
-8.472900000000001 -8.417598800000001e-05
-8.462900000000001 -0.0001117766328
-8.4529 -0.0001468945418
-8.442900000000002 -0.0001914926131
-8.4329 -0.000246701106
-8.4229 -0.00031379552239999995
-8.4129 -0.00039702853455000003
-8.4029 -0.00049681492483
-8.392900000000001 -0.00061434055277
-8.382900000000001 -0.0007540003296
-8.372900000000001 -0.00091601019938
-8.3629 -0.0011024601283239998
-8.352900000000002 -0.0013147600989399997
-8.3429 -0.00154992010412
-8.3329 -0.0018178301483809999
-8.3229 -0.002110690249288
-8.3129 -0.00242619044268
-8.302900000000001 -0.00276555079745
-8.2929 -0.0031275414295399997
-8.282900000000001 -0.00350126253885
-8.2729 -0.0038974244659000005
-8.262900000000002 -0.0043041977928
-8.2529 -0.004721973458
-8.2429 -0.0051497630091
-8.2329 -0.0055855389329999994
-8.222900000000001 -0.006021365233
-8.212900000000001 -0.006455108111
-8.2029 -0.006896877542
-8.192900000000002 -0.007346688723999999
-8.1829 -0.00780546395
-8.1729 -0.00828134048
-8.1629 -0.00877737036
-8.1529 -0.00929262821
-8.142900000000001 -0.00985923029
-8.132900000000001 -0.0104663342
-8.122900000000001 -0.011122289300000001
-8.1129 -0.011891192400000002
-8.102900000000002 -0.0126517263
-8.0929 -0.013515511100000002
-8.0829 -0.0144833044
-8.0729 -0.015466353
-8.0629 -0.016667198
-8.052900000000001 -0.017765595000000002
-8.0429 -0.019086589
-8.032900000000001 -0.020432113
-8.0229 -0.021785437
-8.012900000000002 -0.023172691999999998
-8.0029 -0.02458007
-7.992900000000001 -0.02602377
-7.982900000000001 -0.0274125
-7.972900000000001 -0.028849249999999996
-7.9629 -0.03015514
-7.9529000000000005 -0.03153334
-7.942900000000001 -0.0329034
-7.932900000000001 -0.03428054
-7.9229 -0.03569238
-7.9129000000000005 -0.0371558
-7.902900000000001 -0.0388012
-7.892900000000001 -0.040442200000000005
-7.882900000000001 -0.042394299999999996
-7.8729000000000005 -0.04449859999999999
-7.862900000000001 -0.046881400000000004
-7.852900000000001 -0.0495424
-7.842900000000001 -0.0526061
-7.8329 -0.056092800000000005
-7.822900000000001 -0.0598873
-7.812900000000001 -0.0640106
-7.802900000000001 -0.0686764
-7.7929 -0.0736378
-7.782900000000001 -0.0789882
-7.772900000000001 -0.0846754
-7.762900000000001 -0.09070080000000001
-7.7529 -0.0968602
-7.742900000000001 -0.10326070000000001
-7.732900000000001 -0.10996619999999997
-7.722900000000001 -0.11650289999999998
-7.7129 -0.1232276
-7.7029000000000005 -0.1298714
-7.692900000000001 -0.13628220000000002
-7.682900000000001 -0.1426781
-7.6729 -0.14874099999999998
-7.6629000000000005 -0.154764
-7.652900000000001 -0.160252
-7.642900000000001 -0.165612
-7.632900000000001 -0.17050310000000002
-7.6229000000000005 -0.1749251
-7.612900000000001 -0.17900820000000003
-7.602900000000001 -0.18272329999999998
-7.592900000000001 -0.18617849999999997
-7.5829 -0.1891696
-7.572900000000001 -0.1919167
-7.562900000000001 -0.1943309
-7.552900000000001 -0.19637500000000002
-7.5429 -0.1983872
-7.532900000000001 -0.20027430000000002
-7.522900000000001 -0.20184450000000004
-7.512900000000001 -0.2038027
-7.5029 -0.2055729
-7.492900000000001 -0.207562
-7.482900000000001 -0.2097612
-7.472900000000001 -0.2122134
-7.4629 -0.2148865
-7.4529000000000005 -0.21793360000000003
-7.442900000000001 -0.2212407
-7.432900000000001 -0.22489179999999998
-7.4229 -0.2287938
-7.4129000000000005 -0.23296980000000003
-7.402900000000001 -0.2373877
-7.392900000000001 -0.2416675
-7.382900000000001 -0.24616830000000003
-7.3729000000000005 -0.2504109
-7.362900000000001 -0.25456449999999997
-7.352900000000001 -0.25829710000000006
-7.342900000000001 -0.26162949999999996
-7.3329 -0.2644429
-7.322900000000001 -0.26649319999999993
-7.312900000000001 -0.26769339999999997
-7.302900000000001 -0.2682706
-7.2929 -0.2677267
-7.282900000000001 -0.2662598
-7.272900000000001 -0.2638808
-7.262900000000001 -0.2603677
-7.2529 -0.2561237
-7.242900000000001 -0.2507575
-7.232900000000001 -0.2446773
-7.222900000000001 -0.23785610000000004
-7.2129 -0.23053169999999998
-7.2029000000000005 -0.22247729999999996
-7.192900000000001 -0.2142197
-7.182900000000001 -0.2054521
-7.1729 -0.1966433
-7.1629000000000005 -0.1877564
-7.152900000000001 -0.17913729999999997
-7.142900000000001 -0.1705302
-7.132900000000001 -0.16231890000000002
-7.1229000000000005 -0.1542115
-7.112900000000001 -0.146715
-7.102900000000001 -0.1397445
-7.092900000000001 -0.133212
-7.0829 -0.12716049999999998
-7.072900000000001 -0.12165800000000003
-7.062900000000001 -0.11669760000000001
-7.052900000000001 -0.1122733
-7.0429 -0.10830710000000002
-7.032900000000001 -0.10467209999999999
-7.022900000000001 -0.1016292
-7.012900000000001 -0.09883750000000001
-7.0029 -0.09653890000000001
-6.992900000000001 -0.0944856
-6.982900000000001 -0.0928194
-6.972900000000001 -0.09123930000000001
-6.9629 -0.0898063
-6.9529000000000005 -0.08881549999999999
-6.942900000000001 -0.08768569999999999
-6.932900000000001 -0.08648890000000001
-6.9229 -0.0856112
-6.9129000000000005 -0.0844044
-6.902900000000001 -0.08339459999999999
-6.892900000000001 -0.0821437
-6.882900000000001 -0.0807387
-6.8729000000000005 -0.0791517
-6.862900000000001 -0.0774605
-6.852900000000001 -0.07544619999999999
-6.842900000000001 -0.0733488
-6.8329 -0.07099729999999999
-6.822900000000001 -0.0684506
-6.812900000000001 -0.06580390000000001
-6.802900000000001 -0.06297100000000001
-6.7929 -0.0599603
-6.782900000000001 -0.056885700000000004
-6.772900000000001 -0.053761399999999994
-6.762900000000001 -0.050606200000000004
-6.7529 -0.04745169999999999
-6.742900000000001 -0.0443714
-6.732900000000001 -0.0414113
-6.722900000000001 -0.038604599999999996
-6.7129 -0.0359427
-6.7029000000000005 -0.033536
-6.692900000000001 -0.0313326
-6.682900000000001 -0.029405700000000007
-6.6729 -0.027754299999999996
-6.6629000000000005 -0.0263985
-6.652900000000001 -0.0253188
-6.642900000000001 -0.0245347
-6.632900000000001 -0.0240264
-6.6229000000000005 -0.0237637
-6.612900000000001 -0.0237659
-6.602900000000001 -0.024014000000000004
-6.592900000000001 -0.024435699999999998
-6.5829 -0.0250921
-6.572900000000001 -0.025921699999999995
-6.562900000000001 -0.026896
-6.552900000000001 -0.028002199999999998
-6.5429 -0.0293026
-6.532900000000001 -0.030564900000000002
-6.522900000000001 -0.0320801
-6.512900000000001 -0.0336055
-6.5029 -0.03514460000000001
-6.492900000000001 -0.0367441
-6.482900000000001 -0.038425999999999995
-6.472900000000001 -0.0401575
-6.4629 -0.04189140000000001
-6.4529000000000005 -0.043626599999999995
-6.442900000000001 -0.0454703
-6.432900000000001 -0.047278200000000006
-6.4229 -0.049082799999999996
-6.4129000000000005 -0.050863599999999995
-6.402900000000001 -0.052801
-6.392900000000001 -0.0546818
-6.382900000000001 -0.05669280000000001
-6.3729000000000005 -0.0587466
-6.362900000000001 -0.0608128
-6.352900000000001 -0.06301050000000001
-6.342900000000001 -0.0652997
-6.3329 -0.0677115
-6.322900000000001 -0.07014709999999999
-6.312900000000001 -0.0727845
-6.302900000000001 -0.0756459
-6.2929 -0.078579
-6.282900000000001 -0.08171599999999998
-6.272900000000001 -0.08489400000000001
-6.262900000000001 -0.088055
-6.2529 -0.09164
-6.242900000000001 -0.094938
-6.232900000000001 -0.09878
-6.222900000000001 -0.10258400000000001
-6.2129 -0.10654100000000001
-6.2029000000000005 -0.11079499999999999
-6.192900000000001 -0.115033
-6.182900000000001 -0.11952700000000001
-6.1729 -0.124167
-6.1629000000000005 -0.129046
-6.152900000000001 -0.134384
-6.142900000000001 -0.139929
-6.132900000000001 -0.145887
-6.1229000000000005 -0.152154
-6.112900000000001 -0.158634
-6.102900000000001 -0.165725
-6.092900000000001 -0.17322699999999996
-6.0829 -0.18084
-6.072900000000001 -0.189064
-6.062900000000001 -0.19749499999999998
-6.052900000000001 -0.206334
-6.0429 -0.215086
-6.032900000000001 -0.224329
-6.022900000000001 -0.23358399999999999
-6.012900000000001 -0.242831
-6.0029 -0.25208200000000003
-5.992900000000001 -0.261233
-5.982900000000001 -0.270258
-5.972900000000001 -0.278886
-5.9629 -0.287196
-5.9529000000000005 -0.294789
-5.942900000000001 -0.302263
-5.932900000000001 -0.30893000000000004
-5.9229 -0.314857
-5.9129000000000005 -0.320177
-5.902900000000001 -0.324748
-5.892900000000001 -0.32860999999999996
-5.882900000000001 -0.331735
-5.8729000000000005 -0.334455
-5.862900000000001 -0.33653500000000003
-5.852900000000001 -0.338308
-5.842900000000001 -0.339745
-5.8329 -0.34117900000000007
-5.822900000000001 -0.3428
-5.812900000000001 -0.34452
-5.802900000000001 -0.34685
-5.7929 -0.34987199999999996
-5.782900000000001 -0.353507
-5.772900000000001 -0.358645
-5.762900000000001 -0.36450800000000005
-5.7529 -0.37179799999999996
-5.742900000000001 -0.380523
-5.732900000000001 -0.390452
-5.722900000000001 -0.40193
-5.7129 -0.414821
-5.7029000000000005 -0.428748
-5.692900000000001 -0.444118
-5.682900000000001 -0.46050099999999994
-5.6729 -0.477905
-5.6629000000000005 -0.49573999999999996
-5.652900000000001 -0.514495
-5.642900000000001 -0.533554
-5.632900000000001 -0.552526
-5.6229000000000005 -0.571517
-5.612900000000001 -0.589798
-5.602900000000001 -0.60829
-5.592900000000001 -0.62686
-5.5829 -0.64333
-5.572900000000001 -0.65839
-5.562900000000001 -0.6735399999999998
-5.552900000000001 -0.68737
-5.5429 -0.69878
-5.532900000000001 -0.7102800000000001
-5.522900000000001 -0.71834
-5.512900000000001 -0.7260800000000001
-5.5029 -0.73362
-5.492900000000001 -0.7391200000000001
-5.482900000000001 -0.7433399999999999
-5.472900000000001 -0.7475399999999999
-5.4629 -0.75204
-5.4529000000000005 -0.7553399999999999
-5.442900000000001 -0.7590399999999999
-5.432900000000001 -0.76305
-5.4229 -0.76866
-5.4129000000000005 -0.7748300000000001
-5.402900000000001 -0.7827099999999999
-5.392900000000001 -0.79241
-5.382900000000001 -0.80163
-5.3729000000000005 -0.8137100000000002
-5.362900000000001 -0.8266899999999999
-5.352900000000001 -0.8425699999999999
-5.342900000000001 -0.8575099999999999
-5.3329 -0.8737400000000001
-5.322900000000001 -0.8912900000000001
-5.312900000000001 -0.9078399999999999
-5.302900000000001 -0.9256800000000001
-5.2929 -0.9415199999999998
-5.282900000000001 -0.9561
-5.272900000000001 -0.9712899999999999
-5.262900000000001 -0.9850399999999999
-5.2529 -0.9974599999999999
-5.242900000000001 -1.00756
-5.232900000000001 -1.01511
-5.222900000000001 -1.0212299999999999
-5.2129 -1.0259099999999999
-5.2029000000000005 -1.0281200000000001
-5.192900000000001 -1.0289300000000001
-5.182900000000001 -1.0273099999999997
-5.1729 -1.02432
-5.1629000000000005 -1.01822
-5.152900000000001 -1.0147
-5.142900000000001 -1.0080500000000001
-5.132900000000001 -0.99819
-5.1229000000000005 -0.9883900000000002
-5.112900000000001 -0.97839
-5.102900000000001 -0.9663499999999998
-5.092900000000001 -0.9543200000000001
-5.0829 -0.9432799999999999
-5.072900000000001 -0.92942
-5.062900000000001 -0.91565
-5.052900000000001 -0.9019900000000001
-5.0429 -0.8875299999999999
-5.032900000000001 -0.87435
-5.022900000000001 -0.8605
-5.012900000000001 -0.84595
-5.0029 -0.8337
-4.992900000000001 -0.82207
-4.982900000000001 -0.8107599999999999
-4.972900000000001 -0.80003
-4.9629 -0.79065
-4.9529000000000005 -0.783
-4.942900000000001 -0.7789799999999999
-4.932900000000001 -0.7717499999999999
-4.9229 -0.76846
-4.9129000000000005 -0.7657700000000002
-4.902900000000001 -0.7649499999999999
-4.892900000000001 -0.76571
-4.882900000000001 -0.76803
-4.8729000000000005 -0.7699199999999999
-4.862900000000001 -0.7720699999999998
-4.852900000000001 -0.77757
-4.842900000000001 -0.7813300000000001
-4.8329 -0.7848600000000001
-4.822900000000001 -0.78742
-4.812900000000001 -0.7913600000000001
-4.802900000000001 -0.7940900000000001
-4.7929 -0.7968300000000001
-4.782900000000001 -0.7990200000000001
-4.772900000000001 -0.79864
-4.762900000000001 -0.7988199999999999
-4.7529 -0.7995
-4.742900000000001 -0.7964600000000001
-4.732900000000001 -0.7929200000000001
-4.722900000000001 -0.7889400000000001
-4.7129 -0.7854699999999999
-4.7029000000000005 -0.7817899999999999
-4.692900000000001 -0.7767
-4.682900000000001 -0.76949
-4.6729 -0.76414
-4.6629000000000005 -0.7585200000000001
-4.652900000000001 -0.7531300000000001
-4.642900000000001 -0.74766
-4.632900000000001 -0.74204
-4.6229000000000005 -0.7367800000000001
-4.612900000000001 -0.73339
-4.602900000000001 -0.7292199999999999
-4.592900000000001 -0.72394
-4.5829 -0.7188499999999999
-4.572900000000001 -0.71379
-4.562900000000001 -0.70873
-4.552900000000001 -0.7052700000000002
-4.5429 -0.700775
-4.532900000000001 -0.696212
-4.522900000000001 -0.6915579999999999
-4.512900000000001 -0.6867639999999999
-4.5029 -0.681892
-4.492900000000001 -0.6767200000000001
-4.482900000000001 -0.6714090000000001
-4.472900000000001 -0.6661499999999999
-4.4629 -0.6607519999999999
-4.4529000000000005 -0.655466
-4.442900000000001 -0.6501620000000001
-4.432900000000001 -0.64506
-4.4229 -0.6400899999999999
-4.4129000000000005 -0.635292
-4.402900000000001 -0.631125
-4.392900000000001 -0.62726
-4.382900000000001 -0.623976
-4.372900000000001 -0.621224
-4.3629000000000016 -0.6190730000000001
-4.3529 -0.6179229999999999
-4.3429 -0.6169150000000001
-4.3329 -0.6171070000000001
-4.322900000000001 -0.6177
-4.312900000000001 -0.6192040000000001
-4.302900000000001 -0.6209480000000002
-4.292900000000001 -0.623463
-4.2829000000000015 -0.6262989999999999
-4.2729 -0.6293449999999999
-4.2629 -0.6326019999999999
-4.2529 -0.636279
-4.242900000000001 -0.639816
-4.232900000000001 -0.6428929999999999
-4.222900000000001 -0.6459400000000001
-4.212900000000001 -0.648516
-4.202900000000001 -0.650433
-4.1929 -0.6518680000000001
-4.1829 -0.6525930000000001
-4.1729 -0.652427
-4.1629000000000005 -0.65162
-4.152900000000001 -0.6498909999999999
-4.142900000000001 -0.647262
-4.132900000000001 -0.6441309999999999
-4.122900000000001 -0.640048
-4.1129000000000016 -0.635195
-4.1029 -0.62989
-4.0929 -0.624014
-4.0829 -0.6178069999999999
-4.072900000000001 -0.6112
-4.062900000000001 -0.6043219999999999
-4.052900000000001 -0.5974030000000001
-4.042900000000001 -0.590515
-4.0329000000000015 -0.5836960000000001
-4.0229 -0.5768770000000001
-4.0129 -0.570288
-4.0029 -0.5640890000000001
-3.9929000000000006 -0.558021
-3.9829000000000008 -0.552422
-3.972900000000001 -0.547123
-3.962900000000001 -0.542085
-3.9529000000000014 -0.537607
-3.9429 -0.533158
-3.9329 -0.5291600000000001
-3.9229000000000003 -0.525401
-3.9129000000000005 -0.522253
-3.9029000000000007 -0.518894
-3.892900000000001 -0.5158459999999999
-3.882900000000001 -0.5131079999999999
-3.8729000000000013 -0.51038
-3.8629000000000016 -0.507422
-3.8529 -0.504575
-3.8429 -0.501798
-3.8329000000000004 -0.49884399999999995
-3.8229000000000006 -0.49570099999999995
-3.812900000000001 -0.492116
-3.802900000000001 -0.48836900000000005
-3.7929000000000013 -0.48449200000000003
-3.7829000000000015 -0.479912
-3.7729 -0.4750899999999999
-3.7629 -0.46960500000000005
-3.7529000000000003 -0.46388699999999994
-3.7429000000000006 -0.457699
-3.7329000000000008 -0.451177
-3.722900000000001 -0.444342
-3.712900000000001 -0.43691499999999994
-3.7029000000000014 -0.42968000000000006
-3.6929 -0.42224799999999996
-3.6829 -0.41481999999999997
-3.6729000000000003 -0.407296
-3.6629000000000005 -0.40016799999999997
-3.6529000000000007 -0.393263
-3.642900000000001 -0.386756
-3.632900000000001 -0.38086099999999995
-3.6229000000000013 -0.37517700000000004
-3.6129000000000016 -0.37050700000000003
-3.6029 -0.36604800000000004
-3.5929 -0.36260299999999995
-3.5829000000000004 -0.359576
-3.5729000000000006 -0.357149
-3.562900000000001 -0.35533
-3.552900000000001 -0.35402599999999995
-3.5429000000000013 -0.35322600000000004
-3.5329000000000015 -0.352727
-3.5229 -0.35252999999999995
-3.5129 -0.35244
-3.5029000000000003 -0.35283899999999996
-3.4929000000000006 -0.35305499999999995
-3.4829000000000008 -0.353456
-3.472900000000001 -0.35405600000000004
-3.462900000000001 -0.354863
-3.4529000000000014 -0.35536999999999996
-3.4429 -0.35637499999999994
-3.4329 -0.35729000000000005
-3.4229000000000003 -0.358411
-3.4129000000000005 -0.35971400000000003
-3.4029000000000007 -0.361342
-3.392900000000001 -0.363269
-3.382900000000001 -0.365342
-3.3729000000000013 -0.36797799999999997
-3.3629000000000016 -0.37075900000000006
-3.3529 -0.374044
-3.3429 -0.377421
-3.3329000000000004 -0.381113
-3.3229000000000006 -0.384697
-3.312900000000001 -0.388513
-3.302900000000001 -0.392531
-3.2929000000000013 -0.39591899999999997
-3.2829000000000015 -0.39913699999999996
-3.2729 -0.40245200000000003
-3.2629 -0.405135
-3.2529000000000003 -0.407125
-3.2429000000000006 -0.408812
-3.2329000000000008 -0.40956499999999996
-3.222900000000001 -0.40990400000000005
-3.212900000000001 -0.409137
-3.2029000000000014 -0.40815700000000005
-3.1929 -0.40645100000000006
-3.1829 -0.403952
-3.1729000000000003 -0.40101799999999993
-3.1629000000000005 -0.397462
-3.1529000000000007 -0.39351300000000006
-3.142900000000001 -0.38935000000000003
-3.132900000000001 -0.384575
-3.1229000000000013 -0.37978000000000006
-3.1129000000000016 -0.374792
-3.1029 -0.369594
-3.0929 -0.364394
-3.0829000000000004 -0.359178
-3.0729000000000006 -0.353752
-3.062900000000001 -0.348547
-3.052900000000001 -0.34354100000000004
-3.0429000000000013 -0.33870500000000003
-3.0329000000000015 -0.333601
-3.0229 -0.328876
-3.0129 -0.32416
-3.0029000000000003 -0.31995599999999996
-2.9929000000000006 -0.31564899999999996
-2.9829000000000008 -0.31184500000000004
-2.972900000000001 -0.308451
-2.962900000000001 -0.30516899999999997
-2.9529000000000014 -0.30239800000000006
-2.9429 -0.300131
-2.9329 -0.29816400000000004
-2.9229000000000003 -0.296931
-2.9129000000000005 -0.29587199999999997
-2.9029000000000007 -0.295448
-2.892900000000001 -0.295645
-2.882900000000001 -0.2962370000000001
-2.8729000000000013 -0.297125
-2.8629000000000016 -0.298647
-2.8529 -0.300672
-2.8429 -0.302802
-2.8329000000000004 -0.30533699999999997
-2.8229000000000006 -0.308274
-2.812900000000001 -0.311314
-2.802900000000001 -0.31435899999999994
-2.7929000000000013 -0.317904
-2.7829000000000015 -0.321052
-2.7729 -0.32429199999999997
-2.7629 -0.32742099999999996
-2.7529000000000003 -0.330373
-2.7429000000000006 -0.33312600000000003
-2.7329000000000008 -0.33554699999999993
-2.722900000000001 -0.337298
-2.712900000000001 -0.33901899999999996
-2.7029000000000014 -0.340239
-2.6929 -0.34085899999999997
-2.6829 -0.340866
-2.6729000000000003 -0.34066299999999994
-2.6629000000000005 -0.339859
-2.6529000000000007 -0.338666
-2.642900000000001 -0.33725
-2.632900000000001 -0.33543500000000004
-2.6229000000000013 -0.333321
-2.6129000000000016 -0.331205
-2.6029 -0.32919299999999996
-2.5929 -0.32709
-2.5829000000000004 -0.32509999999999994
-2.5729000000000006 -0.32349199999999995
-2.562900000000001 -0.322506
-2.552900000000001 -0.321714
-2.5429000000000013 -0.321044
-2.5329000000000015 -0.321296
-2.5229 -0.321941
-2.5129 -0.3232
-2.5029000000000003 -0.324671
-2.4929000000000006 -0.32684299999999994
-2.4829000000000008 -0.329228
-2.472900000000001 -0.332005
-2.462900000000001 -0.33491099999999996
-2.4529000000000014 -0.338086
-2.4429 -0.34109100000000003
-2.4329 -0.34438500000000005
-2.4229000000000003 -0.347267
-2.4129000000000005 -0.34996499999999997
-2.4029000000000007 -0.35232800000000003
-2.392900000000001 -0.354385
-2.382900000000001 -0.35613999999999996
-2.3729000000000013 -0.35718900000000003
-2.3629000000000016 -0.35783000000000004
-2.3529 -0.35783499999999996
-2.3429 -0.3575610000000001
-2.3329000000000004 -0.356352
-2.3229000000000006 -0.354936
-2.312900000000001 -0.353013
-2.302900000000001 -0.350251
-2.2929000000000013 -0.34721300000000005
-2.2829000000000015 -0.343639
-2.2729 -0.33988799999999997
-2.2629 -0.335402
-2.2529000000000003 -0.33091
-2.2429000000000006 -0.32593600000000006
-2.2329000000000008 -0.320347
-2.222900000000001 -0.314944
-2.212900000000001 -0.309238
-2.2029000000000014 -0.30312800000000006
-2.1929 -0.29673000000000005
-2.1829 -0.290318
-2.1729000000000003 -0.283597
-2.1629000000000005 -0.276575
-2.1529000000000007 -0.26946299999999995
-2.142900000000001 -0.262221
-2.132900000000001 -0.2546
-2.1229000000000013 -0.246762
-2.1129000000000016 -0.238702
-2.1029 -0.23036699999999996
-2.0929 -0.22220399999999998
-2.0829000000000004 -0.21385099999999999
-2.0729000000000006 -0.20518799999999998
-2.062900000000001 -0.196622
-2.052900000000001 -0.188256
-2.0429000000000013 -0.17958999999999997
-2.0329000000000015 -0.17142499999999997
-2.0229 -0.16306500000000002
-2.0129 -0.155311
-2.0029000000000003 -0.14816400000000002
-1.9929000000000006 -0.14102399999999998
-1.9829000000000008 -0.134597
-1.972900000000001 -0.128578
-1.9629000000000012 -0.12324300000000002
-1.9529000000000014 -0.11835000000000001
-1.9428999999999998 -0.114169
-1.9329 -0.11053299999999998
-1.9229000000000003 -0.107638
-1.9129000000000005 -0.10508400000000001
-1.9029000000000007 -0.103212
-1.892900000000001 -0.101883
-1.8829000000000011 -0.100909
-1.8729000000000013 -0.100537
-1.8629000000000016 -0.10068200000000001
-1.8529 -0.10100400000000001
-1.8429000000000002 -0.101894
-1.8329000000000004 -0.10305899999999998
-1.8229000000000006 -0.104346
-1.8129000000000008 -0.105949
-1.802900000000001 -0.107863
-1.7929000000000013 -0.10974099999999999
-1.7829000000000015 -0.111788
-1.7729 -0.11389600000000001
-1.7629000000000001 -0.115976
-1.7529000000000003 -0.11817100000000003
-1.7429000000000006 -0.12005500000000002
-1.7329000000000008 -0.121837
-1.722900000000001 -0.123813
-1.7129000000000012 -0.125389
-1.7029000000000014 -0.126359
-1.6928999999999998 -0.12761699999999998
-1.6829 -0.128367
-1.6729000000000003 -0.129115
-1.6629000000000005 -0.129449
-1.6529000000000007 -0.129687
-1.642900000000001 -0.129915
-1.6329000000000011 -0.12975899999999999
-1.6229000000000013 -0.12949100000000002
-1.6129000000000016 -0.12914
-1.6029 -0.12890100000000002
-1.5929000000000002 -0.128491
-1.5829000000000004 -0.12809199999999998
-1.5729000000000006 -0.127623
-1.5629000000000008 -0.127377
-1.552900000000001 -0.127074
-1.5429000000000013 -0.12721400000000002
-1.5329000000000015 -0.12738799999999997
-1.5229 -0.127694
-1.5129000000000001 -0.127844
-1.5029000000000003 -0.12872999999999998
-1.4929000000000006 -0.129358
-1.4829000000000008 -0.13051
-1.472900000000001 -0.131283
-1.4629000000000012 -0.132484
-1.4529000000000014 -0.133772
-1.4428999999999998 -0.13520100000000002
-1.4329 -0.136534
-1.4229000000000003 -0.13806500000000002
-1.4129000000000005 -0.139296
-1.4029000000000007 -0.140526
-1.392900000000001 -0.141754
-1.3829000000000011 -0.14318
-1.3729000000000013 -0.144103
-1.3629000000000016 -0.14522400000000002
-1.3529 -0.14614400000000002
-1.3429000000000002 -0.14696
-1.3329000000000004 -0.14787799999999998
-1.3229000000000006 -0.148694
-1.3129000000000008 -0.14941
-1.302900000000001 -0.15042699999999998
-1.2929000000000013 -0.151145
-1.2829000000000015 -0.152163
-1.2729 -0.153087
-1.2629000000000001 -0.154114
-1.2529000000000003 -0.15534300000000004
-1.2429000000000006 -0.156575
-1.2329000000000008 -0.15781099999999998
-1.222900000000001 -0.15925099999999998
-1.2129000000000012 -0.16059199999999998
-1.2029000000000014 -0.161939
-1.1928999999999998 -0.163384
-1.1829 -0.164931
-1.1729000000000003 -0.16617900000000002
-1.1629000000000005 -0.16752599999999995
-1.1529000000000007 -0.16857
-1.142900000000001 -0.16961299999999999
-1.1329000000000011 -0.17035399999999998
-1.1229000000000013 -0.171191
-1.1129000000000016 -0.17152599999999996
-1.1029 -0.17175400000000002
-1.0929000000000002 -0.17187999999999998
-1.0829000000000004 -0.17159800000000003
-1.0729000000000006 -0.171409
-1.0629000000000008 -0.17081900000000003
-1.052900000000001 -0.17022
-1.0429000000000013 -0.169126
-1.0329000000000015 -0.16811399999999999
-1.0229 -0.166894
-1.0129000000000001 -0.165374
-1.0029000000000003 -0.163957
-0.9929000000000006 -0.16241999999999998
-0.9829000000000008 -0.16088699999999997
-0.972900000000001 -0.15914799999999998
-0.9629000000000012 -0.15750399999999998
-0.9529000000000014 -0.15565999999999997
-0.9428999999999998 -0.15390899999999996
-0.9329000000000001 -0.152157
-0.9229000000000003 -0.150501
-0.9129000000000005 -0.148804
-0.9029000000000007 -0.147115
-0.8929000000000009 -0.145422
-0.8829000000000011 -0.143838
-0.8729000000000013 -0.14214100000000002
-0.8629000000000016 -0.14055999999999996
-0.8529 -0.13886799999999996
-0.8429000000000002 -0.13709509999999997
-0.8329000000000004 -0.13521889999999998
-0.8229000000000006 -0.1334397
-0.8129000000000008 -0.1312786
-0.8029000000000011 -0.1292135
-0.7929000000000013 -0.12706550000000003
-0.7829000000000015 -0.12472670000000001
-0.7728999999999999 -0.12200299999999999
-0.7629000000000001 -0.11939149999999998
-0.7529000000000003 -0.11642430000000001
-0.7429000000000006 -0.11325620000000002
-0.7329000000000008 -0.1101284
-0.722900000000001 -0.10665689999999999
-0.7129000000000012 -0.1029637
-0.7029000000000014 -0.09905180000000001
-0.6928999999999998 -0.0952092
-0.6829000000000001 -0.09135389999999997
-0.6729000000000003 -0.0871819
-0.6629000000000005 -0.0828681
-0.6529000000000007 -0.0787067
-0.6429000000000009 -0.07428440000000001
-0.6329000000000011 -0.0699144
-0.6229000000000013 -0.0656266
-0.6129000000000016 -0.061401
-0.6029 -0.0572785
-0.5929000000000002 -0.0532151
-0.5829000000000004 -0.0492887
-0.5729000000000006 -0.045535200000000005
-0.5629000000000008 -0.041885200000000004
-0.5529000000000011 -0.03843809999999999
-0.5429000000000013 -0.035185999999999995
-0.5329000000000015 -0.0320979
-0.5228999999999999 -0.0292217
-0.5129000000000001 -0.0265205
-0.5029000000000003 -0.024033000000000002
-0.49290000000000056 -0.021719
-0.4829000000000008 -0.0195575
-0.472900000000001 -0.0175598
-0.4629000000000012 -0.0157289
-0.4529000000000014 -0.014049399999999998
-0.44289999999999985 -0.0125029
-0.43290000000000006 -0.011078
-0.4229000000000003 -0.009787450000000001
-0.4129000000000005 -0.00860791
-0.4029000000000007 -0.0075286400000000005
-0.3929000000000009 -0.00655574
-0.38290000000000113 -0.0056747099999999995
-0.37290000000000134 -0.00488482
-0.36290000000000155 -0.00417628
-0.3529 -0.00354819
-0.3429000000000002 -0.0030026550000000003
-0.3329000000000004 -0.002513702
-0.32290000000000063 -0.0020939960000000003
-0.31290000000000084 -0.001720006
-0.30290000000000106 -0.0014155390000000002
-0.29290000000000127 -0.0011459200000000001
-0.2829000000000015 -0.000922224
-0.2728999999999999 -0.0007358967
-0.26290000000000013 -0.0005826104
-0.25290000000000035 -0.0004563605
-0.24290000000000056 -0.0003541768
-0.23290000000000077 -0.00027243289999999995
-0.222900000000001 -0.0002073506
-0.2129000000000012 -0.00015715170000000004
-0.2029000000000014 -0.00011725791
-0.19289999999999985 -8.678509e-05
-0.18290000000000006 -6.359856000000001e-05
-0.17290000000000028 -4.613472e-05
-0.1629000000000005 -3.314139e-05
-0.1529000000000007 -2.3610859000000002e-05
-0.14290000000000092 -1.66151e-05
-0.13290000000000113 -1.1581523e-05
-0.12290000000000134 -7.991008e-06
-0.11290000000000155 -5.4565572e-06
-0.10289999999999999 -3.6818682e-06
-0.0929000000000002 -2.4600961e-06
-0.08290000000000042 -1.6270214e-06
-0.07290000000000063 -1.068252e-06
-0.06290000000000084 -6.9285549e-07
-0.05290000000000106 -4.4474297999999995e-07
-0.04290000000000127 -2.8228378e-07
-0.032900000000001484 -1.7723080000000002e-07
-0.02289999999999992 -1.1010669999999999e-07
-0.012900000000000134 -6.778694100000001e-08
-0.0029000000000003467 -4.1224529e-08
0.00709999999999944 -2.4799453999999995e-08
0.017099999999999227 -1.47811811e-08
0.027099999999999014 -8.733700000000001e-09
0.0370999999999988 -5.091952500000001e-09
0.04709999999999859 -2.9400849400000005e-09
0.05710000000000015 -1.68353763e-09
0.06709999999999994 -9.4902561e-10
0.07709999999999972 -5.30666245e-10
0.08709999999999951 -2.93676415e-10
0.0970999999999993 -1.6023113599999998e-10
0.10709999999999908 -8.701996230000002e-11
0.11709999999999887 -4.66245486e-11
0.12709999999999866 -2.46932e-11
0.13709999999999845 -1.29732e-11
0.1471 -6.7116e-12
0.1570999999999998 -3.4524499999999995e-12
0.16709999999999958 -1.74978e-12
0.17709999999999937 -8.7795e-13
0.18709999999999916 -4.36619e-13
0.19709999999999894 -2.1531299999999998e-13
0.20709999999999873 -1.0290300000000001e-13
0.21709999999999852 -4.7838900000000004e-14
0.22710000000000008 -1.78758e-14
0.23709999999999987 -2.7783700000000002e-15
0.24709999999999965 -0.0
0.25709999999999944 -0.0
0.2670999999999992 -0.0
0.277099999999999 -0.0
0.2870999999999988 -0.0
0.2970999999999986 -0.0
0.30710000000000015 -0.0
0.31709999999999994 -0.0
0.3270999999999997 -0.0
0.3370999999999995 -0.0
0.3470999999999993 -0.0
0.3570999999999991 -0.0
0.36709999999999887 -0.0
0.37709999999999866 -0.0
0.38709999999999845 -0.0
0.3971 -0.0
0.4070999999999998 -0.0
0.4170999999999996 -0.0
0.42709999999999937 -0.0
0.43709999999999916 -0.0
0.44709999999999894 -0.0
0.45709999999999873 -0.0
0.4670999999999985 -0.0
0.4771000000000001 -0.0
0.48709999999999987 -0.0
0.49709999999999965 -0.0
0.5070999999999994 -0.0
0.5170999999999992 -0.0
0.527099999999999 -0.0
0.5370999999999988 -0.0
0.5470999999999986 -0.0
0.5571000000000002 -0.0
0.5670999999999999 -0.0
0.5770999999999997 -0.0
0.5870999999999995 -1.02202e-14
0.5970999999999993 -3.46159e-14
0.6070999999999991 -9.2489e-14
0.6170999999999989 -1.9687e-13
0.6270999999999987 -4.0257e-13
0.6370999999999984 -8.159719999999999e-13
0.6471 -1.63855e-12
0.6570999999999998 -3.24299e-12
0.6670999999999996 -6.36552e-12
0.6770999999999994 -1.2311800000000001e-11
0.6870999999999992 -2.37401e-11
0.6970999999999989 -4.50518e-11
0.7070999999999987 -8.47152e-11
0.7170999999999985 -1.5713e-10
0.7271000000000001 -2.89974e-10
0.7370999999999999 -5.27168e-10
0.7470999999999997 -9.4989e-10
0.7570999999999994 -1.6906700000000001e-09
0.7670999999999992 -2.98597e-09
0.777099999999999 -5.2033399999999995e-09
0.7870999999999988 -8.97798e-09
0.7970999999999986 -1.5361e-08
0.8071000000000002 -2.58961e-08
0.8170999999999999 -4.33237e-08
0.8270999999999997 -7.16179e-08
0.8370999999999995 -1.17318e-07
0.8470999999999993 -1.89727e-07
0.8570999999999991 -3.0370300000000003e-07
0.8670999999999989 -4.81187e-07
0.8770999999999987 -7.55089e-07
0.8870999999999984 -1.17236e-06
0.8971 -1.796910003918184e-06
0.9070999999999998 -2.727980008217149e-06
0.9170999999999996 -4.10648001699552e-06
0.9270999999999994 -6.11004003487271e-06
0.9370999999999992 -8.99844007557745e-06
0.9470999999999989 -1.3132900151958601e-05
0.9570999999999987 -1.89318003026177e-05
0.9670999999999985 -2.69179006167171e-05
0.9771000000000001 -3.80641012054959e-05
0.9870999999999999 -5.3153702328018006e-05
0.9970999999999997 -7.3479304473126e-05
1.0070999999999994 -0.000100568008487491
1.0170999999999992 -0.00013654301591293
1.027099999999999 -0.00018249402954060998
1.0370999999999988 -0.00024248905424892
1.0470999999999986 -0.00031883509866513
1.0571000000000002 -0.0004148471774664
1.0671 -0.0005337373163816
1.0770999999999997 -0.0006809085574297999
1.0870999999999995 -0.0008596979731537999
1.0970999999999993 -0.00107429168287
1.107099999999999 -0.001330332879889
1.1170999999999989 -0.001634324878054
1.1270999999999987 -0.001983468185398
1.1370999999999984 -0.00238581359008
1.1471 -0.0028523323513
1.1570999999999998 -0.00337407645115
1.1670999999999996 -0.00395001877078
1.1770999999999994 -0.0045892139049499995
1.1870999999999992 -0.0052835384914
1.197099999999999 -0.0060422227426999995
1.2070999999999987 -0.0068430810115
1.2170999999999985 -0.0076982158204
1.2271 -0.0085945568771
1.2370999999999999 -0.009523248474
1.2470999999999997 -0.010473322458
1.2570999999999994 -0.011482664848
1.2670999999999992 -0.012452589829
1.277099999999999 -0.013422054394
1.2870999999999988 -0.014388447046
1.2970999999999986 -0.01525581059
1.3071000000000002 -0.01622464569
1.3171 -0.017085426320000003
1.3270999999999997 -0.01783881154
1.3370999999999995 -0.01860548692
1.3470999999999993 -0.019366712549999998
1.357099999999999 -0.020023497799999998
1.3670999999999989 -0.020597853699999998
1.3770999999999987 -0.0210717975
1.3870999999999984 -0.0215477536
1.3971 -0.0219487586
1.4070999999999998 -0.022357859100000002
1.4170999999999996 -0.022591303700000002
1.4270999999999994 -0.022961835
1.4370999999999992 -0.023257260999999998
1.447099999999999 -0.023504170999999997
1.4570999999999987 -0.023809983
1.4670999999999985 -0.024172614
1.4771 -0.024604593
1.4870999999999999 -0.025226449999999997
1.4970999999999997 -0.025861204
1.5070999999999994 -0.026704713
1.5170999999999992 -0.027768717
1.527099999999999 -0.02899696
1.5370999999999988 -0.03048779
1.5470999999999986 -0.032156989999999996
1.5571000000000002 -0.034147910000000004
1.5671 -0.03646945
1.5770999999999997 -0.0390347
1.5870999999999995 -0.041968820000000004
1.5970999999999993 -0.04520487000000001
1.607099999999999 -0.0487509
1.6170999999999989 -0.05274699000000001
1.6270999999999987 -0.057014289999999995
1.6370999999999984 -0.06175298
1.6471 -0.06668210000000001
1.6570999999999998 -0.0721315
1.6670999999999996 -0.0777024
1.6770999999999994 -0.08380290000000001
1.6870999999999992 -0.09015519999999999
1.697099999999999 -0.0967068
1.7070999999999987 -0.10349010000000002
1.7170999999999985 -0.11040269999999999
1.7271 -0.117616
1.7370999999999999 -0.1248102
1.7470999999999997 -0.1319536
1.7570999999999994 -0.1391782
1.7670999999999992 -0.146192
1.777099999999999 -0.1531153
1.7870999999999988 -0.1596186
1.7970999999999986 -0.1658419
1.8071000000000002 -0.1717548
1.8171 -0.1770769
1.8270999999999997 -0.18200809999999995
1.8370999999999995 -0.18614869999999997
1.8470999999999993 -0.18970789999999998
1.857099999999999 -0.19257539999999998
1.8670999999999989 -0.1947519
1.8770999999999987 -0.1962477
1.8870999999999984 -0.1972628
1.8971 -0.1973835
1.9070999999999998 -0.1967253
1.9170999999999996 -0.1955841
1.9270999999999994 -0.19364099999999998
1.9370999999999992 -0.1912179
1.947099999999999 -0.1882009
1.9570999999999987 -0.18449290000000002
1.9670999999999985 -0.18049289999999998
1.9771 -0.17618899999999998
1.9870999999999999 -0.17118310000000003
1.9970999999999997 -0.1658873
2.0070999999999994 -0.16018539999999998
2.0170999999999992 -0.1542936
2.027099999999999 -0.14808710000000003
2.037099999999999 -0.14179219999999998
2.0470999999999986 -0.1353821
2.0571 -0.1289723
2.0671 -0.1225717
2.0770999999999997 -0.11647029999999997
2.0870999999999995 -0.110258
2.0970999999999993 -0.10475620000000001
2.107099999999999 -0.0993455
2.117099999999999 -0.0944353
2.1270999999999987 -0.0898279
2.1370999999999984 -0.0857221
2.1471 -0.0824096
2.1571 -0.07970039999999999
2.1670999999999996 -0.0776253
2.1770999999999994 -0.0762527
2.187099999999999 -0.0754856
2.197099999999999 -0.07540089999999999
2.2070999999999987 -0.076012
2.2170999999999985 -0.0772575
2.2271 -0.07907639999999999
2.2371 -0.08159960000000002
2.2470999999999997 -0.0845575
2.2570999999999994 -0.08805839999999998
2.2670999999999992 -0.09218390000000001
2.277099999999999 -0.09650230000000001
2.287099999999999 -0.101483
2.2970999999999986 -0.1065161
2.3071 -0.1118422
2.3171 -0.1174815
2.3270999999999997 -0.12322079999999999
2.3370999999999995 -0.1288616
2.3470999999999993 -0.1348013
2.357099999999999 -0.1404525
2.367099999999999 -0.14620149999999998
2.3770999999999987 -0.151561
2.3870999999999984 -0.1570203
2.3971 -0.16197669999999997
2.4071 -0.16684099999999996
2.4170999999999996 -0.17120230000000003
2.4270999999999994 -0.1754727
2.437099999999999 -0.1792521
2.447099999999999 -0.18292740000000002
2.4570999999999987 -0.18621980000000002
2.4670999999999985 -0.1892122
2.4771 -0.1920196
2.4871 -0.19454709999999997
2.4970999999999997 -0.19697449999999997
2.5070999999999994 -0.1993219
2.5170999999999992 -0.2015764
2.527099999999999 -0.20364279999999998
2.537099999999999 -0.2059072
2.5470999999999986 -0.20817359999999996
2.5571 -0.21044999999999997
2.5671 -0.21270630000000001
2.5770999999999997 -0.21505550000000004
2.5870999999999995 -0.21728160000000002
2.5970999999999993 -0.21957959999999993
2.607099999999999 -0.22165459999999998
2.617099999999999 -0.22369940000000002
2.6270999999999987 -0.2255121
2.6370999999999984 -0.22698269999999998
2.6471 -0.22822019999999998
2.6571 -0.22903469999999995
2.6670999999999996 -0.22941299999999998
2.6770999999999994 -0.2295884
2.687099999999999 -0.2290468
2.697099999999999 -0.22810019999999995
2.7070999999999987 -0.22696969999999997
2.7170999999999985 -0.22516120000000003
2.7271 -0.223191
2.7371 -0.22085490000000005
2.7470999999999997 -0.21837299999999998
2.7570999999999994 -0.21576030000000002
2.7670999999999992 -0.2128028
2.777099999999999 -0.2098205
2.787099999999999 -0.20691749999999998
2.7970999999999986 -0.2039848
2.8071 -0.2013192
2.8171 -0.1988218
2.8270999999999997 -0.1959846
2.8370999999999995 -0.1934055
2.8470999999999993 -0.19116759999999997
2.857099999999999 -0.1890197
2.867099999999999 -0.18706989999999998
2.8770999999999987 -0.1852211
2.8870999999999984 -0.18347229999999998
2.8971 -0.1817236
2.9071 -0.1802748
2.9170999999999996 -0.17882699999999999
2.9270999999999994 -0.1776792
2.937099999999999 -0.17693240000000002
2.947099999999999 -0.17608649999999998
2.9570999999999987 -0.1755446
2.9670999999999985 -0.17520370000000002
2.9771 -0.1753627
2.9871 -0.17562640000000002
2.9970999999999997 -0.1759919
3.0070999999999994 -0.17696030000000001
3.0170999999999992 -0.1779321
3.027099999999999 -0.17930690000000002
3.037099999999999 -0.1809844
3.0470999999999986 -0.1827655
3.0571 -0.18495050000000002
3.0671 -0.1871385
3.0770999999999997 -0.1895287
3.0870999999999995 -0.19202209999999997
3.0970999999999993 -0.19461859999999997
3.107099999999999 -0.1973166
3.117099999999999 -0.200017
3.1270999999999987 -0.2027196
3.1370999999999984 -0.2050228
3.1471 -0.2076284
3.1571 -0.20983459999999998
3.1670999999999996 -0.2120405
3.1770999999999994 -0.213848
3.187099999999999 -0.21585510000000002
3.197099999999999 -0.21716379999999996
3.2070999999999987 -0.21867050000000002
3.2170999999999985 -0.2200786
3.2271 -0.2211866
3.2371 -0.22259469999999998
3.2470999999999997 -0.22380210000000006
3.2570999999999994 -0.2253105
3.2670999999999992 -0.22641920000000001
3.277099999999999 -0.22802830000000002
3.287099999999999 -0.22973780000000002
3.2970999999999986 -0.23144689999999998
3.3071 -0.2332588
3.3171 -0.23536800000000002
3.3270999999999997 -0.23757950000000003
3.3370999999999995 -0.2398905
3.3470999999999993 -0.24230169999999998
3.357099999999999 -0.24441409999999997
3.367099999999999 -0.2465265
3.3770999999999987 -0.24843899999999997
3.3870999999999984 -0.250346
3.3971 -0.25176000000000004
3.4071 -0.252871
3.4170999999999996 -0.253479
3.4270999999999994 -0.253686
3.437099999999999 -0.25339300000000003
3.447099999999999 -0.252996
3.4570999999999987 -0.25190000000000007
3.4670999999999985 -0.25030199999999997
3.4771 -0.24820399999999998
3.4871 -0.24610200000000002
3.4970999999999997 -0.24360199999999999
3.5070999999999994 -0.24109899999999998
3.5170999999999992 -0.23819500000000002
3.527099999999999 -0.23509000000000005
3.537099999999999 -0.232386
3.5470999999999986 -0.229878
3.5571 -0.227275
3.5671 -0.22507000000000002
3.5770999999999997 -0.223163
3.5870999999999995 -0.22156000000000003
3.5970999999999993 -0.220157
3.607100000000001 -0.219257
3.617099999999999 -0.21865400000000002
3.6271000000000004 -0.218454
3.6370999999999984 -0.21835400000000002
3.6471 -0.21845599999999998
3.657099999999998 -0.218855
3.6670999999999996 -0.21945699999999999
3.6770999999999976 -0.2198568
3.687099999999999 -0.22025940000000002
3.6971000000000007 -0.2206588
3.7070999999999987 -0.220858
3.7171000000000003 -0.2209581
3.7270999999999983 -0.220656
3.7371 -0.2199509
3.747099999999998 -0.21894580000000002
3.7570999999999994 -0.21753779999999995
3.767100000000001 -0.21592879999999998
3.777099999999999 -0.2137159
3.7871000000000006 -0.211304
3.7970999999999986 -0.2082912
3.8071 -0.205174
3.817099999999998 -0.20185559999999997
3.8270999999999997 -0.198238
3.8370999999999977 -0.1945181
3.8470999999999993 -0.1905968
3.857100000000001 -0.1869763
3.867099999999999 -0.18345609999999998
3.8771000000000004 -0.1799357
3.8870999999999984 -0.17671760000000003
3.8971 -0.1738983
3.907099999999998 -0.17128140000000003
3.9170999999999996 -0.1692656
3.9270999999999976 -0.1675516
3.937099999999999 -0.1661392
3.9471000000000007 -0.1655287
3.9570999999999987 -0.16521990000000003
3.9671000000000003 -0.1654129
3.9770999999999983 -0.1659073
3.9871 -0.1669036
3.997099999999998 -0.1681012
4.007099999999999 -0.1699002
4.017100000000001 -0.17180020000000001
4.027099999999999 -0.17390160000000002
4.037100000000001 -0.17630369999999998
4.047099999999999 -0.17890650000000002
4.0571 -0.1813101
4.067099999999998 -0.18431419999999998
4.0771 -0.1869191
4.087099999999998 -0.1897244
4.097099999999999 -0.19253009999999998
4.107100000000001 -0.19523539999999995
4.117099999999999 -0.1980419
4.1271 -0.20074870000000003
4.1370999999999984 -0.2033557
4.1471 -0.20606259999999998
4.157099999999998 -0.20856989999999997
4.1671 -0.21117740000000002
4.177099999999998 -0.2138851
4.187099999999999 -0.2164918
4.197100000000001 -0.2191989
4.207099999999999 -0.22180630000000004
4.2171 -0.2245137
4.227099999999998 -0.22722030000000001
4.2371 -0.229927
4.247099999999998 -0.23263290000000006
4.257099999999999 -0.23533869999999998
4.267100000000001 -0.2379449
4.277099999999999 -0.2403469
4.287100000000001 -0.24285260000000003
4.297099999999999 -0.2448539
4.3071 -0.2467578
4.317099999999998 -0.24805829999999998
4.3271 -0.2491575
4.337099999999998 -0.2496563
4.347099999999999 -0.2497544
4.357100000000001 -0.24924880000000005
4.367099999999999 -0.2482427
4.3771 -0.24653600000000003
4.3870999999999984 -0.2444259
4.3971 -0.24191530000000003
4.407099999999998 -0.2388015
4.4171 -0.23538739999999997
4.427099999999998 -0.23167309999999997
4.437099999999999 -0.2276588
4.447100000000001 -0.2236421
4.457099999999999 -0.2195255
4.4671 -0.21550869999999997
4.477099999999998 -0.21159229999999998
4.4871 -0.2076763
4.497099999999998 -0.20446110000000003
4.507099999999999 -0.20104709999999998
4.517100000000001 -0.19863400000000003
4.527099999999999 -0.19642240000000002
4.537100000000001 -0.1945122
4.547099999999999 -0.19330379999999997
4.5571 -0.19249709999999998
4.567099999999998 -0.19209180000000003
4.5771 -0.1920882
4.587099999999998 -0.1926861
4.597099999999999 -0.1936852
4.607100000000001 -0.1948857
4.617099999999999 -0.19648719999999997
4.6271 -0.1984896
4.6370999999999984 -0.2005932
4.6471 -0.20319710000000005
4.657099999999998 -0.20580159999999997
4.6671 -0.20860689999999998
4.677099999999998 -0.2116122
4.687099999999999 -0.21471799999999996
4.697100000000001 -0.21792419999999998
4.707099999999999 -0.22143050000000003
4.7171 -0.22463700000000003
4.727099999999998 -0.2280434
4.7371 -0.23125
4.747099999999998 -0.2346568
4.757099999999999 -0.2377632
4.767100000000001 -0.2406695
4.777099999999999 -0.2434753
4.787100000000001 -0.24608069999999999
4.797099999999999 -0.24818569999999998
4.8071 -0.2502896
4.817099999999998 -0.2515927
4.8271 -0.2524949
4.837099999999998 -0.252896
4.847099999999999 -0.2529959
4.857100000000001 -0.25249489999999997
4.867099999999999 -0.2513927
4.8771 -0.24968950000000004
4.8870999999999984 -0.24748530000000002
4.8971 -0.2449803
4.907099999999998 -0.24227469999999998
4.9171 -0.2388686
4.927099999999998 -0.2354622
4.937099999999999 -0.2317555
4.947100000000001 -0.22824869999999997
4.957099999999999 -0.22464250000000002
4.9671 -0.2209362
4.977099999999998 -0.21743000000000004
4.9871 -0.2144245
4.997099999999998 -0.2112191
5.007099999999999 -0.20831429999999998
5.017100000000001 -0.2055096
5.027099999999999 -0.2030051
5.037100000000001 -0.2005007
5.047099999999999 -0.19839650000000003
5.0571 -0.19589199999999998
5.067099999999998 -0.1935873
5.0771 -0.1911823
5.087099999999998 -0.18857649999999998
5.097099999999999 -0.1857706
5.107100000000001 -0.1826639
5.117099999999999 -0.17915640000000002
5.1271 -0.1754483
5.1370999999999984 -0.1714396
5.1471 -0.1671301
5.157099999999998 -0.1623199
5.1671 -0.15760929999999998
5.177099999999998 -0.15209790000000004
5.187099999999999 -0.1467863
5.197100000000001 -0.1410841
5.207099999999999 -0.13569140000000002
5.2171 -0.1298088
5.227099999999998 -0.1239458
5.2371 -0.11829269999999999
5.247099999999998 -0.11255939999999998
5.257099999999999 -0.1071665
5.267100000000001 -0.10170339999999999
5.277099999999999 -0.0965004
5.287100000000001 -0.09134779999999999
5.297099999999999 -0.08653529999999998
5.3071 -0.0817831
5.317099999999998 -0.0771913
5.3271 -0.0728398
5.337099999999998 -0.06884870000000001
5.347099999999999 -0.06479790000000002
5.357100000000001 -0.0609676
5.367099999999999 -0.057297459999999995
5.3771 -0.05375784
5.3870999999999984 -0.05037876
5.3971 -0.047089809999999996
5.407099999999998 -0.043941190000000005
5.4171 -0.04088311
5.427099999999998 -0.03795516
5.437099999999999 -0.03514770999999999
5.447100000000001 -0.03242052000000001
5.457099999999999 -0.02985381
5.4671 -0.027371180000000002
5.477099999999998 -0.025023939999999998
5.4871 -0.0228109
5.497099999999998 -0.02071925
5.507099999999999 -0.01873793
5.517100000000001 -0.01691586
5.527099999999999 -0.015211039999999999
5.537100000000001 -0.013623530000000002
5.547099999999999 -0.012179249999999999
5.5571 -0.010839239999999998
5.567099999999998 -0.009621435000000001
5.5771 -0.008505879999999999
5.587099999999998 -0.007507529
5.597099999999999 -0.006580389999999999
5.607100000000001 -0.0057561470000000005
5.617099999999999 -0.005009615
5.6271 -0.00434117
5.6370999999999984 -0.003741525
5.6471 -0.003208176
5.657099999999998 -0.0027354000000000002
5.6671 -0.0023185213999999997
5.677099999999998 -0.0019512080000000003
5.687099999999999 -0.0016297369999999998
5.697100000000001 -0.0013519428
5.707099999999999 -0.0011164271999999998
5.7171 -0.0009099277
5.727099999999998 -0.0007382287
5.7371 -0.0005920833699999999
5.747099999999998 -0.00047171156
5.757099999999999 -0.0003724247200000001
5.767100000000001 -0.00029133130000000003
5.777099999999999 -0.00022556292999999998
5.787100000000001 -0.00017306329
5.797099999999999 -0.000131590172
5.8071 -9.901771699999999e-05
5.817099999999998 -7.3816016e-05
5.8271 -5.4428786e-05
5.837099999999998 -3.9689799999999994e-05
5.847099999999999 -2.8701999999999997e-05
5.857100000000001 -2.0539e-05
5.867099999999999 -1.4547499999999998e-05
5.8771 -1.020435e-05
5.8870999999999984 -7.07779e-06
5.8971 -4.857e-06
5.907099999999998 -3.29969e-06
5.9171 -2.21591e-06
5.927099999999998 -1.47395e-06
5.937099999999999 -9.71227e-07
5.947100000000001 -6.314079999999999e-07
5.957099999999999 -4.0729799999999995e-07
