-22.402900000000002 0.00033721580000000003
-22.3929 0.00023682496000000002
-22.3829 0.00016478752999999998
-22.3729 0.00011365011999999998
-22.362900000000003 7.736329999999999e-05
-22.352899999999998 5.233116e-05
-22.3429 3.5015162e-05
-22.332900000000002 2.3195373000000004e-05
-22.3229 1.5223647e-05
-22.3129 9.896307e-06
-22.3029 6.357628000000001e-06
-22.292900000000003 4.0543135e-06
-22.2829 2.5565772999999996e-06
-22.2729 1.5961143e-06
-22.262900000000002 9.871601100000002e-07
-22.2529 6.0448411e-07
-22.2429 3.6649584e-07
-22.2329 2.1992231e-07
-22.222900000000003 1.3076024399999997e-07
-22.2129 7.696026499999999e-08
-22.2029 4.4762173999999997e-08
-22.1929 2.5807856e-08
-22.1829 1.47252857e-08
-22.1729 8.3233661e-09
-22.1629 4.6564791999999985e-09
-22.152900000000002 2.5776249600000002e-09
-22.1429 1.4139293400000003e-09
-22.1329 7.672449699999999e-10
-22.1229 4.12051901e-10
-22.112900000000003 2.1892233400000005e-10
-22.102899999999998 1.1521701900000001e-10
-22.0929 6.002867640000001e-11
-22.082900000000002 3.0851250399999994e-11
-22.0729 1.571673146e-11
-22.0629 7.870429720000001e-12
-22.0529 3.88964e-12
-22.042900000000003 1.8925099999999996e-12
-22.0329 8.93439e-13
-22.0229 3.7982199999999993e-13
-22.012900000000002 1.5802819999999998e-13
-22.0029 6.47848e-14
-21.9929 2.10644e-14
-21.9829 6.14362e-15
-21.972900000000003 2.8109099999999997e-16
-21.9629 0.0
-21.9529 0.0
-21.9429 0.0
-21.9329 0.0
-21.9229 0.0
-21.9129 0.0
-21.902900000000002 0.0
-21.8929 0.0
-21.8829 0.0
-21.8729 0.0
-21.862900000000003 0.0
-21.852899999999998 0.0
-21.8429 0.0
-21.832900000000002 0.0
-21.8229 0.0
-21.8129 0.0
-21.8029 0.0
-21.792900000000003 0.0
-21.7829 0.0
-21.7729 0.0
-21.762900000000002 0.0
-21.7529 0.0
-21.7429 0.0
-21.7329 0.0
-21.722900000000003 0.0
-21.7129 0.0
-21.7029 0.0
-21.6929 0.0
-21.6829 0.0
-21.6729 0.0
-21.6629 0.0
-21.652900000000002 0.0
-21.6429 0.0
-21.6329 0.0
-21.6229 0.0
-21.612900000000003 0.0
-21.602899999999998 0.0
-21.5929 0.0
-21.582900000000002 0.0
-21.5729 0.0
-21.5629 0.0
-21.5529 0.0
-21.542900000000003 0.0
-21.5329 0.0
-21.5229 0.0
-21.512900000000002 0.0
-21.5029 0.0
-21.4929 0.0
-21.4829 0.0
-21.472900000000003 0.0
-21.4629 0.0
-21.4529 0.0
-21.4429 0.0
-21.4329 0.0
-21.4229 0.0
-21.4129 0.0
-21.402900000000002 0.0
-21.3929 0.0
-21.3829 0.0
-21.3729 0.0
-21.362900000000003 0.0
-21.352899999999998 0.0
-21.3429 0.0
-21.332900000000002 0.0
-21.3229 0.0
-21.3129 0.0
-21.3029 0.0
-21.292900000000003 0.0
-21.2829 0.0
-21.2729 0.0
-21.262900000000002 0.0
-21.2529 0.0
-21.2429 0.0
-21.2329 0.0
-21.222900000000003 0.0
-21.2129 0.0
-21.2029 0.0
-21.1929 0.0
-21.1829 0.0
-21.1729 0.0
-21.1629 0.0
-21.152900000000002 0.0
-21.1429 0.0
-21.1329 0.0
-21.1229 0.0
-21.112900000000003 0.0
-21.102899999999998 0.0
-21.0929 0.0
-21.082900000000002 0.0
-21.0729 0.0
-21.0629 0.0
-21.0529 0.0
-21.042900000000003 0.0
-21.0329 0.0
-21.0229 0.0
-21.012900000000002 0.0
-21.0029 0.0
-20.9929 0.0
-20.9829 0.0
-20.972900000000003 0.0
-20.9629 0.0
-20.9529 0.0
-20.9429 0.0
-20.9329 0.0
-20.9229 0.0
-20.9129 0.0
-20.902900000000002 0.0
-20.8929 0.0
-20.8829 0.0
-20.8729 0.0
-20.862900000000003 0.0
-20.852899999999998 0.0
-20.8429 0.0
-20.832900000000002 0.0
-20.8229 0.0
-20.8129 0.0
-20.8029 0.0
-20.792900000000003 0.0
-20.7829 0.0
-20.7729 0.0
-20.762900000000002 0.0
-20.7529 0.0
-20.7429 0.0
-20.7329 0.0
-20.722900000000003 0.0
-20.7129 0.0
-20.7029 0.0
-20.6929 0.0
-20.6829 0.0
-20.6729 0.0
-20.6629 0.0
-20.652900000000002 0.0
-20.6429 0.0
-20.6329 0.0
-20.6229 0.0
-20.612900000000003 0.0
-20.602899999999998 0.0
-20.5929 0.0
-20.582900000000002 0.0
-20.5729 0.0
-20.5629 0.0
-20.5529 0.0
-20.542900000000003 0.0
-20.5329 0.0
-20.5229 0.0
-20.512900000000002 0.0
-20.5029 0.0
-20.4929 0.0
-20.4829 0.0
-20.472900000000003 0.0
-20.4629 0.0
-20.4529 0.0
-20.4429 0.0
-20.4329 0.0
-20.4229 0.0
-20.4129 0.0
-20.402900000000002 0.0
-20.3929 0.0
-20.3829 0.0
-20.3729 0.0
-20.3629 8.34497e-17
-20.3529 1.744131e-16
-20.3429 1.883072e-15
-20.332900000000002 3.930389e-15
-20.3229 8.09314e-15
-20.3129 1.8420219999999997e-14
-20.3029 3.716107e-14
-20.2929 7.45219e-14
-20.2829 1.4724250000000002e-13
-20.2729 2.996973e-13
-20.262900000000002 5.832458559e-13
-20.2529 1.1505073883000002e-12
-20.2429 2.195901296e-12
-20.2329 4.16385659e-12
-20.222900000000003 7.80739014e-12
-20.2129 1.4493541569999998e-11
-20.2029 2.6544064540000002e-11
-20.1929 4.83005491e-11
-20.1829 8.678339319999999e-11
-20.1729 1.543263649e-10
-20.1629 2.73011181e-10
-20.152900000000002 4.776528399999999e-10
-20.1429 8.249624190000001e-10
-20.1329 1.41422922e-09
-20.1229 2.40990367e-09
-20.1129 4.0507295299999995e-09
-20.1029 6.7453712e-09
-20.0929 1.1149056099999999e-08
-20.082900000000002 1.819552e-08
-20.0729 2.96289361e-08
-20.0629 4.7539150200000005e-08
-20.0529 7.5733068e-08
-20.0429 1.1960039999999998e-07
-20.0329 1.87623002e-07
-20.0229 2.90593529e-07
-20.012900000000002 4.4668844e-07
-20.0029 6.8075221e-07
-19.9929 1.02898827e-06
-19.9829 1.5422263600000001e-06
-19.972900000000003 2.2943685e-06
-19.9629 3.3788755999999995e-06
-19.9529 4.9314219e-06
-19.9429 7.153189199999999e-06
-19.9329 1.0269088e-05
-19.9229 1.463181e-05
-19.9129 2.0653923e-05
-19.902900000000002 2.8873750999999997e-05
-19.8929 4.0228748e-05
-19.8829 5.5395026999999994e-05
-19.8729 7.57129e-05
-19.8629 0.0001025703
-19.8529 0.00013773424
-19.8429 0.00018356963
-19.832900000000002 0.00024246504
-19.8229 0.00031695594
-19.8129 0.0004126495
-19.8029 0.0005327383
-19.7929 0.0006806508
-19.7829 0.0008645505999999999
-19.7729 0.0010873387
-19.762900000000002 0.0013572395999999999
-19.7529 0.0016817669
-19.7429 0.002068732
-19.7329 0.0025248609999999998
-19.722900000000003 0.00305777
-19.7129 0.003676207
-19.7029 0.004394864
-19.6929 0.005210783
-19.6829 0.006151981
-19.6729 0.007193514
-19.6629 0.00838437
-19.652900000000002 0.009709619999999999
-19.6429 0.01118723
-19.6329 0.012820370000000001
-19.6229 0.014625969999999999
-19.6129 0.01660011
-19.6029 0.01876577
-19.5929 0.02111198
-19.582900000000002 0.02366903
-19.5729 0.02645667
-19.5629 0.029445020000000002
-19.5529 0.032684290000000005
-19.5429 0.03614441
-19.5329 0.03984555
-19.5229 0.04381762
-19.512900000000002 0.04805061
-19.5029 0.05256469999999999
-19.4929 0.05742989999999999
-19.4829 0.0624465
-19.472900000000003 0.0677443
-19.4629 0.0733031
-19.4529 0.0791533
-19.4429 0.0853047
-19.4329 0.09157760000000001
-19.4229 0.0981615
-19.4129 0.10482689999999999
-19.402900000000002 0.11205400000000001
-19.3929 0.11928159999999999
-19.3829 0.1266109
-19.3729 0.13424160000000002
-19.3629 0.1418741
-19.3529 0.1497058
-19.3429 0.15764029999999998
-19.332900000000002 0.165675
-19.3229 0.17371109999999998
-19.3129 0.18174719999999997
-19.3029 0.1896853
-19.2929 0.19782270000000002
-19.2829 0.205862
-19.2729 0.21390099999999998
-19.262900000000002 0.22163990000000003
-19.2529 0.22917990000000002
-19.2429 0.2368207
-19.2329 0.24416140000000003
-19.222900000000003 0.2516026
-19.2129 0.25874379999999997
-19.2029 0.2658862
-19.1929 0.27292999999999995
-19.1829 0.27987399999999996
-19.1729 0.286716
-19.1629 0.293462
-19.152900000000002 0.300209
-19.1429 0.307056
-19.1329 0.314003
-19.1229 0.3209540000000001
-19.1129 0.32830800000000004
-19.1029 0.335562
-19.0929 0.343319
-19.082900000000002 0.351479
-19.0729 0.359945
-19.0629 0.368913
-19.0529 0.37868499999999994
-19.0429 0.38896000000000003
-19.0329 0.3996409999999999
-19.0229 0.41092399999999996
-19.012900000000002 0.4228140000000001
-19.0029 0.435305
-18.9929 0.448099
-18.9829 0.461297
-18.972900000000003 0.474698
-18.9629 0.4883990000000001
-18.9529 0.501699
-18.9429 0.515001
-18.9329 0.528
-18.9229 0.5404990000000001
-18.9129 0.5525960000000001
-18.902900000000002 0.5637890000000001
-18.8929 0.5745819999999999
-18.8829 0.584568
-18.8729 0.593854
-18.8629 0.6025369999999999
-18.8529 0.6101139999999999
-18.8429 0.617491
-18.832900000000002 0.624165
-18.8229 0.6302380000000001
-18.8129 0.636008
-18.8029 0.6415770000000001
-18.7929 0.6465479999999999
-18.7829 0.6516170000000001
-18.7729 0.656586
-18.762900000000002 0.6617599999999999
-18.7529 0.6671320000000001
-18.7429 0.6724080000000001
-18.7329 0.6775879999999999
-18.722900000000003 0.68367
-18.7129 0.6901539999999999
-18.7029 0.6971430000000001
-18.6929 0.7033339999999999
-18.6829 0.711129
-18.6729 0.7180239999999999
-18.6629 0.7253229999999999
-18.652900000000002 0.7335219999999999
-18.6429 0.7408210000000001
-18.6329 0.747819
-18.6229 0.7545129999999999
-18.6129 0.7611079999999999
-18.6029 0.7671959999999999
-18.5929 0.772679
-18.582900000000002 0.777357
-18.5729 0.7812279999999998
-18.5629 0.783693
-18.5529 0.7858479999999999
-18.5429 0.787397
-18.5329 0.787839
-18.5229 0.7880649999999998
-18.512900000000002 0.785287
-18.5029 0.7829109999999999
-18.4929 0.779913
-18.4829 0.776025
-18.472900000000003 0.773121
-18.4629 0.7684289999999999
-18.4529 0.7642199999999999
-18.4429 0.7602239999999999
-18.4329 0.755733
-18.4229 0.753837
-18.4129 0.7491580000000001
-18.402900000000002 0.748573
-18.3929 0.7461949999999999
-18.3829 0.7458219999999999
-18.3729 0.7458629999999999
-18.3629 0.7467210000000001
-18.3529 0.7488619999999999
-18.3429 0.750918
-18.332900000000002 0.753987
-18.3229 0.757647
-18.3129 0.76152
-18.3029 0.765582
-18.2929 0.7691370000000001
-18.2829 0.7725010000000001
-18.2729 0.777262
-18.262900000000002 0.780308
-18.2529 0.7846529999999999
-18.2429 0.7865989999999999
-18.2329 0.791241
-18.222900000000003 0.796284
-18.2129 0.8006319999999999
-18.2029 0.805682
-18.1929 0.812543
-18.1829 0.8218139999999998
-18.1729 0.831698
-18.1629 0.8434860000000002
-18.152900000000002 0.857819
-18.1429 0.8736480000000001
-18.1329 0.893002
-18.1229 0.9145820000000001
-18.1129 0.937583
-18.1029 0.963522
-18.0929 0.9929729999999999
-18.082900000000002 1.023134
-18.0729 1.0545289999999998
-18.0629 1.089827
-18.0529 1.126157
-18.0429 1.166523
-18.0329 1.206893
-18.0229 1.249289
-18.012900000000002 1.29169
-18.0029 1.33913
-17.9929 1.3866100000000001
-17.9829 1.43709
-17.972900000000003 1.49061
-17.9629 1.54414
-17.9529 1.6017100000000002
-17.9429 1.65829
-17.9329 1.71888
-17.9229 1.78151
-17.9129 1.8421600000000002
-17.902900000000002 1.90781
-17.8929 1.97047
-17.8829 2.0341199999999997
-17.8729 2.09675
-17.8629 2.1573499999999997
-17.8529 2.21294
-17.8429 2.2674999999999996
-17.832900000000002 2.3149800000000003
-17.8229 2.3594299999999997
-17.8129 2.3938099999999998
-17.8029 2.4261100000000004
-17.7929 2.4493400000000003
-17.7829 2.46349
-17.7729 2.47057
-17.762900000000002 2.47154
-17.7529 2.4644700000000004
-17.7429 2.4493300000000002
-17.7329 2.4281099999999998
-17.722900000000003 2.4038399999999998
-17.7129 2.3715200000000003
-17.7029 2.33616
-17.6929 2.2998000000000003
-17.6829 2.2634
-17.6729 2.2260199999999997
-17.6629 2.1886399999999995
-17.652900000000002 2.15629
-17.6429 2.1239809999999997
-17.6329 2.095694
-17.6229 2.0724489999999998
-17.6129 2.0522760000000004
-17.6029 2.037126
-17.5929 2.029019
-17.582900000000002 2.023975
-17.5729 2.0241659999999997
-17.5629 2.025891
-17.5529 2.03043
-17.5429 2.036594
-17.5329 2.0425720000000003
-17.5229 2.0502350000000003
-17.512900000000002 2.0544819999999997
-17.5029 2.057503
-17.4929 2.054977
-17.4829 2.0481249999999998
-17.472900000000003 2.0365860000000002
-17.4629 2.016509
-17.4529 1.988855
-17.4429 1.9544033
-17.4329 1.9122031
-17.4229 1.8623145
-17.4129 1.8024470000000001
-17.402900000000002 1.7347507
-17.3929 1.6631251999999999
-17.3829 1.5825804
-17.3729 1.4961061
-17.3629 1.4066924
-17.3529 1.3153091
-17.3429 1.2229761
-17.332900000000002 1.1276733
-17.3229 1.0354508
-17.3129 0.9425634
-17.3029 0.8527323
-17.2929 0.7673672
-17.2829 0.6859653
-17.2729 0.6089315000000001
-17.262900000000002 0.5377528
-17.2529 0.47245720000000013
-17.2429 0.4133077
-17.2329 0.3591362
-17.222900000000003 0.3101198
-17.2129 0.2659585
-17.2029 0.2278583
-17.1929 0.19400712
-17.1829 0.16430804000000004
-17.1729 0.13843085000000002
-17.1629 0.11620463
-17.152900000000002 0.09698759000000001
-17.1429 0.08054523
-17.1329 0.06658294999999999
-17.1229 0.05478864
-17.1129 0.04476031
-17.1029 0.03640524
-17.0929 0.02938485
-17.082900000000002 0.02362545
-17.0729 0.018879669999999998
-17.0629 0.014931484
-17.0529 0.011738123000000001
-17.0429 0.009164727999999999
-17.0329 0.007102174000000001
-17.0229 0.005456029
-17.012900000000002 0.004162814
-17.0029 0.003146575
-16.9929 0.0023580560000000003
-16.9829 0.0017533310000000001
-16.972900000000003 0.0012922086000000002
-16.9629 0.0009386963
-16.9529 0.0006785295
-16.9429 0.0004850772
-16.9329 0.0003438578
-16.9229 0.00024114670999999998
-16.9129 0.00016777312
-16.902900000000002 0.0001159455
-16.8929 7.862859000000001e-05
-16.8829 5.306454e-05
-16.8729 3.5425289999999994e-05
-16.8629 2.3360050999999996e-05
-16.8529 1.5269016e-05
-16.8429 9.907408e-06
-16.832900000000002 6.3448957e-06
-16.8229 4.025721999999999e-06
-16.8129 2.5236004e-06
-16.8029 1.5679344e-06
-16.7929 9.634345199999998e-07
-16.7829 5.861849499999999e-07
-16.7729 3.5269685999999997e-07
-16.762900000000002 2.1044602999999995e-07
-16.7529 1.23558469e-07
-16.7429 7.2155451e-08
-16.7329 4.162231300000001e-08
-16.722900000000003 2.37595355e-08
-16.7129 1.34547915e-08
-16.7029 7.4996523e-09
-16.6929 4.14549792e-09
-16.6829 2.27065523e-09
-16.6729 1.2315212499999999e-09
-16.6629 6.582602780000001e-10
-16.652900000000002 3.4884408090000005e-10
-16.6429 1.830289e-10
-16.6329 9.487058e-11
-16.6229 4.870333e-11
-16.6129 2.470617e-11
-16.6029 1.2402978e-11
-16.5929 6.150586e-12
-16.582900000000002 2.968134e-12
-16.5729 1.4434451e-12
-16.5629 6.732255e-13
-16.5529 2.3832708000000003e-13
-16.5429 7.010367e-14
-16.5329 0.0
-16.5229 0.0
-16.512900000000002 0.0
-16.5029 0.0
-16.4929 0.0
-16.4829 0.0
-16.472900000000003 0.0
-16.4629 0.0
-16.4529 0.0
-16.4429 0.0
-16.4329 0.0
-16.4229 0.0
-16.4129 0.0
-16.402900000000002 0.0
-16.3929 0.0
-16.3829 0.0
-16.3729 0.0
-16.3629 0.0
-16.3529 0.0
-16.3429 0.0
-16.332900000000002 0.0
-16.3229 0.0
-16.3129 0.0
-16.3029 0.0
-16.2929 0.0
-16.2829 0.0
-16.2729 0.0
-16.262900000000002 0.0
-16.2529 0.0
-16.2429 0.0
-16.2329 0.0
-16.2229 0.0
-16.2129 0.0
-16.2029 0.0
-16.1929 0.0
-16.1829 0.0
-16.172900000000002 0.0
-16.1629 0.0
-16.152900000000002 0.0
-16.1429 0.0
-16.1329 0.0
-16.1229 0.0
-16.1129 0.0
-16.1029 0.0
-16.0929 0.0
-16.082900000000002 0.0
-16.0729 0.0
-16.0629 0.0
-16.0529 0.0
-16.0429 0.0
-16.0329 0.0
-16.0229 0.0
-16.012900000000002 0.0
-16.0029 0.0
-15.9929 0.0
-15.9829 0.0
-15.972900000000001 0.0
-15.962900000000001 0.0
-15.9529 0.0
-15.942900000000002 0.0
-15.9329 0.0
-15.9229 0.0
-15.9129 0.0
-15.9029 0.0
-15.892900000000001 0.0
-15.882900000000001 0.0
-15.872900000000001 0.0
-15.8629 0.0
-15.852900000000002 0.0
-15.8429 0.0
-15.8329 0.0
-15.8229 0.0
-15.8129 0.0
-15.802900000000001 0.0
-15.792900000000001 0.0
-15.782900000000001 0.0
-15.7729 0.0
-15.7629 0.0
-15.7529 0.0
-15.7429 0.0
-15.7329 0.0
-15.722900000000001 0.0
-15.712900000000001 0.0
-15.7029 0.0
-15.692900000000002 0.0
-15.6829 0.0
-15.6729 0.0
-15.6629 0.0
-15.6529 0.0
-15.642900000000001 0.0
-15.632900000000001 0.0
-15.622900000000001 0.0
-15.6129 0.0
-15.602900000000002 0.0
-15.5929 0.0
-15.5829 0.0
-15.5729 0.0
-15.5629 0.0
-15.552900000000001 0.0
-15.542900000000001 0.0
-15.532900000000001 0.0
-15.5229 0.0
-15.5129 0.0
-15.5029 0.0
-15.4929 0.0
-15.4829 0.0
-15.472900000000001 0.0
-15.462900000000001 0.0
-15.4529 0.0
-15.442900000000002 0.0
-15.4329 0.0
-15.4229 0.0
-15.4129 0.0
-15.4029 0.0
-15.392900000000001 0.0
-15.382900000000001 0.0
-15.372900000000001 0.0
-15.3629 0.0
-15.352900000000002 0.0
-15.3429 0.0
-15.3329 0.0
-15.3229 0.0
-15.3129 0.0
-15.302900000000001 0.0
-15.292900000000001 0.0
-15.282900000000001 0.0
-15.2729 0.0
-15.2629 0.0
-15.2529 0.0
-15.2429 0.0
-15.2329 0.0
-15.222900000000001 0.0
-15.212900000000001 0.0
-15.2029 0.0
-15.192900000000002 0.0
-15.1829 0.0
-15.1729 0.0
-15.1629 0.0
-15.1529 0.0
-15.142900000000001 0.0
-15.132900000000001 0.0
-15.122900000000001 0.0
-15.1129 0.0
-15.102900000000002 0.0
-15.0929 0.0
-15.0829 0.0
-15.0729 0.0
-15.0629 0.0
-15.052900000000001 0.0
-15.042900000000001 0.0
-15.032900000000001 0.0
-15.0229 0.0
-15.0129 0.0
-15.0029 0.0
-14.9929 0.0
-14.9829 0.0
-14.972900000000001 0.0
-14.962900000000001 0.0
-14.9529 0.0
-14.942900000000002 0.0
-14.9329 0.0
-14.9229 0.0
-14.9129 0.0
-14.9029 0.0
-14.892900000000001 0.0
-14.882900000000001 0.0
-14.872900000000001 0.0
-14.8629 0.0
-14.852900000000002 0.0
-14.8429 0.0
-14.8329 0.0
-14.8229 0.0
-14.8129 0.0
-14.802900000000001 0.0
-14.792900000000001 0.0
-14.782900000000001 0.0
-14.7729 0.0
-14.7629 0.0
-14.7529 0.0
-14.7429 0.0
-14.7329 0.0
-14.722900000000001 0.0
-14.712900000000001 0.0
-14.7029 0.0
-14.692900000000002 0.0
-14.6829 0.0
-14.6729 0.0
-14.6629 0.0
-14.6529 0.0
-14.642900000000001 0.0
-14.632900000000001 0.0
-14.622900000000001 0.0
-14.6129 0.0
-14.602900000000002 0.0
-14.5929 0.0
-14.5829 0.0
-14.5729 0.0
-14.5629 0.0
-14.552900000000001 0.0
-14.542900000000001 0.0
-14.532900000000001 0.0
-14.5229 0.0
-14.5129 0.0
-14.5029 0.0
-14.4929 0.0
-14.4829 0.0
-14.472900000000001 0.0
-14.462900000000001 0.0
-14.4529 0.0
-14.442900000000002 0.0
-14.4329 0.0
-14.4229 0.0
-14.4129 0.0
-14.4029 0.0
-14.392900000000001 0.0
-14.382900000000001 0.0
-14.372900000000001 0.0
-14.3629 0.0
-14.3529 0.0
-14.3429 0.0
-14.3329 0.0
-14.3229 0.0
-14.3129 0.0
-14.302900000000001 0.0
-14.292900000000001 0.0
-14.282900000000001 0.0
-14.2729 0.0
-14.2629 0.0
-14.2529 0.0
-14.2429 0.0
-14.2329 0.0
-14.222900000000001 0.0
-14.212900000000001 0.0
-14.202900000000001 0.0
-14.192900000000002 0.0
-14.1829 0.0
-14.1729 0.0
-14.1629 0.0
-14.1529 0.0
-14.142900000000001 0.0
-14.132900000000001 0.0
-14.122900000000001 0.0
-14.1129 0.0
-14.1029 0.0
-14.0929 0.0
-14.0829 0.0
-14.0729 0.0
-14.0629 0.0
-14.052900000000001 0.0
-14.042900000000001 0.0
-14.032900000000001 0.0
-14.0229 0.0
-14.0129 0.0
-14.0029 0.0
-13.9929 0.0
-13.9829 0.0
-13.972900000000001 0.0
-13.962900000000001 0.0
-13.952900000000001 0.0
-13.942900000000002 0.0
-13.9329 0.0
-13.9229 0.0
-13.9129 0.0
-13.9029 0.0
-13.892900000000001 0.0
-13.882900000000001 0.0
-13.872900000000001 0.0
-13.8629 0.0
-13.8529 0.0
-13.8429 0.0
-13.8329 0.0
-13.8229 0.0
-13.8129 0.0
-13.802900000000001 0.0
-13.792900000000001 0.0
-13.782900000000001 0.0
-13.7729 0.0
-13.7629 0.0
-13.7529 0.0
-13.7429 0.0
-13.7329 0.0
-13.722900000000001 0.0
-13.712900000000001 0.0
-13.702900000000001 0.0
-13.692900000000002 0.0
-13.6829 0.0
-13.6729 0.0
-13.6629 0.0
-13.6529 0.0
-13.642900000000001 0.0
-13.632900000000001 0.0
-13.622900000000001 0.0
-13.6129 0.0
-13.6029 0.0
-13.5929 0.0
-13.5829 0.0
-13.5729 0.0
-13.5629 0.0
-13.552900000000001 0.0
-13.542900000000001 0.0
-13.532900000000001 0.0
-13.5229 0.0
-13.5129 0.0
-13.5029 0.0
-13.4929 0.0
-13.4829 0.0
-13.472900000000001 0.0
-13.462900000000001 0.0
-13.452900000000001 0.0
-13.442900000000002 0.0
-13.4329 0.0
-13.4229 0.0
-13.4129 0.0
-13.4029 0.0
-13.392900000000001 0.0
-13.382900000000001 0.0
-13.372900000000001 0.0
-13.3629 0.0
-13.3529 0.0
-13.3429 0.0
-13.3329 0.0
-13.3229 0.0
-13.3129 0.0
-13.302900000000001 0.0
-13.292900000000001 0.0
-13.282900000000001 0.0
-13.2729 0.0
-13.2629 0.0
-13.2529 0.0
-13.2429 0.0
-13.2329 0.0
-13.222900000000001 0.0
-13.212900000000001 0.0
-13.202900000000001 0.0
-13.192900000000002 0.0
-13.1829 0.0
-13.1729 0.0
-13.1629 0.0
-13.1529 0.0
-13.142900000000001 0.0
-13.132900000000001 0.0
-13.122900000000001 0.0
-13.1129 0.0
-13.1029 0.0
-13.0929 0.0
-13.0829 0.0
-13.0729 0.0
-13.0629 0.0
-13.052900000000001 0.0
-13.042900000000001 0.0
-13.032900000000001 0.0
-13.0229 0.0
-13.0129 0.0
-13.0029 0.0
-12.9929 0.0
-12.9829 0.0
-12.972900000000001 0.0
-12.962900000000001 0.0
-12.952900000000001 0.0
-12.942900000000002 0.0
-12.9329 0.0
-12.9229 0.0
-12.9129 0.0
-12.9029 0.0
-12.892900000000001 0.0
-12.882900000000001 0.0
-12.872900000000001 0.0
-12.862900000000002 0.0
-12.8529 0.0
-12.8429 0.0
-12.8329 0.0
-12.8229 0.0
-12.8129 0.0
-12.802900000000001 0.0
-12.792900000000001 0.0
-12.782900000000001 0.0
-12.7729 0.0
-12.7629 0.0
-12.7529 0.0
-12.7429 0.0
-12.7329 0.0
-12.722900000000001 0.0
-12.712900000000001 0.0
-12.702900000000001 0.0
-12.6929 0.0
-12.6829 0.0
-12.6729 0.0
-12.6629 0.0
-12.6529 0.0
-12.642900000000001 0.0
-12.632900000000001 0.0
-12.622900000000001 0.0
-12.612900000000002 0.0
-12.6029 0.0
-12.5929 0.0
-12.5829 0.0
-12.5729 0.0
-12.5629 0.0
-12.552900000000001 0.0
-12.542900000000001 0.0
-12.532900000000001 0.0
-12.5229 0.0
-12.5129 0.0
-12.5029 0.0
-12.4929 0.0
-12.4829 0.0
-12.472900000000001 0.0
-12.462900000000001 0.0
-12.452900000000001 0.0
-12.4429 0.0
-12.4329 0.0
-12.4229 0.0
-12.4129 0.0
-12.4029 0.0
-12.392900000000001 0.0
-12.382900000000001 0.0
-12.372900000000001 0.0
-12.362900000000002 0.0
-12.3529 0.0
-12.3429 0.0
-12.3329 0.0
-12.3229 0.0
-12.3129 0.0
-12.302900000000001 0.0
-12.292900000000001 0.0
-12.282900000000001 0.0
-12.2729 0.0
-12.2629 0.0
-12.2529 0.0
-12.2429 0.0
-12.2329 0.0
-12.222900000000001 0.0
-12.212900000000001 0.0
-12.202900000000001 0.0
-12.1929 0.0
-12.1829 0.0
-12.1729 0.0
-12.1629 0.0
-12.1529 0.0
-12.142900000000001 0.0
-12.132900000000001 0.0
-12.122900000000001 0.0
-12.112900000000002 0.0
-12.1029 0.0
-12.0929 0.0
-12.0829 0.0
-12.0729 0.0
-12.0629 0.0
-12.052900000000001 0.0
-12.042900000000001 0.0
-12.032900000000001 0.0
-12.0229 0.0
-12.0129 0.0
-12.0029 0.0
-11.9929 0.0
-11.9829 0.0
-11.972900000000001 0.0
-11.962900000000001 0.0
-11.952900000000001 0.0
-11.9429 0.0
-11.9329 0.0
-11.9229 0.0
-11.9129 0.0
-11.9029 0.0
-11.892900000000001 0.0
-11.882900000000001 0.0
-11.872900000000001 0.0
-11.8629 0.0
-11.8529 0.0
-11.8429 0.0
-11.8329 0.0
-11.8229 0.0
-11.8129 0.0
-11.802900000000001 0.0
-11.792900000000001 0.0
-11.782900000000001 0.0
-11.7729 0.0
-11.7629 0.0
-11.7529 0.0
-11.7429 0.0
-11.7329 0.0
-11.722900000000001 0.0
-11.712900000000001 0.0
-11.702900000000001 0.0
-11.692900000000002 0.0
-11.6829 0.0
-11.6729 0.0
-11.6629 0.0
-11.6529 0.0
-11.642900000000001 0.0
-11.632900000000001 0.0
-11.622900000000001 0.0
-11.6129 0.0
-11.6029 0.0
-11.5929 0.0
-11.5829 0.0
-11.5729 0.0
-11.5629 1.42686e-15
-11.552900000000001 5.2523e-15
-11.542900000000001 1.0930100000000001e-14
-11.532900000000001 2.7827099999999998e-14
-11.5229 5.9295e-14
-11.5129 1.22634e-13
-11.5029 2.4657899999999997e-13
-11.4929 4.9153e-13
-11.4829 9.8196e-13
-11.472900000000001 1.92626e-12
-11.462900000000001 3.7288999999999996e-12
-11.452900000000001 7.1331e-12
-11.442900000000002 1.34953e-11
-11.4329 2.5298e-11
-11.4229 4.680878602e-11
-11.4129 8.58138386e-11
-11.4029 1.555208185e-10
-11.392900000000001 2.796257852e-10
-11.382900000000001 4.97437224e-10
-11.372900000000001 8.753300289999999e-10
-11.3629 1.523667949e-09
-11.3529 2.62998322e-09
-11.3429 4.48798609e-09
-11.3329 7.587914180000001e-09
-11.3229 1.270397468e-08
-11.3129 2.10620244e-08
-11.302900000000001 3.44464729e-08
-11.292900000000001 5.60261304e-08
-11.282900000000001 9.0070343e-08
-11.2729 1.43472625e-07
-11.2629 2.25957725e-07
-11.2529 3.52644803e-07
-11.2429 5.4622393e-07
-11.2329 8.3516245e-07
-11.222900000000001 1.2660983199999999e-06
-11.212900000000001 1.89699511e-06
-11.202900000000001 2.8241807e-06
-11.192900000000002 4.1586195e-06
-11.1829 6.0671696e-06
-11.1729 8.7587024e-06
-11.1629 1.25491447e-05
-11.1529 1.7766392e-05
-11.142900000000001 2.4940549e-05
-11.132900000000001 3.4777674999999996e-05
-11.122900000000001 4.7930459999999995e-05
-11.1129 6.5386573e-05
-11.1029 8.858744e-05
-11.0929 0.00011868891000000001
-11.0829 0.00015817503
-11.0729 0.00020793794
-11.0629 0.00027052521
-11.052900000000001 0.0003499291
-11.042900000000001 0.0004487915
-11.032900000000001 0.0005706535
-11.0229 0.0007192829000000001
-11.0129 0.0008982090999999999
-11.0029 0.0011132306
-10.9929 0.0013662891
-10.9829 0.0016606980000000002
-10.972900000000001 0.002009696
-10.962900000000001 0.0024186750000000003
-10.952900000000001 0.0028698689999999997
-10.942900000000002 0.003397113
-10.9329 0.003984246
-10.9229 0.004650431
-10.9129 0.005390123
-10.9029 0.00619434
-10.892900000000001 0.007087040000000001
-10.882900000000001 0.008079449999999998
-10.872900000000001 0.00915862
-10.8629 0.010326459999999999
-10.8529 0.01161504
-10.8429 0.01300536
-10.8329 0.01451951
-10.8229 0.016183700000000002
-10.8129 0.017979880000000004
-10.802900000000001 0.019918780000000004
-10.792900000000001 0.02201472
-10.782900000000001 0.0244018
-10.7729 0.0268999
-10.7629 0.0295892
-10.7529 0.0324993
-10.7429 0.035610699999999995
-10.7329 0.0389527
-10.722900000000001 0.0424857
-10.712900000000001 0.0461391
-10.702900000000001 0.050053
-10.692900000000002 0.054156899999999994
-10.6829 0.0582809
-10.6729 0.06254430000000001
-10.6629 0.0668869
-10.6529 0.07118859999999999
-10.642900000000001 0.07551920000000001
-10.632900000000001 0.07988819999999999
-10.622900000000001 0.08411559999999998
-10.6129 0.0883311
-10.6029 0.09230459999999999
-10.5929 0.09608599999999999
-10.5829 0.0999956
-10.5729 0.1037033
-10.5629 0.1070089
-10.552900000000001 0.1105132
-10.542900000000001 0.11371579999999998
-10.532900000000001 0.11681709999999998
-10.5229 0.1198171
-10.5129 0.1227164
-10.5029 0.125715
-10.4929 0.1285129
-10.4829 0.1313105
-10.472900000000001 0.13380800000000004
-10.462900000000001 0.13670500000000002
-10.452900000000001 0.1390022
-10.442900000000002 0.14159929999999998
-10.4329 0.1440962
-10.4229 0.1463929
-10.4129 0.1484896
-10.4029 0.1504859
-10.392900000000001 0.15218220000000002
-10.382900000000001 0.1536781
-10.372900000000001 0.15507390000000001
-10.3629 0.156269
-10.352900000000002 0.1571642
-10.3429 0.1579587
-10.3329 0.15845299999999998
-10.3229 0.1589474
-10.3129 0.15914119999999998
-10.302900000000001 0.15933529999999999
-10.292900000000001 0.1594293
-10.282900000000001 0.1593235
-10.2729 0.15951809999999997
-10.2629 0.159413
-10.2529 0.1595084
-10.2429 0.1597043
-10.2329 0.1601013
-10.222900000000001 0.16069870000000003
-10.212900000000001 0.161497
-10.2029 0.1625963
-10.192900000000002 0.1636964
-10.1829 0.1652973
-10.1729 0.1669991
-10.1629 0.16890159999999999
-10.1529 0.17090470000000002
-10.142900000000001 0.17330849999999998
-10.132900000000001 0.1754125
-10.122900000000001 0.1778165
-10.1129 0.1800203
-10.102900000000002 0.18232430000000002
-10.0929 0.1842278
-10.0829 0.1858306
-10.0729 0.18723240000000002
-10.0629 0.18793339999999997
-10.052900000000001 0.1886329
-10.042900000000001 0.188231
-10.032900000000001 0.1874278
-10.0229 0.185923
-10.0129 0.18381679999999997
-10.0029 0.1811091
-9.9929 0.17760030000000002
-9.9829 0.17389010000000002
-9.972900000000001 0.16937929999999998
-9.962900000000001 0.1647674
-9.9529 0.15975540000000002
-9.942900000000002 0.1546431
-9.9329 0.1493311
-9.9229 0.1439194
-9.9129 0.1387083
-9.9029 0.13369799999999998
-9.892900000000001 0.1290888
-9.882900000000001 0.12458060000000001
-9.872900000000001 0.12057380000000001
-9.8629 0.11696789999999999
-9.852900000000002 0.11366350000000001
-9.8429 0.11086009999999999
-9.8329 0.10815759999999999
-9.8229 0.10605639999999998
-9.8129 0.1042557
-9.802900000000001 0.102556
-9.792900000000001 0.10124670000000001
-9.782900000000001 0.10005770000000001
-9.7729 0.0988689
-9.7629 0.0979904
-9.7529 0.0969018
-9.7429 0.0960129
-9.7329 0.09492360000000002
-9.722900000000001 0.0939139
-9.712900000000001 0.09280360000000001
-9.7029 0.0913725
-9.692900000000002 0.0899308
-9.6829 0.0883783
-9.6729 0.08655449999999999
-9.6629 0.08463020000000002
-9.6529 0.0825645
-9.642900000000001 0.08027829999999998
-9.632900000000001 0.07788059999999998
-9.622900000000001 0.07529240000000001
-9.6129 0.07244329999999999
-9.602900000000002 0.0695932
-9.5929 0.0666127
-9.5829 0.0635815
-9.5729 0.06050010000000001
-9.5629 0.05739829999999999
-9.552900000000001 0.0543266
-9.542900000000001 0.051344900000000006
-9.532900000000001 0.0484236
-9.5229 0.045632599999999995
-9.5129 0.043012400000000006
-9.5029 0.040542800000000004
-9.4929 0.038264
-9.4829 0.0362062
-9.472900000000001 0.0343494
-9.462900000000001 0.0327035
-9.4529 0.0312787
-9.442900000000002 0.030034899999999996
-9.4329 0.0290019
-9.4229 0.0281099
-9.4129 0.0273885
-9.4029 0.026788000000000003
-9.392900000000001 0.026287900000000003
-9.382900000000001 0.025878300000000003
-9.372900000000001 0.025549099999999998
-9.3629 0.0252401
-9.352900000000002 0.024971299999999995
-9.3429 0.0247427
-9.3329 0.0245041
-9.3229 0.0242957
-9.3129 0.024026900000000004
-9.302900000000001 0.0237781
-9.292900000000001 0.0235092
-9.282900000000001 0.023239799999999998
-9.2729 0.0229001
-9.2629 0.022550200000000003
-9.2529 0.022119899999999998
-9.2429 0.021668800000000002
-9.2329 0.0211771
-9.222900000000001 0.020624899999999998
-9.212900000000001 0.0200018
-9.2029 0.0192983
-9.192900000000002 0.0185641
-9.1829 0.0177592
-9.1729 0.01691364
-9.1629 0.01598167
-9.1529 0.01504907
-9.142900000000001 0.01405613
-9.132900000000001 0.01305285
-9.122900000000001 0.012040719999999998
-9.1129 0.011038450000000002
-9.102900000000002 0.01005407
-9.0929 0.009109090000000002
-9.0829 0.00819828
-9.0729 0.007332989999999998
-9.0629 0.0065221
-9.052900000000001 0.005783689999999999
-9.042900000000001 0.00510675
-9.032900000000001 0.00449934
-9.0229 0.00395846
-9.0129 0.00348003
-9.0029 0.003062080000000001
-8.9929 0.00270052
-8.9829 0.0023873299999999996
-8.972900000000001 0.00212042
-8.962900000000001 0.00188978
-8.9529 0.0016943200000000005
-8.942900000000002 0.00152571
-8.9329 0.00138002
-8.9229 0.0012524200000000002
-8.9129 0.00113792
-8.9029 0.00103565
-8.892900000000001 0.0009416800000000001
-8.882900000000001 0.000854909
-8.872900000000001 0.0007745480000000001
-8.8629 0.00069975
-8.852900000000002 0.0006278519999999999
-8.8429 0.000561587
-8.8329 0.000498791
-8.8229 0.000440036
-8.8129 0.00038561099999999995
-8.802900000000001 0.000335343
-8.792900000000001 0.000289583
-8.782900000000001 0.00024782600000000004
-8.7729 0.00021051100000000003
-8.7629 0.00017725180000000002
-8.7529 0.00014826959999999996
-8.7429 0.00012280669999999998
-8.7329 0.0001007827
-8.722900000000001 8.22527e-05
-8.712900000000001 6.64113e-05
-8.7029 5.312980000000001e-05
-8.692900000000002 4.21743e-05
-8.6829 3.319736e-05
-8.6729 2.590835e-05
-8.6629 2.005398e-05
-8.6529 1.540989e-05
-8.642900000000001 1.1766599999999998e-05
-8.632900000000001 8.95227e-06
-8.622900000000001 6.84433e-06
-8.6129 5.312580000000001e-06
-8.602900000000002 4.282169999999999e-06
-8.5929 3.70076e-06
-8.5829 3.55481e-06
-8.5729 3.862719999999999e-06
-8.5629 4.68741e-06
-8.552900000000001 6.13875e-06
-8.542900000000001 8.38545e-06
-8.532900000000001 1.1666310000000001e-05
-8.5229 1.631546e-05
-8.5129 2.2714799999999998e-05
-8.5029 3.1370419e-05
-8.4929 4.2977666e-05
-8.4829 5.8354171e-05
-8.472900000000001 7.844598899999999e-05
-8.462900000000001 0.0001044546327
-8.4529 0.000137609542
-8.442900000000002 0.0001798326231
-8.4329 0.00023165710599999998
-8.4229 0.0002962455234
-8.4129 0.00037599253657000003
-8.4029 0.00047117092685
-8.392900000000001 0.0005840805528700001
-8.382900000000001 0.00071894032959
-8.372900000000001 0.00087464019898
-8.3629 0.001055980127909
-8.352900000000002 0.00125718009761
-8.3429 0.001491020101872
-8.3329 0.001748820144372
-8.3229 0.002041370241783
-8.3129 0.00234567042954
-8.302900000000001 0.0026848107725999997
-8.2929 0.0030357013855
-8.282900000000001 0.00341022246381
-8.2729 0.0038052843453999998
-8.262900000000002 0.0042130575699
-8.2529 0.0046298430808
-8.2429 0.005057632361599999
-8.2329 0.005495437874
-8.222900000000001 0.005931263427
-8.212900000000001 0.006375005255
-8.2029 0.006818773123
-8.192900000000002 0.007268581423
-8.1829 0.0077284534500000005
-8.1729 0.00819532251
-8.1629 0.00869234231
-8.1529 0.00920758706
-8.142900000000001 0.00976416357
-8.132900000000001 0.010372232600000001
-8.122900000000001 0.0110200383
-8.1129 0.011787987699999999
-8.102900000000002 0.0125484311
-8.0929 0.0134120786
-8.0829 0.0142796882
-8.0729 0.015362468
-8.0629 0.016452935
-8.052900000000001 0.017660949000000002
-8.0429 0.018881113999999997
-8.032900000000001 0.020214838000000002
-8.0229 0.021577024
-8.012900000000002 0.022953128000000003
-8.0029 0.02435857
-7.992900000000001 0.02579992
-7.982900000000001 0.02718706
-7.972900000000001 0.02863021
-7.9629 0.030020400000000003
-7.9529000000000005 0.03139686
-7.942900000000001 0.03277058
-7.932900000000001 0.03414157
-7.9229 0.03554936
-7.9129000000000005 0.0371245
-7.902900000000001 0.0386374
-7.892900000000001 0.0403671
-7.882900000000001 0.042225200000000004
-7.8729000000000005 0.0444069
-7.862900000000001 0.046768500000000005
-7.852900000000001 0.0494068
-7.842900000000001 0.0524694
-7.8329 0.055827
-7.822900000000001 0.0596212
-7.812900000000001 0.0638144
-7.802900000000001 0.0683482
-7.7929 0.07329950000000002
-7.782900000000001 0.07864
-7.772900000000001 0.0844268
-7.762900000000001 0.09025989999999999
-7.7529 0.0965183
-7.742900000000001 0.1029107
-7.732900000000001 0.1095273
-7.722900000000001 0.11615289999999998
-7.7129 0.12279959999999998
-7.7029000000000005 0.12941239999999998
-7.692900000000001 0.1358222
-7.682900000000001 0.1422301
-7.6729 0.1483931
-7.6629000000000005 0.154227
-7.652900000000001 0.159925
-7.642900000000001 0.165176
-7.632900000000001 0.1700671
-7.6229000000000005 0.1745872
-7.612900000000001 0.1787742
-7.602900000000001 0.1825933
-7.592900000000001 0.18596049999999997
-7.5829 0.1889716
-7.572900000000001 0.19171870000000002
-7.562900000000001 0.19410480000000002
-7.552900000000001 0.196258
-7.5429 0.1982901
-7.532900000000001 0.2000603
-7.522900000000001 0.20183850000000003
-7.512900000000001 0.20360760000000003
-7.5029 0.20546679999999998
-7.492900000000001 0.207546
-7.482900000000001 0.2097551
-7.472900000000001 0.21198730000000002
-7.4629 0.2145805
-7.4529000000000005 0.21761560000000002
-7.442900000000001 0.22100370000000005
-7.432900000000001 0.2245547
-7.4229 0.2284678
-7.4129000000000005 0.23274270000000002
-7.402900000000001 0.23695859999999996
-7.392900000000001 0.2414285
-7.382900000000001 0.24583030000000006
-7.3729000000000005 0.2502719
-7.362900000000001 0.2543156
-7.352900000000001 0.25806809999999997
-7.342900000000001 0.2613905
-7.3329 0.26420390000000005
-7.322900000000001 0.2664532
-7.312900000000001 0.26780349999999997
-7.302900000000001 0.26828369999999996
-7.2929 0.26784679999999994
-7.282900000000001 0.2663799
-7.272900000000001 0.2640919
-7.262900000000001 0.2606799
-7.2529 0.2565458
-7.242900000000001 0.25117870000000003
-7.232900000000001 0.2452896
-7.222900000000001 0.23828929999999998
-7.2129 0.231144
-7.2029000000000005 0.2231206
-7.192900000000001 0.2148531
-7.182900000000001 0.20616540000000003
-7.1729 0.1974977
-7.1629000000000005 0.1883798
-7.152900000000001 0.17978980000000003
-7.142900000000001 0.17127360000000003
-7.132900000000001 0.1628664
-7.1229000000000005 0.154857
-7.112900000000001 0.1475026
-7.102900000000001 0.1403301
-7.092900000000001 0.1337725
-7.0829 0.127643
-7.072900000000001 0.1221485
-7.062900000000001 0.11705810000000001
-7.052900000000001 0.1126437
-7.0429 0.1085555
-7.032900000000001 0.1050395
-7.022900000000001 0.1018766
-7.012900000000001 0.09909380000000001
-7.0029 0.09676130000000001
-6.992900000000001 0.0947189
-6.982900000000001 0.09295260000000001
-6.972900000000001 0.0914536
-6.9629 0.09010959999999998
-6.9529000000000005 0.08883869999999999
-6.942900000000001 0.0878109
-6.932900000000001 0.0868022
-6.9229 0.08572439999999998
-6.9129000000000005 0.08463670000000001
-6.902900000000001 0.0835299
-6.892900000000001 0.08227700000000002
-6.882900000000001 0.0809741
-6.8729000000000005 0.079397
-6.862900000000001 0.07760589999999999
-6.852900000000001 0.07582160000000002
-6.842900000000001 0.0737132
-6.8329 0.0713927
-6.822900000000001 0.0689381
-6.812900000000001 0.0662103
-6.802900000000001 0.06335059999999999
-6.7929 0.060396699999999984
-6.782900000000001 0.0572931
-6.772900000000001 0.05413869999999999
-6.762900000000001 0.05098350000000001
-6.7529 0.0478289
-6.742900000000001 0.0447574
-6.732900000000001 0.0417778
-6.722900000000001 0.038931
-6.7129 0.036279099999999995
-6.7029000000000005 0.033822099999999994
-6.692900000000001 0.03161749999999999
-6.682900000000001 0.0296603
-6.6729 0.0279777
-6.6629000000000005 0.026592
-6.652900000000001 0.025481599999999997
-6.642900000000001 0.0246672
-6.632900000000001 0.0241184
-6.6229000000000005 0.0238252
-6.612900000000001 0.0238279
-6.602900000000001 0.024034299999999998
-6.592900000000001 0.024456
-6.5829 0.0250922
-6.572900000000001 0.025911700000000003
-6.562900000000001 0.0268758
-6.552900000000001 0.0279818
-6.5429 0.029221900000000002
-6.532900000000001 0.030583299999999997
-6.522900000000001 0.031979299999999995
-6.512900000000001 0.0334948
-6.5029 0.035053900000000006
-6.492900000000001 0.036743399999999996
-6.482900000000001 0.0384454
-6.472900000000001 0.040166900000000005
-6.4629 0.04189179999999999
-6.4529000000000005 0.0436271
-6.442900000000001 0.0454807
-6.432900000000001 0.047288699999999996
-6.4229 0.049093300000000006
-6.4129000000000005 0.0509522
-6.402900000000001 0.052791500000000005
-6.392900000000001 0.0546722
-6.382900000000001 0.0566944
-6.3729000000000005 0.05875709999999999
-6.362900000000001 0.060821200000000006
-6.352900000000001 0.0630109
-6.342900000000001 0.06529910000000001
-6.3329 0.0677221
-6.322900000000001 0.07016670000000001
-6.312900000000001 0.0728041
-6.302900000000001 0.075644
-6.2929 0.078599
-6.282900000000001 0.081643
-6.272900000000001 0.084794
-6.262900000000001 0.087986
-6.2529 0.091469
-6.242900000000001 0.094877
-6.232900000000001 0.098728
-6.222900000000001 0.10253299999999999
-6.2129 0.10649099999999999
-6.2029000000000005 0.11074300000000001
-6.192900000000001 0.11498199999999999
-6.182900000000001 0.119396
-6.1729 0.124247
-6.1629000000000005 0.12904599999999997
-6.152900000000001 0.134382
-6.142900000000001 0.13993000000000003
-6.132900000000001 0.14608699999999997
-6.1229000000000005 0.152156
-6.112900000000001 0.158935
-6.102900000000001 0.165728
-6.092900000000001 0.17322700000000002
-6.0829 0.181242
-6.072900000000001 0.18916699999999997
-6.062900000000001 0.19759699999999997
-6.052900000000001 0.206338
-6.0429 0.21527899999999997
-6.032900000000001 0.22453199999999998
-6.022900000000001 0.23377800000000004
-6.012900000000001 0.243237
-6.0029 0.252385
-5.992900000000001 0.26143
-5.982900000000001 0.270364
-5.972900000000001 0.279092
-5.9629 0.287402
-5.9529000000000005 0.295105
-5.942900000000001 0.30237899999999995
-5.932900000000001 0.30912599999999996
-5.9229 0.315162
-5.9129000000000005 0.320272
-5.902900000000001 0.32506399999999996
-5.892900000000001 0.32881600000000005
-5.882900000000001 0.33214899999999997
-5.8729000000000005 0.33475499999999997
-5.862900000000001 0.336934
-5.852900000000001 0.338507
-5.842900000000001 0.33985299999999996
-5.8329 0.341487
-5.822900000000001 0.34270700000000004
-5.812900000000001 0.344628
-5.802900000000001 0.34694800000000003
-5.7929 0.3498690000000001
-5.782900000000001 0.353804
-5.772900000000001 0.35856200000000005
-5.762900000000001 0.36442399999999997
-5.7529 0.37181299999999995
-5.742900000000001 0.380517
-5.732900000000001 0.390369
-5.722900000000001 0.40173400000000004
-5.7129 0.414536
-5.7029000000000005 0.42856200000000005
-5.692900000000001 0.44392299999999996
-5.682900000000001 0.46019400000000005
-5.6729 0.47749900000000006
-5.6629000000000005 0.4953440000000001
-5.652900000000001 0.513989
-5.642900000000001 0.5330489999999999
-5.632900000000001 0.55203
-5.6229000000000005 0.571312
-5.612900000000001 0.589393
-5.602900000000001 0.60797
-5.592900000000001 0.6263799999999999
-5.5829 0.64173
-5.572900000000001 0.6582
-5.562900000000001 0.67322
-5.552900000000001 0.68716
-5.5429 0.6986600000000001
-5.532900000000001 0.70985
-5.522900000000001 0.7181099999999999
-5.512900000000001 0.7258800000000001
-5.5029 0.7335100000000001
-5.492900000000001 0.73784
-5.482900000000001 0.74214
-5.472900000000001 0.74655
-5.4629 0.75085
-5.4529000000000005 0.75533
-5.442900000000001 0.7603399999999999
-5.432900000000001 0.7622599999999999
-5.4229 0.7679699999999999
-5.4129000000000005 0.7741300000000001
-5.402900000000001 0.78413
-5.392900000000001 0.7916200000000001
-5.382900000000001 0.8029499999999999
-5.3729000000000005 0.8151
-5.362900000000001 0.8281100000000001
-5.352900000000001 0.8414900000000001
-5.342900000000001 0.8583100000000001
-5.3329 0.87357
-5.322900000000001 0.8911
-5.312900000000001 0.90886
-5.302900000000001 0.92459
-5.2929 0.9424199999999998
-5.282900000000001 0.9580100000000001
-5.272900000000001 0.9722000000000001
-5.262900000000001 0.9860599999999999
-5.2529 0.9963799999999998
-5.242900000000001 1.0074600000000002
-5.232900000000001 1.0150299999999999
-5.222900000000001 1.02215
-5.2129 1.0258
-5.2029000000000005 1.02912
-5.192900000000001 1.0278300000000002
-5.182900000000001 1.02623
-5.1729 1.0244100000000003
-5.1629000000000005 1.01822
-5.152900000000001 1.0137099999999999
-5.142900000000001 1.00704
-5.132900000000001 0.99829
-5.1229000000000005 0.98828
-5.112900000000001 0.97728
-5.102900000000001 0.96625
-5.092900000000001 0.9553
-5.0829 0.94226
-5.072900000000001 0.92842
-5.062900000000001 0.91555
-5.052900000000001 0.9020000000000001
-5.0429 0.88753
-5.032900000000001 0.87336
-5.022900000000001 0.8604999999999999
-5.012900000000001 0.84694
-5.0029 0.8348
-4.992900000000001 0.8218600000000001
-4.982900000000001 0.81055
-4.972900000000001 0.79984
-4.9629 0.79065
-4.9529000000000005 0.78289
-4.942900000000001 0.77676
-4.932900000000001 0.7711299999999999
-4.9229 0.7677399999999999
-4.9129000000000005 0.7652699999999999
-4.902900000000001 0.76433
-4.892900000000001 0.7651199999999999
-4.882900000000001 0.7665
-4.8729000000000005 0.7693099999999999
-4.862900000000001 0.77264
-4.852900000000001 0.77598
-4.842900000000001 0.77982
-4.8329 0.78447
-4.822900000000001 0.78811
-4.812900000000001 0.79095
-4.802900000000001 0.7940900000000001
-4.7929 0.79672
-4.782900000000001 0.79893
-4.772900000000001 0.79953
-4.762900000000001 0.7987199999999999
-4.7529 0.7984
-4.742900000000001 0.7964500000000001
-4.732900000000001 0.7930999999999999
-4.722900000000001 0.7900499999999999
-4.7129 0.78676
-4.7029000000000005 0.7819799999999999
-4.692900000000001 0.777
-4.682900000000001 0.77152
-4.6729 0.76623
-4.6629000000000005 0.75982
-4.652900000000001 0.75424
-4.642900000000001 0.74876
-4.632900000000001 0.74336
-4.6229000000000005 0.7388799999999999
-4.612900000000001 0.7336099999999999
-4.602900000000001 0.7283100000000001
-4.592900000000001 0.7240500000000001
-4.5829 0.71898
-4.572900000000001 0.71401
-4.562900000000001 0.7098299999999998
-4.552900000000001 0.70557
-4.5429 0.7009770000000001
-4.532900000000001 0.696313
-4.522900000000001 0.6916389999999999
-4.512900000000001 0.6868859999999999
-4.5029 0.6818829999999999
-4.492900000000001 0.676611
-4.482900000000001 0.67151
-4.472900000000001 0.6661509999999999
-4.4629 0.660953
-4.4529000000000005 0.655567
-4.442900000000001 0.650173
-4.432900000000001 0.645171
-4.4229 0.6399910000000001
-4.4129000000000005 0.635392
-4.402900000000001 0.631135
-4.392900000000001 0.62735
-4.382900000000001 0.6239869999999998
-4.372900000000001 0.621424
-4.3629000000000016 0.619193
-4.3529 0.6179340000000001
-4.3429 0.617115
-4.3329 0.617207
-4.322900000000001 0.61791
-4.312900000000001 0.619204
-4.302900000000001 0.6210479999999999
-4.292900000000001 0.6232629999999999
-4.2829000000000015 0.626209
-4.2729 0.629545
-4.2629 0.6329210000000001
-4.2529 0.6362779999999999
-4.242900000000001 0.639825
-4.232900000000001 0.643093
-4.222900000000001 0.64604
-4.212900000000001 0.648606
-4.202900000000001 0.650543
-4.1929 0.6520880000000001
-4.1829 0.6527030000000001
-4.1729 0.652517
-4.1629000000000005 0.65182
-4.152900000000001 0.6501020000000001
-4.142900000000001 0.6476620000000001
-4.132900000000001 0.6444210000000001
-4.122900000000001 0.640359
-4.1129000000000016 0.6354960000000001
-4.1029 0.630101
-4.0929 0.624325
-4.0829 0.618119
-4.072900000000001 0.611411
-4.062900000000001 0.604823
-4.052900000000001 0.597705
-4.042900000000001 0.590516
-4.0329000000000015 0.5836969999999999
-4.0229 0.576978
-4.0129 0.570489
-4.0029 0.5640999999999999
-3.9929000000000006 0.558212
-3.9829000000000008 0.552423
-3.972900000000001 0.547134
-3.962900000000001 0.542076
-3.9529000000000014 0.5375079999999999
-3.9429 0.533249
-3.9329 0.529291
-3.9229000000000003 0.525512
-3.9129000000000005 0.521953
-3.9029000000000007 0.5189149999999999
-3.892900000000001 0.515856
-3.882900000000001 0.5130079999999999
-3.8729000000000013 0.51027
-3.8629000000000016 0.507412
-3.8529 0.5045649999999999
-3.8429 0.501696
-3.8329000000000004 0.4986439999999999
-3.8229000000000006 0.495501
-3.812900000000001 0.492016
-3.802900000000001 0.488359
-3.7929000000000013 0.4842909999999999
-3.7829000000000015 0.47989099999999996
-3.7729 0.47479
-3.7629 0.46960500000000005
-3.7529000000000003 0.463788
-3.7429000000000006 0.457788
-3.7329000000000008 0.451075
-3.722900000000001 0.44424299999999994
-3.712900000000001 0.437014
-3.7029000000000014 0.42958
-3.6929 0.422046
-3.6829 0.41471900000000006
-3.6729000000000003 0.407296
-3.6629000000000005 0.39986999999999995
-3.6529000000000007 0.393162
-3.642900000000001 0.386656
-3.632900000000001 0.38056
-3.6229000000000013 0.375076
-3.6129000000000016 0.370307
-3.6029 0.366049
-3.5929 0.362403
-3.5829000000000004 0.35946600000000006
-3.5729000000000006 0.35703799999999997
-3.562900000000001 0.35523099999999996
-3.552900000000001 0.354026
-3.5429000000000013 0.35311499999999996
-3.5329000000000015 0.35251699999999997
-3.5229 0.35233000000000003
-3.5129 0.35232899999999995
-3.5029000000000003 0.35253899999999994
-3.4929000000000006 0.353046
-3.4829000000000008 0.35345800000000005
-3.472900000000001 0.35395599999999994
-3.462900000000001 0.354564
-3.4529000000000014 0.355371
-3.4429 0.356076
-3.4329 0.357181
-3.4229000000000003 0.35831199999999996
-3.4129000000000005 0.359615
-3.4029000000000007 0.361232
-3.392900000000001 0.363171
-3.382900000000001 0.365433
-3.3729000000000013 0.36797900000000006
-3.3629000000000016 0.37086
-3.3529 0.373924
-3.3429 0.37722199999999995
-3.3329000000000004 0.3810049999999999
-3.3229000000000006 0.384719
-3.312900000000001 0.388515
-3.302900000000001 0.392233
-3.2929000000000013 0.39582
-3.2829000000000015 0.39933699999999994
-3.2729 0.40235299999999996
-3.2629 0.404937
-3.2529000000000003 0.40692800000000007
-3.2429000000000006 0.40851400000000004
-3.2329000000000008 0.40946600000000005
-3.222900000000001 0.40960399999999997
-3.212900000000001 0.409248
-3.2029000000000014 0.40804699999999994
-3.1929 0.4061510000000001
-3.1829 0.40383199999999997
-3.1729000000000003 0.40080899999999997
-3.1629000000000005 0.397263
-3.1529000000000007 0.393523
-3.142900000000001 0.38915
-3.132900000000001 0.38467500000000004
-3.1229000000000013 0.3795799999999999
-3.1129000000000016 0.374783
-3.1029 0.36949400000000004
-3.0929 0.364292
-3.0829000000000004 0.3590769999999999
-3.0729000000000006 0.353851
-3.062900000000001 0.348646
-3.052900000000001 0.34344
-3.0429000000000013 0.33840599999999993
-3.0329000000000015 0.33360100000000004
-3.0229 0.328675
-3.0129 0.32416
-3.0029000000000003 0.31975400000000004
-2.9929000000000006 0.31574800000000003
-2.9829000000000008 0.31194399999999994
-2.972900000000001 0.30825100000000005
-2.962900000000001 0.304968
-2.9529000000000014 0.30229700000000004
-2.9429 0.300028
-2.9329 0.29816400000000004
-2.9229000000000003 0.296721
-2.9129000000000005 0.29577099999999995
-2.9029000000000007 0.295347
-2.892900000000001 0.29543400000000003
-2.882900000000001 0.296236
-2.8729000000000013 0.297034
-2.8629000000000016 0.298645
-2.8529 0.300372
-2.8429 0.30269200000000007
-2.8329000000000004 0.305425
-2.8229000000000006 0.308162
-2.812900000000001 0.311304
-2.802900000000001 0.31444700000000003
-2.7929000000000013 0.317693
-2.7829000000000015 0.32104099999999997
-2.7729 0.32429
-2.7629 0.327231
-2.7529000000000003 0.330472
-2.7429000000000006 0.33301400000000003
-2.7329000000000008 0.335356
-2.722900000000001 0.33728600000000003
-2.712900000000001 0.33901800000000004
-2.7029000000000014 0.340039
-2.6929 0.340757
-2.6829 0.340854
-2.6729000000000003 0.340662
-2.6629000000000005 0.339758
-2.6529000000000007 0.33866199999999996
-2.642900000000001 0.337149
-2.632900000000001 0.33533399999999997
-2.6229000000000013 0.333218
-2.6129000000000016 0.33120400000000005
-2.6029 0.329201
-2.5929 0.32718899999999995
-2.5829000000000004 0.32518900000000006
-2.5729000000000006 0.32359099999999996
-2.562900000000001 0.322395
-2.552900000000001 0.321522
-2.5429000000000013 0.321243
-2.5329000000000015 0.32128500000000004
-2.5229 0.32204200000000005
-2.5129 0.32320100000000007
-2.5029000000000003 0.32476099999999997
-2.4929000000000006 0.326745
-2.4829000000000008 0.32943
-2.472900000000001 0.33210400000000007
-2.462900000000001 0.33481099999999997
-2.4529000000000014 0.33818700000000007
-2.4429 0.34129200000000004
-2.4329 0.344386
-2.4229000000000003 0.34746699999999997
-2.4129000000000005 0.35005499999999995
-2.4029000000000007 0.35262800000000005
-2.392900000000001 0.354586
-2.382900000000001 0.35614
-2.3729000000000013 0.35729
-2.3629000000000016 0.35793
-2.3529 0.35823400000000005
-2.3429 0.357362
-2.3329000000000004 0.35655200000000004
-2.3229000000000006 0.35513500000000003
-2.312900000000001 0.352811
-2.302900000000001 0.350251
-2.2929000000000013 0.347311
-2.2829000000000015 0.343737
-2.2729 0.339787
-2.2629 0.33550099999999994
-2.2529000000000003 0.33081000000000005
-2.2429000000000006 0.325944
-2.2329000000000008 0.32044400000000006
-2.222900000000001 0.31504099999999996
-2.212900000000001 0.309035
-2.2029000000000014 0.302927
-2.1929 0.29671800000000004
-2.1829 0.29020599999999996
-2.1729000000000003 0.283395
-2.1629000000000005 0.27668299999999996
-2.1529000000000007 0.269351
-2.142900000000001 0.261929
-2.132900000000001 0.254488
-2.1229000000000013 0.246648
-2.1129000000000016 0.23871
-2.1029 0.230565
-2.0929 0.222211
-2.0829000000000004 0.21364799999999998
-2.0729000000000006 0.20508499999999996
-2.062900000000001 0.19651800000000003
-2.052900000000001 0.18805299999999997
-2.0429000000000013 0.179587
-2.0329000000000015 0.17122199999999999
-2.0229 0.16306099999999998
-2.0129 0.155308
-2.0029000000000003 0.14806000000000002
-1.9929000000000006 0.14102
-1.9829000000000008 0.13449299999999997
-1.972900000000001 0.128675
-1.9629000000000012 0.12315
-1.9529000000000014 0.118348
-1.9428999999999998 0.11405699999999999
-1.9329 0.11052000000000001
-1.9229000000000003 0.107425
-1.9129000000000005 0.10527100000000002
-1.9029000000000007 0.10317099999999998
-1.892900000000001 0.10185
-1.8829000000000011 0.10106899999999999
-1.8729000000000013 0.10071499999999999
-1.8629000000000016 0.10055
-1.8529 0.100983
-1.8429000000000002 0.10188199999999999
-1.8329000000000004 0.10292699999999999
-1.8229000000000006 0.10433499999999998
-1.8129000000000008 0.105928
-1.802900000000001 0.10774399999999999
-1.7929000000000013 0.10972
-1.7829000000000015 0.11176799999999999
-1.7729 0.11379500000000001
-1.7629000000000001 0.11608500000000001
-1.7529000000000003 0.11817
-1.7429000000000006 0.120065
-1.7329000000000008 0.12194799999999999
-1.722900000000001 0.12362400000000003
-1.7129000000000012 0.1252
-1.7029000000000014 0.12646800000000002
-1.6928999999999998 0.127726
-1.6829 0.128479
-1.6729000000000003 0.129124
-1.6629000000000005 0.12965700000000002
-1.6529000000000007 0.12959800000000002
-1.642900000000001 0.12982500000000002
-1.6329000000000011 0.12976100000000002
-1.6229000000000013 0.1295
-1.6129000000000016 0.129151
-1.6029 0.12880999999999998
-1.5929000000000002 0.12829
-1.5829000000000004 0.12789
-1.5729000000000006 0.127623
-1.5629000000000008 0.127385
-1.552900000000001 0.12718200000000002
-1.5429000000000013 0.127112
-1.5329000000000015 0.127186
-1.5229 0.127601
-1.5129000000000001 0.12795399999999998
-1.5029000000000003 0.128548
-1.4929000000000006 0.12947599999999998
-1.4829000000000008 0.13033
-1.472900000000001 0.13141200000000003
-1.4629000000000012 0.13261
-1.4529000000000014 0.13387100000000002
-1.4428999999999998 0.135002
-1.4329 0.136533
-1.4229000000000003 0.137766
-1.4129000000000005 0.13939400000000002
-1.4029000000000007 0.14062400000000003
-1.392900000000001 0.141854
-1.3829000000000011 0.14297900000000002
-1.3729000000000013 0.144201
-1.3629000000000016 0.14502400000000004
-1.3529 0.14604099999999998
-1.3429000000000002 0.14696099999999998
-1.3329000000000004 0.14787599999999998
-1.3229000000000006 0.148693
-1.3129000000000008 0.14961000000000002
-1.302900000000001 0.150225
-1.2929000000000013 0.15124400000000002
-1.2829000000000015 0.15216400000000002
-1.2729 0.15308700000000003
-1.2629000000000001 0.15431299999999998
-1.2529000000000003 0.15534199999999998
-1.2429000000000006 0.156574
-1.2329000000000008 0.15791
-1.222900000000001 0.15914900000000004
-1.2129000000000012 0.16069299999999997
-1.2029000000000014 0.162137
-1.1928999999999998 0.16348200000000002
-1.1829 0.16482999999999998
-1.1729000000000003 0.166279
-1.1629000000000005 0.16742500000000002
-1.1529000000000007 0.16866899999999999
-1.142900000000001 0.16961400000000001
-1.1329000000000011 0.170454
-1.1229000000000013 0.170991
-1.1129000000000016 0.17152499999999998
-1.1029 0.171954
-1.0929000000000002 0.171879
-1.0829000000000004 0.17179799999999998
-1.0729000000000006 0.171311
-1.0629000000000008 0.170818
-1.052900000000001 0.17021999999999998
-1.0429000000000013 0.169217
-1.0329000000000015 0.168015
-1.0229 0.166795
-1.0129000000000001 0.165676
-1.0029000000000003 0.164059
-0.9929000000000006 0.162513
-0.9829000000000008 0.16068699999999997
-0.972900000000001 0.15904899999999997
-0.9629000000000012 0.15740600000000002
-0.9529000000000014 0.15576
-0.9428999999999998 0.15411100000000003
-0.9329000000000001 0.152358
-0.9229000000000003 0.150503
-0.9129000000000005 0.148755
-0.9029000000000007 0.147065
-0.8929000000000009 0.145574
-0.8829000000000011 0.14388700000000001
-0.8729000000000013 0.142291
-0.8629000000000016 0.14051199999999997
-0.8529 0.138931
-0.8429000000000002 0.13714649999999998
-0.8329000000000004 0.1353713
-0.8229000000000006 0.1334032
-0.8129000000000008 0.1314401
-0.8029000000000011 0.129286
-0.7929000000000013 0.1271301
-0.7829000000000015 0.12470030000000001
-0.7728999999999999 0.12216759999999999
-0.7629000000000001 0.1193632
-0.7529000000000003 0.11645889999999999
-0.7429000000000006 0.11346890000000001
-0.7329000000000008 0.11013910000000002
-0.722900000000001 0.10667869999999999
-0.7129000000000012 0.1030775
-0.7029000000000014 0.09925460000000001
-0.6928999999999998 0.09521999999999999
-0.6829000000000001 0.0913457
-0.6729000000000003 0.0870627
-0.6629000000000005 0.08287199999999999
-0.6529000000000007 0.07871550000000001
-0.6429000000000009 0.0742763
-0.6329000000000011 0.06992530000000001
-0.6229000000000013 0.06562749999999999
-0.6129000000000016 0.0614119
-0.6029 0.05730740000000001
-0.5929000000000002 0.053247
-0.5829000000000004 0.049319299999999996
-0.5729000000000006 0.045536400000000005
-0.5629000000000008 0.0419365
-0.5529000000000011 0.03847830000000001
-0.5429000000000013 0.035226200000000006
-0.5329000000000015 0.032168
-0.5228999999999999 0.029272799999999998
-0.5129000000000001 0.0265923
-0.5029000000000003 0.0240847
-0.49290000000000056 0.0217707
-0.4829000000000008 0.019609099999999997
-0.472900000000001 0.0176482
-0.4629000000000012 0.015809300000000002
-0.4529000000000014 0.0141288
-0.44289999999999985 0.012582300000000001
-0.43290000000000006 0.01116439
-0.4229000000000003 0.00986973
-0.4129000000000005 0.00869195
-0.4029000000000007 0.00761098
-0.3929000000000009 0.00663795
-0.38290000000000113 0.0057579
-0.37290000000000134 0.00495448
-0.36290000000000155 0.00424522
-0.3529 0.0036167100000000004
-0.3429000000000002 0.0030506759999999996
-0.3329000000000004 0.0025607
-0.32290000000000063 0.002130192
-0.31290000000000084 0.0017649809999999999
-0.30290000000000106 0.001450001
-0.29290000000000127 0.001175188
-0.2829000000000015 0.0009475390000000001
-0.2728999999999999 0.0007575999000000001
-0.26290000000000013 0.0005997541999999999
-0.25290000000000035 0.00047127409999999997
-0.24290000000000056 0.0003665663
-0.23290000000000077 0.000282599
-0.222900000000001 0.00021535319999999998
-0.2129000000000012 0.0001628792
-0.2029000000000014 0.00012183120000000001
-0.19289999999999985 9.035046e-05
-0.18290000000000006 6.625871e-05
-0.17290000000000028 4.8201720000000004e-05
-0.1629000000000005 3.462675e-05
-0.1529000000000007 2.4660701999999998e-05
-0.14290000000000092 1.7423538e-05
-0.13290000000000113 1.2111240999999999e-05
-0.12290000000000134 8.394068e-06
-0.11290000000000155 5.735343e-06
-0.10289999999999999 3.8883822e-06
-0.0929000000000002 2.5979287e-06
-0.08290000000000042 1.7193639e-06
-0.07290000000000063 1.1305047000000001e-06
-0.06290000000000084 7.3425604e-07
-0.05290000000000106 4.7140426000000005e-07
-0.04290000000000127 2.9961195e-07
-0.032900000000001484 1.887351e-07
-0.02289999999999992 1.1757206400000001e-07
-0.012900000000000134 7.229636999999999e-08
-0.0029000000000003467 4.4090265e-08
0.00709999999999944 2.6631884e-08
0.017099999999999227 1.5819287299999998e-08
0.027099999999999014 9.3679225e-09
0.0370999999999988 5.4726999e-09
0.04709999999999859 3.15971463e-09
0.05710000000000015 1.81119302e-09
0.06709999999999994 1.02437309e-09
0.07709999999999972 5.73348418e-10
0.08709999999999951 3.1782115599999996e-10
0.0970999999999993 1.74016056e-10
0.10709999999999908 9.43932798e-11
0.11709999999999887 5.0651902100000004e-11
0.12709999999999866 2.6881100000000003e-11
0.13709999999999845 1.41353e-11
0.1471 7.3327e-12
0.1570999999999998 3.76504e-12
0.16709999999999958 1.92178e-12
0.17709999999999937 9.633e-13
0.18709999999999916 4.79196e-13
0.19709999999999894 2.36082e-13
0.20709999999999873 1.13181e-13
0.21709999999999852 5.27777e-14
0.22710000000000008 1.9805e-14
0.23709999999999987 3.94653e-15
0.24709999999999965 0.0
0.25709999999999944 0.0
0.2670999999999992 0.0
0.277099999999999 0.0
0.2870999999999988 0.0
0.2970999999999986 0.0
0.30710000000000015 0.0
0.31709999999999994 0.0
0.3270999999999997 0.0
0.3370999999999995 0.0
0.3470999999999993 0.0
0.3570999999999991 0.0
0.36709999999999887 0.0
0.37709999999999866 0.0
0.38709999999999845 0.0
0.3971 0.0
0.4070999999999998 0.0
0.4170999999999996 0.0
0.42709999999999937 0.0
0.43709999999999916 0.0
0.44709999999999894 0.0
0.45709999999999873 0.0
0.4670999999999985 0.0
0.4771000000000001 0.0
0.48709999999999987 0.0
0.49709999999999965 0.0
0.5070999999999994 0.0
0.5170999999999992 0.0
0.527099999999999 0.0
0.5370999999999988 0.0
0.5470999999999986 0.0
0.5571000000000002 0.0
0.5670999999999999 0.0
0.5770999999999997 1.40671e-15
0.5870999999999995 1.4173e-14
0.5970999999999993 4.27528e-14
0.6070999999999991 1.1109e-13
0.6170999999999989 2.31887e-13
0.6270999999999987 4.72599e-13
0.6370999999999984 9.5504e-13
0.6471 1.91146e-12
0.6570999999999998 3.77977e-12
0.6670999999999996 7.39396e-12
0.6770999999999994 1.4288300000000001e-11
0.6870999999999992 2.74624e-11
0.6970999999999989 5.20554e-11
0.7070999999999987 9.7508e-11
0.7170999999999985 1.81107e-10
0.7271000000000001 3.31613e-10
0.7370999999999999 6.026199999999999e-10
0.7470999999999997 1.0832200000000001e-09
0.7570999999999994 1.9204299999999997e-09
0.7670999999999992 3.39029e-09
0.777099999999999 5.89158e-09
0.7870999999999988 1.01457e-08
0.7970999999999986 1.72274e-08
0.8071000000000002 2.9066599999999996e-08
0.8170999999999999 4.85708e-08
0.8270999999999997 8.00248e-08
0.8370999999999995 1.3043199999999999e-07
0.8470999999999993 2.1149699999999998e-07
0.8570999999999991 3.37512e-07
0.8670999999999989 5.334609999999999e-07
0.8770999999999987 8.34651e-07
0.8870999999999984 1.29224e-06
0.8971 1.981500004098557e-06
0.9070999999999998 2.9998400085879056e-06
0.9170999999999996 4.498740017797049e-06
0.9270999999999994 6.67581003647589e-06
0.9370999999999992 9.80410007898494e-06
0.9470999999999989 1.42265001587737e-05
0.9570999999999987 2.04569003157472e-05
0.9670999999999985 2.91950006438439e-05
0.9771000000000001 4.11038012567413e-05
0.9870999999999999 5.727670242851099e-05
0.9970999999999997 7.900660466505499e-05
1.0070999999999994 0.000107841008829671
1.0170999999999992 0.0001453730165671
1.027099999999999 0.00019543303078849001
1.0370999999999988 0.00025873805636411
1.0470999999999986 0.00033839810249433
1.0571000000000002 0.0004397261843187
1.0671 0.0005651353274824
1.0770999999999997 0.0007187325786126999
1.0870999999999995 0.0009050400094924
1.0970999999999993 0.0011333717424890002
1.107099999999999 0.001394542978974
1.1170999999999989 0.001710555039937
1.1270999999999987 0.002069748448759
1.1370999999999984 0.00249312404582
1.1471 0.0029607030813
1.1570999999999998 0.0035024774690700002
1.1670999999999996 0.00408946059879
1.1770999999999994 0.00474963665288
1.1870999999999992 0.005455072868900001
1.197099999999999 0.0062237694748
1.2070999999999987 0.007045731218600001
1.2170999999999985 0.0079108711383
1.2271 0.0088073303955
1.2370999999999999 0.009746012293
1.2470999999999997 0.010705101843999998
1.2570999999999994 0.011695465863000002
1.2670999999999992 0.012664412705
1.277099999999999 0.013633009159
1.2870999999999988 0.014599354199999998
1.2970999999999986 0.015466801090000001
1.3071000000000002 0.01642574042
1.3171 0.01728668925
1.3270999999999997 0.018050245870000002
1.3370999999999995 0.018807035769999998
1.3470999999999993 0.01946848206
1.357099999999999 0.020135891
1.3670999999999989 0.020700798
1.3770999999999987 0.0211752932
1.3870999999999984 0.0216521211
1.3971 0.022054128299999996
1.4070999999999998 0.022364770800000003
1.4170999999999996 0.0227004495
1.4270999999999994 0.022973154000000003
1.4370999999999992 0.023270986999999996
1.447099999999999 0.023521203
1.4570999999999987 0.023830621999999996
1.4670999999999985 0.024197964000000002
1.4771 0.024635553
1.4870999999999999 0.025273515999999996
1.4970999999999997 0.025905296
1.5070999999999994 0.026753824
1.5170999999999992 0.02784085
1.527099999999999 0.029071119999999995
1.5370999999999988 0.030576000000000006
1.5470999999999986 0.03226932
1.5571000000000002 0.034275200000000006
1.5671 0.036602779999999994
1.5770999999999997 0.039196190000000006
1.5870999999999995 0.04214729
1.5970999999999993 0.045507389999999995
1.607099999999999 0.04908248
1.6170999999999989 0.053109779999999995
1.6270999999999987 0.05740714
1.6370999999999984 0.062075
1.6471 0.06713399999999999
1.6570999999999998 0.07249370000000001
1.6670999999999996 0.07816390000000001
1.6770999999999994 0.0842956
1.6870999999999992 0.0906367
1.697099999999999 0.09722950000000002
1.7070999999999987 0.1041219
1.7170999999999985 0.1110547
1.7271 0.118068
1.7370999999999999 0.12529149999999997
1.7470999999999997 0.13262599999999997
1.7570999999999994 0.1397593
1.7670999999999992 0.1466733
1.777099999999999 0.1534877
1.7870999999999988 0.1601012
1.7970999999999986 0.16641340000000002
1.8071000000000002 0.17223630000000004
1.8171 0.1773584
1.8270999999999997 0.18228940000000002
1.8370999999999995 0.18623879999999995
1.8470999999999993 0.18978789999999998
1.857099999999999 0.19275740000000002
1.8670999999999989 0.19494290000000003
1.8770999999999987 0.1963485
1.8870999999999984 0.19715380000000002
1.8971 0.1971835
1.9070999999999998 0.19652720000000004
1.9170999999999996 0.19528410000000002
1.9270999999999994 0.1934419
1.9370999999999992 0.19101789999999996
1.947099999999999 0.18790280000000004
1.9570999999999987 0.18419390000000002
1.9670999999999985 0.1800929
1.9771 0.17559
1.9870999999999999 0.1705931
1.9970999999999997 0.1651953
2.0070999999999994 0.15959539999999997
2.0170999999999992 0.15369159999999998
2.027099999999999 0.1473863
2.037099999999999 0.1410905
2.0470999999999986 0.1346811
2.0571 0.1283715
2.0671 0.1219699
2.0770999999999997 0.11575740000000001
2.0870999999999995 0.10985510000000001
2.0970999999999993 0.10414319999999999
2.107099999999999 0.0987427
2.117099999999999 0.09393360000000002
2.1270999999999987 0.0893254
2.1370999999999984 0.0853206
2.1471 0.0821086
2.1571 0.0794594
2.1670999999999996 0.07743370000000001
2.1770999999999994 0.0759923
2.187099999999999 0.07537460000000001
2.197099999999999 0.0753312
2.2070999999999987 0.07599249999999999
2.2170999999999985 0.07727819999999999
2.2271 0.07910749999999998
2.2371 0.0817117
2.2470999999999997 0.0847691
2.2570999999999994 0.0884013
2.2670999999999992 0.0924266
2.277099999999999 0.09685590000000002
2.287099999999999 0.10177670000000003
2.2970999999999986 0.10680160000000001
2.3071 0.1123379
2.3171 0.11807509999999999
2.3270999999999997 0.12371539999999999
2.3370999999999995 0.1292563
2.3470999999999993 0.135297
2.357099999999999 0.1408472
2.367099999999999 0.146598
2.3770999999999987 0.15225699999999998
2.3870999999999984 0.1575153
2.3971 0.1623717
2.4071 0.167235
2.4170999999999996 0.17159939999999999
2.4270999999999994 0.1757687
2.437099999999999 0.1797451
2.447099999999999 0.18312050000000002
2.4570999999999987 0.18641390000000002
2.4670999999999985 0.1893152
2.4771 0.19212369999999998
2.4871 0.1946421
2.4970999999999997 0.1972785
2.5070999999999994 0.199314
2.5170999999999992 0.20166940000000003
2.527099999999999 0.20393579999999997
2.537099999999999 0.2062002
2.5470999999999986 0.20847660000000004
2.5571 0.21074299999999999
2.5671 0.21270019999999998
2.5770999999999997 0.21503639999999996
2.5870999999999995 0.21746450000000003
2.5970999999999993 0.21966159999999996
2.607099999999999 0.22153649999999997
2.617099999999999 0.22367130000000002
2.6270999999999987 0.22547500000000004
2.6370999999999984 0.22694659999999997
2.6471 0.22808209999999998
2.6571 0.22888549999999996
2.6670999999999996 0.2292739
2.6770999999999994 0.2292372
2.687099999999999 0.22889560000000003
2.697099999999999 0.22775
2.7070999999999987 0.2266165
2.7170999999999985 0.22491109999999997
2.7271 0.22273980000000002
2.7371 0.22051069999999998
2.7470999999999997 0.2180308
2.7570999999999994 0.21521510000000002
2.7670999999999992 0.2122687
2.777099999999999 0.20939639999999998
2.787099999999999 0.2064934
2.7970999999999986 0.20356069999999998
2.8071 0.20080409999999999
2.8171 0.1982077
2.8270999999999997 0.19568049999999998
2.8370999999999995 0.19320250000000003
2.8470999999999993 0.19076450000000003
2.857099999999999 0.1887146
2.867099999999999 0.1866668
2.8770999999999987 0.184617
2.8870999999999984 0.1828683
2.8971 0.1813215
2.9071 0.1798707
2.9170999999999996 0.17862290000000003
2.9270999999999994 0.1773751
2.937099999999999 0.1766303
2.947099999999999 0.17578340000000003
2.9570999999999987 0.17524050000000002
2.9670999999999985 0.17509979999999997
2.9771 0.17496
2.9871 0.1753229
2.9970999999999997 0.17578839999999998
3.0070999999999994 0.1766577
3.0170999999999992 0.1775289
3.027099999999999 0.1791048
3.037099999999999 0.18078229999999998
3.0470999999999986 0.1824632
3.0571 0.1845481
3.0671 0.18673630000000002
3.0770999999999997 0.1892269
3.0870999999999995 0.1919204
3.0970999999999993 0.1944161
3.107099999999999 0.19721529999999998
3.117099999999999 0.19991589999999998
3.1270999999999987 0.20241749999999997
3.1370999999999984 0.20502199999999998
3.1471 0.20752690000000001
3.1571 0.2098329
3.1670999999999996 0.21184
3.1770999999999994 0.2137465
3.187099999999999 0.21555480000000002
3.197099999999999 0.2170627
3.2070999999999987 0.2186694
3.2170999999999985 0.21987739999999997
3.2271 0.22138549999999999
3.2371 0.2223937
3.2470999999999997 0.22370199999999998
3.2570999999999994 0.22491060000000002
3.2670999999999992 0.22651939999999998
3.277099999999999 0.2277284
3.287099999999999 0.2295368
3.2970999999999986 0.23144599999999999
3.3071 0.23325789999999996
3.3171 0.2353671
3.3270999999999997 0.2375786
3.3370999999999995 0.23989149999999998
3.3470999999999993 0.24220170000000002
3.357099999999999 0.2444131
3.367099999999999 0.24662560000000003
3.3770999999999987 0.24854
3.3870999999999984 0.250147
3.3971 0.251759
3.4071 0.252768
3.4170999999999996 0.253579
3.4270999999999994 0.253786
3.437099999999999 0.253592
3.447099999999999 0.252796
3.4570999999999987 0.2519
3.4670999999999985 0.250402
3.4771 0.248504
3.4871 0.24610299999999996
3.4970999999999997 0.243602
3.5070999999999994 0.241097
3.5170999999999992 0.23799399999999998
3.527099999999999 0.235391
3.537099999999999 0.232285
3.5470999999999986 0.229778
3.5571 0.22737499999999997
3.5671 0.22517
3.5770999999999997 0.223165
3.5870999999999995 0.22146000000000005
3.5970999999999993 0.220158
3.607100000000001 0.21945600000000004
3.617099999999999 0.218754
3.6271000000000004 0.21835400000000002
3.6370999999999984 0.218454
3.6471 0.218555
3.657099999999998 0.218955
3.6670999999999996 0.21945699999999999
3.6770999999999976 0.21995689999999998
3.687099999999999 0.2202595
3.6971000000000007 0.22075889999999998
3.7070999999999987 0.2208591
3.7171000000000003 0.2209581
3.7270999999999983 0.2206561
3.7371 0.220051
3.747099999999998 0.21884589999999998
3.7570999999999994 0.21753679999999997
3.767100000000001 0.2160278
3.777099999999999 0.2138159
3.7871000000000006 0.21130279999999999
3.7970999999999986 0.20819
3.8071 0.2051729
3.817099999999998 0.20175559999999998
3.8270999999999997 0.198038
3.8370999999999977 0.19451710000000003
3.8470999999999993 0.19079670000000004
3.857100000000001 0.18707620000000003
3.867099999999999 0.18325619999999998
3.8771000000000004 0.17993569999999998
3.8870999999999984 0.17681660000000002
3.8971 0.1738974
3.907099999999998 0.1714812
3.9170999999999996 0.1693656
3.9270999999999976 0.1675518
3.937099999999999 0.16643919999999998
3.9471000000000007 0.1654287
3.9570999999999987 0.1653198
3.9671000000000003 0.1654129
3.9770999999999983 0.16600750000000003
3.9871 0.1670037
3.997099999999998 0.1682012
4.007099999999999 0.16990029999999998
4.017100000000001 0.1718003
4.027099999999999 0.1740015
4.037100000000001 0.1764035
4.047099999999999 0.17880649999999998
4.0571 0.18151019999999995
4.067099999999998 0.1843142
4.0771 0.1870192
4.087099999999998 0.18962419999999997
4.097099999999999 0.1926303
4.107100000000001 0.19523539999999998
4.117099999999999 0.197942
4.1271 0.2007488
4.1370999999999984 0.2033555
4.1471 0.2060628
4.157099999999998 0.20857010000000004
4.1671 0.2112775
4.177099999999998 0.21378429999999998
4.187099999999999 0.21659230000000002
4.197100000000001 0.21919909999999998
4.207099999999999 0.22180640000000004
4.2171 0.22451379999999999
4.227099999999998 0.2272204
4.2371 0.2299273
4.247099999999998 0.23273310000000003
4.257099999999999 0.23533890000000002
4.267100000000001 0.23784400000000006
4.277099999999999 0.24044800000000002
4.287100000000001 0.24275280000000005
4.297099999999999 0.24495509999999998
4.3071 0.24665789999999999
4.317099999999998 0.24795820000000002
4.3271 0.2491574
4.337099999999998 0.24975609999999998
4.347099999999999 0.2496531
4.357100000000001 0.2491487
4.367099999999999 0.2481425
4.3771 0.24653499999999995
4.3870999999999984 0.24452590000000002
4.3971 0.2419144
4.407099999999998 0.23870139999999998
4.4171 0.23528840000000004
4.427099999999998 0.2317731
4.437099999999999 0.2275588
4.447100000000001 0.2236419
4.457099999999999 0.21952529999999998
4.4671 0.21540869999999998
4.477099999999998 0.2114922
4.4871 0.20777629999999994
4.497099999999998 0.20436120000000002
4.507099999999999 0.20134679999999996
4.517100000000001 0.1986339
4.527099999999999 0.1963224
4.537100000000001 0.19461249999999997
4.547099999999999 0.193204
4.5571 0.1923972
4.567099999999998 0.1919919
4.5771 0.1922883
4.587099999999998 0.19268590000000002
4.597099999999999 0.19358519999999999
4.607100000000001 0.1948857
4.617099999999999 0.1965873
4.6271 0.19858969999999998
4.6370999999999984 0.2007929
4.6471 0.20309709999999997
4.657099999999998 0.2059016
4.6671 0.2087065
4.677099999999998 0.2117122
4.687099999999999 0.214718
4.697100000000001 0.21792399999999998
4.707099999999999 0.2214305
4.7171 0.22473690000000002
4.727099999999998 0.22794340000000002
4.7371 0.23145030000000003
4.747099999999998 0.2346567
4.757099999999999 0.2376634
4.767100000000001 0.2406695
4.777099999999999 0.24367560000000002
4.787100000000001 0.24618079999999998
4.797099999999999 0.2481855
4.8071 0.25008949999999996
4.817099999999998 0.25169270000000005
4.8271 0.2525948
4.837099999999998 0.252996
4.847099999999999 0.252996
4.857100000000001 0.25249469999999996
4.867099999999999 0.2512926
4.8771 0.24968939999999998
4.8870999999999984 0.2475852
4.8971 0.24508019999999997
4.907099999999998 0.2421745
4.9171 0.23886849999999998
4.927099999999998 0.2355621
4.937099999999999 0.2319555
4.947100000000001 0.22814889999999996
4.957099999999999 0.22444219999999998
4.9671 0.2210359
4.977099999999998 0.2175299
4.9871 0.21422429999999998
4.997099999999998 0.211019
5.007099999999999 0.20821419999999996
5.017100000000001 0.2055094
5.027099999999999 0.2028051
5.037100000000001 0.20050070000000003
5.047099999999999 0.19809659999999998
5.0571 0.1958918
5.067099999999998 0.19348739999999998
5.0771 0.19118220000000002
5.087099999999998 0.18857669999999999
5.097099999999999 0.1855706
5.107100000000001 0.1824639
5.117099999999999 0.1792565
5.1271 0.1755484
5.1370999999999984 0.17153960000000001
5.1471 0.1671303
5.157099999999998 0.1623201
5.1671 0.15750940000000002
5.177099999999998 0.1521982
5.187099999999999 0.1467863
5.197100000000001 0.1412844
5.207099999999999 0.13549180000000002
5.2171 0.129819
5.227099999999998 0.12414629999999999
5.2371 0.11829319999999999
5.247099999999998 0.11275020000000001
5.257099999999999 0.10716719999999999
5.267100000000001 0.10190420000000001
5.277099999999999 0.0967015
5.287100000000001 0.09154899999999998
5.297099999999999 0.08653680000000001
5.3071 0.0819848
5.317099999999998 0.0774931
5.3271 0.07334180000000001
5.337099999999998 0.0689509
5.347099999999999 0.06512029999999999
5.357100000000001 0.061320299999999994
5.367099999999999 0.05766038999999999
5.3771 0.05413097
5.3870999999999984 0.05076169
5.3971 0.04748284
5.407099999999998 0.04433442
5.4171 0.04129632999999999
5.427099999999998 0.03836838
5.437099999999999 0.03554091
5.447100000000001 0.032823519999999995
5.457099999999999 0.03023351
5.4671 0.02772988
5.477099999999998 0.025362429999999995
5.4871 0.023119260000000003
5.497099999999998 0.021008509999999994
5.507099999999999 0.01901698
5.517100000000001 0.017145749999999998
5.527099999999999 0.01541072
5.537100000000001 0.013812980000000002
5.547099999999999 0.012328529999999997
5.5571 0.01097934
5.567099999999998 0.009731386000000002
5.5771 0.008614691
5.587099999999998 0.007568197
5.597099999999999 0.006650148
5.607100000000001 0.005809005999999999
5.617099999999999 0.005051585
5.6271 0.004373079
5.6370999999999984 0.0037664729999999998
5.6471 0.0032281749999999994
5.657099999999998 0.0027493490000000003
5.6671 0.0023265204999999996
5.677099999999998 0.0019570876
5.687099999999999 0.0016347367999999998
5.697100000000001 0.0013549375999999998
5.707099999999999 0.0011154061
5.7171 0.0009109146
5.727099999999998 0.0007382285999999999
5.7371 0.0005931772700000001
5.747099999999998 0.00047150751
5.757099999999999 0.00037202367999999997
5.767100000000001 0.00029093128000000004
5.777099999999999 0.00022526191
5.787100000000001 0.00017286228000000005
5.797099999999999 0.000131293161
5.8071 9.8817413e-05
5.817099999999998 7.361611299999999e-05
5.8271 5.4298884e-05
5.837099999999998 3.9590000000000006e-05
5.847099999999999 2.86323e-05
5.857100000000001 2.0489299999999997e-05
5.867099999999999 1.4507699999999998e-05
5.8771 1.01744e-05
5.8870999999999984 7.05785e-06
5.8971 4.84304e-06
5.907099999999998 3.2897100000000003e-06
5.9171 2.21093e-06
5.927099999999998 1.4709499999999999e-06
5.937099999999999 9.69234e-07
5.947100000000001 6.288130000000001e-07
5.957099999999999 4.0600199999999996e-07
