-22.402900000000002 -0.00042045257000000003
-22.3929 -0.00029477023
-22.3829 -0.00020455508000000004
-22.3729 -0.00014072732
-22.362900000000003 -9.590284000000001e-05
-22.352899999999998 -6.4677392e-05
-22.3429 -4.319838100000001e-05
-22.332900000000002 -2.8582156e-05
-22.3229 -1.8717732000000003e-05
-22.3129 -1.2135759299999998e-05
-22.3029 -7.8005168e-06
-22.292900000000003 -4.958816899999997e-06
-22.2829 -3.1219702000000002e-06
-22.2729 -1.9457245700000003e-06
-22.262900000000002 -1.20033019e-06
-22.2529 -7.346768700000003e-07
-22.2429 -4.4448353000000007e-07
-22.2329 -2.66276905e-07
-22.222900000000003 -1.58031195e-07
-22.2129 -9.275952400000001e-08
-22.2029 -5.392123700000001e-08
-22.1929 -3.1033831099999996e-08
-22.1829 -1.7683197800000004e-08
-22.1729 -9.980247999999999e-09
-22.1629 -5.5748708599999995e-09
-22.152900000000002 -3.0825794300000005e-09
-22.1429 -1.6875545800000004e-09
-22.1329 -9.142445800000003e-10
-22.1229 -4.90209646e-10
-22.112900000000003 -2.6015200399999997e-10
-22.102899999999998 -1.3661117639999995e-10
-22.0929 -7.096178469999998e-11
-22.082900000000002 -3.6512202730000006e-11
-22.0729 -1.8558065529999996e-11
-22.0629 -9.263861311e-12
-22.0529 -4.570927000000001e-12
-22.042900000000003 -2.213251e-12
-22.0329 -1.0375679999999996e-12
-22.0229 -4.3654450000000005e-13
-22.012900000000002 -1.7956089999999996e-13
-22.0029 -7.227384999999998e-14
-21.9929 -2.3786929999999993e-14
-21.9829 -6.729222000000001e-15
-21.972900000000003 -3.8455400000000003e-16
-21.9629 -0.0
-21.9529 -0.0
-21.9429 -0.0
-21.9329 -0.0
-21.9229 -0.0
-21.9129 -0.0
-21.902900000000002 -0.0
-21.8929 -0.0
-21.8829 -0.0
-21.8729 -0.0
-21.862900000000003 -0.0
-21.852899999999998 -0.0
-21.8429 -0.0
-21.832900000000002 -0.0
-21.8229 -0.0
-21.8129 -0.0
-21.8029 -0.0
-21.792900000000003 -0.0
-21.7829 -0.0
-21.7729 -0.0
-21.762900000000002 -0.0
-21.7529 -0.0
-21.7429 -0.0
-21.7329 -0.0
-21.722900000000003 -0.0
-21.7129 -0.0
-21.7029 -0.0
-21.6929 -0.0
-21.6829 -0.0
-21.6729 -0.0
-21.6629 -0.0
-21.652900000000002 -0.0
-21.6429 -0.0
-21.6329 -0.0
-21.6229 -0.0
-21.612900000000003 -0.0
-21.602899999999998 -0.0
-21.5929 -0.0
-21.582900000000002 -0.0
-21.5729 -0.0
-21.5629 -0.0
-21.5529 -0.0
-21.542900000000003 -0.0
-21.5329 -0.0
-21.5229 -0.0
-21.512900000000002 -0.0
-21.5029 -0.0
-21.4929 -0.0
-21.4829 -0.0
-21.472900000000003 -0.0
-21.4629 -0.0
-21.4529 -0.0
-21.4429 -0.0
-21.4329 -0.0
-21.4229 -0.0
-21.4129 -0.0
-21.402900000000002 -0.0
-21.3929 -0.0
-21.3829 -0.0
-21.3729 -0.0
-21.362900000000003 -0.0
-21.352899999999998 -0.0
-21.3429 -0.0
-21.332900000000002 -0.0
-21.3229 -0.0
-21.3129 -0.0
-21.3029 -0.0
-21.292900000000003 -0.0
-21.2829 -0.0
-21.2729 -0.0
-21.262900000000002 -0.0
-21.2529 -0.0
-21.2429 -0.0
-21.2329 -0.0
-21.222900000000003 -0.0
-21.2129 -0.0
-21.2029 -0.0
-21.1929 -0.0
-21.1829 -0.0
-21.1729 -0.0
-21.1629 -0.0
-21.152900000000002 -0.0
-21.1429 -0.0
-21.1329 -0.0
-21.1229 -0.0
-21.112900000000003 -0.0
-21.102899999999998 -0.0
-21.0929 -0.0
-21.082900000000002 -0.0
-21.0729 -0.0
-21.0629 -0.0
-21.0529 -0.0
-21.042900000000003 -0.0
-21.0329 -0.0
-21.0229 -0.0
-21.012900000000002 -0.0
-21.0029 -0.0
-20.9929 -0.0
-20.9829 -0.0
-20.972900000000003 -0.0
-20.9629 -0.0
-20.9529 -0.0
-20.9429 -0.0
-20.9329 -0.0
-20.9229 -0.0
-20.9129 -0.0
-20.902900000000002 -0.0
-20.8929 -0.0
-20.8829 -0.0
-20.8729 -0.0
-20.862900000000003 -0.0
-20.852899999999998 -0.0
-20.8429 -0.0
-20.832900000000002 -0.0
-20.8229 -0.0
-20.8129 -0.0
-20.8029 -0.0
-20.792900000000003 -0.0
-20.7829 -0.0
-20.7729 -0.0
-20.762900000000002 -0.0
-20.7529 -0.0
-20.7429 -0.0
-20.7329 -0.0
-20.722900000000003 -0.0
-20.7129 -0.0
-20.7029 -0.0
-20.6929 -0.0
-20.6829 -0.0
-20.6729 -0.0
-20.6629 -0.0
-20.652900000000002 -0.0
-20.6429 -0.0
-20.6329 -0.0
-20.6229 -0.0
-20.612900000000003 -0.0
-20.602899999999998 -0.0
-20.5929 -0.0
-20.582900000000002 -0.0
-20.5729 -0.0
-20.5629 -0.0
-20.5529 -0.0
-20.542900000000003 -0.0
-20.5329 -0.0
-20.5229 -0.0
-20.512900000000002 -0.0
-20.5029 -0.0
-20.4929 -0.0
-20.4829 -0.0
-20.472900000000003 -0.0
-20.4629 -0.0
-20.4529 -0.0
-20.4429 -0.0
-20.4329 -0.0
-20.4229 -0.0
-20.4129 -0.0
-20.402900000000002 -0.0
-20.3929 -0.0
-20.3829 -0.0
-20.3729 -0.0
-20.3629 -1.7373000100000002e-14
-20.3529 -3.6226145000000007e-14
-20.3429 -1.1139748000000001e-13
-20.332900000000002 -2.28903575e-13
-20.3229 -4.666041099999999e-13
-20.3129 -9.6122336e-13
-20.3029 -1.9168367499999995e-12
-20.2929 -3.7803124e-12
-20.2829 -7.385926499999999e-12
-20.2729 -1.43625205e-11
-20.262900000000002 -2.7485730736499995e-11
-20.2529 -5.22159286976e-11
-20.2429 -9.7973249528e-11
-20.2329 -1.8157137957999994e-10
-20.222900000000003 -3.332798279199999e-10
-20.2129 -6.058894504e-10
-20.2029 -1.0882271284899999e-09
-20.1929 -1.933350438999999e-09
-20.1829 -3.4113140834e-09
-20.1729 -5.9364114252e-09
-20.1629 -1.0229557201000004e-08
-20.152900000000002 -1.741861832199999e-08
-20.1429 -2.9494469761999998e-08
-20.1329 -4.928743e-08
-20.1229 -8.150196614999997e-08
-20.1129 -1.3304559123999994e-07
-20.1029 -2.1644091101999998e-07
-20.0929 -3.472867280000001e-07
-20.082900000000002 -5.517260077999998e-07
-20.0729 -8.680760032e-07
-20.0629 -1.3508353354000005e-06
-20.0529 -2.088022557e-06
-20.0429 -3.1863722780000006e-06
-20.0329 -4.817528024000001e-06
-20.0229 -7.216863041999999e-06
-20.012900000000002 -1.071692652e-05
-20.0029 -1.57192851e-05
-19.9929 -2.298008924e-05
-19.9829 -3.3138121679999986e-05
-19.972900000000003 -4.73180077e-05
-19.9629 -6.704009539999997e-05
-19.9529 -9.409024679999995e-05
-19.9429 -0.00013110622050000004
-19.9329 -0.000180657412
-19.9229 -0.00024722208800000004
-19.9129 -0.000335805421
-19.902900000000002 -0.000451507571
-19.8929 -0.0006033104180000002
-19.8829 -0.0007990388470000003
-19.8729 -0.0010491693400000001
-19.8629 -0.0013677746100000002
-19.8529 -0.0017674883400000004
-19.8429 -0.0022708583200000015
-19.832900000000002 -0.0028953039300000007
-19.8229 -0.003662276639999999
-19.8129 -0.004597833300000002
-19.8029 -0.005728845199999998
-19.7929 -0.0070912599000000015
-19.7829 -0.0087169946
-19.7729 -0.010638851499999996
-19.762900000000002 -0.012895456700000005
-19.7529 -0.015539668799999998
-19.7429 -0.018553266
-19.7329 -0.022094575
-19.722900000000003 -0.026096339000000003
-19.7129 -0.030572548000000012
-19.7029 -0.035654113
-19.6929 -0.04129797299999999
-19.6829 -0.047585920000000004
-19.6729 -0.054419003000000014
-19.6629 -0.061960889000000005
-19.652900000000002 -0.07005046999999999
-19.6429 -0.07880318
-19.6329 -0.08828894999999999
-19.6229 -0.09828774
-19.6129 -0.10892893000000001
-19.6029 -0.12010114000000002
-19.5929 -0.13182196
-19.582900000000002 -0.14395157999999997
-19.5729 -0.15683151999999997
-19.5629 -0.16986083
-19.5529 -0.18330599999999997
-19.5429 -0.19721291999999999
-19.5329 -0.21110916
-19.5229 -0.22577541
-19.512900000000002 -0.24011
-19.5029 -0.2547274
-19.4929 -0.26940299999999995
-19.4829 -0.28424979999999994
-19.472900000000003 -0.29908349999999995
-19.4629 -0.31348850000000006
-19.4529 -0.32838239999999996
-19.4429 -0.34279670000000007
-19.4329 -0.35741179999999995
-19.4229 -0.37189599999999995
-19.4129 -0.38601069999999993
-19.402900000000002 -0.40043209999999996
-19.3929 -0.4146634000000002
-19.3829 -0.42879449999999997
-19.3729 -0.44313719999999995
-19.3629 -0.45709360000000004
-19.3529 -0.47134750000000003
-19.3429 -0.4854248
-19.332900000000002 -0.49959159999999986
-19.3229 -0.5134777
-19.3129 -0.5274747000000001
-19.3029 -0.5407787
-19.2929 -0.5545863
-19.2829 -0.5680093
-19.2729 -0.5811432
-19.262900000000002 -0.5935002000000001
-19.2529 -0.6055552
-19.2429 -0.6178419999999999
-19.2329 -0.6290328
-19.222900000000003 -0.6404380000000002
-19.2129 -0.6510621999999997
-19.2029 -0.6614205000000001
-19.1929 -0.671289
-19.1829 -0.68067
-19.1729 -0.6899820000000001
-19.1629 -0.6988009999999999
-19.152900000000002 -0.7077509999999998
-19.1429 -0.716301
-19.1329 -0.7249979999999998
-19.1229 -0.7338970000000002
-19.1129 -0.7430150000000001
-19.1029 -0.752551
-19.0929 -0.7627269999999997
-19.082900000000002 -0.7733049999999998
-19.0729 -0.7846509999999999
-19.0629 -0.797407
-19.0529 -0.811216
-19.0429 -0.8260379999999998
-19.0329 -0.842027
-19.0229 -0.8590739999999998
-19.012900000000002 -0.877862
-19.0029 -0.8978069999999999
-18.9929 -0.9183139999999999
-18.9829 -0.939757
-18.972900000000003 -0.9618479999999998
-18.9629 -0.9838039999999999
-18.9529 -1.006197
-18.9429 -1.0281399999999998
-18.9329 -1.0493899999999998
-18.9229 -1.070206
-18.9129 -1.08972
-18.902900000000002 -1.1079590000000004
-18.8929 -1.12482
-18.8829 -1.1403599999999998
-18.8729 -1.154414
-18.8629 -1.166876
-18.8529 -1.17784
-18.8429 -1.187265
-18.832900000000002 -1.1956139999999997
-18.8229 -1.2028619999999999
-18.8129 -1.2091869999999996
-18.8029 -1.214365
-18.7929 -1.218727
-18.7829 -1.2230069999999995
-18.7729 -1.2265009999999996
-18.762900000000002 -1.229575
-18.7529 -1.232868
-18.7429 -1.2360499999999999
-18.7329 -1.2386370000000002
-18.722900000000003 -1.2420150000000003
-18.7129 -1.246005
-18.7029 -1.250332
-18.6929 -1.253757
-18.6829 -1.258418
-18.6729 -1.2624030000000002
-18.6629 -1.2668969999999997
-18.652900000000002 -1.2722219999999995
-18.6429 -1.2764799999999996
-18.6329 -1.2803619999999998
-18.6229 -1.2840629999999997
-18.6129 -1.2872699999999997
-18.6029 -1.2895709999999998
-18.5929 -1.291614
-18.582900000000002 -1.2923290000000003
-18.5729 -1.2932420000000002
-18.5629 -1.2889240000000006
-18.5529 -1.2885030000000002
-18.5429 -1.2828330000000001
-18.5329 -1.2781199999999995
-18.5229 -1.2726439999999999
-18.512900000000002 -1.264648
-18.5029 -1.256788
-18.4929 -1.245537
-18.4829 -1.2342749999999998
-18.472900000000003 -1.222973
-18.4629 -1.2110690000000002
-18.4529 -1.1986510000000001
-18.4429 -1.1864150000000002
-18.4329 -1.174413
-18.4229 -1.162008
-18.4129 -1.1502189999999999
-18.402900000000002 -1.1399299999999999
-18.3929 -1.130654
-18.3829 -1.122167
-18.3729 -1.114541
-18.3629 -1.1089960000000003
-18.3529 -1.1018900000000003
-18.3429 -1.0982109999999998
-18.332900000000002 -1.0946280000000002
-18.3229 -1.092262
-18.3129 -1.0901730000000003
-18.3029 -1.088369
-18.2929 -1.087076
-18.2829 -1.0852389999999998
-18.2729 -1.082565
-18.262900000000002 -1.0816970000000001
-18.2529 -1.0787319999999998
-18.2429 -1.0775890000000001
-18.2329 -1.078085
-18.222900000000003 -1.077388
-18.2129 -1.077547
-18.2029 -1.0792110000000001
-18.1929 -1.081984
-18.1829 -1.0873609999999998
-18.1729 -1.0960580000000002
-18.1629 -1.1060070000000002
-18.152900000000002 -1.119068
-18.1429 -1.1358139999999999
-18.1329 -1.1547969999999996
-18.1229 -1.1794729999999998
-18.1129 -1.2050579999999997
-18.1029 -1.2343410000000001
-18.0929 -1.2676969999999996
-18.082900000000002 -1.3022010000000002
-18.0729 -1.3419050000000003
-18.0629 -1.3843910000000004
-18.0529 -1.4296569999999997
-18.0429 -1.4765969999999997
-18.0329 -1.525237
-18.0229 -1.5787550000000004
-18.012900000000002 -1.631704
-18.0029 -1.688655
-17.9929 -1.748017
-17.9829 -1.8128120000000003
-17.972900000000003 -1.874366
-17.9629 -1.9427290000000002
-17.9529 -2.014764
-17.9429 -2.0865130000000005
-17.9329 -2.1651019999999996
-17.9229 -2.2411570000000003
-17.9129 -2.318747
-17.902900000000002 -2.4008610000000004
-17.8929 -2.4816099999999994
-17.8829 -2.5611399999999995
-17.8729 -2.6400930000000007
-17.8629 -2.7167569999999994
-17.8529 -2.789534
-17.8429 -2.8570319999999985
-17.832900000000002 -2.921671
-17.8229 -2.9768200000000005
-17.8129 -3.0269030000000003
-17.8029 -3.067689
-17.7929 -3.099986
-17.7829 -3.125268000000001
-17.7729 -3.1378669999999995
-17.762900000000002 -3.1438520000000008
-17.7529 -3.1425640000000015
-17.7429 -3.131678
-17.7329 -3.113091999999999
-17.722900000000003 -3.091180000000001
-17.7129 -3.0630010000000008
-17.7029 -3.029097000000001
-17.6929 -2.998081
-17.6829 -2.962791000000001
-17.6729 -2.9285310000000004
-17.6629 -2.898035000000001
-17.652900000000002 -2.870508
-17.6429 -2.8474479999999995
-17.6329 -2.8271200000000003
-17.6229 -2.815418000000001
-17.6129 -2.808556
-17.6029 -2.8064381000000003
-17.5929 -2.8097867000000005
-17.582900000000002 -2.8197783000000003
-17.5729 -2.8344229
-17.5629 -2.8508996000000004
-17.5529 -2.8718173
-17.5429 -2.8927328
-17.5329 -2.9122473
-17.5229 -2.9304455
-17.512900000000002 -2.9456905000000004
-17.5029 -2.9544520000000003
-17.4929 -2.9584640999999996
-17.4829 -2.9548886999999997
-17.472900000000003 -2.940857699999999
-17.4629 -2.9196290999999994
-17.4529 -2.8851487000000002
-17.4429 -2.8416828
-17.4329 -2.782657000000001
-17.4229 -2.7125746599999996
-17.4129 -2.6330798700000004
-17.402900000000002 -2.5417310699999995
-17.3929 -2.439555140000001
-17.3829 -2.32879408
-17.3729 -2.20952457
-17.3629 -2.0849506000000004
-17.3529 -1.9541209599999998
-17.3429 -1.82076475
-17.332900000000002 -1.6868987600000003
-17.3229 -1.5528669899999998
-17.3129 -1.4216295300000001
-17.3029 -1.29375808
-17.2929 -1.17043044
-17.2829 -1.0527498
-17.2729 -0.94086387
-17.262900000000002 -0.8366744299999999
-17.2529 -0.7402059900000003
-17.2429 -0.65192625
-17.2329 -0.5700226
-17.222900000000003 -0.4976875600000002
-17.2129 -0.43091321999999993
-17.2029 -0.37180227000000005
-17.1929 -0.31961541000000004
-17.1829 -0.27327661
-17.1729 -0.23252579000000004
-17.1629 -0.19679578999999997
-17.152900000000002 -0.16582554000000002
-17.1429 -0.13897416999999998
-17.1329 -0.11594491
-17.1229 -0.09617340499999999
-17.1129 -0.079191351
-17.1029 -0.064877013
-17.0929 -0.05278494099999999
-17.082900000000002 -0.04265862399999999
-17.0729 -0.03426870300000001
-17.0629 -0.027358036
-17.0529 -0.021559870999999998
-17.0429 -0.016937239
-17.0329 -0.013183943000000002
-17.0229 -0.0101724444
-17.012900000000002 -0.007778658699999999
-17.0029 -0.005899820199999999
-16.9929 -0.0044418645
-16.9829 -0.0033020518999999997
-16.972900000000003 -0.0024347479000000004
-16.9629 -0.0017800137399999999
-16.9529 -0.0012875470400000003
-16.9429 -0.00092324077
-16.9329 -0.0006558007499999999
-16.9229 -0.00046049481700000003
-16.9129 -0.000320516275
-16.902900000000002 -0.00022062820299999998
-16.8929 -0.00015050792300000003
-16.8829 -0.00010157853600000001
-16.8729 -6.78961992e-05
-16.8629 -4.48865525e-05
-16.8529 -2.9340540299999996e-05
-16.8429 -1.9027918300000005e-05
-16.832900000000002 -1.220585718e-05
-16.8229 -7.740040860000002e-06
-16.8129 -4.86666625e-06
-16.8029 -3.02219469e-06
-16.7929 -1.8579836450000001e-06
-16.7829 -1.1295755730000002e-06
-16.7729 -6.79190912e-07
-16.762900000000002 -4.053351012e-07
-16.7529 -2.383222417e-07
-16.7429 -1.392259837e-07
-16.7329 -8.038155972000001e-08
-16.722900000000003 -4.5893248789999995e-08
-16.7129 -2.593088472e-08
-16.7029 -1.4502559076e-08
-16.6929 -8.011942594e-09
-16.6829 -4.3979429320000005e-09
-16.6729 -2.378676433e-09
-16.6629 -1.273550969799e-09
-16.652900000000002 -6.748964611001733e-10
-16.6429 -3.5390613e-10
-16.6329 -1.8380838e-10
-16.6229 -9.4374356e-11
-16.6129 -4.7823535999999995e-11
-16.6029 -2.4011641e-11
-16.5929 -1.1941736e-11
-16.582900000000002 -5.8630765e-12
-16.5729 -2.8074808e-12
-16.5629 -1.2637717000000001e-12
-16.5529 -5.1855094e-13
-16.5429 -1.41031033e-13
-16.5329 -0.0
-16.5229 -0.0
-16.512900000000002 -0.0
-16.5029 -0.0
-16.4929 -0.0
-16.4829 -0.0
-16.472900000000003 -0.0
-16.4629 -0.0
-16.4529 -0.0
-16.4429 -0.0
-16.4329 -0.0
-16.4229 -0.0
-16.4129 -0.0
-16.402900000000002 -0.0
-16.3929 -0.0
-16.3829 -0.0
-16.3729 -0.0
-16.3629 -0.0
-16.3529 -0.0
-16.3429 -0.0
-16.332900000000002 -0.0
-16.3229 -0.0
-16.3129 -0.0
-16.3029 -0.0
-16.2929 -0.0
-16.2829 -0.0
-16.2729 -0.0
-16.262900000000002 -0.0
-16.2529 -0.0
-16.2429 -0.0
-16.2329 -0.0
-16.2229 -0.0
-16.2129 -0.0
-16.2029 -0.0
-16.1929 -0.0
-16.1829 -0.0
-16.172900000000002 -0.0
-16.1629 -0.0
-16.152900000000002 -0.0
-16.1429 -0.0
-16.1329 -0.0
-16.1229 -0.0
-16.1129 -0.0
-16.1029 -0.0
-16.0929 -0.0
-16.082900000000002 -0.0
-16.0729 -0.0
-16.0629 -0.0
-16.0529 -0.0
-16.0429 -0.0
-16.0329 -0.0
-16.0229 -0.0
-16.012900000000002 -0.0
-16.0029 -0.0
-15.9929 -0.0
-15.9829 -0.0
-15.972900000000001 -0.0
-15.962900000000001 -0.0
-15.9529 -0.0
-15.942900000000002 -0.0
-15.9329 -0.0
-15.9229 -0.0
-15.9129 -0.0
-15.9029 -0.0
-15.892900000000001 -0.0
-15.882900000000001 -0.0
-15.872900000000001 -0.0
-15.8629 -0.0
-15.852900000000002 -0.0
-15.8429 -0.0
-15.8329 -0.0
-15.8229 -0.0
-15.8129 -0.0
-15.802900000000001 -0.0
-15.792900000000001 -0.0
-15.782900000000001 -0.0
-15.7729 -0.0
-15.7629 -0.0
-15.7529 -0.0
-15.7429 -0.0
-15.7329 -0.0
-15.722900000000001 -0.0
-15.712900000000001 -0.0
-15.7029 -0.0
-15.692900000000002 -0.0
-15.6829 -0.0
-15.6729 -0.0
-15.6629 -0.0
-15.6529 -0.0
-15.642900000000001 -0.0
-15.632900000000001 -0.0
-15.622900000000001 -0.0
-15.6129 -0.0
-15.602900000000002 -0.0
-15.5929 -0.0
-15.5829 -0.0
-15.5729 -0.0
-15.5629 -0.0
-15.552900000000001 -0.0
-15.542900000000001 -0.0
-15.532900000000001 -0.0
-15.5229 -0.0
-15.5129 -0.0
-15.5029 -0.0
-15.4929 -0.0
-15.4829 -0.0
-15.472900000000001 -0.0
-15.462900000000001 -0.0
-15.4529 -0.0
-15.442900000000002 -0.0
-15.4329 -0.0
-15.4229 -0.0
-15.4129 -0.0
-15.4029 -0.0
-15.392900000000001 -0.0
-15.382900000000001 -0.0
-15.372900000000001 -0.0
-15.3629 -0.0
-15.352900000000002 -0.0
-15.3429 -0.0
-15.3329 -0.0
-15.3229 -0.0
-15.3129 -0.0
-15.302900000000001 -0.0
-15.292900000000001 -0.0
-15.282900000000001 -0.0
-15.2729 -0.0
-15.2629 -0.0
-15.2529 -0.0
-15.2429 -0.0
-15.2329 -0.0
-15.222900000000001 -0.0
-15.212900000000001 -0.0
-15.2029 -0.0
-15.192900000000002 -0.0
-15.1829 -0.0
-15.1729 -0.0
-15.1629 -0.0
-15.1529 -0.0
-15.142900000000001 -0.0
-15.132900000000001 -0.0
-15.122900000000001 -0.0
-15.1129 -0.0
-15.102900000000002 -0.0
-15.0929 -0.0
-15.0829 -0.0
-15.0729 -0.0
-15.0629 -0.0
-15.052900000000001 -0.0
-15.042900000000001 -0.0
-15.032900000000001 -0.0
-15.0229 -0.0
-15.0129 -0.0
-15.0029 -0.0
-14.9929 -0.0
-14.9829 -0.0
-14.972900000000001 -0.0
-14.962900000000001 -0.0
-14.9529 -0.0
-14.942900000000002 -0.0
-14.9329 -0.0
-14.9229 -0.0
-14.9129 -0.0
-14.9029 -0.0
-14.892900000000001 -0.0
-14.882900000000001 -0.0
-14.872900000000001 -0.0
-14.8629 -0.0
-14.852900000000002 -0.0
-14.8429 -0.0
-14.8329 -0.0
-14.8229 -0.0
-14.8129 -0.0
-14.802900000000001 -0.0
-14.792900000000001 -0.0
-14.782900000000001 -0.0
-14.7729 -0.0
-14.7629 -0.0
-14.7529 -0.0
-14.7429 -0.0
-14.7329 -0.0
-14.722900000000001 -0.0
-14.712900000000001 -0.0
-14.7029 -0.0
-14.692900000000002 -0.0
-14.6829 -0.0
-14.6729 -0.0
-14.6629 -0.0
-14.6529 -0.0
-14.642900000000001 -0.0
-14.632900000000001 -0.0
-14.622900000000001 -0.0
-14.6129 -0.0
-14.602900000000002 -0.0
-14.5929 -0.0
-14.5829 -0.0
-14.5729 -0.0
-14.5629 -0.0
-14.552900000000001 -0.0
-14.542900000000001 -0.0
-14.532900000000001 -0.0
-14.5229 -0.0
-14.5129 -0.0
-14.5029 -0.0
-14.4929 -0.0
-14.4829 -0.0
-14.472900000000001 -0.0
-14.462900000000001 -0.0
-14.4529 -0.0
-14.442900000000002 -0.0
-14.4329 -0.0
-14.4229 -0.0
-14.4129 -0.0
-14.4029 -0.0
-14.392900000000001 -0.0
-14.382900000000001 -0.0
-14.372900000000001 -0.0
-14.3629 -0.0
-14.3529 -0.0
-14.3429 -0.0
-14.3329 -0.0
-14.3229 -0.0
-14.3129 -0.0
-14.302900000000001 -0.0
-14.292900000000001 -0.0
-14.282900000000001 -0.0
-14.2729 -0.0
-14.2629 -0.0
-14.2529 -0.0
-14.2429 -0.0
-14.2329 -0.0
-14.222900000000001 -0.0
-14.212900000000001 -0.0
-14.202900000000001 -0.0
-14.192900000000002 -0.0
-14.1829 -0.0
-14.1729 -0.0
-14.1629 -0.0
-14.1529 -0.0
-14.142900000000001 -0.0
-14.132900000000001 -0.0
-14.122900000000001 -0.0
-14.1129 -0.0
-14.1029 -0.0
-14.0929 -0.0
-14.0829 -0.0
-14.0729 -0.0
-14.0629 -0.0
-14.052900000000001 -0.0
-14.042900000000001 -0.0
-14.032900000000001 -0.0
-14.0229 -0.0
-14.0129 -0.0
-14.0029 -0.0
-13.9929 -0.0
-13.9829 -0.0
-13.972900000000001 -0.0
-13.962900000000001 -0.0
-13.952900000000001 -0.0
-13.942900000000002 -0.0
-13.9329 -0.0
-13.9229 -0.0
-13.9129 -0.0
-13.9029 -0.0
-13.892900000000001 -0.0
-13.882900000000001 -0.0
-13.872900000000001 -0.0
-13.8629 -0.0
-13.8529 -0.0
-13.8429 -0.0
-13.8329 -0.0
-13.8229 -0.0
-13.8129 -0.0
-13.802900000000001 -0.0
-13.792900000000001 -0.0
-13.782900000000001 -0.0
-13.7729 -0.0
-13.7629 -0.0
-13.7529 -0.0
-13.7429 -0.0
-13.7329 -0.0
-13.722900000000001 -0.0
-13.712900000000001 -0.0
-13.702900000000001 -0.0
-13.692900000000002 -0.0
-13.6829 -0.0
-13.6729 -0.0
-13.6629 -0.0
-13.6529 -0.0
-13.642900000000001 -0.0
-13.632900000000001 -0.0
-13.622900000000001 -0.0
-13.6129 -0.0
-13.6029 -0.0
-13.5929 -0.0
-13.5829 -0.0
-13.5729 -0.0
-13.5629 -0.0
-13.552900000000001 -0.0
-13.542900000000001 -0.0
-13.532900000000001 -0.0
-13.5229 -0.0
-13.5129 -0.0
-13.5029 -0.0
-13.4929 -0.0
-13.4829 -0.0
-13.472900000000001 -0.0
-13.462900000000001 -0.0
-13.452900000000001 -0.0
-13.442900000000002 -0.0
-13.4329 -0.0
-13.4229 -0.0
-13.4129 -0.0
-13.4029 -0.0
-13.392900000000001 -0.0
-13.382900000000001 -0.0
-13.372900000000001 -0.0
-13.3629 -0.0
-13.3529 -0.0
-13.3429 -0.0
-13.3329 -0.0
-13.3229 -0.0
-13.3129 -0.0
-13.302900000000001 -0.0
-13.292900000000001 -0.0
-13.282900000000001 -0.0
-13.2729 -0.0
-13.2629 -0.0
-13.2529 -0.0
-13.2429 -0.0
-13.2329 -0.0
-13.222900000000001 -0.0
-13.212900000000001 -0.0
-13.202900000000001 -0.0
-13.192900000000002 -0.0
-13.1829 -0.0
-13.1729 -0.0
-13.1629 -0.0
-13.1529 -0.0
-13.142900000000001 -0.0
-13.132900000000001 -0.0
-13.122900000000001 -0.0
-13.1129 -0.0
-13.1029 -0.0
-13.0929 -0.0
-13.0829 -0.0
-13.0729 -0.0
-13.0629 -0.0
-13.052900000000001 -0.0
-13.042900000000001 -0.0
-13.032900000000001 -0.0
-13.0229 -0.0
-13.0129 -0.0
-13.0029 -0.0
-12.9929 -0.0
-12.9829 -0.0
-12.972900000000001 -0.0
-12.962900000000001 -0.0
-12.952900000000001 -0.0
-12.942900000000002 -0.0
-12.9329 -0.0
-12.9229 -0.0
-12.9129 -0.0
-12.9029 -0.0
-12.892900000000001 -0.0
-12.882900000000001 -0.0
-12.872900000000001 -0.0
-12.862900000000002 -0.0
-12.8529 -0.0
-12.8429 -0.0
-12.8329 -0.0
-12.8229 -0.0
-12.8129 -0.0
-12.802900000000001 -0.0
-12.792900000000001 -0.0
-12.782900000000001 -0.0
-12.7729 -0.0
-12.7629 -0.0
-12.7529 -0.0
-12.7429 -0.0
-12.7329 -0.0
-12.722900000000001 -0.0
-12.712900000000001 -0.0
-12.702900000000001 -0.0
-12.6929 -0.0
-12.6829 -0.0
-12.6729 -0.0
-12.6629 -0.0
-12.6529 -0.0
-12.642900000000001 -0.0
-12.632900000000001 -0.0
-12.622900000000001 -0.0
-12.612900000000002 -0.0
-12.6029 -0.0
-12.5929 -0.0
-12.5829 -0.0
-12.5729 -0.0
-12.5629 -0.0
-12.552900000000001 -0.0
-12.542900000000001 -0.0
-12.532900000000001 -0.0
-12.5229 -0.0
-12.5129 -0.0
-12.5029 -0.0
-12.4929 -0.0
-12.4829 -0.0
-12.472900000000001 -0.0
-12.462900000000001 -0.0
-12.452900000000001 -0.0
-12.4429 -0.0
-12.4329 -0.0
-12.4229 -0.0
-12.4129 -0.0
-12.4029 -0.0
-12.392900000000001 -0.0
-12.382900000000001 -0.0
-12.372900000000001 -0.0
-12.362900000000002 -0.0
-12.3529 -0.0
-12.3429 -0.0
-12.3329 -0.0
-12.3229 -0.0
-12.3129 -0.0
-12.302900000000001 -0.0
-12.292900000000001 -0.0
-12.282900000000001 -0.0
-12.2729 -0.0
-12.2629 -0.0
-12.2529 -0.0
-12.2429 -0.0
-12.2329 -0.0
-12.222900000000001 -0.0
-12.212900000000001 -0.0
-12.202900000000001 -0.0
-12.1929 -0.0
-12.1829 -0.0
-12.1729 -0.0
-12.1629 -0.0
-12.1529 -0.0
-12.142900000000001 -0.0
-12.132900000000001 -0.0
-12.122900000000001 -0.0
-12.112900000000002 -0.0
-12.1029 -0.0
-12.0929 -0.0
-12.0829 -0.0
-12.0729 -0.0
-12.0629 -0.0
-12.052900000000001 -0.0
-12.042900000000001 -0.0
-12.032900000000001 -0.0
-12.0229 -0.0
-12.0129 -0.0
-12.0029 -0.0
-11.9929 -0.0
-11.9829 -0.0
-11.972900000000001 -0.0
-11.962900000000001 -0.0
-11.952900000000001 -0.0
-11.9429 -0.0
-11.9329 -0.0
-11.9229 -0.0
-11.9129 -0.0
-11.9029 -0.0
-11.892900000000001 -0.0
-11.882900000000001 -0.0
-11.872900000000001 -0.0
-11.8629 -0.0
-11.8529 -0.0
-11.8429 -0.0
-11.8329 -0.0
-11.8229 -0.0
-11.8129 -0.0
-11.802900000000001 -0.0
-11.792900000000001 -0.0
-11.782900000000001 -0.0
-11.7729 -0.0
-11.7629 -0.0
-11.7529 -0.0
-11.7429 -0.0
-11.7329 -0.0
-11.722900000000001 -0.0
-11.712900000000001 -0.0
-11.702900000000001 -0.0
-11.692900000000002 -0.0
-11.6829 -0.0
-11.6729 -0.0
-11.6629 -0.0
-11.6529 -0.0
-11.642900000000001 -0.0
-11.632900000000001 -0.0
-11.622900000000001 -0.0
-11.6129 -0.0
-11.6029 -0.0
-11.5929 -0.0
-11.5829 -0.0
-11.5729 -0.0
-11.5629 -2.1920246e-14
-11.552900000000001 -7.952416999999999e-14
-11.542900000000001 -1.653025e-13
-11.532900000000001 -4.2539310000000004e-13
-11.5229 -9.040855000000001e-13
-11.5129 -1.8694868e-12
-11.5029 -3.750062e-12
-11.4929 -7.520074000000001e-12
-11.4829 -1.4906216999999997e-11
-11.472900000000001 -2.914844e-11
-11.462900000000001 -5.648977e-11
-11.452900000000001 -1.0774193999999999e-10
-11.442900000000002 -2.0346579999999998e-10
-11.4329 -3.801885e-10
-11.4229 -7.035949777300001e-10
-11.4129 -1.2891175666699997e-09
-11.4029 -2.3334610799e-09
-11.392900000000001 -4.189125846600002e-09
-11.382900000000001 -7.4334900123000005e-09
-11.372900000000001 -1.3105576658e-08
-11.3629 -2.2670162353999996e-08
-11.3529 -3.9105437985e-08
-11.3429 -6.664483203099997e-08
-11.3329 -1.1220208528000001e-07
-11.3229 -1.877023681e-07
-11.3129 -3.108899460400001e-07
-11.302900000000001 -5.085472846999999e-07
-11.292900000000001 -8.228117840999999e-07
-11.282900000000001 -1.3211589382999999e-06
-11.2729 -2.098161342199999e-06
-11.2629 -3.297344866999999e-06
-11.2529 -5.1306413089999995e-06
-11.2429 -7.916494851999999e-06
-11.2329 -1.2099472803000002e-05
-11.222900000000001 -1.8215655789999996e-05
-11.212900000000001 -2.7320586719999993e-05
-11.202900000000001 -4.043197088e-05
-11.192900000000002 -5.943076755000001e-05
-11.1829 -8.63381113e-05
-11.1729 -0.00012444092020000001
-11.1629 -0.00017678717249999996
-11.1529 -0.00025021657859999993
-11.142900000000001 -0.0003492886424999999
-11.132900000000001 -0.000484192474
-11.122900000000001 -0.000663837669
-11.1129 -0.000902557222
-11.1029 -0.001215528065
-11.0929 -0.0016186923649999998
-11.0829 -0.0021349828300000003
-11.0729 -0.00279740176
-11.0629 -0.00363019757
-11.052900000000001 -0.0046572687799999995
-11.042900000000001 -0.005934705649999999
-11.032900000000001 -0.00748083801
-11.0229 -0.009350505299999999
-11.0129 -0.011555108800000003
-11.0029 -0.0142019204
-10.9929 -0.017326765500000008
-10.9829 -0.0208417947
-10.972900000000001 -0.02495831640000001
-10.962900000000001 -0.0295068996
-10.952900000000001 -0.0346940395
-10.942900000000002 -0.040456083
-10.9329 -0.046718874
-10.9229 -0.053603761
-10.9129 -0.060959397000000005
-10.9029 -0.06892527700000001
-10.892900000000001 -0.07724983299999999
-10.882900000000001 -0.08597482799999999
-10.872900000000001 -0.09516601000000002
-10.8629 -0.10459296299999998
-10.8529 -0.11443383999999998
-10.8429 -0.12441729
-10.8329 -0.13475341
-10.8229 -0.14522347
-10.8129 -0.15648154
-10.802900000000001 -0.16701437000000002
-10.792900000000001 -0.17843696
-10.782900000000001 -0.19005499
-10.7729 -0.20290162
-10.7629 -0.2156596
-10.7529 -0.22857401000000008
-10.7429 -0.24238407999999995
-10.7329 -0.25634238
-10.722900000000001 -0.27122987
-10.712900000000001 -0.28675576999999997
-10.702900000000001 -0.30316010000000004
-10.692900000000002 -0.3194832
-10.6829 -0.33618460000000006
-10.6729 -0.3526905999999999
-10.6629 -0.3692985000000001
-10.6529 -0.3853193
-10.642900000000001 -0.40100319999999995
-10.632900000000001 -0.41578560000000003
-10.622900000000001 -0.4294524
-10.6129 -0.44220800000000005
-10.6029 -0.45362140000000006
-10.5929 -0.4638227
-10.5829 -0.4723317
-10.5729 -0.4796585000000001
-10.5629 -0.48555260000000006
-10.552900000000001 -0.4900049000000001
-10.542900000000001 -0.4934051000000001
-10.532900000000001 -0.4954433000000001
-10.5229 -0.4967699
-10.5129 -0.4972051
-10.5029 -0.49690919999999994
-10.4929 -0.49592210000000003
-10.4829 -0.49488429999999994
-10.472900000000001 -0.4933554
-10.462900000000001 -0.49173620000000007
-10.452900000000001 -0.48949630000000005
-10.442900000000002 -0.4874962
-10.4329 -0.48552540000000005
-10.4229 -0.4833539999999999
-10.4129 -0.4809224999999999
-10.4029 -0.4782505999999999
-10.392900000000001 -0.4753281999999999
-10.382900000000001 -0.47257540000000003
-10.372900000000001 -0.4691821000000001
-10.3629 -0.4656483000000002
-10.352900000000002 -0.46176429999999996
-10.3429 -0.4572699999999999
-10.3329 -0.45283520000000005
-10.3229 -0.44814040000000005
-10.3129 -0.44316530000000004
-10.302900000000001 -0.4376805999999999
-10.292900000000001 -0.43264579999999997
-10.282900000000001 -0.42728170000000004
-10.2729 -0.4221678
-10.2629 -0.41708490000000004
-10.2529 -0.41236280000000003
-10.2429 -0.40796129999999997
-10.2329 -0.40384130000000007
-10.222900000000001 -0.4003122999999999
-10.212900000000001 -0.39731439999999996
-10.2029 -0.39480790000000004
-10.192900000000002 -0.3930727000000001
-10.1829 -0.3920183
-10.1729 -0.3913252
-10.1629 -0.3913032
-10.1529 -0.3917317
-10.142900000000001 -0.39252099999999995
-10.132900000000001 -0.3935104
-10.122900000000001 -0.39503970000000005
-10.1129 -0.39644920000000006
-10.102900000000002 -0.3977477000000001
-10.0929 -0.3987953999999999
-10.0829 -0.39908160000000004
-10.0729 -0.3991763999999998
-10.0629 -0.3984892
-10.052900000000001 -0.39678959999999996
-10.042900000000001 -0.3941680999999999
-10.032900000000001 -0.39012369999999996
-10.0229 -0.38523729999999995
-10.0129 -0.37892800000000004
-10.0029 -0.3717064
-9.9929 -0.3629729
-9.9829 -0.3536674999999999
-9.972900000000001 -0.34325079999999997
-9.962900000000001 -0.3323132000000001
-9.9529 -0.32061509999999993
-9.942900000000002 -0.3084266999999999
-9.9329 -0.29633879999999996
-9.9229 -0.2844018
-9.9129 -0.2729161000000001
-9.9029 -0.26159150000000003
-9.892900000000001 -0.25101909999999994
-9.882900000000001 -0.24096820000000005
-9.872900000000001 -0.2319992
-9.8629 -0.22382229999999995
-9.852900000000002 -0.21642709999999998
-9.8429 -0.2101039
-9.8329 -0.20430179999999998
-9.8229 -0.1995313
-9.8129 -0.19551149999999998
-9.802900000000001 -0.1919525
-9.792900000000001 -0.18918439999999997
-9.782900000000001 -0.18688629999999998
-9.7729 -0.1845981999999999
-9.7629 -0.1827097
-9.7529 -0.1810712
-9.7429 -0.17936200000000005
-9.7329 -0.17755160000000006
-9.722900000000001 -0.17580050000000003
-9.712900000000001 -0.17351800000000003
-9.7029 -0.17150410000000005
-9.692900000000002 -0.16902880000000006
-9.6829 -0.16600180000000003
-9.6729 -0.1627333
-9.6629 -0.1591428
-9.6529 -0.15530080000000002
-9.642900000000001 -0.1509569
-9.632900000000001 -0.14604170000000002
-9.622900000000001 -0.14120349999999998
-9.6129 -0.13590589999999997
-9.602900000000002 -0.13027789999999997
-9.5929 -0.1246279
-9.5829 -0.11859800000000001
-9.5729 -0.11256360000000001
-9.5629 -0.10655180000000003
-9.552900000000001 -0.10048839999999999
-9.542900000000001 -0.094532
-9.532900000000001 -0.08875440000000001
-9.5229 -0.08319239999999999
-9.5129 -0.07793800000000001
-9.5029 -0.072997
-9.4929 -0.06841650000000002
-9.4829 -0.0642568
-9.472900000000001 -0.06048519999999998
-9.462900000000001 -0.057136200000000005
-9.4529 -0.05424509999999999
-9.442900000000002 -0.051712999999999995
-9.4329 -0.049614500000000006
-9.4229 -0.04784029999999999
-9.4129 -0.0463861
-9.4029 -0.04525050000000001
-9.392900000000001 -0.044336799999999996
-9.382900000000001 -0.0436342
-9.372900000000001 -0.04309309999999998
-9.3629 -0.0426947
-9.352900000000002 -0.04240040000000002
-9.3429 -0.04217700000000001
-9.3329 -0.041993
-9.3229 -0.0418429
-9.3129 -0.041647400000000015
-9.302900000000001 -0.04147270000000001
-9.292900000000001 -0.041243500000000016
-9.282900000000001 -0.0409358
-9.2729 -0.040594599999999995
-9.2629 -0.0401555
-9.2529 -0.039619699999999994
-9.2429 -0.038960800000000004
-9.2329 -0.03821499999999999
-9.222900000000001 -0.037293
-9.212900000000001 -0.03627299
-9.2029 -0.03510158
-9.192900000000002 -0.03380608999999999
-9.1829 -0.032368799999999996
-9.1729 -0.030793709999999995
-9.1629 -0.029170710000000006
-9.1529 -0.027425969999999997
-9.142900000000001 -0.025620530000000002
-9.132900000000001 -0.02378174
-9.122900000000001 -0.02193795
-9.1129 -0.020075430000000002
-9.102900000000002 -0.018273460000000002
-9.0929 -0.016500810000000005
-9.0829 -0.014827840000000007
-9.0729 -0.01322032
-9.0629 -0.01172121
-9.052900000000001 -0.010376100000000003
-9.042900000000001 -0.009126349999999998
-9.032900000000001 -0.008006210000000001
-9.0229 -0.00700706
-9.0129 -0.0061275900000000005
-9.0029 -0.0053603
-8.9929 -0.004696570000000001
-8.9829 -0.004128830000000001
-8.972900000000001 -0.00364089
-8.962900000000001 -0.0032299499999999992
-8.9529 -0.0028792
-8.942900000000002 -0.0025804599999999997
-8.9329 -0.0023241000000000004
-8.9229 -0.0021036399999999995
-8.9129 -0.0019099899999999996
-8.9029 -0.0017371990000000007
-8.892900000000001 -0.0015826159999999994
-8.882900000000001 -0.0014397
-8.872900000000001 -0.0013100160000000002
-8.8629 -0.0011863890000000002
-8.852900000000002 -0.0010726249999999998
-8.8429 -0.0009643049999999998
-8.8329 -0.0008621889999999999
-8.8229 -0.0007666650000000001
-8.8129 -0.0006773899999999998
-8.802900000000001 -0.0005941739999999999
-8.792900000000001 -0.0005173599999999999
-8.782900000000001 -0.000447325
-8.7729 -0.0003835057000000001
-8.7629 -0.0003262121000000002
-8.7529 -0.0002756235000000001
-8.7429 -0.00023085930000000005
-8.7329 -0.00019220000000000004
-8.722900000000001 -0.0001589989
-8.712900000000001 -0.00013113999999999997
-8.7029 -0.00010862340000000002
-8.692900000000002 -9.125079999999998e-05
-8.6829 -7.952570999999999e-05
-8.6729 -7.404573e-05
-8.6629 -7.644764000000001e-05
-8.6529 -8.926922e-05
-8.642900000000001 -0.00011634603
-8.632900000000001 -0.00016351515
-8.622900000000001 -0.00024118010999999996
-8.6129 -0.00036196249000000006
-8.602900000000002 -0.00054669888
-8.5929 -0.0008222769900000001
-8.5829 -0.0012266366499999997
-8.5729 -0.0018167992199999996
-8.5629 -0.0026678297
-8.552900000000001 -0.0038698811800000005
-8.542900000000001 -0.0055531950099999994
-8.532900000000001 -0.007898082300000003
-8.5229 -0.01112512983
-8.5129 -0.015434814025000002
-8.5029 -0.02134800429
-8.4929 -0.029065584093000002
-8.4829 -0.03928901165400001
-8.472900000000001 -0.05251935477600001
-8.462900000000001 -0.06935873940789998
-8.4529 -0.09080891541110002
-8.442900000000002 -0.11727260636890001
-8.4329 -0.1503517855749
-8.4229 -0.19144852891970005
-8.4129 -0.24056813264922003
-8.4029 -0.29871254328141
-8.392900000000001 -0.36788299052115997
-8.382900000000001 -0.448086211212
-8.372900000000001 -0.5403236513194901
-8.3629 -0.645597451938984
-8.352900000000002 -0.7639112533485909
-8.3429 -0.8942630461141031
-8.3329 -1.032665231308254
-8.3229 -1.1931107108159582
-8.3129 -1.353597158100793
-8.302900000000001 -1.5241289186716895
-8.2929 -1.7047064531055396
-8.282900000000001 -1.87532946814417
-8.2729 -2.0560065129410194
-8.262900000000002 -2.2367263854146002
-8.2529 -2.4074998430758003
-8.2429 -2.5683442255533007
-8.2329 -2.7092500986633996
-8.222900000000001 -2.840237532247
-8.212900000000001 -2.961325215704999
-8.2029 -3.0525260158139997
-8.192900000000002 -3.1338691827560012
-8.1829 -3.1853804668629992
-8.1729 -3.2171007714000006
-8.1629 -3.23905814701
-8.1529 -3.2312887657400005
-8.142900000000001 -3.2138244463700003
-8.132900000000001 -3.1767476984100007
-8.122900000000001 -3.1300868525
-8.1129 -3.0739326575000008
-8.102900000000002 -3.008194740100001
-8.0929 -2.9429330663999997
-8.0829 -2.8683123370000003
-8.0729 -2.8043254473
-8.0629 -2.7311784033000004
-8.052900000000001 -2.668490207000001
-8.0429 -2.6069813319999997
-8.032900000000001 -2.5563641199999996
-8.0229 -2.507007014
-8.012900000000002 -2.468992371
-8.0029 -2.4328052380000007
-7.992900000000001 -2.408924837
-7.982900000000001 -2.3977607009999997
-7.972900000000001 -2.3898658500000005
-7.9629 -2.3860034299999997
-7.9529000000000005 -2.3971132499999994
-7.942900000000001 -2.4143712
-7.932900000000001 -2.4386585400000005
-7.9229 -2.471356740000001
-7.9129000000000005 -2.5136499199999998
-7.902900000000001 -2.5772174199999998
-7.892900000000001 -2.6429459100000003
-7.882900000000001 -2.7313000499999998
-7.8729000000000005 -2.82540987
-7.862900000000001 -2.9443607000000003
-7.852900000000001 -3.0823414000000002
-7.842900000000001 -3.2251505000000007
-7.8329 -3.3963462999999994
-7.822900000000001 -3.5855847000000005
-7.812900000000001 -3.7928315
-7.802900000000001 -4.0152627
-7.7929 -4.255482099999998
-7.782900000000001 -4.5082942
-7.772900000000001 -4.775926799999999
-7.762900000000001 -5.053930399999999
-7.7529 -5.350770399999998
-7.742900000000001 -5.636565999999999
-7.732900000000001 -5.942174
-7.722900000000001 -6.2571645
-7.7129 -6.5713972
-7.7029000000000005 -6.864573999999998
-7.692900000000001 -7.1666309
-7.682900000000001 -7.457655699999999
-7.6729 -7.757142300000001
-7.6629000000000005 -8.045580699999999
-7.652900000000001 -8.312295599999999
-7.642900000000001 -8.587733700000001
-7.632900000000001 -8.832053499999999
-7.6229000000000005 -9.084756500000003
-7.612900000000001 -9.316257699999998
-7.602900000000001 -9.547077
-7.592900000000001 -9.7669905
-7.5829 -9.9957087
-7.572900000000001 -10.194374900000001
-7.562900000000001 -10.4125101
-7.552900000000001 -10.620174100000002
-7.5429 -10.8282311
-7.532900000000001 -11.046361899999999
-7.522900000000001 -11.2747068
-7.512900000000001 -11.523962599999999
-7.5029 -11.7635524
-7.492900000000001 -12.034089999999999
-7.482900000000001 -12.325569800000002
-7.472900000000001 -12.628432599999996
-7.4629 -12.9619404
-7.4529000000000005 -13.316831199999998
-7.442900000000001 -13.702812000000003
-7.432900000000001 -14.0796209
-7.4229 -14.5075778
-7.4129000000000005 -14.9462217
-7.402900000000001 -15.415795399999997
-7.392900000000001 -15.8852931
-7.382900000000001 -16.3656797
-7.3729000000000005 -16.845697100000006
-7.362900000000001 -17.335449399999998
-7.352900000000001 -17.794647599999998
-7.342900000000001 -18.2633115
-7.3329 -18.6808772
-7.322900000000001 -19.0971376
-7.312900000000001 -19.451687800000002
-7.302900000000001 -19.794878800000003
-7.2929 -20.055779500000003
-7.282900000000001 -20.264713999999994
-7.272900000000001 -20.4117962
-7.262900000000001 -20.496412199999998
-7.2529 -20.4891461
-7.242900000000001 -20.419660699999998
-7.232900000000001 -20.2783212
-7.222900000000001 -20.055032600000008
-7.2129 -19.760542700000002
-7.2029000000000005 -19.4241268
-7.192900000000001 -19.026902599999996
-7.182900000000001 -18.548591499999997
-7.1729 -18.059753200000007
-7.1629000000000005 -17.530451900000003
-7.152900000000001 -16.9815466
-7.142900000000001 -16.4125864
-7.132900000000001 -15.834068100000001
-7.1229000000000005 -15.276055099999999
-7.112900000000001 -14.7088222
-7.102900000000001 -14.1728506
-7.092900000000001 -13.667602500000003
-7.0829 -13.1736857
-7.072900000000001 -12.720787500000004
-7.062900000000001 -12.3293558
-7.052900000000001 -11.959012800000002
-7.0429 -11.649682499999997
-7.032900000000001 -11.3715779
-7.022900000000001 -11.124712099999998
-7.012900000000001 -10.938541099999998
-7.0029 -10.7736468
-6.992900000000001 -10.669763399999999
-6.982900000000001 -10.5865537
-6.972900000000001 -10.5341545
-6.9629 -10.512416999999997
-6.9529000000000005 -10.501456499999998
-6.942900000000001 -10.5208767
-6.932900000000001 -10.5304619
-6.9229 -10.560753199999999
-6.9129000000000005 -10.571039399999998
-6.902900000000001 -10.571786600000001
-6.892900000000001 -10.572649700000001
-6.882900000000001 -10.5332107
-6.8729000000000005 -10.473764699999998
-6.862900000000001 -10.384364499999998
-6.852900000000001 -10.2447082
-6.842900000000001 -10.074847800000002
-6.8329 -9.854755300000003
-6.822900000000001 -9.5843376
-6.812900000000001 -9.2938229
-6.802900000000001 -8.943062000000001
-6.7929 -8.546040300000001
-6.782900000000001 -8.128928700000003
-6.772900000000001 -7.6717304
-6.762900000000001 -7.196402200000001
-6.7529 -6.7043757
-6.742900000000001 -6.215136400000001
-6.732900000000001 -5.700438299999998
-6.722900000000001 -5.189901600000001
-6.7129 -4.703771699999999
-6.7029000000000005 -4.233178999999999
-6.692900000000001 -3.787803600000001
-6.682900000000001 -3.352219699999999
-6.6729 -2.9561653000000008
-6.6629000000000005 -2.5894744999999997
-6.652900000000001 -2.2582398
-6.642900000000001 -1.9606737000000005
-6.632900000000001 -1.6964624000000006
-6.6229000000000005 -1.4666627
-6.612900000000001 -1.2669088999999998
-6.602900000000001 -1.0964690000000001
-6.592900000000001 -0.9524277
-6.5829 -0.8337710999999998
-6.572900000000001 -0.7350077
-6.562900000000001 -0.6568940000000001
-6.552900000000001 -0.5940162
-6.5429 -0.5462886
-6.532900000000001 -0.5099459
-6.522900000000001 -0.4830441
-6.512900000000001 -0.4645895000000001
-6.5029 -0.45247260000000006
-6.492900000000001 -0.4456631
-6.482900000000001 -0.443259
-6.472900000000001 -0.44403050000000005
-6.4629 -0.4474404
-6.4529000000000005 -0.4527485999999999
-6.442900000000001 -0.4599213
-6.432900000000001 -0.4678722
-6.4229 -0.47714579999999995
-6.4129000000000005 -0.4868236000000001
-6.402900000000001 -0.49709699999999984
-6.392900000000001 -0.5079838
-6.382900000000001 -0.5194177999999999
-6.3729000000000005 -0.5313746
-6.362900000000001 -0.5434137999999998
-6.352900000000001 -0.5565614999999998
-6.342900000000001 -0.5698897
-6.3329 -0.5835345000000002
-6.322900000000001 -0.5977150999999998
-6.312900000000001 -0.6121535
-6.302900000000001 -0.6274308999999999
-6.2929 -0.6430460000000001
-6.282900000000001 -0.6587190000000002
-6.272900000000001 -0.6746390000000001
-6.262900000000001 -0.6909590000000002
-6.2529 -0.7077269999999999
-6.242900000000001 -0.7242929999999999
-6.232900000000001 -0.7420990000000002
-6.222900000000001 -0.7600210000000003
-6.2129 -0.7786
-6.2029000000000005 -0.7982990000000001
-6.192900000000001 -0.8190050000000001
-6.182900000000001 -0.8417999999999999
-6.1729 -0.8661650000000002
-6.1629000000000005 -0.8925969999999999
-6.152900000000001 -0.922636
-6.142900000000001 -0.9548390000000003
-6.132900000000001 -0.9911030000000001
-6.1229000000000005 -1.030932
-6.112900000000001 -1.0747330000000002
-6.102900000000001 -1.1213019999999998
-6.092900000000001 -1.1723309999999998
-6.0829 -1.2272490000000003
-6.072900000000001 -1.2846079999999998
-6.062900000000001 -1.3470250000000001
-6.052900000000001 -1.4111889999999996
-6.0429 -1.479698
-6.032900000000001 -1.5487199999999997
-6.022900000000001 -1.615636
-6.012900000000001 -1.6853460000000002
-6.0029 -1.7515520000000004
-5.992900000000001 -1.817011
-5.982900000000001 -1.8811959999999996
-5.972900000000001 -1.9389459999999998
-5.9629 -1.99249
-5.9529000000000005 -2.0404389999999997
-5.942900000000001 -2.0801860000000003
-5.932900000000001 -2.1140039999999996
-5.9229 -2.141091
-5.9129000000000005 -2.158574
-5.902900000000001 -2.1670719999999997
-5.892900000000001 -2.169055
-5.882900000000001 -2.160189
-5.8729000000000005 -2.1438959999999994
-5.862900000000001 -2.1198719999999995
-5.852900000000001 -2.090815
-5.842900000000001 -2.0519330000000005
-5.8329 -2.011173
-5.822900000000001 -1.9637250000000002
-5.812900000000001 -1.9143040000000002
-5.802900000000001 -1.8633609999999998
-5.7929 -1.8118569999999998
-5.782900000000001 -1.7602449999999994
-5.772900000000001 -1.7120360000000003
-5.762900000000001 -1.665031
-5.7529 -1.6216750000000002
-5.742900000000001 -1.5829729999999995
-5.732900000000001 -1.5491249999999992
-5.722900000000001 -1.52052
-5.7129 -1.4981160000000004
-5.7029000000000005 -1.48273
-5.692900000000001 -1.471448
-5.682900000000001 -1.4668690000000004
-5.6729 -1.4679029999999997
-5.6629000000000005 -1.4734539999999998
-5.652900000000001 -1.4846909999999995
-5.642900000000001 -1.5004649999999997
-5.632900000000001 -1.5197269999999998
-5.6229000000000005 -1.542244
-5.612900000000001 -1.5674940000000002
-5.602900000000001 -1.5938010000000002
-5.592900000000001 -1.6236249999999997
-5.5829 -1.652883
-5.572900000000001 -1.6819619999999997
-5.562900000000001 -1.7111560000000003
-5.552900000000001 -1.7401610000000003
-5.5429 -1.7639519999999997
-5.532900000000001 -1.789359
-5.522900000000001 -1.8117489999999998
-5.512900000000001 -1.8338099999999995
-5.5029 -1.8529030000000004
-5.492900000000001 -1.8698569999999999
-5.482900000000001 -1.8858429999999997
-5.472900000000001 -1.8990019999999992
-5.4629 -1.9158949999999995
-5.4529000000000005 -1.928983
-5.442900000000001 -1.9471880000000001
-5.432900000000001 -1.963421
-5.4229 -1.9832639999999997
-5.4129000000000005 -2.005781
-5.402900000000001 -2.033125
-5.392900000000001 -2.0634039999999993
-5.382900000000001 -2.096614
-5.3729000000000005 -2.133505
-5.362900000000001 -2.1733070000000003
-5.352900000000001 -2.22013
-5.342900000000001 -2.2642110000000004
-5.3329 -2.3123030000000004
-5.322900000000001 -2.363808
-5.312900000000001 -2.4161119999999996
-5.302900000000001 -2.4665099999999995
-5.2929 -2.5147929999999996
-5.282900000000001 -2.561515
-5.272900000000001 -2.607926999999999
-5.262900000000001 -2.6485840000000005
-5.2529 -2.6889840000000005
-5.242900000000001 -2.721142999999999
-5.232900000000001 -2.748046
-5.222900000000001 -2.77347
-5.2129 -2.7947460000000004
-5.2029000000000005 -2.804424
-5.192900000000001 -2.8177869999999996
-5.182900000000001 -2.8218930000000007
-5.1729 -2.819902000000001
-5.1629000000000005 -2.816089
-5.152900000000001 -2.8122520000000004
-5.142900000000001 -2.8026629999999995
-5.132900000000001 -2.7864730000000004
-5.1229000000000005 -2.7710120000000003
-5.112900000000001 -2.7538519999999997
-5.102900000000001 -2.7338550000000006
-5.092900000000001 -2.712359
-5.0829 -2.6930469999999995
-5.072900000000001 -2.670728
-5.062900000000001 -2.6467029999999996
-5.052900000000001 -2.6279939999999997
-5.0429 -2.603392
-5.032900000000001 -2.587681
-5.022900000000001 -2.5714140000000003
-5.012900000000001 -2.55535
-5.0029 -2.545099
-4.992900000000001 -2.5391800000000004
-4.982900000000001 -2.5363899999999995
-4.972900000000001 -2.5374919999999994
-4.9629 -2.5438570000000005
-4.9529000000000005 -2.554962
-4.942900000000001 -2.574012
-4.932900000000001 -2.593959999999999
-4.9229 -2.6221619999999994
-4.9129000000000005 -2.6540760000000003
-4.902900000000001 -2.68987
-4.892900000000001 -2.7311529999999995
-4.882900000000001 -2.7754059999999994
-4.8729000000000005 -2.8210400000000004
-4.862900000000001 -2.867738
-4.852900000000001 -2.917197
-4.842900000000001 -2.9629170000000005
-4.8329 -3.0072130000000006
-4.822900000000001 -3.0471379999999995
-4.812900000000001 -3.0851429999999995
-4.802900000000001 -3.116836
-4.7929 -3.1453359999999995
-4.782900000000001 -3.167278
-4.772900000000001 -3.181341
-4.762900000000001 -3.188754
-4.7529 -3.1911580000000006
-4.742900000000001 -3.1855270000000013
-4.732900000000001 -3.172885
-4.722900000000001 -3.154387999999999
-4.7129 -3.1310870000000004
-4.7029000000000005 -3.1041649999999996
-4.692900000000001 -3.074418
-4.682900000000001 -3.039344
-4.6729 -3.002921000000001
-4.6629000000000005 -2.964920999999999
-4.652900000000001 -2.9309439999999998
-4.642900000000001 -2.8950839999999998
-4.632900000000001 -2.8586719999999994
-4.6229000000000005 -2.82802
-4.612900000000001 -2.796139000000001
-4.602900000000001 -2.7677800000000006
-4.592900000000001 -2.7414159999999996
-4.5829 -2.717244000000001
-4.572900000000001 -2.692508
-4.562900000000001 -2.672977
-4.552900000000001 -2.6573529999999996
-4.5429 -2.6406989999999997
-4.532900000000001 -2.6242829999999997
-4.522900000000001 -2.6091830000000003
-4.512900000000001 -2.598147000000001
-4.5029 -2.584139
-4.492900000000001 -2.569934
-4.482900000000001 -2.5568979999999994
-4.472900000000001 -2.545417
-4.4629 -2.5314009999999993
-4.4529000000000005 -2.516094
-4.442900000000001 -2.50602
-4.432900000000001 -2.4922139999999997
-4.4229 -2.480935
-4.4129000000000005 -2.4719219999999997
-4.402900000000001 -2.460965
-4.392900000000001 -2.4553130000000003
-4.382900000000001 -2.4497490000000006
-4.372900000000001 -2.4436199999999992
-4.3629000000000016 -2.442796999999999
-4.3529 -2.4446770000000004
-4.3429 -2.4480049999999998
-4.3329 -2.4499350000000004
-4.322900000000001 -2.459169
-4.312900000000001 -2.468314999999999
-4.302900000000001 -2.479101999999999
-4.292900000000001 -2.4921580000000003
-4.2829000000000015 -2.504737
-4.2729 -2.5182210000000005
-4.2629 -2.5339139999999998
-4.2529 -2.5498259999999995
-4.242900000000001 -2.5611900000000003
-4.232900000000001 -2.5727910000000005
-4.222900000000001 -2.5820540000000003
-4.212900000000001 -2.5925410000000007
-4.202900000000001 -2.5988640000000007
-4.1929 -2.6023970000000007
-4.1829 -2.605115
-4.1729 -2.6013329999999995
-4.1629000000000005 -2.5964060000000004
-4.152900000000001 -2.589352
-4.142900000000001 -2.579291
-4.132900000000001 -2.5641249999999998
-4.122900000000001 -2.5459020000000008
-4.1129000000000016 -2.526707
-4.1029 -2.5057549999999997
-4.0929 -2.4801330000000004
-4.0829 -2.4549749999999997
-4.072900000000001 -2.4271160000000003
-4.062900000000001 -2.3970850000000006
-4.052900000000001 -2.366114
-4.042900000000001 -2.3336679999999994
-4.0329000000000015 -2.304795
-4.0229 -2.2745229999999994
-4.0129 -2.2426800000000005
-4.0029 -2.2131279999999993
-3.9929000000000006 -2.1848119999999995
-3.9829000000000008 -2.157164
-3.972900000000001 -2.1298210000000006
-3.962900000000001 -2.1036429999999995
-3.9529000000000014 -2.082628
-3.9429 -2.0615470000000005
-3.9329 -2.0420219999999993
-3.9229000000000003 -2.0239409999999998
-3.9129000000000005 -2.007975
-3.9029000000000007 -1.9946059999999999
-3.892900000000001 -1.9838520000000004
-3.882900000000001 -1.9757109999999993
-3.8729000000000013 -1.9686839999999994
-3.8629000000000016 -1.9625349999999997
-3.8529 -1.958674
-3.8429 -1.9569870000000005
-3.8329000000000004 -1.953075
-3.8229000000000006 -1.9520530000000005
-3.812900000000001 -1.9508499999999998
-3.802900000000001 -1.9482720000000002
-3.7929000000000013 -1.946523
-3.7829000000000015 -1.941178
-3.7729 -1.9365700000000003
-3.7629 -1.930075
-3.7529000000000003 -1.9214560000000003
-3.7429000000000006 -1.911384
-3.7329000000000008 -1.897886
-3.722900000000001 -1.883015
-3.712900000000001 -1.8664919999999998
-3.7029000000000014 -1.850489
-3.6929 -1.8333639999999998
-3.6829 -1.814294
-3.6729000000000003 -1.7942209999999994
-3.6629000000000005 -1.7779079999999994
-3.6529000000000007 -1.7569129999999993
-3.642900000000001 -1.7423679999999997
-3.632900000000001 -1.726933
-3.6229000000000013 -1.7136899999999997
-3.6129000000000016 -1.7030170000000002
-3.6029 -1.6953349999999998
-3.5929 -1.6869109999999998
-3.5829000000000004 -1.6820630000000005
-3.5729000000000006 -1.680752
-3.562900000000001 -1.6781659999999996
-3.552900000000001 -1.6780210000000007
-3.5429000000000013 -1.6781930000000003
-3.5329000000000015 -1.6784659999999998
-3.5229 -1.6790330000000004
-3.5129 -1.6785050000000001
-3.5029000000000003 -1.6780480000000002
-3.4929000000000006 -1.676297
-3.4829000000000008 -1.6715210000000003
-3.472900000000001 -1.667656
-3.462900000000001 -1.6626689999999995
-3.4529000000000014 -1.6563080000000003
-3.4429 -1.6505499999999997
-3.4329 -1.6402149999999998
-3.4229000000000003 -1.6343099999999995
-3.4129000000000005 -1.6274160000000002
-3.4029000000000007 -1.6207810000000005
-3.392900000000001 -1.6164860000000005
-3.382900000000001 -1.6155969999999993
-3.3729000000000013 -1.6171829999999996
-3.3629000000000016 -1.621164
-3.3529 -1.6285949999999993
-3.3429 -1.6384460000000005
-3.3329000000000004 -1.6498359999999999
-3.3229000000000006 -1.6651269999999998
-3.312900000000001 -1.682776
-3.302900000000001 -1.704809
-3.2929000000000013 -1.7261069999999996
-3.2829000000000015 -1.7494050000000008
-3.2729 -1.7767730000000004
-3.2629 -1.8015470000000005
-3.2529000000000003 -1.8245900000000002
-3.2429000000000006 -1.8514670000000002
-3.2329000000000008 -1.8770089999999997
-3.222900000000001 -1.9004349999999999
-3.212900000000001 -1.923343
-3.2029000000000014 -1.9449650000000003
-3.1929 -1.9639580000000008
-3.1829 -1.9828580000000005
-3.1729000000000003 -1.9985190000000006
-3.1629000000000005 -2.014168
-3.1529000000000007 -2.025622
-3.142900000000001 -2.035361
-3.132900000000001 -2.042777
-3.1229000000000013 -2.0470240000000004
-3.1129000000000016 -2.0500170000000004
-3.1029 -2.0516300000000003
-3.0929 -2.048301
-3.0829000000000004 -2.043106
-3.0729000000000006 -2.036463
-3.062900000000001 -2.0240909999999994
-3.052900000000001 -2.0111090000000003
-3.0429000000000013 -1.9982759999999997
-3.0329000000000015 -1.980248
-3.0229 -1.9597089999999997
-3.0129 -1.936389
-3.0029000000000003 -1.9144830000000002
-2.9929000000000006 -1.8915949999999995
-2.9829000000000008 -1.8673300000000002
-2.972900000000001 -1.8423189999999996
-2.962900000000001 -1.8186590000000002
-2.9529000000000014 -1.7943550000000006
-2.9429 -1.7768250000000005
-2.9329 -1.7555450000000006
-2.9229000000000003 -1.7400530000000003
-2.9129000000000005 -1.726797
-2.9029000000000007 -1.7153469999999997
-2.892900000000001 -1.7054929999999997
-2.882900000000001 -1.6983019999999998
-2.8729000000000013 -1.695289
-2.8629000000000016 -1.6949530000000002
-2.8529 -1.69651
-2.8429 -1.6991299999999996
-2.8329000000000004 -1.7031979999999998
-2.8229000000000006 -1.7090280000000004
-2.812900000000001 -1.7158300000000006
-2.802900000000001 -1.7218740000000001
-2.7929000000000013 -1.7315690000000006
-2.7829000000000015 -1.7389929999999991
-2.7729 -1.7485700000000002
-2.7629 -1.7541729999999998
-2.7529000000000003 -1.7628399999999995
-2.7429000000000006 -1.7683249999999995
-2.7329000000000008 -1.7741239999999998
-2.722900000000001 -1.778785
-2.712900000000001 -1.780373
-2.7029000000000014 -1.7825820000000003
-2.6929 -1.7811590000000004
-2.6829 -1.7812840000000005
-2.6729000000000003 -1.775297
-2.6629000000000005 -1.770772
-2.6529000000000007 -1.764946
-2.642900000000001 -1.7559780000000005
-2.632900000000001 -1.746724
-2.6229000000000013 -1.7363009999999999
-2.6129000000000016 -1.725937
-2.6029 -1.7157700000000002
-2.5929 -1.706544
-2.5829000000000004 -1.6966509999999995
-2.5729000000000006 -1.6890459999999996
-2.562900000000001 -1.6811729999999996
-2.552900000000001 -1.6775879999999999
-2.5429000000000013 -1.6730359999999997
-2.5329000000000015 -1.6726009999999996
-2.5229 -1.6754270000000002
-2.5129 -1.677962
-2.5029000000000003 -1.6845890000000003
-2.4929000000000006 -1.692981
-2.4829000000000008 -1.7004659999999998
-2.472900000000001 -1.7102829999999998
-2.462900000000001 -1.723201
-2.4529000000000014 -1.7332150000000006
-2.4429 -1.7469310000000002
-2.4329 -1.7578439999999995
-2.4229000000000003 -1.7692120000000007
-2.4129000000000005 -1.7803060000000004
-2.4029000000000007 -1.7899
-2.392900000000001 -1.797915
-2.382900000000001 -1.8026670000000002
-2.3729000000000013 -1.8055380000000003
-2.3629000000000016 -1.8078469999999995
-2.3529 -1.8054590000000001
-2.3429 -1.800616
-2.3329000000000004 -1.796715
-2.3229000000000006 -1.7864419999999999
-2.312900000000001 -1.77464
-2.302900000000001 -1.7618460000000005
-2.2929000000000013 -1.7456530000000003
-2.2829000000000015 -1.727899
-2.2729 -1.7076169999999997
-2.2629 -1.6860179999999998
-2.2529000000000003 -1.661373
-2.2429000000000006 -1.6380320000000002
-2.2329000000000008 -1.6121847
-2.222900000000001 -1.5843932000000003
-2.212900000000001 -1.5560861000000004
-2.2029000000000014 -1.5275762000000002
-2.1929 -1.4995656000000004
-2.1829 -1.4685303000000003
-2.1729000000000003 -1.4371571999999997
-2.1629000000000005 -1.4035244000000002
-2.1529000000000007 -1.3729297999999996
-2.142900000000001 -1.3381853
-2.132900000000001 -1.3051030999999997
-2.1229000000000013 -1.271914
-2.1129000000000016 -1.2376617
-2.1029 -1.2032960999999998
-2.0929 -1.1691658999999999
-2.0829000000000004 -1.1365449000000003
-2.0729000000000006 -1.1034063999999997
-2.062900000000001 -1.0714762
-2.052900000000001 -1.0401806999999996
-2.0429000000000013 -1.0112368000000003
-2.0329000000000015 -0.9822177
-2.0229 -0.9578872000000002
-2.0129 -0.9361297000000001
-2.0029000000000003 -0.9169512999999999
-1.9929000000000006 -0.9011755999999999
-1.9829000000000008 -0.8894781999999999
-1.972900000000001 -0.8827858000000002
-1.9629000000000012 -0.8803506999999998
-1.9529000000000014 -0.8812046999999998
-1.9428999999999998 -0.8866658
-1.9329 -0.8964471000000002
-1.9229000000000003 -0.9106732
-1.9129000000000005 -0.9283853999999999
-1.9029000000000007 -0.9514026
-1.892900000000001 -0.9779464
-1.8829000000000011 -1.0066582
-1.8729000000000013 -1.0394035000000004
-1.8629000000000016 -1.0753465
-1.8529 -1.1128867999999996
-1.8429000000000002 -1.1532046
-1.8329000000000004 -1.1960068
-1.8229000000000006 -1.2388000000000001
-1.8129000000000008 -1.2835845000000004
-1.802900000000001 -1.3263280000000002
-1.7929000000000013 -1.3721706000000002
-1.7829000000000015 -1.4152771000000002
-1.7729 -1.4555904
-1.7629000000000001 -1.4938695999999998
-1.7529000000000003 -1.5321465000000005
-1.7429000000000006 -1.5642361000000007
-1.7329000000000008 -1.5959895000000002
-1.722900000000001 -1.6187375000000006
-1.7129000000000012 -1.6421809000000005
-1.7029000000000014 -1.6565823
-1.6928999999999998 -1.6731561000000004
-1.6829 -1.6811086
-1.6729000000000003 -1.6834928000000002
-1.6629000000000005 -1.6845186
-1.6529000000000007 -1.6817281999999998
-1.642900000000001 -1.6758944999999998
-1.6329000000000011 -1.6674277
-1.6229000000000013 -1.6572167999999996
-1.6129000000000016 -1.6473839000000003
-1.6029 -1.6363447999999996
-1.5929000000000002 -1.6246459999999998
-1.5829000000000004 -1.6155702000000005
-1.5729000000000006 -1.6070675000000005
-1.5629000000000008 -1.6013812000000003
-1.552900000000001 -1.5951700000000002
-1.5429000000000013 -1.5960161000000006
-1.5329000000000015 -1.5982394000000002
-1.5229 -1.6031170000000003
-1.5129000000000001 -1.6131229000000005
-1.5029000000000003 -1.6251660000000003
-1.4929000000000006 -1.6411445000000007
-1.4829000000000008 -1.6597381
-1.472900000000001 -1.6816358000000005
-1.4629000000000012 -1.7036308000000002
-1.4529000000000014 -1.7278135999999997
-1.4428999999999998 -1.7541986999999997
-1.4329 -1.780527
-1.4229000000000003 -1.8051240999999998
-1.4129000000000005 -1.8294403000000006
-1.4029000000000007 -1.8528145000000003
-1.392900000000001 -1.8742056000000002
-1.3829000000000011 -1.8948142000000006
-1.3729000000000013 -1.9139373999999998
-1.3629000000000016 -1.9292785
-1.3529 -1.9454095
-1.3429000000000002 -1.9584433000000006
-1.3329000000000004 -1.9735920000000005
-1.3229000000000006 -1.985626
-1.3129000000000008 -1.9975428
-1.302900000000001 -2.0117708999999993
-1.2929000000000013 -2.0286701999999996
-1.2829000000000015 -2.0424729000000004
-1.2729 -2.0607418
-1.2629000000000001 -2.0812869999999997
-1.2529000000000003 -2.1021557
-1.2429000000000006 -2.1251405
-1.2329000000000008 -2.1502709
-1.222900000000001 -2.1776683999999995
-1.2129000000000012 -2.2059890999999996
-1.2029000000000014 -2.235357900000001
-1.1928999999999998 -2.2618669
-1.1829 -2.289328700000001
-1.1729000000000003 -2.3153917000000006
-1.1629000000000005 -2.3405256000000008
-1.1529000000000007 -2.3610650999999994
-1.142900000000001 -2.3795631999999998
-1.1329000000000011 -2.3933809
-1.1229000000000013 -2.4012601000000005
-1.1129000000000016 -2.4082791
-1.1029 -2.4089355999999995
-1.0929000000000002 -2.4052809
-1.0829000000000004 -2.3979638
-1.0729000000000006 -2.384427499999999
-1.0629000000000008 -2.3683699999999996
-1.052900000000001 -2.3459794000000005
-1.0429000000000013 -2.3229097999999997
-1.0329000000000015 -2.2948022
-1.0229 -2.2643127
-1.0129000000000001 -2.2324112
-1.0029000000000003 -2.1985442000000006
-0.9929000000000006 -2.1624946000000005
-0.9829000000000008 -2.1284471
-0.972900000000001 -2.092225299999999
-0.9629000000000012 -2.0570468999999996
-0.9529000000000014 -2.0227910000000007
-0.9428999999999998 -1.9887569000000003
-0.9329000000000001 -1.9577445999999996
-0.9229000000000003 -1.9269881
-0.9129000000000005 -1.8982020999999998
-0.9029000000000007 -1.8716658000000002
-0.8929000000000009 -1.8462249999999998
-0.8829000000000011 -1.8199447999999996
-0.8729000000000013 -1.7976731999999995
-0.8629000000000016 -1.7756268000000006
-0.8529 -1.7545976
-0.8429000000000002 -1.7314786000000002
-0.8329000000000004 -1.7093852999999999
-0.8229000000000006 -1.6874087999999998
-0.8129000000000008 -1.6670402000000004
-0.8029000000000011 -1.6418662000000002
-0.7929000000000013 -1.6176378000000002
-0.7829000000000015 -1.5892779000000001
-0.7728999999999999 -1.5602515
-0.7629000000000001 -1.5316416
-0.7529000000000003 -1.4993701999999998
-0.7429000000000006 -1.4661801700000003
-0.7329000000000008 -1.43254661
-0.722900000000001 -1.39425574
-0.7129000000000012 -1.3571275499999997
-0.7029000000000014 -1.3181770400000004
-0.6928999999999998 -1.27910531
-0.6829000000000001 -1.2405156699999997
-0.6729000000000003 -1.2005969
-0.6629000000000005 -1.16114081
-0.6529000000000007 -1.12174887
-0.6429000000000009 -1.0830981999999998
-0.6329000000000011 -1.0457040699999995
-0.6229000000000013 -1.0095050800000003
-0.6129000000000016 -0.9735770200000001
-0.6029 -0.9391698700000002
-0.5929000000000002 -0.9073374300000001
-0.5829000000000004 -0.8749640999999999
-0.5729000000000006 -0.84407995
-0.5629000000000008 -0.81382288
-0.5529000000000011 -0.7848892000000002
-0.5429000000000013 -0.75597008
-0.5329000000000015 -0.7276403099999998
-0.5228999999999999 -0.6991417399999998
-0.5129000000000001 -0.67053968
-0.5029000000000003 -0.6406695799999998
-0.49290000000000056 -0.61063131
-0.4829000000000008 -0.5802438499999999
-0.472900000000001 -0.54834356
-0.4629000000000012 -0.5157443700000001
-0.4529000000000014 -0.48242107000000006
-0.44289999999999985 -0.44899114999999995
-0.43290000000000006 -0.4154221290000001
-0.4229000000000003 -0.38151623600000006
-0.4129000000000005 -0.3480310499999999
-0.4029000000000007 -0.314802439
-0.3929000000000009 -0.28268683600000005
-0.38290000000000113 -0.252566476
-0.37290000000000134 -0.22325521699999992
-0.36290000000000155 -0.195681875
-0.3529 -0.1696902079
-0.3429000000000002 -0.14624418050000002
-0.3329000000000004 -0.1252241489
-0.32290000000000063 -0.1056687007
-0.31290000000000084 -0.0885210464
-0.30290000000000106 -0.0734261963
-0.29290000000000127 -0.06034495519999999
-0.2829000000000015 -0.049134404289999996
-0.2728999999999999 -0.039668040909999994
-0.26290000000000013 -0.0316194136
-0.25290000000000035 -0.02496390134
-0.24290000000000056 -0.01958542993
-0.23290000000000077 -0.01516908568
-0.222900000000001 -0.011601041212999999
-0.2129000000000012 -0.008833760531999997
-0.2029000000000014 -0.006635081747
-0.19289999999999985 -0.004941243105
-0.18290000000000006 -0.0036359302400000002
-0.17290000000000028 -0.0026548878349999996
-0.1629000000000005 -0.0019147765638999998
-0.1529000000000007 -0.0013628312836999998
-0.14290000000000092 -0.0009639223327999999
-0.13290000000000113 -0.0006735700930000001
-0.12290000000000134 -0.00046656394097
-0.11290000000000155 -0.00031893410035000006
-0.10289999999999999 -0.00021603168356
-0.0929000000000002 -0.00014535105083999996
-0.08290000000000042 -9.612940327000001e-05
-0.07290000000000063 -6.310653999499998e-05
-0.06290000000000084 -4.0992976395000005e-05
-0.05290000000000106 -2.6356416986000003e-05
-0.04290000000000127 -1.6805590539000004e-05
-0.032900000000001484 -1.0579959713200002e-05
-0.02289999999999992 -6.5654421660999996e-06
-0.012900000000000134 -4.0448899187e-06
-0.0029000000000003467 -2.4680429782000008e-06
0.00709999999999944 -1.4829682501199998e-06
0.017099999999999227 -8.875575975500002e-07
0.027099999999999014 -5.246092175699998e-07
0.0370999999999988 -3.0585083370400006e-07
0.04709999999999859 -1.77256217742e-07
0.05710000000000015 -1.01282892874e-07
0.06709999999999994 -5.7319551452999995e-08
0.07709999999999972 -3.202884343159999e-08
0.08709999999999951 -1.7724638294700003e-08
0.0970999999999993 -9.7309220063e-09
0.10709999999999908 -5.2749325939000005e-09
0.11709999999999887 -2.8290706331599997e-09
0.12709999999999866 -1.50240513e-09
0.13709999999999845 -7.885606899999999e-10
0.1471 -4.0925755e-10
0.1570999999999998 -2.1032488700000001e-10
0.16709999999999958 -1.0672257100000001e-10
0.17709999999999937 -5.3664436e-11
0.18709999999999916 -2.6727748000000003e-11
0.19709999999999894 -1.3156678e-11
0.20709999999999873 -6.3183974999999996e-12
0.21709999999999852 -2.9726103e-12
0.22710000000000008 -1.14904696e-12
0.23709999999999987 -1.7323799999999998e-13
0.24709999999999965 -0.0
0.25709999999999944 -0.0
0.2670999999999992 -0.0
0.277099999999999 -0.0
0.2870999999999988 -0.0
0.2970999999999986 -0.0
0.30710000000000015 -0.0
0.31709999999999994 -0.0
0.3270999999999997 -0.0
0.3370999999999995 -0.0
0.3470999999999993 -0.0
0.3570999999999991 -0.0
0.36709999999999887 -0.0
0.37709999999999866 -0.0
0.38709999999999845 -0.0
0.3971 -0.0
0.4070999999999998 -0.0
0.4170999999999996 -0.0
0.42709999999999937 -0.0
0.43709999999999916 -0.0
0.44709999999999894 -0.0
0.45709999999999873 -0.0
0.4670999999999985 -0.0
0.4771000000000001 -0.0
0.48709999999999987 -0.0
0.49709999999999965 -0.0
0.5070999999999994 -0.0
0.5170999999999992 -0.0
0.527099999999999 -0.0
0.5370999999999988 -0.0
0.5470999999999986 -0.0
0.5571000000000002 -0.0
0.5670999999999999 -0.0
0.5770999999999997 -0.0
0.5870999999999995 -2.8739643999999997e-12
0.5970999999999993 -9.4665658e-12
0.6070999999999991 -2.4825537e-11
0.6170999999999989 -5.2167096e-11
0.6270999999999987 -1.0654646899999998e-10
0.6370999999999984 -2.1610753200000001e-10
0.6471 -4.33222e-10
0.6570999999999998 -8.584005900000001e-10
0.6670999999999996 -1.68863433e-09
0.6770999999999994 -3.2667177999999998e-09
0.6870999999999992 -6.272200000000001e-09
0.6970999999999989 -1.1961127500000001e-08
0.7070999999999987 -2.24149132e-08
0.7170999999999985 -4.1613354e-08
0.7271000000000001 -7.649338999999998e-08
0.7370999999999999 -1.38715105e-07
0.7470999999999997 -2.502892e-07
0.7570999999999994 -4.4629424e-07
0.7670999999999992 -7.850503e-07
0.777099999999999 -1.36705667e-06
0.7870999999999988 -2.3621870799999997e-06
0.7970999999999986 -4.0308353e-06
0.8071000000000002 -6.805132599999999e-06
0.8170999999999999 -1.1358738e-05
0.8270999999999997 -1.87971186e-05
0.8370999999999995 -3.0759106999999994e-05
0.8470999999999993 -4.9757425e-05
0.8570999999999991 -7.961206299999999e-05
0.8670999999999989 -0.00012665311
0.8770999999999987 -0.000198024139
0.8870999999999984 -0.00030658992999999993
0.8971 -0.0004714391501458269
0.9070999999999998 -0.0007157021003053885
0.9170999999999996 -0.0010755673306317491
0.9270999999999994 -0.0015982919812949378
0.9370999999999992 -0.0023522027428554203
0.9470999999999989 -0.0034278075057482637
0.9570999999999987 -0.004945665211444335
0.9670999999999985 -0.007046524623457121
0.9771000000000001 -0.009951614945847282
0.9870999999999999 -0.013872118688755925
0.9970999999999997 -0.019199677070802345
1.0070999999999994 -0.02633632332543507
1.0170999999999992 -0.03568494861105865
1.027099999999999 -0.04784740613524111
1.0370999999999988 -0.06352845608835338
1.0470999999999986 -0.08353178579797715
1.0571000000000002 -0.1085618778522544
1.0671 -0.13972226624867762
1.0770999999999997 -0.17892109264056177
1.0870999999999995 -0.22516301485812282
1.0970999999999993 -0.28245264566861994
1.107099999999999 -0.34979794251007895
1.1170999999999989 -0.42920566112061426
1.1270999999999987 -0.5216760418542281
1.1370999999999984 -0.6292174752000799
1.1471 -0.7508424631599001
1.1570999999999998 -0.8885402032231502
1.1670999999999996 -1.0453116053570803
1.1770999999999994 -1.2061610105473495
1.1870999999999992 -1.3970913538874001
1.197099999999999 -1.5981001780227
1.2070999999999987 -1.8091681378305002
1.2170999999999985 -2.0403043514843997
1.2271 -2.2714896705661003
1.2370999999999999 -2.5227242912990007
1.2470999999999997 -2.773989588288
1.2570999999999994 -3.025326292408
1.2670999999999992 -3.286631071518999
1.277099999999999 -3.537957397803998
1.2870999999999988 -3.789302438966
1.2970999999999986 -4.0305808224399975
1.3071000000000002 -4.2620033305900025
1.3171 -4.483397040619999
1.3270999999999997 -4.694776871439998
1.3370999999999995 -4.886307227819998
1.3470999999999993 -5.05801704875
1.357099999999999 -5.209863446999998
1.3670999999999989 -5.341972713
1.3770999999999987 -5.4544170795
1.3870999999999984 -5.537433489600001
1.3971 -5.611095781600001
1.4070999999999998 -5.655709806100001
1.4170999999999996 -5.681305649700001
1.4270999999999994 -5.688509883999997
1.4370999999999992 -5.677405478
1.447099999999999 -5.648684336000003
1.4570999999999987 -5.612570313000002
1.4670999999999985 -5.569906254000002
1.4771 -5.521405482999998
1.4870999999999999 -5.468097159999998
1.4970999999999997 -5.410425773999999
1.5070999999999994 -5.360296282999999
1.5170999999999992 -5.3185455369999985
1.527099999999999 -5.276918880000001
1.5370999999999988 -5.2569266
1.5470999999999986 -5.25121526
1.5571000000000002 -5.261016499999998
1.5671 -5.29035545
1.5770999999999997 -5.3411981000000015
1.5870999999999995 -5.4256268200000015
1.5970999999999993 -5.527594470000001
1.607099999999999 -5.6720204999999995
1.6170999999999989 -5.850240590000001
1.6270999999999987 -6.067960790000001
1.6370999999999984 -6.32941838
1.6471 -6.624247299999999
1.6570999999999998 -6.975825699999999
1.6670999999999996 -7.371767600000001
1.6770999999999994 -7.8125057999999985
1.6870999999999992 -8.323637000000009
1.697099999999999 -8.8851945
1.7070999999999987 -9.487141900000001
1.7170999999999985 -10.139606800000005
1.7271 -10.862088899999996
1.7370999999999999 -11.614960499999997
1.7470999999999997 -12.407797299999999
1.7570999999999994 -13.250731700000003
1.7670999999999992 -14.103594000000001
1.777099999999999 -14.996309799999997
1.7870999999999988 -15.878437000000002
1.7970999999999986 -16.78023990000001
1.8071000000000002 -17.681741299999988
1.8171 -18.5324567
1.8270999999999997 -19.382336099999996
1.8370999999999995 -20.181239899999998
1.8470999999999993 -20.919103299999993
1.857099999999999 -21.606225999999996
1.8670999999999989 -22.23191969999999
1.8770999999999987 -22.776832900000002
1.8870999999999984 -23.230585300000005
1.8971 -23.612859500000003
1.9070999999999998 -23.90407549999999
1.9170999999999996 -24.083852800000003
1.9270999999999994 -24.1824198
1.9370999999999992 -24.180051300000006
1.947099999999999 -24.066421900000012
1.9570999999999987 -23.8614151
1.9670999999999985 -23.5658595
1.9771 -23.179162099999996
1.9870999999999999 -22.701208
1.9970999999999997 -22.152655900000003
2.0070999999999994 -21.493099199999996
2.0170999999999992 -20.773237
2.027099999999999 -20.002470199999994
2.037099999999999 -19.171518899999995
2.0470999999999986 -18.270272700000003
2.0571 -17.349040300000002
2.0671 -16.407757999999998
2.0770999999999997 -15.446667300000001
2.0870999999999995 -14.465837600000002
2.0970999999999993 -13.505830900000005
2.107099999999999 -12.556044900000002
2.117099999999999 -11.6373063
2.1270999999999987 -10.7490991
2.1370999999999984 -9.931655099999997
2.1471 -9.135545999999994
2.1571 -8.4004928
2.1670999999999996 -7.736693
2.1770999999999994 -7.1237463
2.187099999999999 -6.601985100000001
2.197099999999999 -6.121243800000003
2.2070999999999987 -5.7015993
2.2170999999999985 -5.373939300000001
2.2271 -5.069101699999998
2.2371 -4.828202300000001
2.2470999999999997 -4.6499475000000015
2.2570999999999994 -4.505331500000001
2.2670999999999992 -4.395478899999999
2.277099999999999 -4.327773999999997
2.287099999999999 -4.2948371000000005
2.2970999999999986 -4.263860399999998
2.3071 -4.266043299999999
2.3171 -4.302466099999998
2.3270999999999997 -4.331813499999999
2.3370999999999995 -4.3828610999999995
2.3470999999999993 -4.438004199999999
2.357099999999999 -4.494636399999998
2.367099999999999 -4.565022100000002
2.3770999999999987 -4.615796800000002
2.3870999999999984 -4.680619099999997
2.3971 -4.735422999999999
2.4071 -4.7920131999999995
2.4170999999999996 -4.850807400000002
2.4270999999999994 -4.900446300000003
2.437099999999999 -4.9403197
2.447099999999999 -4.992036999999999
2.4570999999999987 -5.023456200000002
2.4670999999999985 -5.066318100000002
2.4771 -5.1202361
2.4871 -5.153871499999998
2.4970999999999997 -5.209581300000001
2.5070999999999994 -5.254364600000001
2.5170999999999992 -5.321415600000002
2.527099999999999 -5.387391300000002
2.537099999999999 -5.464877599999999
2.5470999999999986 -5.551793700000002
2.5571 -5.648904299999999
2.5671 -5.766557600000003
2.5770999999999997 -5.872677599999999
2.5870999999999995 -5.9988969
2.5970999999999993 -6.123466999999998
2.607099999999999 -6.2673143
2.617099999999999 -6.398175499999999
2.6270999999999987 -6.5392214000000015
2.6370999999999984 -6.6670067000000035
2.6471 -6.802739999999997
2.6571 -6.908109500000002
2.6670999999999996 -7.0101805
2.6770999999999994 -7.093096399999999
2.687099999999999 -7.1733006
2.697099999999999 -7.223998899999999
2.7070999999999987 -7.264428500000002
2.7170999999999985 -7.285298199999999
2.7271 -7.277683800000001
2.7371 -7.271614399999998
2.7470999999999997 -7.2272913999999995
2.7570999999999994 -7.175758099999999
2.7670999999999992 -7.106696099999999
2.777099999999999 -7.040302599999999
2.787099999999999 -6.947925100000002
2.7970999999999986 -6.857046299999999
2.8071 -6.7594430999999995
2.8171 -6.634556499999998
2.8270999999999997 -6.521256100000002
2.8370999999999995 -6.390632800000003
2.8470999999999993 -6.251093
2.857099999999999 -6.122268799999999
2.867099999999999 -5.9652970000000005
2.8770999999999987 -5.808032899999999
2.8870999999999984 -5.651604599999998
2.8971 -5.4658038
2.9071 -5.288939999999999
2.9170999999999996 -5.122715400000001
2.9270999999999994 -4.935508100000002
2.937099999999999 -4.748531999999999
2.947099999999999 -4.552226399999999
2.9570999999999987 -4.355014400000002
2.9670999999999985 -4.1680844000000015
2.9771 -3.990456900000002
2.9871 -3.8119749000000005
2.9970999999999997 -3.6387685
3.0070999999999994 -3.4732676000000002
3.0170999999999992 -3.3157338000000007
3.027099999999999 -3.170017700000001
3.037099999999999 -3.0315569000000004
3.0470999999999986 -2.9056271000000007
3.0571 -2.786341
3.0671 -2.6812515000000006
3.0770999999999997 -2.5877276999999994
3.0870999999999995 -2.496407100000001
3.0970999999999993 -2.428618600000001
3.107099999999999 -2.3600996
3.117099999999999 -2.2917919999999987
3.1270999999999987 -2.2337005999999997
3.1370999999999984 -2.182371800000001
3.1471 -2.1395254000000006
3.1571 -2.0944026000000004
3.1670999999999996 -2.0533905000000003
3.1770999999999994 -2.018038
3.187099999999999 -1.9759571000000002
3.197099999999999 -1.9362278000000002
3.2070999999999987 -1.8907775000000002
3.2170999999999985 -1.8482035999999997
3.2271 -1.8034066000000004
3.2371 -1.7589416999999998
3.2470999999999997 -1.7142921
3.2570999999999994 -1.6690055000000004
3.2670999999999992 -1.6223492000000002
3.277099999999999 -1.5792552999999994
3.287099999999999 -1.5363138000000003
3.2970999999999986 -1.4943798999999998
3.3071 -1.4546427999999998
3.3171 -1.4192650000000002
3.3270999999999997 -1.3850305000000007
3.3370999999999995 -1.3539165
3.3470999999999993 -1.3268916999999998
3.357099999999999 -1.3006001
3.367099999999999 -1.2773065
3.3770999999999987 -1.254772999999999
3.3870999999999984 -1.2362110000000002
3.3971 -1.2180830000000002
3.4071 -1.2005790000000003
3.4170999999999996 -1.182499
3.4270999999999994 -1.1669309999999997
3.437099999999999 -1.14775
3.447099999999999 -1.1303779999999992
3.4570999999999987 -1.1142050000000006
3.4670999999999985 -1.0944220000000005
3.4771 -1.074077
3.4871 -1.0546619999999995
3.4970999999999997 -1.033775
3.5070999999999994 -1.011844
3.5170999999999992 -0.991478
3.527099999999999 -0.9688979999999996
3.537099999999999 -0.9476990000000001
3.5470999999999986 -0.926727
3.5571 -0.906668
3.5671 -0.8860609999999995
3.5770999999999997 -0.8687800000000001
3.5870999999999995 -0.8508270000000001
3.5970999999999993 -0.835144
3.607100000000001 -0.8199760000000001
3.617099999999999 -0.8051760000000002
3.6271000000000004 -0.7908019999999998
3.6370999999999984 -0.7795609999999998
3.6471 -0.767501
3.657099999999998 -0.7567779999999996
3.6670999999999996 -0.7462380000000002
3.6770999999999976 -0.7354887999999999
3.687099999999999 -0.7257104000000001
3.6971000000000007 -0.7145867999999997
3.7070999999999987 -0.7035229999999999
3.7171000000000003 -0.6924271000000002
3.7270999999999983 -0.6810249999999999
3.7371 -0.6693819000000002
3.747099999999998 -0.6566398000000002
3.7570999999999994 -0.6427568000000004
3.767100000000001 -0.6291968000000002
3.777099999999999 -0.6147509000000003
3.7871000000000006 -0.6000742000000001
3.7970999999999986 -0.5845142999999996
3.8071 -0.5690052999999997
3.817099999999998 -0.5535365
3.8270999999999997 -0.5377759000000002
3.8370999999999977 -0.5224023999999999
3.8470999999999993 -0.5071163
3.857100000000001 -0.49264330000000006
3.867099999999999 -0.47909140000000006
3.8771000000000004 -0.46598830000000013
3.8870999999999984 -0.4539523000000002
3.8971 -0.4430474999999998
3.907099999999998 -0.43325579999999997
3.9170999999999996 -0.4248496
3.9270999999999976 -0.4176301
3.937099999999999 -0.4114735000000001
3.9471000000000007 -0.4069430000000001
3.9570999999999987 -0.4033977
3.9671000000000003 -0.4012776
3.9770999999999983 -0.3998225999999998
3.9871 -0.39966280000000004
3.997099999999998 -0.4001071000000001
4.007099999999999 -0.4015257
4.017100000000001 -0.40342770000000006
4.027099999999999 -0.4058735999999999
4.037100000000001 -0.4087122000000001
4.047099999999999 -0.4118828999999997
4.0571 -0.41509619999999997
4.067099999999998 -0.41883129999999996
4.0771 -0.4223278
4.087099999999998 -0.42590569999999983
4.097099999999999 -0.42963460000000003
4.107100000000001 -0.43317370000000005
4.117099999999999 -0.4367042999999998
4.1271 -0.44033550000000005
4.1370999999999984 -0.44388690000000003
4.1471 -0.4475486000000001
4.157099999999998 -0.45101069999999993
4.1671 -0.4547831999999999
4.177099999999998 -0.4586562
4.187099999999999 -0.4626681000000001
4.197100000000001 -0.4670008
4.207099999999999 -0.47135390000000005
4.2171 -0.4759271000000001
4.227099999999998 -0.4804595999999999
4.2371 -0.4853927
4.247099999999998 -0.4901658
4.257099999999999 -0.4950381
4.267100000000001 -0.49963119999999994
4.277099999999999 -0.5038194
4.287100000000001 -0.5079916
4.297099999999999 -0.5112293000000001
4.3071 -0.5139385000000001
4.317099999999998 -0.5158237
4.3271 -0.5168564999999999
4.337099999999998 -0.5164777000000002
4.347099999999999 -0.5153766000000001
4.357100000000001 -0.5129203
4.367099999999999 -0.5095617000000001
4.3771 -0.5047107000000002
4.3870999999999984 -0.4989245
4.3971 -0.4922161999999999
4.407099999999998 -0.4845329
4.4171 -0.4764476000000001
4.427099999999998 -0.46752069999999984
4.437099999999999 -0.4584029000000001
4.447100000000001 -0.44923170000000007
4.457099999999999 -0.4400599
4.4671 -0.43104779999999987
4.477099999999998 -0.42251579999999994
4.4871 -0.4143846
4.497099999999998 -0.40738460000000004
4.507099999999999 -0.40050630000000004
4.517100000000001 -0.3951198
4.527099999999999 -0.3904456
4.537100000000001 -0.38653400000000016
4.547099999999999 -0.3836749999999999
4.5571 -0.38179910000000006
4.567099999999998 -0.38067569999999995
4.5771 -0.380135
4.587099999999998 -0.38079690000000016
4.597099999999999 -0.3819410000000001
4.607100000000001 -0.3834373
4.617099999999999 -0.38572599999999996
4.6271 -0.38847629999999994
4.6370999999999984 -0.39158879999999996
4.6471 -0.3952726999999999
4.657099999999998 -0.39910789999999996
4.6671 -0.4030851000000001
4.677099999999998 -0.4076032
4.687099999999999 -0.4120824999999999
4.697100000000001 -0.4170731999999998
4.707099999999999 -0.4221848000000001
4.7171 -0.4270975999999999
4.727099999999998 -0.43234079999999997
4.7371 -0.43726499999999996
4.747099999999998 -0.44260950000000016
4.757099999999999 -0.4475140999999999
4.767100000000001 -0.4521786000000001
4.777099999999999 -0.4567028000000001
4.787100000000001 -0.46085610000000005
4.797099999999999 -0.4643785
4.8071 -0.46762889999999996
4.817099999999998 -0.4696977
4.8271 -0.47118439999999995
4.837099999999998 -0.4717689
4.847099999999999 -0.47168050000000006
4.857100000000001 -0.4705197
4.867099999999999 -0.46849620000000014
4.8771 -0.46513999999999994
4.8870999999999984 -0.4611514999999998
4.8971 -0.4564907000000001
4.907099999999998 -0.4511682
4.9171 -0.44501370000000007
4.927099999999998 -0.4386383000000001
4.937099999999999 -0.4317519
4.947100000000001 -0.42486500000000016
4.957099999999999 -0.4179084000000002
4.9671 -0.41095180000000003
4.977099999999998 -0.40413550000000004
4.9871 -0.39786019999999994
4.997099999999998 -0.3915256
5.007099999999999 -0.38545220000000013
5.017100000000001 -0.37981970000000004
5.027099999999999 -0.3745379000000001
5.037100000000001 -0.36907720000000005
5.047099999999999 -0.3640672000000001
5.0571 -0.3588777999999999
5.067099999999998 -0.3538087
5.0771 -0.34838959999999997
5.087099999999998 -0.3427501000000001
5.097099999999999 -0.33672119999999994
5.107100000000001 -0.3301914
5.117099999999999 -0.3231709000000001
5.1271 -0.31582009999999994
5.1370999999999984 -0.30778859999999997
5.1471 -0.2993262
5.157099999999998 -0.29035310000000003
5.1671 -0.28119320000000003
5.177099999999998 -0.27127579999999996
5.187099999999999 -0.26128969999999996
5.197100000000001 -0.2508755999999999
5.207099999999999 -0.2406791
5.2171 -0.23006599999999996
5.227099999999998 -0.21942550000000002
5.2371 -0.2089364
5.247099999999998 -0.19859189999999993
5.257099999999999 -0.1885193
5.267100000000001 -0.17858819999999997
5.277099999999999 -0.16894700000000004
5.287100000000001 -0.15956289999999998
5.297099999999999 -0.15069269999999993
5.3071 -0.1418723
5.317099999999998 -0.13334220000000002
5.3271 -0.1253193
5.337099999999998 -0.11784840000000002
5.347099999999999 -0.11038540000000001
5.357100000000001 -0.10334579999999999
5.367099999999999 -0.09652416000000003
5.3771 -0.09005284000000001
5.3870999999999984 -0.08388771000000002
5.3971 -0.07797422000000001
5.407099999999998 -0.07234289999999999
5.4171 -0.06693793
5.427099999999998 -0.06181047000000002
5.437099999999999 -0.05691249999999999
5.447100000000001 -0.05222813000000001
5.457099999999999 -0.047843979999999994
5.4671 -0.04366262
5.477099999999998 -0.039725420000000004
5.4871 -0.03604447
5.497099999999998 -0.032591754
5.507099999999999 -0.029356574000000003
5.517100000000001 -0.026374041000000004
5.527099999999999 -0.023615236999999997
5.537100000000001 -0.021074295
5.547099999999999 -0.018756824
5.5571 -0.016616543999999997
5.567099999999998 -0.014698359999999997
5.5771 -0.0129326009
5.587099999999998 -0.011362034600000003
5.597099999999999 -0.0099197548
5.607100000000001 -0.0086414821
5.617099999999999 -0.0074892974
5.6271 -0.006462721699999999
5.6370999999999984 -0.005546992499999998
5.6471 -0.004737978559999999
5.657099999999998 -0.0040244589100000006
5.6671 -0.0033976043499999997
5.677099999999998 -0.00284928226
5.687099999999999 -0.0023726338299999996
5.697100000000001 -0.0019626244900000007
5.707099999999999 -0.0016132103549999998
5.7171 -0.0013124793230000005
5.727099999999998 -0.0010615235290000003
5.7371 -0.0008496226349999999
5.747099999999998 -0.000675107666
5.757099999999999 -0.000531818551
5.767100000000001 -0.0004150514216
5.777099999999999 -0.00032076450390000003
5.787100000000001 -0.0002456922036
5.797099999999999 -0.00018642218669999991
5.8071 -0.00014008051480000002
5.817099999999998 -0.00010426232406000001
5.8271 -7.676280455000001e-05
5.837099999999998 -5.591455999999999e-05
5.847099999999999 -4.0389659999999994e-05
5.857100000000001 -2.8867339999999997e-05
5.867099999999999 -2.0419880000000006e-05
5.8771 -1.4308419999999998e-05
5.8870999999999984 -9.917050999999998e-06
5.8971 -6.800601000000001e-06
5.907099999999998 -4.616983e-06
5.9171 -3.097803e-06
5.927099999999998 -2.059781e-06
5.937099999999999 -1.355862e-06
5.947100000000001 -8.813482000000002e-07
5.957099999999999 -5.68043e-07
