-22.402900000000002 -5.708331000000001e-05
-22.3929 -3.9559870000000005e-05
-22.3829 -2.7156909999999998e-05
-22.3729 -1.8459750000000002e-05
-22.362900000000003 -1.242804e-05
-22.352899999999998 -8.27467e-06
-22.3429 -5.4658819999999996e-06
-22.332900000000002 -3.5707370000000004e-06
-22.3229 -2.3088879999999997e-06
-22.3129 -1.4792723e-06
-22.3029 -9.378817999999998e-07
-22.292900000000003 -5.887396000000002e-07
-22.2829 -3.6615860000000005e-07
-22.2729 -2.2530987000000003e-07
-22.262900000000002 -1.3722428e-07
-22.2529 -8.294634e-08
-22.2429 -4.947233000000001e-08
-22.2329 -2.9252745e-08
-22.222900000000003 -1.7119862e-08
-22.2129 -9.930373000000002e-09
-22.2029 -5.696907e-09
-22.1929 -3.2365920999999997e-09
-22.1829 -1.8196449999999999e-09
-22.1729 -1.0142441e-09
-22.1629 -5.5911766e-10
-22.152900000000002 -3.0524749e-10
-22.1429 -1.6492068999999998e-10
-22.1329 -8.812595000000001e-11
-22.1229 -4.6711317e-11
-22.112900000000003 -2.4494998999999998e-11
-22.102899999999998 -1.27092514e-11
-22.0929 -6.510037300000001e-12
-22.082900000000002 -3.3116982299999997e-12
-22.0729 -1.6616348500000004e-12
-22.0629 -8.102985330000001e-13
-22.0529 -3.89497e-13
-22.042900000000003 -1.80251e-13
-22.0329 -7.614100000000001e-14
-22.0229 -2.6690500000000002e-14
-22.012900000000002 -9.383e-15
-22.0029 -4.007249999999999e-15
-21.9929 -1.68343e-15
-21.9829 -6.18532e-16
-21.972900000000003 -7.9483e-17
-21.9629 -0.0
-21.9529 -0.0
-21.9429 -0.0
-21.9329 -0.0
-21.9229 -0.0
-21.9129 -0.0
-21.902900000000002 -0.0
-21.8929 -0.0
-21.8829 -0.0
-21.8729 -0.0
-21.862900000000003 -0.0
-21.852899999999998 -0.0
-21.8429 -0.0
-21.832900000000002 -0.0
-21.8229 -0.0
-21.8129 -0.0
-21.8029 -0.0
-21.792900000000003 -0.0
-21.7829 -0.0
-21.7729 -0.0
-21.762900000000002 -0.0
-21.7529 -0.0
-21.7429 -0.0
-21.7329 -0.0
-21.722900000000003 -0.0
-21.7129 -0.0
-21.7029 -0.0
-21.6929 -0.0
-21.6829 -0.0
-21.6729 -0.0
-21.6629 -0.0
-21.652900000000002 -0.0
-21.6429 -0.0
-21.6329 -0.0
-21.6229 -0.0
-21.612900000000003 -0.0
-21.602899999999998 -0.0
-21.5929 -0.0
-21.582900000000002 -0.0
-21.5729 -0.0
-21.5629 -0.0
-21.5529 -0.0
-21.542900000000003 -0.0
-21.5329 -0.0
-21.5229 -0.0
-21.512900000000002 -0.0
-21.5029 -0.0
-21.4929 -0.0
-21.4829 -0.0
-21.472900000000003 -0.0
-21.4629 -0.0
-21.4529 -0.0
-21.4429 -0.0
-21.4329 -0.0
-21.4229 -0.0
-21.4129 -0.0
-21.402900000000002 -0.0
-21.3929 -0.0
-21.3829 -0.0
-21.3729 -0.0
-21.362900000000003 -0.0
-21.352899999999998 -0.0
-21.3429 -0.0
-21.332900000000002 -0.0
-21.3229 -0.0
-21.3129 -0.0
-21.3029 -0.0
-21.292900000000003 -0.0
-21.2829 -0.0
-21.2729 -0.0
-21.262900000000002 -0.0
-21.2529 -0.0
-21.2429 -0.0
-21.2329 -0.0
-21.222900000000003 -0.0
-21.2129 -0.0
-21.2029 -0.0
-21.1929 -0.0
-21.1829 -0.0
-21.1729 -0.0
-21.1629 -0.0
-21.152900000000002 -0.0
-21.1429 -0.0
-21.1329 -0.0
-21.1229 -0.0
-21.112900000000003 -0.0
-21.102899999999998 -0.0
-21.0929 -0.0
-21.082900000000002 -0.0
-21.0729 -0.0
-21.0629 -0.0
-21.0529 -0.0
-21.042900000000003 -0.0
-21.0329 -0.0
-21.0229 -0.0
-21.012900000000002 -0.0
-21.0029 -0.0
-20.9929 -0.0
-20.9829 -0.0
-20.972900000000003 -0.0
-20.9629 -0.0
-20.9529 -0.0
-20.9429 -0.0
-20.9329 -0.0
-20.9229 -0.0
-20.9129 -0.0
-20.902900000000002 -0.0
-20.8929 -0.0
-20.8829 -0.0
-20.8729 -0.0
-20.862900000000003 -0.0
-20.852899999999998 -0.0
-20.8429 -0.0
-20.832900000000002 -0.0
-20.8229 -0.0
-20.8129 -0.0
-20.8029 -0.0
-20.792900000000003 -0.0
-20.7829 -0.0
-20.7729 -0.0
-20.762900000000002 -0.0
-20.7529 -0.0
-20.7429 -0.0
-20.7329 -0.0
-20.722900000000003 -0.0
-20.7129 -0.0
-20.7029 -0.0
-20.6929 -0.0
-20.6829 -0.0
-20.6729 -0.0
-20.6629 -0.0
-20.652900000000002 -0.0
-20.6429 -0.0
-20.6329 -0.0
-20.6229 -0.0
-20.612900000000003 -0.0
-20.602899999999998 -0.0
-20.5929 -0.0
-20.582900000000002 -0.0
-20.5729 -0.0
-20.5629 -0.0
-20.5529 -0.0
-20.542900000000003 -0.0
-20.5329 -0.0
-20.5229 -0.0
-20.512900000000002 -0.0
-20.5029 -0.0
-20.4929 -0.0
-20.4829 -0.0
-20.472900000000003 -0.0
-20.4629 -0.0
-20.4529 -0.0
-20.4429 -0.0
-20.4329 -0.0
-20.4229 -0.0
-20.4129 -0.0
-20.402900000000002 -0.0
-20.3929 -0.0
-20.3829 -0.0
-20.3729 -0.0
-20.3629 -1.7269299999999998e-14
-20.3529 -3.60096e-14
-20.3429 -1.0927400000000001e-13
-20.332900000000002 -2.2449300000000003e-13
-20.3229 -4.575449999999999e-13
-20.3129 -9.4069e-13
-20.3029 -1.8753399999999996e-12
-20.2929 -3.69732e-12
-20.2829 -7.221409999999999e-12
-20.2729 -1.403e-11
-20.262900000000002 -2.6838570599999993e-11
-20.2529 -5.094156769999999e-11
-20.2429 -9.554407900000001e-11
-20.2329 -1.76979201e-10
-20.222900000000003 -3.2468334e-10
-20.2129 -5.899488400000001e-10
-20.2029 -1.0590517000000001e-09
-20.1929 -1.8803909299999998e-09
-20.1829 -3.3161799e-09
-20.1729 -5.767483799999999e-09
-20.1629 -9.931524200000003e-09
-20.152900000000002 -1.689781e-08
-20.1429 -2.8594937000000002e-08
-20.1329 -4.7748195e-08
-20.1229 -7.888519299999999e-08
-20.1129 -1.2865236e-07
-20.1029 -2.0912608999999997e-07
-20.0929 -3.3522293000000005e-07
-20.082900000000002 -5.320085599999998e-07
-20.0729 -8.36167e-07
-20.0629 -1.2996537e-06
-20.0529 -2.0064162e-06
-20.0429 -3.0577772e-06
-20.0329 -4.616858000000001e-06
-20.0229 -6.90489e-06
-20.012900000000002 -1.0238007e-05
-20.0029 -1.4991302e-05
-19.9929 -2.1880489999999998e-05
-19.9829 -3.149226000000001e-05
-19.972900000000003 -4.487734000000001e-05
-19.9629 -6.345207999999998e-05
-19.9529 -8.884607999999997e-05
-19.9429 -0.00012351937
-19.9329 -0.0001697703
-19.9229 -0.0002317355
-19.9129 -0.0003139459
-19.902900000000002 -0.000420953
-19.8929 -0.0005609109000000001
-19.8829 -0.0007406888000000003
-19.8729 -0.000969482
-19.8629 -0.0012599689999999999
-19.8529 -0.0016227480000000007
-19.8429 -0.0020783639999999996
-19.832900000000002 -0.0026406880000000004
-19.8229 -0.003329470999999999
-19.8129 -0.004166080000000002
-19.8029 -0.005172219999999999
-19.7929 -0.006381140000000001
-19.7829 -0.00781594
-19.7729 -0.009507039999999998
-19.762900000000002 -0.011484450000000002
-19.7529 -0.013792819999999999
-19.7429 -0.016410030000000003
-19.7329 -0.019484240000000003
-19.722900000000003 -0.02293053
-19.7129 -0.026763100000000005
-19.7029 -0.031111
-19.6929 -0.0359229
-19.6829 -0.041249400000000006
-19.6729 -0.04701000000000002
-19.6629 -0.0533359
-19.652900000000002 -0.0600666
-19.6429 -0.0673223
-19.6329 -0.07514340000000001
-19.6229 -0.083309
-19.6129 -0.09192929999999999
-19.6029 -0.10090340000000002
-19.5929 -0.11021210000000001
-19.582900000000002 -0.11973519999999999
-19.5729 -0.129793
-19.5629 -0.13977330000000002
-19.5529 -0.1498739
-19.5429 -0.160279
-19.5329 -0.17038670000000003
-19.5229 -0.180896
-19.512900000000002 -0.19090599999999996
-19.5029 -0.20091900000000001
-19.4929 -0.21072899999999997
-19.4829 -0.22044200000000003
-19.472900000000003 -0.229753
-19.4629 -0.238464
-19.4529 -0.24737500000000004
-19.4429 -0.255485
-19.4329 -0.2636949999999999
-19.4229 -0.271403
-19.4129 -0.278613
-19.402900000000002 -0.285721
-19.3929 -0.29252700000000004
-19.3829 -0.29903399999999997
-19.3729 -0.30564
-19.3629 -0.31174900000000005
-19.3529 -0.31795300000000004
-19.3429 -0.32386200000000004
-19.332900000000002 -0.3297689999999999
-19.3229 -0.33537200000000006
-19.3129 -0.34097799999999995
-19.3029 -0.346182
-19.2929 -0.35158600000000007
-19.2829 -0.356686
-19.2729 -0.36158400000000007
-19.262900000000002 -0.36597699999999994
-19.2529 -0.370069
-19.2429 -0.37435599999999997
-19.2329 -0.3777400000000001
-19.222900000000003 -0.38131999999999994
-19.2129 -0.38439600000000007
-19.2029 -0.387067
-19.1929 -0.389435
-19.1829 -0.39149799999999996
-19.1729 -0.39326
-19.1629 -0.394917
-19.152900000000002 -0.396372
-19.1429 -0.39742400000000005
-19.1329 -0.39877700000000005
-19.1229 -0.40003
-19.1129 -0.401283
-19.1029 -0.402837
-19.0929 -0.4045000000000001
-19.082900000000002 -0.40636300000000003
-19.0729 -0.408636
-19.0629 -0.41171099999999994
-19.0529 -0.414996
-19.0429 -0.41909100000000005
-19.0329 -0.423493
-19.0229 -0.42860499999999996
-19.012900000000002 -0.434526
-19.0029 -0.44095600000000007
-18.9929 -0.44789000000000007
-18.9829 -0.45503099999999996
-18.972900000000003 -0.462574
-18.9629 -0.47001799999999994
-18.9529 -0.477757
-18.9429 -0.485204
-18.9329 -0.492332
-18.9229 -0.49925600000000003
-18.9129 -0.5054839999999999
-18.902900000000002 -0.510989
-18.8929 -0.515679
-18.8829 -0.5198609999999999
-18.8729 -0.5231290000000001
-18.8629 -0.5255889999999999
-18.8529 -0.5273340000000001
-18.8429 -0.5282640000000001
-18.832900000000002 -0.5284780000000001
-18.8229 -0.528095
-18.8129 -0.5271979999999999
-18.8029 -0.525786
-18.7929 -0.52377
-18.7829 -0.521449
-18.7729 -0.518615
-18.762900000000002 -0.515576
-18.7529 -0.512446
-18.7429 -0.509013
-18.7329 -0.505371
-18.722900000000003 -0.501617
-18.7129 -0.497973
-18.7029 -0.49433199999999994
-18.6929 -0.490584
-18.6829 -0.48683999999999994
-18.6729 -0.4832
-18.6629 -0.479657
-18.652900000000002 -0.476211
-18.6429 -0.47277100000000005
-18.6329 -0.469227
-18.6229 -0.46589
-18.6129 -0.4624460000000001
-18.6029 -0.458978
-18.5929 -0.455446
-18.582900000000002 -0.451685
-18.5729 -0.447936
-18.5629 -0.44367299999999993
-18.5529 -0.43941699999999995
-18.5429 -0.434548
-18.5329 -0.429776
-18.5229 -0.424489
-18.512900000000002 -0.4188010000000001
-18.5029 -0.41261000000000003
-18.4929 -0.405905
-18.4829 -0.3990000000000001
-18.472900000000003 -0.39178199999999996
-18.4629 -0.3838619999999999
-18.4529 -0.375932
-18.4429 -0.3676919999999999
-18.4329 -0.35915099999999994
-18.4229 -0.350612
-18.4129 -0.342063
-18.402900000000002 -0.33321699999999993
-18.3929 -0.324671
-18.3829 -0.31641900000000006
-18.3729 -0.308179
-18.3629 -0.299937
-18.3529 -0.2918990000000001
-18.3429 -0.284465
-18.332900000000002 -0.277033
-18.3229 -0.270006
-18.3129 -0.26318400000000003
-18.3029 -0.25656599999999996
-18.2929 -0.25005099999999997
-18.2829 -0.243639
-18.2729 -0.23753099999999996
-18.262900000000002 -0.23132600000000003
-18.2529 -0.22512499999999996
-18.2429 -0.21932399999999996
-18.2329 -0.21322900000000003
-18.222900000000003 -0.207535
-18.2129 -0.20204599999999998
-18.2029 -0.19656100000000004
-18.1929 -0.191283
-18.1829 -0.186608
-18.1729 -0.182341
-18.1629 -0.17808199999999996
-18.152900000000002 -0.17453
-18.1429 -0.171487
-18.1329 -0.168954
-18.1229 -0.16712899999999997
-18.1129 -0.165715
-18.1029 -0.16480900000000004
-18.0929 -0.16481500000000004
-18.082900000000002 -0.16502700000000003
-18.0729 -0.166047
-18.0629 -0.167375
-18.0529 -0.16921100000000003
-18.0429 -0.17145500000000002
-18.0329 -0.174004
-18.0229 -0.176957
-18.012900000000002 -0.180214
-18.0029 -0.183775
-17.9929 -0.187437
-17.9829 -0.19130199999999997
-17.972900000000003 -0.19536600000000004
-17.9629 -0.199429
-17.9529 -0.203594
-17.9429 -0.20765299999999998
-17.9329 -0.21171199999999998
-17.9229 -0.21566699999999997
-17.9129 -0.21931699999999998
-17.902900000000002 -0.222961
-17.8929 -0.2263
-17.8829 -0.22893
-17.8729 -0.231453
-17.8629 -0.23346699999999998
-17.8529 -0.23497400000000004
-17.8429 -0.23617199999999994
-17.832900000000002 -0.236561
-17.8229 -0.23644
-17.8129 -0.236313
-17.8029 -0.235079
-17.7929 -0.233736
-17.7829 -0.23188799999999998
-17.7729 -0.229937
-17.762900000000002 -0.22768199999999994
-17.7529 -0.22552399999999997
-17.7429 -0.22336799999999998
-17.7329 -0.221012
-17.722900000000003 -0.21926
-17.7129 -0.21771099999999996
-17.7029 -0.216467
-17.6929 -0.215931
-17.6829 -0.21580100000000002
-17.6729 -0.21628099999999997
-17.6629 -0.217465
-17.652900000000002 -0.21925799999999998
-17.6429 -0.22186
-17.6329 -0.22466900000000004
-17.6229 -0.22808199999999998
-17.6129 -0.23200200000000004
-17.6029 -0.23572409999999996
-17.5929 -0.2400987
-17.582900000000002 -0.24414329999999995
-17.5729 -0.24818690000000002
-17.5629 -0.25194759999999994
-17.5529 -0.2550053
-17.5429 -0.25795579999999996
-17.5329 -0.26030129999999996
-17.5229 -0.26171649999999996
-17.512900000000002 -0.26241449999999994
-17.5029 -0.26217399999999996
-17.4929 -0.26099110000000003
-17.4829 -0.2590477
-17.472900000000003 -0.2558447
-17.4629 -0.25177210000000005
-17.4529 -0.2468157
-17.4429 -0.24058149999999998
-17.4329 -0.23355559999999997
-17.4229 -0.22554175999999995
-17.4129 -0.21673407000000003
-17.402900000000002 -0.20743147
-17.3929 -0.19723094000000002
-17.3829 -0.18653447999999997
-17.3729 -0.17553906999999996
-17.3629 -0.1641487
-17.3529 -0.15286236
-17.3429 -0.14117905000000003
-17.332900000000002 -0.12980576000000002
-17.3229 -0.11853649000000004
-17.3129 -0.10787623000000002
-17.3029 -0.09734598000000001
-17.2929 -0.08737434
-17.2829 -0.07790259999999999
-17.2729 -0.06915136999999999
-17.262900000000002 -0.06103063000000001
-17.2529 -0.05364878999999999
-17.2429 -0.04679755
-17.2329 -0.0406754
-17.222900000000003 -0.035142759999999995
-17.2129 -0.030257619999999992
-17.2029 -0.02590997
-17.1929 -0.02210023
-17.1829 -0.018715500000000003
-17.1729 -0.01578268
-17.1629 -0.013246000000000003
-17.152900000000002 -0.01107479
-17.1429 -0.00920168
-17.1329 -0.0076071
-17.1229 -0.006262604999999999
-17.1129 -0.005121891000000002
-17.1029 -0.004161623
-17.0929 -0.003354041
-17.082900000000002 -0.0026981239999999992
-17.0729 -0.0021499929999999998
-17.0629 -0.0016991169999999998
-17.0529 -0.001335597
-17.0429 -0.001038784
-17.0329 -0.000803065
-17.0229 -0.0006155034
-17.012900000000002 -0.0004679347
-17.0029 -0.0003530362
-16.9929 -0.0002631905
-16.9829 -0.0001951349
-16.972900000000003 -0.00014305600000000002
-16.9629 -0.00010400474
-16.9529 -7.487544e-05
-16.9429 -5.336287000000001e-05
-16.9329 -3.7663849999999993e-05
-16.9229 -2.6343317e-05
-16.9129 -1.8203635000000002e-05
-16.902900000000002 -1.2485302999999997e-05
-16.8929 -8.483873e-06
-16.8829 -5.693816000000003e-06
-16.8729 -3.7863972e-06
-16.8629 -2.4901085000000004e-06
-16.8529 -1.6273173e-06
-16.8429 -1.0430222999999998e-06
-16.832900000000002 -6.6810738e-07
-16.8229 -4.2259266000000004e-07
-16.8129 -2.6419475000000006e-07
-16.8029 -1.6312489e-07
-16.7929 -9.9963115e-08
-16.7829 -6.050310299999999e-08
-16.7729 -3.624843200000001e-08
-16.762900000000002 -2.1577591199999995e-08
-16.7529 -1.26183207e-08
-16.7429 -7.3451217e-09
-16.7329 -4.22098472e-09
-16.722900000000003 -2.3999731900000003e-09
-16.7129 -1.35227002e-09
-16.7029 -7.522237760000001e-10
-16.6929 -4.146046540000001e-10
-16.6829 -2.2557078200000003e-10
-16.6729 -1.2190786300000004e-10
-16.6629 -6.5010300799e-11
-16.652900000000002 -3.4333310000173246e-11
-16.6429 -1.7979290000000003e-11
-16.6329 -9.2743e-12
-16.6229 -4.733766e-12
-16.6129 -2.397336e-12
-16.6029 -1.1885969999999999e-12
-16.5929 -5.91217e-13
-16.582900000000002 -2.895325e-13
-16.5729 -1.371279e-13
-16.5629 -5.882309999999999e-14
-16.5529 -2.336584e-14
-16.5429 -3.800293e-15
-16.5329 -0.0
-16.5229 -0.0
-16.512900000000002 -0.0
-16.5029 -0.0
-16.4929 -0.0
-16.4829 -0.0
-16.472900000000003 -0.0
-16.4629 -0.0
-16.4529 -0.0
-16.4429 -0.0
-16.4329 -0.0
-16.4229 -0.0
-16.4129 -0.0
-16.402900000000002 -0.0
-16.3929 -0.0
-16.3829 -0.0
-16.3729 -0.0
-16.3629 -0.0
-16.3529 -0.0
-16.3429 -0.0
-16.332900000000002 -0.0
-16.3229 -0.0
-16.3129 -0.0
-16.3029 -0.0
-16.2929 -0.0
-16.2829 -0.0
-16.2729 -0.0
-16.262900000000002 -0.0
-16.2529 -0.0
-16.2429 -0.0
-16.2329 -0.0
-16.2229 -0.0
-16.2129 -0.0
-16.2029 -0.0
-16.1929 -0.0
-16.1829 -0.0
-16.172900000000002 -0.0
-16.1629 -0.0
-16.152900000000002 -0.0
-16.1429 -0.0
-16.1329 -0.0
-16.1229 -0.0
-16.1129 -0.0
-16.1029 -0.0
-16.0929 -0.0
-16.082900000000002 -0.0
-16.0729 -0.0
-16.0629 -0.0
-16.0529 -0.0
-16.0429 -0.0
-16.0329 -0.0
-16.0229 -0.0
-16.012900000000002 -0.0
-16.0029 -0.0
-15.9929 -0.0
-15.9829 -0.0
-15.972900000000001 -0.0
-15.962900000000001 -0.0
-15.9529 -0.0
-15.942900000000002 -0.0
-15.9329 -0.0
-15.9229 -0.0
-15.9129 -0.0
-15.9029 -0.0
-15.892900000000001 -0.0
-15.882900000000001 -0.0
-15.872900000000001 -0.0
-15.8629 -0.0
-15.852900000000002 -0.0
-15.8429 -0.0
-15.8329 -0.0
-15.8229 -0.0
-15.8129 -0.0
-15.802900000000001 -0.0
-15.792900000000001 -0.0
-15.782900000000001 -0.0
-15.7729 -0.0
-15.7629 -0.0
-15.7529 -0.0
-15.7429 -0.0
-15.7329 -0.0
-15.722900000000001 -0.0
-15.712900000000001 -0.0
-15.7029 -0.0
-15.692900000000002 -0.0
-15.6829 -0.0
-15.6729 -0.0
-15.6629 -0.0
-15.6529 -0.0
-15.642900000000001 -0.0
-15.632900000000001 -0.0
-15.622900000000001 -0.0
-15.6129 -0.0
-15.602900000000002 -0.0
-15.5929 -0.0
-15.5829 -0.0
-15.5729 -0.0
-15.5629 -0.0
-15.552900000000001 -0.0
-15.542900000000001 -0.0
-15.532900000000001 -0.0
-15.5229 -0.0
-15.5129 -0.0
-15.5029 -0.0
-15.4929 -0.0
-15.4829 -0.0
-15.472900000000001 -0.0
-15.462900000000001 -0.0
-15.4529 -0.0
-15.442900000000002 -0.0
-15.4329 -0.0
-15.4229 -0.0
-15.4129 -0.0
-15.4029 -0.0
-15.392900000000001 -0.0
-15.382900000000001 -0.0
-15.372900000000001 -0.0
-15.3629 -0.0
-15.352900000000002 -0.0
-15.3429 -0.0
-15.3329 -0.0
-15.3229 -0.0
-15.3129 -0.0
-15.302900000000001 -0.0
-15.292900000000001 -0.0
-15.282900000000001 -0.0
-15.2729 -0.0
-15.2629 -0.0
-15.2529 -0.0
-15.2429 -0.0
-15.2329 -0.0
-15.222900000000001 -0.0
-15.212900000000001 -0.0
-15.2029 -0.0
-15.192900000000002 -0.0
-15.1829 -0.0
-15.1729 -0.0
-15.1629 -0.0
-15.1529 -0.0
-15.142900000000001 -0.0
-15.132900000000001 -0.0
-15.122900000000001 -0.0
-15.1129 -0.0
-15.102900000000002 -0.0
-15.0929 -0.0
-15.0829 -0.0
-15.0729 -0.0
-15.0629 -0.0
-15.052900000000001 -0.0
-15.042900000000001 -0.0
-15.032900000000001 -0.0
-15.0229 -0.0
-15.0129 -0.0
-15.0029 -0.0
-14.9929 -0.0
-14.9829 -0.0
-14.972900000000001 -0.0
-14.962900000000001 -0.0
-14.9529 -0.0
-14.942900000000002 -0.0
-14.9329 -0.0
-14.9229 -0.0
-14.9129 -0.0
-14.9029 -0.0
-14.892900000000001 -0.0
-14.882900000000001 -0.0
-14.872900000000001 -0.0
-14.8629 -0.0
-14.852900000000002 -0.0
-14.8429 -0.0
-14.8329 -0.0
-14.8229 -0.0
-14.8129 -0.0
-14.802900000000001 -0.0
-14.792900000000001 -0.0
-14.782900000000001 -0.0
-14.7729 -0.0
-14.7629 -0.0
-14.7529 -0.0
-14.7429 -0.0
-14.7329 -0.0
-14.722900000000001 -0.0
-14.712900000000001 -0.0
-14.7029 -0.0
-14.692900000000002 -0.0
-14.6829 -0.0
-14.6729 -0.0
-14.6629 -0.0
-14.6529 -0.0
-14.642900000000001 -0.0
-14.632900000000001 -0.0
-14.622900000000001 -0.0
-14.6129 -0.0
-14.602900000000002 -0.0
-14.5929 -0.0
-14.5829 -0.0
-14.5729 -0.0
-14.5629 -0.0
-14.552900000000001 -0.0
-14.542900000000001 -0.0
-14.532900000000001 -0.0
-14.5229 -0.0
-14.5129 -0.0
-14.5029 -0.0
-14.4929 -0.0
-14.4829 -0.0
-14.472900000000001 -0.0
-14.462900000000001 -0.0
-14.4529 -0.0
-14.442900000000002 -0.0
-14.4329 -0.0
-14.4229 -0.0
-14.4129 -0.0
-14.4029 -0.0
-14.392900000000001 -0.0
-14.382900000000001 -0.0
-14.372900000000001 -0.0
-14.3629 -0.0
-14.3529 -0.0
-14.3429 -0.0
-14.3329 -0.0
-14.3229 -0.0
-14.3129 -0.0
-14.302900000000001 -0.0
-14.292900000000001 -0.0
-14.282900000000001 -0.0
-14.2729 -0.0
-14.2629 -0.0
-14.2529 -0.0
-14.2429 -0.0
-14.2329 -0.0
-14.222900000000001 -0.0
-14.212900000000001 -0.0
-14.202900000000001 -0.0
-14.192900000000002 -0.0
-14.1829 -0.0
-14.1729 -0.0
-14.1629 -0.0
-14.1529 -0.0
-14.142900000000001 -0.0
-14.132900000000001 -0.0
-14.122900000000001 -0.0
-14.1129 -0.0
-14.1029 -0.0
-14.0929 -0.0
-14.0829 -0.0
-14.0729 -0.0
-14.0629 -0.0
-14.052900000000001 -0.0
-14.042900000000001 -0.0
-14.032900000000001 -0.0
-14.0229 -0.0
-14.0129 -0.0
-14.0029 -0.0
-13.9929 -0.0
-13.9829 -0.0
-13.972900000000001 -0.0
-13.962900000000001 -0.0
-13.952900000000001 -0.0
-13.942900000000002 -0.0
-13.9329 -0.0
-13.9229 -0.0
-13.9129 -0.0
-13.9029 -0.0
-13.892900000000001 -0.0
-13.882900000000001 -0.0
-13.872900000000001 -0.0
-13.8629 -0.0
-13.8529 -0.0
-13.8429 -0.0
-13.8329 -0.0
-13.8229 -0.0
-13.8129 -0.0
-13.802900000000001 -0.0
-13.792900000000001 -0.0
-13.782900000000001 -0.0
-13.7729 -0.0
-13.7629 -0.0
-13.7529 -0.0
-13.7429 -0.0
-13.7329 -0.0
-13.722900000000001 -0.0
-13.712900000000001 -0.0
-13.702900000000001 -0.0
-13.692900000000002 -0.0
-13.6829 -0.0
-13.6729 -0.0
-13.6629 -0.0
-13.6529 -0.0
-13.642900000000001 -0.0
-13.632900000000001 -0.0
-13.622900000000001 -0.0
-13.6129 -0.0
-13.6029 -0.0
-13.5929 -0.0
-13.5829 -0.0
-13.5729 -0.0
-13.5629 -0.0
-13.552900000000001 -0.0
-13.542900000000001 -0.0
-13.532900000000001 -0.0
-13.5229 -0.0
-13.5129 -0.0
-13.5029 -0.0
-13.4929 -0.0
-13.4829 -0.0
-13.472900000000001 -0.0
-13.462900000000001 -0.0
-13.452900000000001 -0.0
-13.442900000000002 -0.0
-13.4329 -0.0
-13.4229 -0.0
-13.4129 -0.0
-13.4029 -0.0
-13.392900000000001 -0.0
-13.382900000000001 -0.0
-13.372900000000001 -0.0
-13.3629 -0.0
-13.3529 -0.0
-13.3429 -0.0
-13.3329 -0.0
-13.3229 -0.0
-13.3129 -0.0
-13.302900000000001 -0.0
-13.292900000000001 -0.0
-13.282900000000001 -0.0
-13.2729 -0.0
-13.2629 -0.0
-13.2529 -0.0
-13.2429 -0.0
-13.2329 -0.0
-13.222900000000001 -0.0
-13.212900000000001 -0.0
-13.202900000000001 -0.0
-13.192900000000002 -0.0
-13.1829 -0.0
-13.1729 -0.0
-13.1629 -0.0
-13.1529 -0.0
-13.142900000000001 -0.0
-13.132900000000001 -0.0
-13.122900000000001 -0.0
-13.1129 -0.0
-13.1029 -0.0
-13.0929 -0.0
-13.0829 -0.0
-13.0729 -0.0
-13.0629 -0.0
-13.052900000000001 -0.0
-13.042900000000001 -0.0
-13.032900000000001 -0.0
-13.0229 -0.0
-13.0129 -0.0
-13.0029 -0.0
-12.9929 -0.0
-12.9829 -0.0
-12.972900000000001 -0.0
-12.962900000000001 -0.0
-12.952900000000001 -0.0
-12.942900000000002 -0.0
-12.9329 -0.0
-12.9229 -0.0
-12.9129 -0.0
-12.9029 -0.0
-12.892900000000001 -0.0
-12.882900000000001 -0.0
-12.872900000000001 -0.0
-12.862900000000002 -0.0
-12.8529 -0.0
-12.8429 -0.0
-12.8329 -0.0
-12.8229 -0.0
-12.8129 -0.0
-12.802900000000001 -0.0
-12.792900000000001 -0.0
-12.782900000000001 -0.0
-12.7729 -0.0
-12.7629 -0.0
-12.7529 -0.0
-12.7429 -0.0
-12.7329 -0.0
-12.722900000000001 -0.0
-12.712900000000001 -0.0
-12.702900000000001 -0.0
-12.6929 -0.0
-12.6829 -0.0
-12.6729 -0.0
-12.6629 -0.0
-12.6529 -0.0
-12.642900000000001 -0.0
-12.632900000000001 -0.0
-12.622900000000001 -0.0
-12.612900000000002 -0.0
-12.6029 -0.0
-12.5929 -0.0
-12.5829 -0.0
-12.5729 -0.0
-12.5629 -0.0
-12.552900000000001 -0.0
-12.542900000000001 -0.0
-12.532900000000001 -0.0
-12.5229 -0.0
-12.5129 -0.0
-12.5029 -0.0
-12.4929 -0.0
-12.4829 -0.0
-12.472900000000001 -0.0
-12.462900000000001 -0.0
-12.452900000000001 -0.0
-12.4429 -0.0
-12.4329 -0.0
-12.4229 -0.0
-12.4129 -0.0
-12.4029 -0.0
-12.392900000000001 -0.0
-12.382900000000001 -0.0
-12.372900000000001 -0.0
-12.362900000000002 -0.0
-12.3529 -0.0
-12.3429 -0.0
-12.3329 -0.0
-12.3229 -0.0
-12.3129 -0.0
-12.302900000000001 -0.0
-12.292900000000001 -0.0
-12.282900000000001 -0.0
-12.2729 -0.0
-12.2629 -0.0
-12.2529 -0.0
-12.2429 -0.0
-12.2329 -0.0
-12.222900000000001 -0.0
-12.212900000000001 -0.0
-12.202900000000001 -0.0
-12.1929 -0.0
-12.1829 -0.0
-12.1729 -0.0
-12.1629 -0.0
-12.1529 -0.0
-12.142900000000001 -0.0
-12.132900000000001 -0.0
-12.122900000000001 -0.0
-12.112900000000002 -0.0
-12.1029 -0.0
-12.0929 -0.0
-12.0829 -0.0
-12.0729 -0.0
-12.0629 -0.0
-12.052900000000001 -0.0
-12.042900000000001 -0.0
-12.032900000000001 -0.0
-12.0229 -0.0
-12.0129 -0.0
-12.0029 -0.0
-11.9929 -0.0
-11.9829 -0.0
-11.972900000000001 -0.0
-11.962900000000001 -0.0
-11.952900000000001 -0.0
-11.9429 -0.0
-11.9329 -0.0
-11.9229 -0.0
-11.9129 -0.0
-11.9029 -0.0
-11.892900000000001 -0.0
-11.882900000000001 -0.0
-11.872900000000001 -0.0
-11.8629 -0.0
-11.8529 -0.0
-11.8429 -0.0
-11.8329 -0.0
-11.8229 -0.0
-11.8129 -0.0
-11.802900000000001 -0.0
-11.792900000000001 -0.0
-11.782900000000001 -0.0
-11.7729 -0.0
-11.7629 -0.0
-11.7529 -0.0
-11.7429 -0.0
-11.7329 -0.0
-11.722900000000001 -0.0
-11.712900000000001 -0.0
-11.702900000000001 -0.0
-11.692900000000002 -0.0
-11.6829 -0.0
-11.6729 -0.0
-11.6629 -0.0
-11.6529 -0.0
-11.642900000000001 -0.0
-11.632900000000001 -0.0
-11.622900000000001 -0.0
-11.6129 -0.0
-11.6029 -0.0
-11.5929 -0.0
-11.5829 -0.0
-11.5729 -0.0
-11.5629 -3.24066e-16
-11.552900000000001 -1.27677e-15
-11.542900000000001 -2.6623e-15
-11.532900000000001 -6.5609e-15
-11.5229 -1.3936499999999999e-14
-11.5129 -2.8741800000000003e-14
-11.5029 -5.776100000000001e-14
-11.4929 -1.15094e-13
-11.4829 -2.26447e-13
-11.472900000000001 -4.4147e-13
-11.462900000000001 -8.5087e-13
-11.452900000000001 -1.62304e-12
-11.442900000000002 -3.0595e-12
-11.4329 -5.7009000000000005e-12
-11.4229 -1.052484457e-11
-11.4129 -1.918762187e-11
-11.4029 -3.468419059999999e-11
-11.392900000000001 -6.210453099999998e-11
-11.382900000000001 -1.100389853e-10
-11.372900000000001 -1.9326952399999998e-10
-11.3629 -3.346225000000001e-10
-11.3529 -5.731947450000003e-10
-11.3429 -9.73976891e-10
-11.3329 -1.6379869999999997e-09
-11.3229 -2.7287633500000002e-09
-11.3129 -4.48691114e-09
-11.302900000000001 -7.3113912000000015e-09
-11.292900000000001 -1.17745932e-08
-11.282900000000001 -1.8820272300000005e-08
-11.2729 -2.977061319999999e-08
-11.2629 -4.655553500000001e-08
-11.2529 -7.213670199999998e-08
-11.2429 -1.10539902e-07
-11.2329 -1.6731933300000003e-07
-11.222900000000001 -2.523064e-07
-11.212900000000001 -3.750593800000001e-07
-11.202900000000001 -5.515687800000001e-07
-11.192900000000002 -8.0493755e-07
-11.1829 -1.1606612e-06
-11.1729 -1.6608971000000003e-06
-11.1629 -2.3501575e-06
-11.1529 -3.2906855999999995e-06
-11.142900000000001 -4.559990500000001e-06
-11.132900000000001 -6.272896e-06
-11.122900000000001 -8.532103999999998e-06
-11.1129 -1.1492836000000001e-05
-11.1029 -1.5308615e-05
-11.0929 -2.0298414999999996e-05
-11.0829 -2.6527759999999998e-05
-11.0729 -3.447176e-05
-11.0629 -4.422413000000001e-05
-11.052900000000001 -5.629657999999999e-05
-11.042900000000001 -7.109615000000002e-05
-11.032900000000001 -8.879441000000002e-05
-11.0229 -0.0001099721
-11.0129 -0.0001349794
-11.0029 -0.0001645193
-10.9929 -0.0001988051
-10.9829 -0.00023698569999999994
-10.972900000000001 -0.0002815083999999999
-10.962900000000001 -0.00033152260000000004
-10.952900000000001 -0.00038746850000000003
-10.942900000000002 -0.00044977600000000004
-10.9329 -0.0005169339999999999
-10.9229 -0.0005915460000000001
-10.9129 -0.000671312
-10.9029 -0.000758537
-10.892900000000001 -0.0008512730000000004
-10.882900000000001 -0.0009509779999999999
-10.872900000000001 -0.0010569800000000001
-10.8629 -0.0011710929999999998
-10.8529 -0.0012924800000000004
-10.8429 -0.00142251
-10.8329 -0.0015634600000000002
-10.8229 -0.0017136400000000002
-10.8129 -0.0018788500000000003
-10.802900000000001 -0.0020555800000000004
-10.792900000000001 -0.0022523
-10.782900000000001 -0.0024633899999999998
-10.7729 -0.0027017199999999995
-10.7629 -0.0029606000000000003
-10.7529 -0.0032449099999999997
-10.7429 -0.0035537800000000003
-10.7329 -0.0038998799999999997
-10.722900000000001 -0.00427457
-10.712900000000001 -0.004676970000000001
-10.702900000000001 -0.0051076
-10.692900000000002 -0.0055767
-10.6829 -0.0060742
-10.6729 -0.0065969
-10.6629 -0.007142000000000001
-10.6529 -0.007721100000000001
-10.642900000000001 -0.0083044
-10.632900000000001 -0.008907799999999997
-10.622900000000001 -0.0095373
-10.6129 -0.010167400000000002
-10.6029 -0.010777300000000002
-10.5929 -0.011417
-10.5829 -0.0120264
-10.5729 -0.012615500000000002
-10.5629 -0.013204
-10.552900000000001 -0.013772099999999999
-10.542900000000001 -0.014319599999999998
-10.532900000000001 -0.0148166
-10.5229 -0.0153131
-10.5129 -0.015778999999999998
-10.5029 -0.0161944
-10.4929 -0.016579200000000002
-10.4829 -0.016953799999999998
-10.472900000000001 -0.0172876
-10.462900000000001 -0.0175611
-10.452900000000001 -0.017834000000000003
-10.442900000000002 -0.018066899999999997
-10.4329 -0.018249199999999997
-10.4229 -0.018431200000000002
-10.4129 -0.0185828
-10.4029 -0.018704600000000002
-10.392900000000001 -0.0187958
-10.382900000000001 -0.018877199999999997
-10.372900000000001 -0.018938200000000002
-10.3629 -0.018978999999999996
-10.352900000000002 -0.018990000000000003
-10.3429 -0.019020900000000004
-10.3329 -0.0190219
-10.3229 -0.0190529
-10.3129 -0.0190337
-10.302900000000001 -0.019014999999999997
-10.292900000000001 -0.019036099999999997
-10.282900000000001 -0.0190179
-10.2729 -0.019039599999999993
-10.2629 -0.019071600000000005
-10.2529 -0.019124199999999997
-10.2429 -0.019156799999999998
-10.2329 -0.01923
-10.222900000000001 -0.0193335
-10.212900000000001 -0.019427300000000005
-10.2029 -0.0195515
-10.192900000000002 -0.0196862
-10.1829 -0.019841
-10.1729 -0.0199962
-10.1629 -0.0201817
-10.1529 -0.020357099999999996
-10.142900000000001 -0.020552800000000003
-10.132900000000001 -0.020718200000000003
-10.122900000000001 -0.020903599999999998
-10.1129 -0.0210687
-10.102900000000002 -0.021213499999999996
-10.0929 -0.021337700000000005
-10.0829 -0.021421199999999998
-10.0729 -0.021463999999999997
-10.0629 -0.0214758
-10.052900000000001 -0.0214369
-10.042900000000001 -0.0213571
-10.032900000000001 -0.021215900000000003
-10.0229 -0.021024099999999997
-10.0129 -0.020801
-10.0029 -0.020527
-9.9929 -0.020212400000000002
-9.9829 -0.019887199999999997
-9.972900000000001 -0.019511499999999994
-9.962900000000001 -0.019155400000000003
-9.9529 -0.018749500000000002
-9.942900000000002 -0.018373399999999998
-9.9329 -0.018007799999999997
-9.9229 -0.017662499999999998
-9.9129 -0.0173479
-9.9029 -0.017043500000000003
-9.892900000000001 -0.016750300000000003
-9.882900000000001 -0.0165276
-9.872900000000001 -0.0163157
-9.8629 -0.016134500000000003
-9.852900000000002 -0.015984
-9.8429 -0.015834099999999997
-9.8329 -0.015734300000000003
-9.8229 -0.0156349
-9.8129 -0.0155258
-9.802900000000001 -0.0154368
-9.792900000000001 -0.015357899999999999
-9.782900000000001 -0.015248599999999998
-9.7729 -0.015139299999999998
-9.7629 -0.014999400000000001
-9.7529 -0.014909500000000003
-9.7429 -0.0147491
-9.7329 -0.0145781
-9.722900000000001 -0.014396399999999998
-9.712900000000001 -0.014204399999999997
-9.7029 -0.0139915
-9.692900000000002 -0.013747900000000002
-9.6829 -0.0134936
-9.6729 -0.013218600000000004
-9.6629 -0.012912700000000001
-9.6529 -0.012596099999999997
-9.642900000000001 -0.012258700000000003
-9.632900000000001 -0.011900700000000002
-9.622900000000001 -0.011511900000000002
-9.6129 -0.0111125
-9.602900000000002 -0.0107025
-9.5929 -0.0102672
-9.5829 -0.009822500000000001
-9.5729 -0.0093895
-9.5629 -0.008947499999999999
-9.552900000000001 -0.0085198
-9.542900000000001 -0.008091999999999998
-9.532900000000001 -0.007676799999999999
-9.5229 -0.007284
-9.5129 -0.006907699999999999
-9.5029 -0.0065632
-9.4929 -0.0062436
-9.4829 -0.0059507
-9.472900000000001 -0.005687900000000001
-9.462900000000001 -0.005455700000000001
-9.4529 -0.0052534
-9.442900000000002 -0.005077099999999999
-9.4329 -0.0049286
-9.4229 -0.0048015
-9.4129 -0.0046924
-9.4029 -0.0046016
-9.392900000000001 -0.004523
-9.382900000000001 -0.004456099999999998
-9.372900000000001 -0.0043951
-9.3629 -0.004340600000000001
-9.352900000000002 -0.0042861
-9.3429 -0.0042363999999999995
-9.3329 -0.0041848
-9.3229 -0.0041353
-9.3129 -0.0040795
-9.302900000000001 -0.004023499999999999
-9.292900000000001 -0.0039642
-9.282900000000001 -0.003896900000000001
-9.2729 -0.0038272999999999996
-9.2629 -0.0037532
-9.2529 -0.0036738
-9.2429 -0.003586099999999999
-9.2329 -0.0034927999999999995
-9.222900000000001 -0.0033890999999999995
-9.212900000000001 -0.0032788899999999996
-9.2029 -0.0031602799999999997
-9.192900000000002 -0.0030350900000000003
-9.1829 -0.0028986199999999998
-9.1729 -0.0027576799999999998
-9.1629 -0.0026103000000000007
-9.1529 -0.0024566600000000003
-9.142900000000001 -0.0022987700000000003
-9.132900000000001 -0.0021397599999999997
-9.122900000000001 -0.00198001
-9.1129 -0.0018235600000000001
-9.102900000000002 -0.0016714700000000002
-9.0929 -0.00152461
-9.0829 -0.0013851400000000002
-9.0729 -0.00125372
-9.0629 -0.0011324999999999998
-9.052900000000001 -0.0010201
-9.042900000000001 -0.0009173800000000001
-9.032900000000001 -0.00082801
-9.0229 -0.0007457899999999999
-9.0129 -0.0006743099999999999
-9.0029 -0.0006122599999999999
-8.9929 -0.0005581200000000001
-8.9829 -0.00051156
-8.972900000000001 -0.00047091999999999994
-8.962900000000001 -0.00043536000000000003
-8.9529 -0.00040443
-8.942900000000002 -0.0003765300000000001
-8.9329 -0.0003517799999999999
-8.9229 -0.00032877000000000004
-8.9129 -0.00030732
-8.9029 -0.000286729
-8.892900000000001 -0.000266756
-8.882900000000001 -0.00024737
-8.872900000000001 -0.000228571
-8.8629 -0.00021020000000000001
-8.852900000000002 -0.000191892
-8.8429 -0.00017421700000000003
-8.8329 -0.000157175
-8.8229 -0.000140836
-8.8129 -0.000125248
-8.802900000000001 -0.00011057200000000001
-8.792900000000001 -9.672499999999999e-05
-8.782900000000001 -8.3993e-05
-8.7729 -7.234969999999999e-05
-8.7629 -6.189460000000002e-05
-8.7529 -5.24755e-05
-8.7429 -4.40915e-05
-8.7329 -3.6746000000000004e-05
-8.722900000000001 -3.0358899999999998e-05
-8.712900000000001 -2.4845899999999995e-05
-8.7029 -2.0184200000000002e-05
-8.692900000000002 -1.62297e-05
-8.6829 -1.2948929999999998e-05
-8.6729 -1.0232890000000003e-05
-8.6629 -8.015789999999998e-06
-8.6529 -6.24195e-06
-8.642900000000001 -4.823860000000001e-06
-8.632900000000001 -3.7080599999999994e-06
-8.622900000000001 -2.85588e-06
-8.6129 -2.2277100000000006e-06
-8.602900000000002 -1.79058e-06
-8.5929 -1.52934e-06
-8.5829 -1.43696e-06
-8.5729 -1.52129e-06
-8.5629 -1.80009e-06
-8.552900000000001 -2.3228399999999994e-06
-8.542900000000001 -3.1517200000000004e-06
-8.532900000000001 -4.35677e-06
-8.5229 -6.07789e-06
-8.5129 -8.459897e-06
-8.5029 -1.1701109999999998e-05
-8.4929 -1.6000338999999997e-05
-8.4829 -2.1877405000000005e-05
-8.472900000000001 -2.9367211000000002e-05
-8.462900000000001 -3.9218859100000004e-05
-8.4529 -5.181199329999997e-05
-8.442900000000002 -6.770814559999999e-05
-8.4329 -8.77809615e-05
-8.4229 -0.00011253121050000001
-8.4129 -0.00014290274176999998
-8.4029 -0.00018032745367999994
-8.392900000000001 -0.00022454928251
-8.382900000000001 -0.0002778101896800001
-8.372900000000001 -0.00034114015508999996
-8.3629 -0.00041459017427999994
-8.352900000000002 -0.0005001902603709999
-8.3429 -0.0005991204500330002
-8.3329 -0.000713390813263
-8.3229 -0.00084300148676
-8.3129 -0.000989932703413
-8.302900000000001 -0.0011563048742400002
-8.2929 -0.0013437986945999995
-8.282900000000001 -0.0015630053783199998
-8.2729 -0.0018127368961199997
-8.262900000000002 -0.0020945766008000004
-8.2529 -0.0024168198378000006
-8.2429 -0.0028006754742000003
-8.2329 -0.003236547480399999
-8.222900000000001 -0.003754148134
-8.212900000000001 -0.004373812724
-8.2029 -0.0050975836319999985
-8.192900000000002 -0.0059535536319999995
-8.1829 -0.006964837213
-8.1729 -0.008162625220000002
-8.1629 -0.009566208349999997
-8.1529 -0.01120897193
-8.142900000000001 -0.01308050108
-8.132900000000001 -0.015263723210000003
-8.122900000000001 -0.0177615812
-8.1129 -0.0205749751
-8.102900000000002 -0.023705775799999995
-8.0929 -0.027058225300000002
-8.0829 -0.030735132599999996
-8.0729 -0.0347429343
-8.0629 -0.03898185529999999
-8.052900000000001 -0.043259792000000005
-8.0429 -0.047791713000000006
-8.032900000000001 -0.052287446999999994
-8.0229 -0.05685037699999999
-8.012900000000002 -0.061212879
-8.0029 -0.06547736800000004
-7.992900000000001 -0.06959566699999999
-7.982900000000001 -0.073376501
-7.972900000000001 -0.07696800000000002
-7.9629 -0.08021909000000003
-7.9529000000000005 -0.08315291000000002
-7.942900000000001 -0.0859338
-7.932900000000001 -0.088512
-7.9229 -0.09094836
-7.9129000000000005 -0.09348111999999999
-7.902900000000001 -0.09608721999999999
-7.892900000000001 -0.09890070999999999
-7.882900000000001 -0.10198475
-7.8729000000000005 -0.10560927000000002
-7.862900000000001 -0.10972730000000001
-7.852900000000001 -0.11450899999999997
-7.842900000000001 -0.1196344
-7.8329 -0.1256235
-7.822900000000001 -0.13224740000000001
-7.812900000000001 -0.13943090000000002
-7.802900000000001 -0.1471463
-7.7929 -0.15521429999999997
-7.782900000000001 -0.163366
-7.772900000000001 -0.17186140000000003
-7.762900000000001 -0.18026960000000003
-7.7529 -0.18824020000000002
-7.742900000000001 -0.19579529999999995
-7.732900000000001 -0.20272779999999999
-7.722900000000001 -0.20912159999999994
-7.7129 -0.21446960000000004
-7.7029000000000005 -0.2187526
-7.692900000000001 -0.22207870000000002
-7.682900000000001 -0.22434760000000004
-7.6729 -0.22542129999999996
-7.6629000000000005 -0.22534669999999998
-7.652900000000001 -0.22408359999999997
-7.642900000000001 -0.22197170000000002
-7.632900000000001 -0.2189004
-7.6229000000000005 -0.21497139999999998
-7.612900000000001 -0.21018949999999997
-7.602900000000001 -0.20508370000000004
-7.592900000000001 -0.19933199999999995
-7.5829 -0.1931591
-7.572900000000001 -0.1869682
-7.562900000000001 -0.18067919999999996
-7.552900000000001 -0.1743991
-7.5429 -0.16834390000000005
-7.532900000000001 -0.1624876
-7.522900000000001 -0.15697229999999998
-7.512900000000001 -0.1518799
-7.5029 -0.1471295
-7.492900000000001 -0.142908
-7.482900000000001 -0.13912860000000002
-7.472900000000001 -0.1358792
-7.4629 -0.1330739
-7.4529000000000005 -0.1306876
-7.442900000000001 -0.1286313
-7.432900000000001 -0.12687910000000002
-7.4229 -0.125324
-7.4129000000000005 -0.1240919
-7.402900000000001 -0.12295769999999999
-7.392900000000001 -0.12188560000000001
-7.382900000000001 -0.12089140000000001
-7.3729000000000005 -0.11979619999999999
-7.362900000000001 -0.11852490000000002
-7.352900000000001 -0.11713050000000001
-7.342900000000001 -0.115692
-7.3329 -0.1140943
-7.322900000000001 -0.1122444
-7.312900000000001 -0.11014440000000002
-7.302900000000001 -0.1079982
-7.2929 -0.1054928
-7.282900000000001 -0.1029442
-7.272900000000001 -0.10025540000000001
-7.262900000000001 -0.0973345
-7.2529 -0.09436239999999999
-7.242900000000001 -0.0913932
-7.232900000000001 -0.0882839
-7.222900000000001 -0.08517649999999999
-7.2129 -0.082261
-7.2029000000000005 -0.0791595
-7.192900000000001 -0.07625290000000001
-7.182900000000001 -0.07346939999999998
-7.1729 -0.07069990000000001
-7.1629000000000005 -0.0681555
-7.152900000000001 -0.0657293
-7.142900000000001 -0.0635462
-7.132900000000001 -0.06141920000000001
-7.1229000000000005 -0.05968359999999999
-7.112900000000001 -0.0578172
-7.102900000000001 -0.056396100000000005
-7.092900000000001 -0.0548505
-7.0829 -0.0536652
-7.072900000000001 -0.0525395
-7.062900000000001 -0.0516382
-7.052900000000001 -0.0508895
-7.0429 -0.0502854
-7.032900000000001 -0.049865799999999995
-7.022900000000001 -0.0496029
-7.012900000000001 -0.049563600000000006
-7.0029 -0.049707900000000006
-6.992900000000001 -0.0500178
-6.982900000000001 -0.0506043
-6.972900000000001 -0.0513052
-6.9629 -0.0523207
-6.9529000000000005 -0.05357100000000001
-6.942900000000001 -0.05504100000000001
-6.932900000000001 -0.05664300000000001
-6.9229 -0.058522
-6.9129000000000005 -0.060635
-6.902900000000001 -0.062902
-6.892900000000001 -0.06543599999999998
-6.882900000000001 -0.06802200000000001
-6.8729000000000005 -0.07078300000000001
-6.862900000000001 -0.07370399999999999
-6.852900000000001 -0.076682
-6.842900000000001 -0.07984899999999999
-6.8329 -0.082988
-6.822900000000001 -0.086127
-6.812900000000001 -0.08935899999999998
-6.802900000000001 -0.09264099999999999
-6.7929 -0.09594
-6.782900000000001 -0.099283
-6.772900000000001 -0.102629
-6.762900000000001 -0.10596599999999999
-6.7529 -0.10961399999999999
-6.742900000000001 -0.112995
-6.732900000000001 -0.11675999999999999
-6.722900000000001 -0.120519
-6.7129 -0.124494
-6.7029000000000005 -0.128682
-6.692900000000001 -0.132795
-6.682900000000001 -0.137342
-6.6729 -0.142031
-6.6629000000000005 -0.146676
-6.652900000000001 -0.15138100000000002
-6.642900000000001 -0.156339
-6.632900000000001 -0.16125599999999998
-6.6229000000000005 -0.16622900000000002
-6.612900000000001 -0.17116299999999998
-6.602900000000001 -0.176165
-6.592900000000001 -0.180902
-6.5829 -0.18568500000000002
-6.572900000000001 -0.190308
-6.562900000000001 -0.19486599999999998
-6.552900000000001 -0.19935300000000006
-6.5429 -0.20384699999999997
-6.532900000000001 -0.208616
-6.522900000000001 -0.21292199999999997
-6.512900000000001 -0.21773399999999998
-6.5029 -0.222448
-6.492900000000001 -0.227269
-6.482900000000001 -0.232393
-6.472900000000001 -0.23752299999999998
-6.4629 -0.24295900000000004
-6.4529000000000005 -0.248302
-6.442900000000001 -0.25405099999999997
-6.432900000000001 -0.25980400000000003
-6.4229 -0.26586299999999996
-6.4129000000000005 -0.27182
-6.402900000000001 -0.277776
-6.392900000000001 -0.283852
-6.382900000000001 -0.29001499999999997
-6.3729000000000005 -0.29638800000000004
-6.362900000000001 -0.302461
-6.352900000000001 -0.30892100000000006
-6.342900000000001 -0.31528
-6.3329 -0.32144300000000003
-6.322900000000001 -0.32779800000000003
-6.312900000000001 -0.333869
-6.302900000000001 -0.34001499999999996
-6.2929 -0.346277
-6.282900000000001 -0.352013
-6.272900000000001 -0.357755
-6.262900000000001 -0.363494
-6.2529 -0.36901700000000004
-6.242900000000001 -0.374455
-6.232900000000001 -0.38028900000000004
-6.222900000000001 -0.38600700000000004
-6.2129 -0.39195899999999995
-6.2029000000000005 -0.398504
-6.192900000000001 -0.40567200000000003
-6.182900000000001 -0.413973
-6.1729 -0.423398
-6.1629000000000005 -0.43385099999999993
-6.152900000000001 -0.446352
-6.142900000000001 -0.46051
-6.132900000000001 -0.47671600000000003
-6.1229000000000005 -0.49577799999999994
-6.112900000000001 -0.516699
-6.102900000000001 -0.537977
-6.092900000000001 -0.562604
-6.0829 -0.5903090000000001
-6.072900000000001 -0.618544
-6.062900000000001 -0.64983
-6.052900000000001 -0.681355
-6.0429 -0.7161120000000002
-6.032900000000001 -0.7507910000000002
-6.022900000000001 -0.7827519999999999
-6.012900000000001 -0.817515
-6.0029 -0.84917
-5.992900000000001 -0.8808779999999999
-5.982900000000001 -0.912338
-5.972900000000001 -0.9396599999999999
-5.9629 -0.9638940000000001
-5.9529000000000005 -0.9869499999999999
-5.942900000000001 -1.004523
-5.932900000000001 -1.018974
-5.9229 -1.030834
-5.9129000000000005 -1.037197
-5.902900000000001 -1.0384240000000002
-5.892900000000001 -1.037045
-5.882900000000001 -1.029554
-5.8729000000000005 -1.017941
-5.862900000000001 -1.0021369999999998
-5.852900000000001 -0.983207
-5.842900000000001 -0.9592879999999999
-5.8329 -0.932694
-5.822900000000001 -0.9029249999999999
-5.812900000000001 -0.8704839999999999
-5.802900000000001 -0.836111
-5.7929 -0.800085
-5.782900000000001 -0.7633380000000001
-5.772900000000001 -0.7269909999999999
-5.762900000000001 -0.6890230000000002
-5.7529 -0.651377
-5.742900000000001 -0.61515
-5.732900000000001 -0.5795730000000001
-5.722900000000001 -0.5456899999999999
-5.7129 -0.513295
-5.7029000000000005 -0.48368200000000006
-5.692900000000001 -0.45483
-5.682900000000001 -0.42866800000000005
-5.6729 -0.405098
-5.6629000000000005 -0.383114
-5.652900000000001 -0.3636960000000001
-5.642900000000001 -0.345611
-5.632900000000001 -0.33060100000000003
-5.6229000000000005 -0.3173270000000001
-5.612900000000001 -0.305896
-5.602900000000001 -0.296011
-5.592900000000001 -0.287865
-5.5829 -0.28105299999999994
-5.572900000000001 -0.275372
-5.562900000000001 -0.270716
-5.552900000000001 -0.266991
-5.5429 -0.26367199999999996
-5.532900000000001 -0.261179
-5.522900000000001 -0.259009
-5.512900000000001 -0.25713
-5.5029 -0.255583
-5.492900000000001 -0.254237
-5.482900000000001 -0.25310299999999997
-5.472900000000001 -0.25216200000000005
-5.4629 -0.25165499999999996
-5.4529000000000005 -0.25134300000000004
-5.442900000000001 -0.25134799999999996
-5.432900000000001 -0.251971
-5.4229 -0.25290399999999996
-5.4129000000000005 -0.254651
-5.402900000000001 -0.25691499999999995
-5.392900000000001 -0.25979399999999997
-5.382900000000001 -0.263584
-5.3729000000000005 -0.26789500000000005
-5.362900000000001 -0.272717
-5.352900000000001 -0.27836000000000005
-5.342900000000001 -0.284201
-5.3329 -0.290563
-5.322900000000001 -0.297118
-5.312900000000001 -0.303572
-5.302900000000001 -0.31003
-5.2929 -0.316273
-5.282900000000001 -0.322415
-5.272900000000001 -0.327637
-5.262900000000001 -0.33254399999999995
-5.2529 -0.336524
-5.242900000000001 -0.33958299999999997
-5.232900000000001 -0.34193599999999996
-5.222900000000001 -0.34324
-5.2129 -0.34383600000000003
-5.2029000000000005 -0.343304
-5.192900000000001 -0.341857
-5.182900000000001 -0.339583
-5.1729 -0.336582
-5.1629000000000005 -0.332869
-5.152900000000001 -0.32855200000000007
-5.142900000000001 -0.323613
-5.132900000000001 -0.3182829999999999
-5.1229000000000005 -0.31262199999999996
-5.112900000000001 -0.30646199999999996
-5.102900000000001 -0.300505
-5.092900000000001 -0.294039
-5.0829 -0.287767
-5.072900000000001 -0.281308
-5.062900000000001 -0.275053
-5.052900000000001 -0.269004
-5.0429 -0.262862
-5.032900000000001 -0.257231
-5.022900000000001 -0.251714
-5.012900000000001 -0.2466
-5.0029 -0.241799
-4.992900000000001 -0.23721
-4.982900000000001 -0.23303000000000001
-4.972900000000001 -0.229462
-4.9629 -0.22620699999999996
-4.9529000000000005 -0.22326200000000004
-4.942900000000001 -0.220832
-4.932900000000001 -0.21881
-4.9229 -0.21730200000000002
-4.9129000000000005 -0.216206
-4.902900000000001 -0.21532000000000004
-4.892900000000001 -0.214843
-4.882900000000001 -0.21497600000000003
-4.8729000000000005 -0.21511999999999998
-4.862900000000001 -0.215668
-4.852900000000001 -0.21662700000000001
-4.842900000000001 -0.21758699999999997
-4.8329 -0.21835300000000002
-4.822900000000001 -0.21971800000000002
-4.812900000000001 -0.220783
-4.802900000000001 -0.221746
-4.7929 -0.22250600000000004
-4.782900000000001 -0.223258
-4.772900000000001 -0.22370099999999996
-4.762900000000001 -0.22393400000000002
-4.7529 -0.223658
-4.742900000000001 -0.22306700000000002
-4.732900000000001 -0.22196500000000002
-4.722900000000001 -0.22044799999999998
-4.7129 -0.218617
-4.7029000000000005 -0.216375
-4.692900000000001 -0.213718
-4.682900000000001 -0.21085399999999999
-4.6729 -0.20778099999999997
-4.6629000000000005 -0.20440100000000003
-4.652900000000001 -0.20081399999999996
-4.642900000000001 -0.19742400000000002
-4.632900000000001 -0.193632
-4.6229000000000005 -0.19023999999999996
-4.612900000000001 -0.186749
-4.602900000000001 -0.18355999999999997
-4.592900000000001 -0.18047600000000003
-4.5829 -0.17739399999999997
-4.572900000000001 -0.174718
-4.562900000000001 -0.172247
-4.552900000000001 -0.170083
-4.5429 -0.16792399999999996
-4.532900000000001 -0.166071
-4.522900000000001 -0.164625
-4.512900000000001 -0.16338300000000003
-4.5029 -0.162247
-4.492900000000001 -0.161214
-4.482900000000001 -0.16048899999999997
-4.472900000000001 -0.16026700000000002
-4.4629 -0.15964899999999999
-4.4529000000000005 -0.15962800000000002
-4.442900000000001 -0.159858
-4.432900000000001 -0.16015400000000005
-4.4229 -0.16084499999999996
-4.4129000000000005 -0.16162999999999997
-4.402900000000001 -0.16284
-4.392900000000001 -0.16405300000000006
-4.382900000000001 -0.16577299999999998
-4.372900000000001 -0.16739599999999996
-4.3629000000000016 -0.169724
-4.3529 -0.171754
-4.3429 -0.17409000000000002
-4.3329 -0.17682799999999999
-4.322900000000001 -0.17946900000000002
-4.312900000000001 -0.18211099999999997
-4.302900000000001 -0.185154
-4.292900000000001 -0.18769499999999997
-4.2829000000000015 -0.19043800000000002
-4.2729 -0.19287600000000002
-4.2629 -0.19531199999999999
-4.2529 -0.197547
-4.242900000000001 -0.19937400000000002
-4.232900000000001 -0.20089800000000002
-4.222900000000001 -0.20211400000000002
-4.212900000000001 -0.20302499999999998
-4.202900000000001 -0.203431
-4.1929 -0.20352900000000002
-4.1829 -0.20352199999999998
-4.1729 -0.20290599999999998
-4.1629000000000005 -0.201786
-4.152900000000001 -0.200461
-4.142900000000001 -0.199029
-4.132900000000001 -0.19699399999999997
-4.122900000000001 -0.194854
-4.1129000000000016 -0.19251200000000002
-4.1029 -0.18986499999999998
-4.0929 -0.18711900000000004
-4.0829 -0.184168
-4.072900000000001 -0.180916
-4.062900000000001 -0.17776299999999998
-4.052900000000001 -0.17471099999999998
-4.042900000000001 -0.171153
-4.0329000000000015 -0.16809900000000003
-4.0229 -0.164646
-4.0129 -0.16139199999999998
-4.0029 -0.15803899999999999
-3.9929000000000006 -0.15479099999999996
-3.9829000000000008 -0.151742
-3.972900000000001 -0.148698
-3.962900000000001 -0.145558
-3.9529000000000014 -0.14302099999999998
-3.9429 -0.140389
-3.9329 -0.13786199999999998
-3.9229000000000003 -0.13553999999999997
-3.9129000000000005 -0.133722
-3.9029000000000007 -0.13171199999999997
-3.892900000000001 -0.130006
-3.882900000000001 -0.128603
-3.8729000000000013 -0.127304
-3.8629000000000016 -0.126113
-3.8529 -0.125099
-3.8429 -0.124189
-3.8329000000000004 -0.12323099999999998
-3.8229000000000006 -0.122352
-3.812900000000001 -0.12173400000000001
-3.802900000000001 -0.120903
-3.7929000000000013 -0.120031
-3.7829000000000015 -0.11926600000000001
-3.7729 -0.11848
-3.7629 -0.11747
-3.7529000000000003 -0.11656899999999999
-3.7429000000000006 -0.11568500000000001
-3.7329000000000008 -0.11470899999999999
-3.722900000000001 -0.113673
-3.712900000000001 -0.11257700000000001
-3.7029000000000014 -0.111809
-3.6929 -0.11111600000000003
-3.6829 -0.11047400000000002
-3.6729000000000003 -0.10992500000000002
-3.6629000000000005 -0.10974
-3.6529000000000007 -0.10965000000000001
-3.642900000000001 -0.109612
-3.632900000000001 -0.110072
-3.6229000000000013 -0.11051300000000001
-3.6129000000000016 -0.11150999999999998
-3.6029 -0.11228699999999998
-3.5929 -0.11330799999999998
-3.5829000000000004 -0.11448699999999998
-3.5729000000000006 -0.115603
-3.562900000000001 -0.11683600000000001
-3.552900000000001 -0.11799499999999999
-3.5429000000000013 -0.118967
-3.5329000000000015 -0.119739
-3.5229 -0.120503
-3.5129 -0.12106499999999998
-3.5029000000000003 -0.12120899999999997
-3.4929000000000006 -0.121242
-3.4829000000000008 -0.12106499999999999
-3.472900000000001 -0.12060000000000001
-3.462900000000001 -0.11980599999999998
-3.4529000000000014 -0.11893799999999999
-3.4429 -0.11817499999999999
-3.4329 -0.11692499999999999
-3.4229000000000003 -0.115899
-3.4129000000000005 -0.11470200000000001
-3.4029000000000007 -0.113439
-3.392900000000001 -0.11221700000000001
-3.382900000000001 -0.111255
-3.3729000000000013 -0.110205
-3.3629000000000016 -0.10940500000000002
-3.3529 -0.108651
-3.3429 -0.108225
-3.3329000000000004 -0.107723
-3.3229000000000006 -0.10743000000000001
-3.312900000000001 -0.107263
-3.302900000000001 -0.10727800000000001
-3.2929000000000013 -0.107188
-3.2829000000000015 -0.107268
-3.2729 -0.10732099999999999
-3.2629 -0.107412
-3.2529000000000003 -0.107465
-3.2429000000000006 -0.10765500000000003
-3.2329000000000008 -0.107444
-3.222900000000001 -0.107531
-3.212900000000001 -0.10720599999999998
-3.2029000000000014 -0.106808
-3.1929 -0.10650699999999999
-3.1829 -0.10590599999999999
-3.1729000000000003 -0.105501
-3.1629000000000005 -0.10470599999999997
-3.1529000000000007 -0.10410900000000001
-3.142900000000001 -0.10301099999999998
-3.132900000000001 -0.102202
-3.1229000000000013 -0.10124399999999999
-3.1129000000000016 -0.100225
-3.1029 -0.099036
-3.0929 -0.097907
-3.0829000000000004 -0.096628
-3.0729000000000006 -0.095411
-3.062900000000001 -0.094144
-3.052900000000001 -0.09286799999999999
-3.0429000000000013 -0.09147099999999998
-3.0329000000000015 -0.090047
-3.0229 -0.08863300000000002
-3.0129 -0.08732899999999999
-3.0029000000000003 -0.08582699999999999
-2.9929000000000006 -0.08444600000000001
-2.9829000000000008 -0.08308500000000002
-2.972900000000001 -0.08166800000000002
-2.962900000000001 -0.08039
-2.9529000000000014 -0.07895699999999999
-2.9429 -0.077794
-2.9329 -0.07658100000000001
-2.9229000000000003 -0.075422
-2.9129000000000005 -0.074325
-2.9029000000000007 -0.073299
-2.892900000000001 -0.07234800000000001
-2.882900000000001 -0.071665
-2.8729000000000013 -0.07086400000000001
-2.8629000000000016 -0.070006
-2.8529 -0.069438
-2.8429 -0.06882799999999999
-2.8329000000000004 -0.068261
-2.8229000000000006 -0.067854
-2.812900000000001 -0.06731599999999999
-2.802900000000001 -0.066915
-2.7929000000000013 -0.066465
-2.7829000000000015 -0.066141
-2.7729 -0.06577799999999999
-2.7629 -0.065352
-2.7529000000000003 -0.06516700000000002
-2.7429000000000006 -0.064799
-2.7329000000000008 -0.06457700000000001
-2.722900000000001 -0.064487
-2.712900000000001 -0.06435399999999998
-2.7029000000000014 -0.064343
-2.6929 -0.0643
-2.6829 -0.064418
-2.6729000000000003 -0.064634
-2.6629000000000005 -0.06491300000000001
-2.6529000000000007 -0.06528
-2.642900000000001 -0.065728
-2.632900000000001 -0.066289
-2.6229000000000013 -0.06698
-2.6129000000000016 -0.067732
-2.6029 -0.068577
-2.5929 -0.069454
-2.5829000000000004 -0.070551
-2.5729000000000006 -0.071554
-2.562900000000001 -0.07266700000000001
-2.552900000000001 -0.073874
-2.5429000000000013 -0.074992
-2.5329000000000015 -0.07630499999999998
-2.5229 -0.077486
-2.5129 -0.07876199999999998
-2.5029000000000003 -0.079918
-2.4929000000000006 -0.08113799999999999
-2.4829000000000008 -0.082238
-2.472900000000001 -0.08327799999999999
-2.462900000000001 -0.08429000000000002
-2.4529000000000014 -0.085129
-2.4429 -0.08583999999999999
-2.4329 -0.086459
-2.4229000000000003 -0.086945
-2.4129000000000005 -0.087341
-2.4029000000000007 -0.08757199999999998
-2.392900000000001 -0.08753
-2.382900000000001 -0.08752700000000001
-2.3729000000000013 -0.08734900000000001
-2.3629000000000016 -0.08701700000000001
-2.3529 -0.086624
-2.3429 -0.086055
-2.3329000000000004 -0.08536300000000002
-2.3229000000000006 -0.084506
-2.312900000000001 -0.08362699999999999
-2.302900000000001 -0.08259499999999999
-2.2929000000000013 -0.08143999999999998
-2.2829000000000015 -0.08026000000000001
-2.2729 -0.078929
-2.2629 -0.07751599999999997
-2.2529000000000003 -0.075963
-2.2429000000000006 -0.074296
-2.2329000000000008 -0.07263770000000001
-2.222900000000001 -0.0709492
-2.212900000000001 -0.0689481
-2.2029000000000014 -0.06714819999999999
-2.1929 -0.0651356
-2.1829 -0.06311229999999998
-2.1729000000000003 -0.06106020000000001
-2.1629000000000005 -0.058949400000000006
-2.1529000000000007 -0.05686680000000001
-2.142900000000001 -0.0547643
-2.132900000000001 -0.052703099999999996
-2.1229000000000013 -0.05065199999999999
-2.1129000000000016 -0.04865969999999999
-2.1029 -0.0467291
-2.0929 -0.0448619
-2.0829000000000004 -0.0430939
-2.0729000000000006 -0.0414184
-2.062900000000001 -0.0398542
-2.052900000000001 -0.038424700000000006
-2.0429000000000013 -0.0371468
-2.0329000000000015 -0.03599270000000001
-2.0229 -0.0350222
-2.0129 -0.0342187
-2.0029000000000003 -0.033587299999999994
-1.9929000000000006 -0.033151599999999996
-1.9829000000000008 -0.0328812
-1.972900000000001 -0.0328078
-1.9629000000000012 -0.0329077
-1.9529000000000014 -0.0331547
-1.9428999999999998 -0.0335968
-1.9329 -0.03421410000000001
-1.9229000000000003 -0.034935200000000007
-1.9129000000000005 -0.035801400000000004
-1.9029000000000007 -0.0367906
-1.892900000000001 -0.0378634
-1.8829000000000011 -0.0390492
-1.8729000000000013 -0.04026649999999999
-1.8629000000000016 -0.041564500000000004
-1.8529 -0.0428828
-1.8429000000000002 -0.044210599999999996
-1.8329000000000004 -0.045547800000000006
-1.8229000000000006 -0.046854
-1.8129000000000008 -0.0481355
-1.802900000000001 -0.049365000000000006
-1.7929000000000013 -0.05042959999999999
-1.7829000000000015 -0.0514891
-1.7729 -0.05249440000000001
-1.7629000000000001 -0.0532936
-1.7529000000000003 -0.0538755
-1.7429000000000006 -0.054381099999999995
-1.7329000000000008 -0.05465249999999999
-1.722900000000001 -0.05472449999999999
-1.7129000000000012 -0.05479189999999999
-1.7029000000000014 -0.0545233
-1.6928999999999998 -0.054139099999999996
-1.6829 -0.05374160000000001
-1.6729000000000003 -0.052977800000000005
-1.6629000000000005 -0.052169600000000003
-1.6529000000000007 -0.0513412
-1.642900000000001 -0.050179499999999995
-1.6329000000000011 -0.0491687
-1.6229000000000013 -0.0480258
-1.6129000000000016 -0.0468439
-1.6029 -0.0456438
-1.5929000000000002 -0.04445500000000001
-1.5829000000000004 -0.0432782
-1.5729000000000006 -0.04214449999999999
-1.5629000000000008 -0.0411042
-1.552900000000001 -0.040096
-1.5429000000000013 -0.0392021
-1.5329000000000015 -0.0383514
-1.5229 -0.037623
-1.5129000000000001 -0.036978899999999995
-1.5029000000000003 -0.036436
-1.4929000000000006 -0.035986500000000005
-1.4829000000000008 -0.03562809999999999
-1.472900000000001 -0.0353528
-1.4629000000000012 -0.035146800000000006
-1.4529000000000014 -0.0350416
-1.4428999999999998 -0.03499769999999999
-1.4329 -0.034993
-1.4229000000000003 -0.0350591
-1.4129000000000005 -0.0351443
-1.4029000000000007 -0.0352885
-1.392900000000001 -0.03545160000000001
-1.3829000000000011 -0.0356342
-1.3729000000000013 -0.035834399999999995
-1.3629000000000016 -0.036054499999999996
-1.3529 -0.0362655
-1.3429000000000002 -0.0364833
-1.3329000000000004 -0.036714000000000004
-1.3229000000000006 -0.03693199999999999
-1.3129000000000008 -0.0371328
-1.302900000000001 -0.0373439
-1.2929000000000013 -0.0375252
-1.2829000000000015 -0.037709900000000005
-1.2729 -0.0378548
-1.2629000000000001 -0.03797299999999999
-1.2529000000000003 -0.038012699999999996
-1.2429000000000006 -0.0380655
-1.2329000000000008 -0.038059899999999994
-1.222900000000001 -0.03801739999999999
-1.2129000000000012 -0.0378971
-1.2029000000000014 -0.0377189
-1.1928999999999998 -0.03748289999999999
-1.1829 -0.0371977
-1.1729000000000003 -0.036812700000000004
-1.1629000000000005 -0.0363996
-1.1529000000000007 -0.0358951
-1.142900000000001 -0.03535019999999999
-1.1329000000000011 -0.034726900000000005
-1.1229000000000013 -0.0340691
-1.1129000000000016 -0.03335309999999999
-1.1029 -0.032581599999999995
-1.0929000000000002 -0.03180089999999999
-1.0829000000000004 -0.030965799999999998
-1.0729000000000006 -0.030118500000000003
-1.0629000000000008 -0.029250999999999996
-1.052900000000001 -0.028359400000000003
-1.0429000000000013 -0.0274838
-1.0329000000000015 -0.026588200000000006
-1.0229 -0.0257187
-1.0129000000000001 -0.0248372
-1.0029000000000003 -0.0239872
-0.9929000000000006 -0.0231746
-0.9829000000000008 -0.0223601
-0.972900000000001 -0.0215773
-0.9629000000000012 -0.020842899999999998
-0.9529000000000014 -0.020131000000000003
-0.9428999999999998 -0.019447899999999997
-0.9329000000000001 -0.0187876
-0.9229000000000003 -0.0181871
-0.9129000000000005 -0.017598100000000002
-0.9029000000000007 -0.0170508
-0.8929000000000009 -0.016503
-0.8829000000000011 -0.0160068
-0.8729000000000013 -0.0155322
-0.8629000000000016 -0.0150668
-0.8529 -0.0146296
-0.8429000000000002 -0.0141835
-0.8329000000000004 -0.013766399999999998
-0.8229000000000006 -0.013369100000000002
-0.8129000000000008 -0.0129616
-0.8029000000000011 -0.0125527
-0.7929000000000013 -0.012172299999999997
-0.7829000000000015 -0.0117512
-0.7728999999999999 -0.011348500000000001
-0.7629000000000001 -0.010950099999999997
-0.7529000000000003 -0.0105459
-0.7429000000000006 -0.01012397
-0.7329000000000008 -0.009718209999999998
-0.722900000000001 -0.00929884
-0.7129000000000012 -0.00886385
-0.7029000000000014 -0.00842524
-0.6928999999999998 -0.00799611
-0.6829000000000001 -0.007561769999999999
-0.6729000000000003 -0.007115
-0.6629000000000005 -0.006672709999999999
-0.6529000000000007 -0.00624217
-0.6429000000000009 -0.005813799999999999
-0.6329000000000011 -0.005389669999999999
-0.6229000000000013 -0.0049784799999999995
-0.6129000000000016 -0.004576020000000001
-0.6029 -0.00419137
-0.5929000000000002 -0.0038223300000000005
-0.5829000000000004 -0.0034754
-0.5729000000000006 -0.0031447500000000004
-0.5629000000000008 -0.00283768
-0.5529000000000011 -0.0025511
-0.5429000000000013 -0.0022840800000000004
-0.5329000000000015 -0.0020424099999999997
-0.5228999999999999 -0.00182004
-0.5129000000000001 -0.00161918
-0.5029000000000003 -0.0014365800000000002
-0.49290000000000056 -0.0012723099999999996
-0.4829000000000008 -0.00112635
-0.472900000000001 -0.0009937600000000002
-0.4629000000000012 -0.0008754699999999999
-0.4529000000000014 -0.00077167
-0.44289999999999985 -0.0006782499999999999
-0.43290000000000006 -0.0005941290000000001
-0.4229000000000003 -0.000518786
-0.4129000000000005 -0.0004531400000000001
-0.4029000000000007 -0.00039379899999999996
-0.3929000000000009 -0.000341096
-0.38290000000000113 -0.000293766
-0.37290000000000134 -0.000252397
-0.36290000000000155 -0.00021559499999999996
-0.3529 -0.00018301790000000004
-0.3429000000000002 -0.0001545255
-0.3329000000000004 -0.00012944690000000003
-0.32290000000000063 -0.0001077047
-0.31290000000000084 -8.904040000000002e-05
-0.30290000000000106 -7.295730000000001e-05
-0.29290000000000127 -5.94352e-05
-0.2829000000000015 -4.788029e-05
-0.2728999999999999 -3.8344210000000005e-05
-0.26290000000000013 -3.03032e-05
-0.25290000000000035 -2.3840839999999997e-05
-0.24290000000000056 -1.8553130000000006e-05
-0.23290000000000077 -1.430278e-05
-0.222900000000001 -1.0920612999999999e-05
-0.2129000000000012 -8.258832e-06
-0.2029000000000014 -6.183837000000001e-06
-0.19289999999999985 -4.578015e-06
-0.18290000000000006 -3.36668e-06
-0.17290000000000028 -2.443115e-06
-0.1629000000000005 -1.7641739e-06
-0.1529000000000007 -1.2544247000000005e-06
-0.14290000000000092 -8.842328000000001e-07
-0.13290000000000113 -6.1697e-07
-0.12290000000000134 -4.257329699999999e-07
-0.11290000000000155 -2.9124315e-07
-0.10289999999999999 -1.9691536e-07
-0.0929000000000002 -1.3165474e-07
-0.08290000000000042 -8.720187e-08
-0.07290000000000063 -5.7207995e-08
-0.06290000000000084 -3.7070905e-08
-0.05290000000000106 -2.3744006e-08
-0.04290000000000127 -1.5109758999999994e-08
-0.032900000000001484 -9.4899132e-09
-0.02289999999999992 -5.901466100000001e-09
-0.012900000000000134 -3.6309777000000003e-09
-0.0029000000000003467 -2.2081492000000002e-09
0.00709999999999944 -1.3298961199999998e-09
0.017099999999999227 -7.9161645e-10
0.027099999999999014 -4.667875699999998e-10
0.0370999999999988 -2.7218120399999993e-10
0.04709999999999859 -1.57012802e-10
0.05710000000000015 -8.9675244e-11
0.06709999999999994 -5.0700842999999986e-11
0.07709999999999972 -2.83071866e-11
0.08709999999999951 -1.5641879700000003e-11
0.0970999999999993 -8.559570299999998e-12
0.10709999999999908 -4.635731599999999e-12
0.11709999999999887 -2.47431456e-12
0.12709999999999866 -1.31193e-12
0.13709999999999845 -6.874899999999999e-13
0.1471 -3.5594999999999996e-13
0.1570999999999998 -1.8243700000000001e-13
0.16709999999999958 -9.279100000000001e-14
0.17709999999999937 -4.6486e-14
0.18709999999999916 -2.3129000000000002e-14
0.19709999999999894 -1.1364999999999999e-14
0.20709999999999873 -5.4945000000000004e-15
0.21709999999999852 -2.5714e-15
0.22710000000000008 -8.711599999999999e-16
0.23709999999999987 -1.0963e-16
0.24709999999999965 -0.0
0.25709999999999944 -0.0
0.2670999999999992 -0.0
0.277099999999999 -0.0
0.2870999999999988 -0.0
0.2970999999999986 -0.0
0.30710000000000015 -0.0
0.31709999999999994 -0.0
0.3270999999999997 -0.0
0.3370999999999995 -0.0
0.3470999999999993 -0.0
0.3570999999999991 -0.0
0.36709999999999887 -0.0
0.37709999999999866 -0.0
0.38709999999999845 -0.0
0.3971 -0.0
0.4070999999999998 -0.0
0.4170999999999996 -0.0
0.42709999999999937 -0.0
0.43709999999999916 -0.0
0.44709999999999894 -0.0
0.45709999999999873 -0.0
0.4670999999999985 -0.0
0.4771000000000001 -0.0
0.48709999999999987 -0.0
0.49709999999999965 -0.0
0.5070999999999994 -0.0
0.5170999999999992 -0.0
0.527099999999999 -0.0
0.5370999999999988 -0.0
0.5470999999999986 -0.0
0.5571000000000002 -0.0
0.5670999999999999 -0.0
0.5770999999999997 -0.0
0.5870999999999995 -3.3252e-15
0.5970999999999993 -1.00299e-14
0.6070999999999991 -2.7908e-14
0.6170999999999989 -5.9526e-14
0.6270999999999987 -1.21899e-13
0.6370999999999984 -2.4706e-13
0.6471 -4.9425e-13
0.6570999999999998 -9.806e-13
0.6670999999999996 -1.92181e-12
0.6770999999999994 -3.7329999999999995e-12
0.6870999999999992 -7.169899999999999e-12
0.6970999999999989 -1.36157e-11
0.7070999999999987 -2.5588e-11
0.7170999999999985 -4.7644e-11
0.7271000000000001 -8.7616e-11
0.7370999999999999 -1.5923699999999998e-10
0.7470999999999997 -2.8761e-10
0.7570999999999994 -5.115700000000001e-10
0.7670999999999992 -9.023299999999999e-10
0.777099999999999 -1.5703299999999999e-09
0.7870999999999988 -2.7221000000000004e-09
0.7970999999999986 -4.642299999999999e-09
0.8071000000000002 -7.836499999999999e-09
0.8170999999999999 -1.3064300000000002e-08
0.8270999999999997 -2.1620700000000002e-08
0.8370999999999995 -3.5449e-08
0.8470999999999993 -5.7397999999999996e-08
0.8570999999999991 -9.196e-08
0.8670999999999989 -1.4592300000000003e-07
0.8770999999999987 -2.2825e-07
0.8870999999999984 -3.5437e-07
0.8971 -5.451400027086801e-07
0.9070999999999998 -8.2712000567101e-07
0.9170999999999996 -1.2398500117533e-06
0.9270999999999994 -1.8529400240646998e-06
0.9370999999999992 -2.7203000528381e-06
0.9470999999999989 -3.969600106294e-06
0.9570999999999987 -5.713400211695e-06
0.9670999999999985 -8.156700429446998e-06
0.9771000000000001 -1.1510800839782e-05
0.9870999999999999 -1.610490162377e-05
0.9970999999999997 -2.224760312012e-05
1.0070999999999994 -3.035500592782e-05
1.0170999999999992 -4.1095011105900005e-05
1.027099999999999 -5.511102062129999e-05
1.0370999999999988 -7.296503794770001e-05
1.0470999999999986 -9.584706900499999e-05
1.0571000000000002 -0.000124824124194
1.0671 -0.00015991722115199999
1.0770999999999997 -0.00020366339096499996
1.0870999999999995 -0.000257180680909
1.0970999999999993 -0.0003206911782200001
1.107099999999999 -0.00039610201636000006
1.1170999999999989 -0.0004835534174299999
1.1270999999999987 -0.0005862657236300001
1.1370999999999984 -0.0007031495296000001
1.1471 -0.0008362856668999999
1.1570999999999998 -0.0009837455248999998
1.1670999999999996 -0.0011473511603
1.1770999999999994 -0.0013222159133999998
1.1870999999999992 -0.001518124162
1.197099999999999 -0.0017249932139999998
1.2070999999999987 -0.0019431033989999998
1.2170999999999985 -0.0021715700340000006
1.2271 -0.0024011045290000007
1.2370999999999999 -0.0026400280750000006
1.2470999999999997 -0.0028800423
1.2570999999999994 -0.003119390360000001
1.2670999999999992 -0.0033498233899999998
1.277099999999999 -0.00357865321
1.2870999999999988 -0.0037988533200000005
1.2970999999999986 -0.004007800650000001
1.3071000000000002 -0.0041983669
1.3171 -0.004388138299999999
1.3270999999999997 -0.0045603538999999995
1.3370999999999995 -0.0047227029
1.3470999999999993 -0.004868822200000002
1.357099999999999 -0.0050077602
1.3670999999999989 -0.005141719299999999
1.3770999999999987 -0.005280822
1.3870999999999984 -0.0054194360000000006
1.3971 -0.005558193000000001
1.4070999999999998 -0.005719677000000001
1.4170999999999996 -0.005907416
1.4270999999999994 -0.006124849
1.4370999999999992 -0.006386717
1.447099999999999 -0.006697365
1.4570999999999987 -0.0070630300000000005
1.4670999999999985 -0.00750724
1.4771 -0.00803959
1.4870999999999999 -0.008667410000000002
1.4970999999999997 -0.009410069999999998
1.5070999999999994 -0.01026477
1.5170999999999992 -0.011263620000000004
1.527099999999999 -0.012394919999999999
1.5370999999999988 -0.01367781
1.5470999999999986 -0.015138269999999999
1.5571000000000002 -0.016748589999999997
1.5671 -0.018521999999999997
1.5770999999999997 -0.020511400000000003
1.5870999999999995 -0.022668999999999995
1.5970999999999993 -0.025007599999999998
1.607099999999999 -0.0274186
1.6170999999999989 -0.0301086
1.6270999999999987 -0.0329365
1.6370999999999984 -0.0359454
1.6471 -0.0390452
1.6570999999999998 -0.042254200000000006
1.6670999999999996 -0.0455752
1.6770999999999994 -0.04907290000000001
1.6870999999999992 -0.0525718
1.697099999999999 -0.0561677
1.7070999999999987 -0.059781799999999996
1.7170999999999985 -0.06365409999999999
1.7271 -0.0671129
1.7370999999999999 -0.07085029999999999
1.7470999999999997 -0.0744737
1.7570999999999994 -0.0779835
1.7670999999999992 -0.081542
1.777099999999999 -0.0849545
1.7870999999999988 -0.08810839999999998
1.7970999999999986 -0.09120799999999998
1.8071000000000002 -0.09414650000000001
1.8171 -0.09689980000000001
1.8270999999999997 -0.099298
1.8370999999999995 -0.10151120000000001
1.8470999999999993 -0.10325539999999997
1.857099999999999 -0.10495059999999999
1.8670999999999989 -0.10610779999999999
1.8770999999999987 -0.1071552
1.8870999999999984 -0.10771249999999999
1.8971 -0.107886
1.9070999999999998 -0.10767020000000002
1.9170999999999996 -0.1070887
1.9270999999999994 -0.10609880000000001
1.9370999999999992 -0.10494339999999999
1.947099999999999 -0.10322100000000001
1.9570999999999987 -0.10131219999999999
1.9670999999999985 -0.09923659999999998
1.9771 -0.0967331
1.9870999999999999 -0.09406489999999999
1.9970999999999997 -0.0912886
2.0070999999999994 -0.0883138
2.0170999999999992 -0.0855334
2.027099999999999 -0.0824531
2.037099999999999 -0.07958669999999998
2.0470999999999986 -0.07684060000000001
2.0571 -0.07430800000000001
2.0671 -0.0719263
2.0770999999999997 -0.069637
2.0870999999999995 -0.0678196
2.0970999999999993 -0.06621470000000002
2.107099999999999 -0.06484940000000002
2.117099999999999 -0.063921
2.1270999999999987 -0.0632312
2.1370999999999984 -0.06270300000000001
2.1471 -0.0625764
2.1571 -0.06271239999999999
2.1670999999999996 -0.06326770000000001
2.1770999999999994 -0.0637636
2.187099999999999 -0.06458950000000001
2.197099999999999 -0.0655229
2.2070999999999987 -0.0665973
2.2170999999999985 -0.0677718
2.2271 -0.0689753
2.2371 -0.07018269999999999
2.2470999999999997 -0.0714
2.2570999999999994 -0.0725131
2.2670999999999992 -0.073635
2.277099999999999 -0.07455169999999998
2.287099999999999 -0.0754641
2.2970999999999986 -0.0761843
2.3071 -0.0766911
2.3171 -0.07708459999999999
2.3270999999999997 -0.07727269999999999
2.3370999999999995 -0.07723949999999999
2.3470999999999993 -0.0770029
2.357099999999999 -0.0765539
2.367099999999999 -0.0757706
2.3770999999999987 -0.0747858
2.3870999999999984 -0.0737788
2.3971 -0.07226629999999999
2.4071 -0.07065220000000001
2.4170999999999996 -0.0687551
2.4270999999999994 -0.0667936
2.437099999999999 -0.0645376
2.447099999999999 -0.062199599999999994
2.4570999999999987 -0.0598864
2.4670999999999985 -0.05728590000000001
2.4771 -0.05480649999999999
2.4871 -0.052244399999999996
2.4970999999999997 -0.049716800000000005
2.5070999999999994 -0.0472027
2.5170999999999992 -0.044919200000000006
2.527099999999999 -0.0425685
2.537099999999999 -0.040340400000000005
2.5470999999999986 -0.038350100000000005
2.5571 -0.0364743
2.5671 -0.034781299999999994
2.5770999999999997 -0.033262099999999996
2.5870999999999995 -0.031875299999999995
2.5970999999999993 -0.0306674
2.607099999999999 -0.029569699999999994
2.617099999999999 -0.0286261
2.6270999999999987 -0.027799300000000006
2.6370999999999984 -0.027063999999999998
2.6471 -0.0264098
2.6571 -0.025824800000000002
2.6670999999999996 -0.025267500000000005
2.6770999999999994 -0.024768000000000002
2.687099999999999 -0.024263799999999995
2.697099999999999 -0.0237587
2.7070999999999987 -0.0232688
2.7170999999999985 -0.022777
2.7271 -0.022262800000000003
2.7371 -0.021739499999999995
2.7470999999999997 -0.0212084
2.7570999999999994 -0.0206778
2.7670999999999992 -0.0201433
2.777099999999999 -0.019602100000000004
2.787099999999999 -0.0190776
2.7970999999999986 -0.0185615
2.8071 -0.018053899999999998
2.8171 -0.017584699999999995
2.8270999999999997 -0.017131499999999997
2.8370999999999995 -0.016697299999999998
2.8470999999999993 -0.016295399999999998
2.857099999999999 -0.015919100000000002
2.867099999999999 -0.0155871
2.8770999999999987 -0.0152818
2.8870999999999984 -0.015002299999999998
2.8971 -0.0147602
2.9071 -0.014555199999999999
2.9170999999999996 -0.0143984
2.9270999999999994 -0.014258900000000001
2.937099999999999 -0.014159600000000001
2.947099999999999 -0.0141399
2.9570999999999987 -0.014109799999999999
2.9670999999999985 -0.0141707
2.9771 -0.014234199999999999
2.9871 -0.0143485
2.9970999999999997 -0.014536600000000002
3.0070999999999994 -0.0147373
3.0170999999999992 -0.0150017
3.027099999999999 -0.015290799999999995
3.037099999999999 -0.0156325
3.0470999999999986 -0.016001600000000005
3.0571 -0.016420499999999998
3.0671 -0.016843
3.0770999999999997 -0.017318999999999998
3.0870999999999995 -0.017805
3.0970999999999993 -0.01832
3.107099999999999 -0.018843000000000006
3.117099999999999 -0.019364999999999997
3.1270999999999987 -0.019901000000000005
3.1370999999999984 -0.020439
3.1471 -0.020987000000000002
3.1571 -0.021537999999999998
3.1670999999999996 -0.02209
3.1770999999999994 -0.022620000000000005
3.187099999999999 -0.023162000000000002
3.197099999999999 -0.023704
3.2070999999999987 -0.024277000000000003
3.2170999999999985 -0.024805
3.2271 -0.025380000000000003
3.2371 -0.025977
3.2470999999999997 -0.02659
3.2570999999999994 -0.027235000000000006
3.2670999999999992 -0.02788
3.277099999999999 -0.028586999999999998
3.287099999999999 -0.029305999999999995
3.2970999999999986 -0.030013
3.3071 -0.030774000000000003
3.3171 -0.031577
3.3270999999999997 -0.032361
3.3370999999999995 -0.033166
3.3470999999999993 -0.03391
3.357099999999999 -0.034676
3.367099999999999 -0.03541
3.3770999999999987 -0.03609400000000001
3.3870999999999984 -0.036724999999999994
3.3971 -0.03729300000000001
3.4071 -0.037798000000000005
3.4170999999999996 -0.03823000000000001
3.4270999999999994 -0.038585
3.437099999999999 -0.03884699999999999
3.447099999999999 -0.03905199999999999
3.4570999999999987 -0.03916499999999999
3.4670999999999985 -0.039200000000000006
3.4771 -0.039193
3.4871 -0.039139999999999994
3.4970999999999997 -0.039033000000000005
3.5070999999999994 -0.03890500000000001
3.5170999999999992 -0.038733
3.527099999999999 -0.03856799999999999
3.537099999999999 -0.03839299999999999
3.5470999999999986 -0.038229
3.5571 -0.038073
3.5671 -0.03796100000000001
3.5770999999999997 -0.037856999999999995
3.5870999999999995 -0.037767
3.5970999999999993 -0.037727
3.607100000000001 -0.037679
3.617099999999999 -0.03768200000000001
3.6271000000000004 -0.037688
3.6370999999999984 -0.037707
3.6471 -0.037695
3.657099999999998 -0.037703
3.6670999999999996 -0.037681
3.6770999999999976 -0.037652000000000005
3.687099999999999 -0.037580999999999996
3.6971000000000007 -0.037478
3.7070999999999987 -0.03733500000000001
3.7171000000000003 -0.037148999999999995
3.7270999999999983 -0.036889
3.7371 -0.036600999999999995
3.747099999999998 -0.036233999999999995
3.7570999999999994 -0.03582900000000001
3.767100000000001 -0.035368
3.777099999999999 -0.034835000000000005
3.7871000000000006 -0.03429020000000001
3.7970999999999986 -0.03367309999999999
3.8071 -0.033021299999999996
3.817099999999998 -0.0323209
3.8270999999999997 -0.031627899999999994
3.8370999999999977 -0.0309243
3.8470999999999993 -0.0302095
3.857100000000001 -0.029497
3.867099999999999 -0.0287953
3.8771000000000004 -0.0281226
3.8870999999999984 -0.027504700000000003
3.8971 -0.026879200000000002
3.907099999999998 -0.026354399999999997
3.9170999999999996 -0.025874
3.9270999999999976 -0.0254585
3.937099999999999 -0.0251043
3.9471000000000007 -0.024824299999999997
3.9570999999999987 -0.0246178
3.9671000000000003 -0.024494700000000005
3.9770999999999983 -0.024445299999999996
3.9871 -0.0244492
3.997099999999998 -0.024545900000000002
4.007099999999999 -0.024715499999999994
4.017100000000001 -0.0249475
4.027099999999999 -0.025221999999999998
4.037100000000001 -0.025568499999999997
4.047099999999999 -0.025956399999999998
4.0571 -0.026366099999999996
4.067099999999998 -0.026817100000000003
4.0771 -0.027318699999999998
4.087099999999998 -0.0278013
4.097099999999999 -0.0283245
4.107100000000001 -0.028858300000000003
4.117099999999999 -0.029392399999999996
4.1271 -0.029916800000000004
4.1370999999999984 -0.0304612
4.1471 -0.031006000000000002
4.157099999999998 -0.031550800000000004
4.1671 -0.032095799999999994
4.177099999999998 -0.032641100000000006
4.187099999999999 -0.033216300000000004
4.197100000000001 -0.0338019
4.207099999999999 -0.03439759999999999
4.2171 -0.035023399999999996
4.227099999999998 -0.0356893
4.2371 -0.0363557
4.247099999999998 -0.0370629
4.257099999999999 -0.0377694
4.267100000000001 -0.03850629999999999
4.277099999999999 -0.03924249999999999
4.287100000000001 -0.039969
4.297099999999999 -0.04067540000000001
4.3071 -0.0413707
4.317099999999998 -0.041975399999999996
4.3271 -0.042559
4.337099999999998 -0.043051400000000004
4.347099999999999 -0.043452199999999996
4.357100000000001 -0.043751499999999985
4.367099999999999 -0.04394900000000001
4.3771 -0.0440147
4.3870999999999984 -0.0439586
4.3971 -0.0438109
4.407099999999998 -0.043511400000000006
4.4171 -0.0431302
4.427099999999998 -0.042617600000000005
4.437099999999999 -0.0420241
4.447100000000001 -0.041359599999999996
4.457099999999999 -0.040614399999999995
4.4671 -0.0398091
4.477099999999998 -0.038973499999999994
4.4871 -0.0381183
4.497099999999998 -0.0372735
4.507099999999999 -0.0364192
4.517100000000001 -0.0355458
4.527099999999999 -0.03474320000000001
4.537100000000001 -0.0339818
4.547099999999999 -0.0332512
4.5571 -0.032562
4.567099999999998 -0.031913899999999995
4.5771 -0.031336800000000005
4.587099999999998 -0.030820799999999992
4.597099999999999 -0.030375799999999994
4.607100000000001 -0.0299816
4.617099999999999 -0.0296488
4.6271 -0.0293667
4.6370999999999984 -0.029135600000000005
4.6471 -0.0289656
4.657099999999998 -0.028856299999999998
4.6671 -0.028768199999999997
4.677099999999998 -0.028730999999999996
4.687099999999999 -0.028734499999999996
4.697100000000001 -0.028759000000000003
4.707099999999999 -0.0288043
4.7171 -0.028860599999999997
4.727099999999998 -0.028937400000000002
4.7371 -0.029005
4.747099999999998 -0.0290827
4.757099999999999 -0.029140899999999997
4.767100000000001 -0.0291691
4.777099999999999 -0.029177499999999995
4.787100000000001 -0.029115400000000007
4.797099999999999 -0.0290228
4.8071 -0.0288893
4.817099999999998 -0.028705
4.8271 -0.028439500000000006
4.837099999999998 -0.028112899999999996
4.847099999999999 -0.027724600000000002
4.857100000000001 -0.027294799999999994
4.867099999999999 -0.0268035
4.8771 -0.0262305
4.8870999999999984 -0.025636199999999998
4.8971 -0.024990399999999996
4.907099999999998 -0.0243035
4.9171 -0.0235951
4.927099999999998 -0.0228761
4.937099999999999 -0.022166399999999996
4.947100000000001 -0.021446300000000005
4.957099999999999 -0.020755899999999997
4.9671 -0.0200656
4.977099999999998 -0.0194355
4.9871 -0.0188257
4.997099999999998 -0.018256499999999995
5.007099999999999 -0.017737899999999997
5.017100000000001 -0.0172501
5.027099999999999 -0.016822800000000002
5.037100000000001 -0.0164165
5.047099999999999 -0.0160507
5.0571 -0.0157258
5.067099999999998 -0.015411399999999999
5.0771 -0.015137300000000001
5.087099999999998 -0.014883600000000002
5.097099999999999 -0.0146406
5.107100000000001 -0.014407499999999998
5.117099999999999 -0.014184500000000001
5.1271 -0.013951799999999999
5.1370999999999984 -0.013748999999999999
5.1471 -0.0135261
5.157099999999998 -0.013313199999999999
5.1671 -0.0131099
5.177099999999998 -0.012866899999999997
5.187099999999999 -0.0126534
5.197100000000001 -0.012409500000000002
5.207099999999999 -0.012162700000000002
5.2171 -0.0119062
5.227099999999998 -0.011639700000000001
5.2371 -0.011363700000000001
5.247099999999998 -0.0110685
5.257099999999999 -0.010763799999999997
5.267100000000001 -0.0104378
5.277099999999999 -0.010078599999999998
5.287100000000001 -0.0097141
5.297099999999999 -0.0093514
5.3071 -0.0089532
5.317099999999998 -0.008547899999999999
5.3271 -0.0081585
5.337099999999998 -0.0077327
5.347099999999999 -0.0073335000000000015
5.357100000000001 -0.0069102
5.367099999999999 -0.0065247
5.3771 -0.006121000000000001
5.3870999999999984 -0.00573395
5.3971 -0.005361409999999999
5.407099999999998 -0.0050027100000000005
5.4171 -0.00465372
5.427099999999998 -0.00432431
5.437099999999999 -0.004008889999999999
5.447100000000001 -0.0037099100000000003
5.457099999999999 -0.00342577
5.4671 -0.0031567400000000003
5.477099999999998 -0.0029016800000000002
5.4871 -0.0026621699999999997
5.497099999999998 -0.002433904
5.507099999999999 -0.002219444
5.517100000000001 -0.002015781
5.527099999999999 -0.0018272969999999996
5.537100000000001 -0.001647865
5.547099999999999 -0.0014793739999999997
5.5571 -0.0013225040000000002
5.567099999999998 -0.0011771149999999998
5.5771 -0.0010410608999999998
5.587099999999998 -0.0009161456000000001
5.597099999999999 -0.0008002648
5.607100000000001 -0.0006973951
5.617099999999999 -0.0006022224
5.6271 -0.0005157116999999999
5.6370999999999984 -0.00043941749999999995
5.6471 -0.00037162256
5.657099999999998 -0.00031205891
5.6671 -0.00025987495
5.677099999999998 -0.00021479525999999996
5.687099999999999 -0.00017617483
5.697100000000001 -0.00014326369
5.707099999999999 -0.000115627155
5.7171 -9.253062299999999e-05
5.727099999999998 -7.3398829e-05
5.7371 -5.772406500000001e-05
5.747099999999998 -4.4990006000000004e-05
5.757099999999999 -3.4771330999999995e-05
5.767100000000001 -2.6635221599999992e-05
5.777099999999999 -2.02117739e-05
5.787100000000001 -1.52030136e-05
5.797099999999999 -1.13328747e-05
5.8071 -8.3655378e-06
5.817099999999998 -6.128558059999999e-06
5.8271 -4.42996855e-06
5.837099999999998 -3.18676e-06
5.847099999999999 -2.26666e-06
5.857100000000001 -1.59734e-06
5.867099999999999 -1.11438e-06
5.8771 -7.6907e-07
5.8870999999999984 -5.25961e-07
5.8971 -3.5680100000000005e-07
5.907099999999998 -2.3939299999999995e-07
5.9171 -1.5909300000000003e-07
5.927099999999998 -1.0463099999999999e-07
5.937099999999999 -6.813500000000001e-08
5.947100000000001 -4.39802e-08
5.957099999999999 -2.8035e-08
