-22.402900000000002 2.6109000000000004e-05
-22.3929 1.836e-05
-22.3829 1.27709e-05
-22.3729 8.8042e-06
-22.362900000000003 6.0137e-06
-22.352899999999998 4.0673e-06
-22.3429 2.7226999999999998e-06
-22.332900000000002 1.80472e-06
-22.3229 1.18276e-06
-22.3129 7.7029e-07
-22.3029 4.954700000000001e-07
-22.292900000000003 3.1558900000000006e-07
-22.2829 1.99036e-07
-22.2729 1.24172e-07
-22.262900000000002 7.6762e-08
-22.2529 4.7111099999999996e-08
-22.2429 2.84905e-08
-22.2329 1.7078e-08
-22.222900000000003 1.01529e-08
-22.2129 5.95336e-09
-22.2029 3.4705499999999998e-09
-22.1929 1.99868e-09
-22.1829 1.1395199999999998e-09
-22.1729 6.432379999999999e-10
-22.1629 3.5924800000000006e-10
-22.152900000000002 1.98485e-10
-22.1429 1.0864389999999999e-10
-22.1329 5.88316e-11
-22.1229 3.15493e-11
-22.112900000000003 1.67381e-11
-22.102899999999998 8.790260000000001e-12
-22.0929 4.561999999999999e-12
-22.082900000000002 2.3412180000000005e-12
-22.0729 1.188755e-12
-22.0629 5.934586e-13
-22.0529 2.9279999999999997e-13
-22.042900000000003 1.4239999999999998e-13
-22.0329 6.808000000000001e-14
-22.0229 2.9930000000000005e-14
-22.012900000000002 1.2060000000000001e-14
-22.0029 3.2839999999999997e-15
-21.9929 1.03e-15
-21.9829 3.287e-16
-21.972900000000003 2.4190000000000005e-17
-21.9629 0.0
-21.9529 0.0
-21.9429 0.0
-21.9329 0.0
-21.9229 0.0
-21.9129 0.0
-21.902900000000002 0.0
-21.8929 0.0
-21.8829 0.0
-21.8729 0.0
-21.862900000000003 0.0
-21.852899999999998 0.0
-21.8429 0.0
-21.832900000000002 0.0
-21.8229 0.0
-21.8129 0.0
-21.8029 0.0
-21.792900000000003 0.0
-21.7829 0.0
-21.7729 0.0
-21.762900000000002 0.0
-21.7529 0.0
-21.7429 0.0
-21.7329 0.0
-21.722900000000003 0.0
-21.7129 0.0
-21.7029 0.0
-21.6929 0.0
-21.6829 0.0
-21.6729 0.0
-21.6629 0.0
-21.652900000000002 0.0
-21.6429 0.0
-21.6329 0.0
-21.6229 0.0
-21.612900000000003 0.0
-21.602899999999998 0.0
-21.5929 0.0
-21.582900000000002 0.0
-21.5729 0.0
-21.5629 0.0
-21.5529 0.0
-21.542900000000003 0.0
-21.5329 0.0
-21.5229 0.0
-21.512900000000002 0.0
-21.5029 0.0
-21.4929 0.0
-21.4829 0.0
-21.472900000000003 0.0
-21.4629 0.0
-21.4529 0.0
-21.4429 0.0
-21.4329 0.0
-21.4229 0.0
-21.4129 0.0
-21.402900000000002 0.0
-21.3929 0.0
-21.3829 0.0
-21.3729 0.0
-21.362900000000003 0.0
-21.352899999999998 0.0
-21.3429 0.0
-21.332900000000002 0.0
-21.3229 0.0
-21.3129 0.0
-21.3029 0.0
-21.292900000000003 0.0
-21.2829 0.0
-21.2729 0.0
-21.262900000000002 0.0
-21.2529 0.0
-21.2429 0.0
-21.2329 0.0
-21.222900000000003 0.0
-21.2129 0.0
-21.2029 0.0
-21.1929 0.0
-21.1829 0.0
-21.1729 0.0
-21.1629 0.0
-21.152900000000002 0.0
-21.1429 0.0
-21.1329 0.0
-21.1229 0.0
-21.112900000000003 0.0
-21.102899999999998 0.0
-21.0929 0.0
-21.082900000000002 0.0
-21.0729 0.0
-21.0629 0.0
-21.0529 0.0
-21.042900000000003 0.0
-21.0329 0.0
-21.0229 0.0
-21.012900000000002 0.0
-21.0029 0.0
-20.9929 0.0
-20.9829 0.0
-20.972900000000003 0.0
-20.9629 0.0
-20.9529 0.0
-20.9429 0.0
-20.9329 0.0
-20.9229 0.0
-20.9129 0.0
-20.902900000000002 0.0
-20.8929 0.0
-20.8829 0.0
-20.8729 0.0
-20.862900000000003 0.0
-20.852899999999998 0.0
-20.8429 0.0
-20.832900000000002 0.0
-20.8229 0.0
-20.8129 0.0
-20.8029 0.0
-20.792900000000003 0.0
-20.7829 0.0
-20.7729 0.0
-20.762900000000002 0.0
-20.7529 0.0
-20.7429 0.0
-20.7329 0.0
-20.722900000000003 0.0
-20.7129 0.0
-20.7029 0.0
-20.6929 0.0
-20.6829 0.0
-20.6729 0.0
-20.6629 0.0
-20.652900000000002 0.0
-20.6429 0.0
-20.6329 0.0
-20.6229 0.0
-20.612900000000003 0.0
-20.602899999999998 0.0
-20.5929 0.0
-20.582900000000002 0.0
-20.5729 0.0
-20.5629 0.0
-20.5529 0.0
-20.542900000000003 0.0
-20.5329 0.0
-20.5229 0.0
-20.512900000000002 0.0
-20.5029 0.0
-20.4929 0.0
-20.4829 0.0
-20.472900000000003 0.0
-20.4629 0.0
-20.4529 0.0
-20.4429 0.0
-20.4329 0.0
-20.4229 0.0
-20.4129 0.0
-20.402900000000002 0.0
-20.3929 0.0
-20.3829 0.0
-20.3729 0.0
-20.3629 1.4335999999999998e-17
-20.3529 3.0001000000000005e-17
-20.3429 1.0117e-16
-20.332900000000002 2.0829999999999998e-16
-20.3229 4.262e-16
-20.3129 8.898e-16
-20.3029 1.7764000000000002e-15
-20.2929 3.5230000000000003e-15
-20.2829 6.901e-15
-20.2729 1.3656000000000001e-14
-20.262900000000002 2.61884e-14
-20.2529 5.039862e-14
-20.2429 9.501023999999999e-14
-20.2329 1.7743309999999998e-13
-20.222900000000003 3.275768e-13
-20.2129 5.990688000000001e-13
-20.2029 1.0860450000000001e-12
-20.1929 1.9398709999999997e-12
-20.1829 3.4445999999999997e-12
-20.1729 6.041760000000001e-12
-20.1629 1.0502030000000001e-11
-20.152900000000002 1.8075480000000002e-11
-20.1429 3.0825449999999996e-11
-20.1329 5.2057899999999995e-11
-20.1229 8.706670000000001e-11
-20.1129 1.438517e-10
-20.1029 2.3642e-10
-20.0929 3.84993e-10
-20.082900000000002 6.19198e-10
-20.0729 9.88578e-10
-20.0629 1.5649879999999998e-09
-20.0529 2.45269e-09
-20.0429 3.8084e-09
-20.0329 5.861920000000001e-09
-20.0229 8.962629999999998e-09
-20.012900000000002 1.3582e-08
-20.0029 2.03549e-08
-19.9929 3.03091e-08
-19.9829 4.47743e-08
-19.972900000000003 6.55304e-08
-19.9629 9.513999999999999e-08
-19.9529 1.37274e-07
-19.9429 1.9591e-07
-19.9329 2.779729999999999e-07
-19.9229 3.90378e-07
-19.9129 5.445100000000001e-07
-19.902900000000002 7.5392e-07
-19.8929 1.03507e-06
-19.8829 1.40991e-06
-19.8729 1.90835e-06
-19.8629 2.5586099999999994e-06
-19.8529 3.3961999999999998e-06
-19.8429 4.490700000000001e-06
-19.832900000000002 5.8729999999999995e-06
-19.8229 7.6388e-06
-19.8129 9.842800000000002e-06
-19.8029 1.2561099999999999e-05
-19.7929 1.5930999999999997e-05
-19.7829 2.0067000000000003e-05
-19.7729 2.5108e-05
-19.762900000000002 3.1099e-05
-19.7529 3.8214000000000004e-05
-19.7429 4.6504e-05
-19.7329 5.6375e-05
-19.722900000000003 6.7719e-05
-19.7129 8.081e-05
-19.7029 9.573e-05
-19.6929 0.00011255
-19.6829 0.00013156000000000002
-19.6729 0.00015333999999999997
-19.6629 0.00017645
-19.652900000000002 0.0002031
-19.6429 0.00023155999999999999
-19.6329 0.000264
-19.6229 0.00029848
-19.6129 0.00033644
-19.6029 0.0003785
-19.5929 0.00042369999999999994
-19.582900000000002 0.00047439999999999993
-19.5729 0.0005289
-19.5629 0.0005883
-19.5529 0.0006527
-19.5429 0.0007244
-19.5329 0.0008018
-19.5229 0.0008867
-19.512900000000002 0.0009795
-19.5029 0.0010785
-19.4929 0.0011867
-19.4829 0.0013032
-19.472900000000003 0.0014281
-19.4629 0.0015624
-19.4529 0.0017042
-19.4429 0.0018567000000000002
-19.4329 0.0020201
-19.4229 0.0021823
-19.4129 0.0023605999999999996
-19.402900000000002 0.0025472
-19.3929 0.002744
-19.3829 0.0029409999999999996
-19.3729 0.003144
-19.3629 0.0033619999999999995
-19.3529 0.0035770000000000008
-19.3429 0.003804
-19.332900000000002 0.00404
-19.3229 0.004286999999999999
-19.3129 0.0045390000000000005
-19.3029 0.004802
-19.2929 0.005069
-19.2829 0.005352999999999999
-19.2729 0.005653000000000001
-19.262900000000002 0.005964
-19.2529 0.006287
-19.2429 0.006642
-19.2329 0.0070030000000000005
-19.222900000000003 0.007397
-19.2129 0.007794
-19.2029 0.008228
-19.1929 0.008694
-19.1829 0.009158999999999999
-19.1729 0.009657000000000002
-19.1629 0.010173
-19.152900000000002 0.010723000000000002
-19.1429 0.011273
-19.1329 0.011858
-19.1229 0.012445000000000001
-19.1129 0.013068000000000001
-19.1029 0.013696000000000002
-19.0929 0.01436
-19.082900000000002 0.015022999999999998
-19.0729 0.015715
-19.0629 0.016426
-19.0529 0.017179
-19.0429 0.017963
-19.0329 0.018759
-19.0229 0.019618
-19.012900000000002 0.02048
-19.0029 0.021422
-18.9929 0.022380999999999998
-18.9829 0.023396
-18.972900000000003 0.024453999999999997
-18.9629 0.025564999999999997
-18.9529 0.026708999999999997
-18.9429 0.027895000000000003
-18.9329 0.029134000000000007
-18.9229 0.0304
-18.9129 0.0317
-18.902900000000002 0.03303
-18.8929 0.03439999999999999
-18.8829 0.035800000000000005
-18.8729 0.03719
-18.8629 0.038599999999999995
-18.8529 0.04005
-18.8429 0.04143000000000001
-18.832900000000002 0.04286999999999999
-18.8229 0.04434
-18.8129 0.045689999999999995
-18.8029 0.047110000000000006
-18.7929 0.04843
-18.7829 0.049729999999999996
-18.7729 0.05102
-18.762900000000002 0.052270000000000004
-18.7529 0.05350000000000001
-18.7429 0.054639999999999994
-18.7329 0.05589000000000001
-18.722900000000003 0.05694
-18.7129 0.05810000000000001
-18.7029 0.05898
-18.6929 0.059849999999999993
-18.6829 0.060660000000000006
-18.6729 0.06158
-18.6629 0.062130000000000005
-18.652900000000002 0.0627
-18.6429 0.06321
-18.6329 0.06353000000000002
-18.6229 0.06377000000000001
-18.6129 0.06395
-18.6029 0.06392
-18.5929 0.06371
-18.582900000000002 0.06361
-18.5729 0.06339
-18.5629 0.06308000000000001
-18.5529 0.06255000000000001
-18.5429 0.0621
-18.5329 0.061619999999999994
-18.5229 0.061099999999999995
-18.512900000000002 0.06065999999999999
-18.5029 0.06028
-18.4929 0.05971
-18.4829 0.05934999999999999
-18.472900000000003 0.05905999999999999
-18.4629 0.058769999999999996
-18.4529 0.058570000000000004
-18.4429 0.0586
-18.4329 0.05852
-18.4229 0.05866
-18.4129 0.05891
-18.402900000000002 0.05925999999999999
-18.3929 0.05960000000000001
-18.3829 0.06013999999999999
-18.3729 0.06069000000000001
-18.3629 0.06147
-18.3529 0.06214
-18.3429 0.06284
-18.332900000000002 0.06362
-18.3229 0.06451
-18.3129 0.06529
-18.3029 0.06604
-18.2929 0.06678
-18.2829 0.0677
-18.2729 0.06829
-18.262900000000002 0.06905
-18.2529 0.06986
-18.2429 0.07056
-18.2329 0.07153000000000001
-18.222900000000003 0.07246000000000001
-18.2129 0.07346
-18.2029 0.07475
-18.1929 0.07595
-18.1829 0.07753
-18.1729 0.07952
-18.1629 0.08172000000000001
-18.152900000000002 0.08433
-18.1429 0.08706
-18.1329 0.09032
-18.1229 0.09392
-18.1129 0.09793999999999999
-18.1029 0.10229999999999999
-18.0929 0.107
-18.082900000000002 0.11203999999999999
-18.0729 0.11743
-18.0629 0.12318000000000001
-18.0529 0.12927000000000002
-18.0429 0.13573000000000002
-18.0329 0.14234
-18.0229 0.14942999999999998
-18.012900000000002 0.1569
-18.0029 0.16484999999999997
-17.9929 0.17290999999999998
-17.9829 0.18134999999999998
-17.972900000000003 0.19142
-17.9629 0.20109
-17.9529 0.21148
-17.9429 0.2215
-17.9329 0.23345
-17.9229 0.24592
-17.9129 0.25832
-17.902900000000002 0.27125000000000005
-17.8929 0.28479
-17.8829 0.29915
-17.8729 0.31382
-17.8629 0.32799999999999996
-17.8529 0.34256999999999993
-17.8429 0.35632
-17.832900000000002 0.37127
-17.8229 0.38400999999999996
-17.8129 0.39694
-17.8029 0.40945999999999994
-17.7929 0.42066000000000003
-17.7829 0.43085000000000007
-17.7729 0.44051999999999997
-17.762900000000002 0.44866999999999996
-17.7529 0.45661
-17.7429 0.46202999999999994
-17.7329 0.46813999999999995
-17.722900000000003 0.47313999999999995
-17.7129 0.47684
-17.7029 0.48053999999999997
-17.6929 0.48455
-17.6829 0.48788
-17.6729 0.49163
-17.6629 0.49622000000000005
-17.652900000000002 0.50035
-17.6429 0.5060299999999999
-17.6329 0.51209
-17.6229 0.51902
-17.6129 0.52853
-17.6029 0.5377
-17.5929 0.5467
-17.582900000000002 0.5564
-17.5729 0.5685
-17.5629 0.5792
-17.5529 0.5905999999999999
-17.5429 0.6013
-17.5329 0.6112
-17.5229 0.6222000000000001
-17.512900000000002 0.6302
-17.5029 0.6381
-17.4929 0.6446999999999999
-17.4829 0.64986
-17.472900000000003 0.6514399999999999
-17.4629 0.6513
-17.4529 0.64853
-17.4429 0.6435900000000001
-17.4329 0.6356799999999999
-17.4229 0.6247699999999999
-17.4129 0.61153
-17.402900000000002 0.59637
-17.3929 0.5779699999999999
-17.3829 0.55801
-17.3729 0.5345900000000001
-17.3629 0.5098
-17.3529 0.48373
-17.3429 0.45618000000000003
-17.332900000000002 0.42795000000000005
-17.3229 0.39932
-17.3129 0.37051
-17.3029 0.34199999999999997
-17.2929 0.31389
-17.2829 0.28649
-17.2729 0.26039
-17.262900000000002 0.23539
-17.2529 0.21169000000000002
-17.2429 0.1895
-17.2329 0.1687
-17.222900000000003 0.14961399999999997
-17.2129 0.131885
-17.2029 0.11576
-17.1929 0.10105800000000001
-17.1829 0.08783100000000002
-17.1729 0.075869
-17.1629 0.065163
-17.152900000000002 0.055631
-17.1429 0.047306
-17.1329 0.039816000000000004
-17.1229 0.033393
-17.1129 0.02778
-17.1029 0.022982
-17.0929 0.018823
-17.082900000000002 0.015323000000000002
-17.0729 0.012327099999999999
-17.0629 0.009897699999999999
-17.0529 0.0078483
-17.0429 0.0061772
-17.0329 0.0048222
-17.0229 0.0037257
-17.012900000000002 0.0028539
-17.0029 0.0021673
-16.9929 0.0016282999999999998
-16.9829 0.00121197
-16.972900000000003 0.0008921500000000001
-16.9629 0.00065126
-16.9529 0.00047039000000000006
-16.9429 0.000336217
-16.9329 0.000238866
-16.9229 0.00016670599999999997
-16.9129 0.00011632200000000002
-16.902900000000002 7.974400000000001e-05
-16.8929 5.4193e-05
-16.8829 3.644770000000001e-05
-16.8729 2.43341e-05
-16.8629 1.6002100000000004e-05
-16.8529 1.042133e-05
-16.8429 6.74252e-06
-16.832900000000002 4.313020000000001e-06
-16.8229 2.72537e-06
-16.8129 1.7048699999999998e-06
-16.8029 1.058656e-06
-16.7929 6.470019999999999e-07
-16.7829 3.91871e-07
-16.7729 2.356351e-07
-16.762900000000002 1.399264e-07
-16.7529 8.19213e-08
-16.7429 4.759094e-08
-16.7329 2.736115e-08
-16.722900000000003 1.55883e-08
-16.7129 8.767959999999998e-09
-16.7029 4.885645e-09
-16.6929 2.69341e-09
-16.6829 1.4670848e-09
-16.6729 7.916800999999999e-10
-16.6629 4.2288698999999996e-10
-16.652900000000002 2.2296523e-10
-16.6429 1.16496e-10
-16.6329 6.0255e-11
-16.6229 3.0829e-11
-16.6129 1.55639e-11
-16.6029 7.781500000000001e-12
-16.5929 3.8554999999999995e-12
-16.582900000000002 1.85719e-12
-16.5729 8.9947e-13
-16.5629 3.8321e-13
-16.5529 1.23297e-13
-16.5429 3.1565699999999996e-14
-16.5329 0.0
-16.5229 0.0
-16.512900000000002 0.0
-16.5029 0.0
-16.4929 0.0
-16.4829 0.0
-16.472900000000003 0.0
-16.4629 0.0
-16.4529 0.0
-16.4429 0.0
-16.4329 0.0
-16.4229 0.0
-16.4129 0.0
-16.402900000000002 0.0
-16.3929 0.0
-16.3829 0.0
-16.3729 0.0
-16.3629 0.0
-16.3529 0.0
-16.3429 0.0
-16.332900000000002 0.0
-16.3229 0.0
-16.3129 0.0
-16.3029 0.0
-16.2929 0.0
-16.2829 0.0
-16.2729 0.0
-16.262900000000002 0.0
-16.2529 0.0
-16.2429 0.0
-16.2329 0.0
-16.2229 0.0
-16.2129 0.0
-16.2029 0.0
-16.1929 0.0
-16.1829 0.0
-16.172900000000002 0.0
-16.1629 0.0
-16.152900000000002 0.0
-16.1429 0.0
-16.1329 0.0
-16.1229 0.0
-16.1129 0.0
-16.1029 0.0
-16.0929 0.0
-16.082900000000002 0.0
-16.0729 0.0
-16.0629 0.0
-16.0529 0.0
-16.0429 0.0
-16.0329 0.0
-16.0229 0.0
-16.012900000000002 0.0
-16.0029 0.0
-15.9929 0.0
-15.9829 0.0
-15.972900000000001 0.0
-15.962900000000001 0.0
-15.9529 0.0
-15.942900000000002 0.0
-15.9329 0.0
-15.9229 0.0
-15.9129 0.0
-15.9029 0.0
-15.892900000000001 0.0
-15.882900000000001 0.0
-15.872900000000001 0.0
-15.8629 0.0
-15.852900000000002 0.0
-15.8429 0.0
-15.8329 0.0
-15.8229 0.0
-15.8129 0.0
-15.802900000000001 0.0
-15.792900000000001 0.0
-15.782900000000001 0.0
-15.7729 0.0
-15.7629 0.0
-15.7529 0.0
-15.7429 0.0
-15.7329 0.0
-15.722900000000001 0.0
-15.712900000000001 0.0
-15.7029 0.0
-15.692900000000002 0.0
-15.6829 0.0
-15.6729 0.0
-15.6629 0.0
-15.6529 0.0
-15.642900000000001 0.0
-15.632900000000001 0.0
-15.622900000000001 0.0
-15.6129 0.0
-15.602900000000002 0.0
-15.5929 0.0
-15.5829 0.0
-15.5729 0.0
-15.5629 0.0
-15.552900000000001 0.0
-15.542900000000001 0.0
-15.532900000000001 0.0
-15.5229 0.0
-15.5129 0.0
-15.5029 0.0
-15.4929 0.0
-15.4829 0.0
-15.472900000000001 0.0
-15.462900000000001 0.0
-15.4529 0.0
-15.442900000000002 0.0
-15.4329 0.0
-15.4229 0.0
-15.4129 0.0
-15.4029 0.0
-15.392900000000001 0.0
-15.382900000000001 0.0
-15.372900000000001 0.0
-15.3629 0.0
-15.352900000000002 0.0
-15.3429 0.0
-15.3329 0.0
-15.3229 0.0
-15.3129 0.0
-15.302900000000001 0.0
-15.292900000000001 0.0
-15.282900000000001 0.0
-15.2729 0.0
-15.2629 0.0
-15.2529 0.0
-15.2429 0.0
-15.2329 0.0
-15.222900000000001 0.0
-15.212900000000001 0.0
-15.2029 0.0
-15.192900000000002 0.0
-15.1829 0.0
-15.1729 0.0
-15.1629 0.0
-15.1529 0.0
-15.142900000000001 0.0
-15.132900000000001 0.0
-15.122900000000001 0.0
-15.1129 0.0
-15.102900000000002 0.0
-15.0929 0.0
-15.0829 0.0
-15.0729 0.0
-15.0629 0.0
-15.052900000000001 0.0
-15.042900000000001 0.0
-15.032900000000001 0.0
-15.0229 0.0
-15.0129 0.0
-15.0029 0.0
-14.9929 0.0
-14.9829 0.0
-14.972900000000001 0.0
-14.962900000000001 0.0
-14.9529 0.0
-14.942900000000002 0.0
-14.9329 0.0
-14.9229 0.0
-14.9129 0.0
-14.9029 0.0
-14.892900000000001 0.0
-14.882900000000001 0.0
-14.872900000000001 0.0
-14.8629 0.0
-14.852900000000002 0.0
-14.8429 0.0
-14.8329 0.0
-14.8229 0.0
-14.8129 0.0
-14.802900000000001 0.0
-14.792900000000001 0.0
-14.782900000000001 0.0
-14.7729 0.0
-14.7629 0.0
-14.7529 0.0
-14.7429 0.0
-14.7329 0.0
-14.722900000000001 0.0
-14.712900000000001 0.0
-14.7029 0.0
-14.692900000000002 0.0
-14.6829 0.0
-14.6729 0.0
-14.6629 0.0
-14.6529 0.0
-14.642900000000001 0.0
-14.632900000000001 0.0
-14.622900000000001 0.0
-14.6129 0.0
-14.602900000000002 0.0
-14.5929 0.0
-14.5829 0.0
-14.5729 0.0
-14.5629 0.0
-14.552900000000001 0.0
-14.542900000000001 0.0
-14.532900000000001 0.0
-14.5229 0.0
-14.5129 0.0
-14.5029 0.0
-14.4929 0.0
-14.4829 0.0
-14.472900000000001 0.0
-14.462900000000001 0.0
-14.4529 0.0
-14.442900000000002 0.0
-14.4329 0.0
-14.4229 0.0
-14.4129 0.0
-14.4029 0.0
-14.392900000000001 0.0
-14.382900000000001 0.0
-14.372900000000001 0.0
-14.3629 0.0
-14.3529 0.0
-14.3429 0.0
-14.3329 0.0
-14.3229 0.0
-14.3129 0.0
-14.302900000000001 0.0
-14.292900000000001 0.0
-14.282900000000001 0.0
-14.2729 0.0
-14.2629 0.0
-14.2529 0.0
-14.2429 0.0
-14.2329 0.0
-14.222900000000001 0.0
-14.212900000000001 0.0
-14.202900000000001 0.0
-14.192900000000002 0.0
-14.1829 0.0
-14.1729 0.0
-14.1629 0.0
-14.1529 0.0
-14.142900000000001 0.0
-14.132900000000001 0.0
-14.122900000000001 0.0
-14.1129 0.0
-14.1029 0.0
-14.0929 0.0
-14.0829 0.0
-14.0729 0.0
-14.0629 0.0
-14.052900000000001 0.0
-14.042900000000001 0.0
-14.032900000000001 0.0
-14.0229 0.0
-14.0129 0.0
-14.0029 0.0
-13.9929 0.0
-13.9829 0.0
-13.972900000000001 0.0
-13.962900000000001 0.0
-13.952900000000001 0.0
-13.942900000000002 0.0
-13.9329 0.0
-13.9229 0.0
-13.9129 0.0
-13.9029 0.0
-13.892900000000001 0.0
-13.882900000000001 0.0
-13.872900000000001 0.0
-13.8629 0.0
-13.8529 0.0
-13.8429 0.0
-13.8329 0.0
-13.8229 0.0
-13.8129 0.0
-13.802900000000001 0.0
-13.792900000000001 0.0
-13.782900000000001 0.0
-13.7729 0.0
-13.7629 0.0
-13.7529 0.0
-13.7429 0.0
-13.7329 0.0
-13.722900000000001 0.0
-13.712900000000001 0.0
-13.702900000000001 0.0
-13.692900000000002 0.0
-13.6829 0.0
-13.6729 0.0
-13.6629 0.0
-13.6529 0.0
-13.642900000000001 0.0
-13.632900000000001 0.0
-13.622900000000001 0.0
-13.6129 0.0
-13.6029 0.0
-13.5929 0.0
-13.5829 0.0
-13.5729 0.0
-13.5629 0.0
-13.552900000000001 0.0
-13.542900000000001 0.0
-13.532900000000001 0.0
-13.5229 0.0
-13.5129 0.0
-13.5029 0.0
-13.4929 0.0
-13.4829 0.0
-13.472900000000001 0.0
-13.462900000000001 0.0
-13.452900000000001 0.0
-13.442900000000002 0.0
-13.4329 0.0
-13.4229 0.0
-13.4129 0.0
-13.4029 0.0
-13.392900000000001 0.0
-13.382900000000001 0.0
-13.372900000000001 0.0
-13.3629 0.0
-13.3529 0.0
-13.3429 0.0
-13.3329 0.0
-13.3229 0.0
-13.3129 0.0
-13.302900000000001 0.0
-13.292900000000001 0.0
-13.282900000000001 0.0
-13.2729 0.0
-13.2629 0.0
-13.2529 0.0
-13.2429 0.0
-13.2329 0.0
-13.222900000000001 0.0
-13.212900000000001 0.0
-13.202900000000001 0.0
-13.192900000000002 0.0
-13.1829 0.0
-13.1729 0.0
-13.1629 0.0
-13.1529 0.0
-13.142900000000001 0.0
-13.132900000000001 0.0
-13.122900000000001 0.0
-13.1129 0.0
-13.1029 0.0
-13.0929 0.0
-13.0829 0.0
-13.0729 0.0
-13.0629 0.0
-13.052900000000001 0.0
-13.042900000000001 0.0
-13.032900000000001 0.0
-13.0229 0.0
-13.0129 0.0
-13.0029 0.0
-12.9929 0.0
-12.9829 0.0
-12.972900000000001 0.0
-12.962900000000001 0.0
-12.952900000000001 0.0
-12.942900000000002 0.0
-12.9329 0.0
-12.9229 0.0
-12.9129 0.0
-12.9029 0.0
-12.892900000000001 0.0
-12.882900000000001 0.0
-12.872900000000001 0.0
-12.862900000000002 0.0
-12.8529 0.0
-12.8429 0.0
-12.8329 0.0
-12.8229 0.0
-12.8129 0.0
-12.802900000000001 0.0
-12.792900000000001 0.0
-12.782900000000001 0.0
-12.7729 0.0
-12.7629 0.0
-12.7529 0.0
-12.7429 0.0
-12.7329 0.0
-12.722900000000001 0.0
-12.712900000000001 0.0
-12.702900000000001 0.0
-12.6929 0.0
-12.6829 0.0
-12.6729 0.0
-12.6629 0.0
-12.6529 0.0
-12.642900000000001 0.0
-12.632900000000001 0.0
-12.622900000000001 0.0
-12.612900000000002 0.0
-12.6029 0.0
-12.5929 0.0
-12.5829 0.0
-12.5729 0.0
-12.5629 0.0
-12.552900000000001 0.0
-12.542900000000001 0.0
-12.532900000000001 0.0
-12.5229 0.0
-12.5129 0.0
-12.5029 0.0
-12.4929 0.0
-12.4829 0.0
-12.472900000000001 0.0
-12.462900000000001 0.0
-12.452900000000001 0.0
-12.4429 0.0
-12.4329 0.0
-12.4229 0.0
-12.4129 0.0
-12.4029 0.0
-12.392900000000001 0.0
-12.382900000000001 0.0
-12.372900000000001 0.0
-12.362900000000002 0.0
-12.3529 0.0
-12.3429 0.0
-12.3329 0.0
-12.3229 0.0
-12.3129 0.0
-12.302900000000001 0.0
-12.292900000000001 0.0
-12.282900000000001 0.0
-12.2729 0.0
-12.2629 0.0
-12.2529 0.0
-12.2429 0.0
-12.2329 0.0
-12.222900000000001 0.0
-12.212900000000001 0.0
-12.202900000000001 0.0
-12.1929 0.0
-12.1829 0.0
-12.1729 0.0
-12.1629 0.0
-12.1529 0.0
-12.142900000000001 0.0
-12.132900000000001 0.0
-12.122900000000001 0.0
-12.112900000000002 0.0
-12.1029 0.0
-12.0929 0.0
-12.0829 0.0
-12.0729 0.0
-12.0629 0.0
-12.052900000000001 0.0
-12.042900000000001 0.0
-12.032900000000001 0.0
-12.0229 0.0
-12.0129 0.0
-12.0029 0.0
-11.9929 0.0
-11.9829 0.0
-11.972900000000001 0.0
-11.962900000000001 0.0
-11.952900000000001 0.0
-11.9429 0.0
-11.9329 0.0
-11.9229 0.0
-11.9129 0.0
-11.9029 0.0
-11.892900000000001 0.0
-11.882900000000001 0.0
-11.872900000000001 0.0
-11.8629 0.0
-11.8529 0.0
-11.8429 0.0
-11.8329 0.0
-11.8229 0.0
-11.8129 0.0
-11.802900000000001 0.0
-11.792900000000001 0.0
-11.782900000000001 0.0
-11.7729 0.0
-11.7629 0.0
-11.7529 0.0
-11.7429 0.0
-11.7329 0.0
-11.722900000000001 0.0
-11.712900000000001 0.0
-11.702900000000001 0.0
-11.692900000000002 0.0
-11.6829 0.0
-11.6729 0.0
-11.6629 0.0
-11.6529 0.0
-11.642900000000001 0.0
-11.632900000000001 0.0
-11.622900000000001 0.0
-11.6129 0.0
-11.6029 0.0
-11.5929 0.0
-11.5829 0.0
-11.5729 0.0
-11.5629 1.8748000000000003e-14
-11.552900000000001 6.755999999999999e-14
-11.542900000000001 1.4082e-13
-11.532900000000001 3.6176e-13
-11.5229 7.700000000000001e-13
-11.5129 1.5884e-12
-11.5029 3.1968e-12
-11.4929 6.383e-12
-11.4829 1.2722e-11
-11.472900000000001 2.4931e-11
-11.462900000000001 4.8328e-11
-11.452900000000001 9.227e-11
-11.442900000000002 1.7495e-10
-11.4329 3.2648e-10
-11.4229 6.04125265e-10
-11.4129 1.10845287e-09
-11.4029 2.01324469e-09
-11.392900000000001 3.6091985899999996e-09
-11.382900000000001 6.4046625e-09
-11.372900000000001 1.1283373599999999e-08
-11.3629 1.9616793499999998e-08
-11.3529 3.384155e-08
-11.3429 5.7717922e-08
-11.3329 9.744131100000001e-08
-11.3229 1.625612e-07
-11.3129 2.6920876e-07
-11.302900000000001 4.4085876e-07
-11.292900000000001 7.1607824e-07
-11.282900000000001 1.1476151e-06
-11.2729 1.8279425999999998e-06
-11.2629 2.8738081e-06
-11.2529 4.477965600000001e-06
-11.2429 6.914537999999999e-06
-11.2329 1.0559558000000001e-05
-11.222900000000001 1.5940623999999997e-05
-11.212900000000001 2.3960619e-05
-11.202900000000001 3.543584000000001e-05
-11.192900000000002 5.2090290000000004e-05
-11.1829 7.575744e-05
-11.1729 0.00010867725
-11.1629 0.00015541210000000002
-11.1529 0.0002194625
-11.142900000000001 0.00030791680000000004
-11.132900000000001 0.000426945
-11.122900000000001 0.0005857554999999999
-11.1129 0.000795616
-11.1029 0.001068894
-11.0929 0.00142616
-11.0829 0.0018860110000000002
-11.0729 0.002479389
-11.0629 0.003207524
-11.052900000000001 0.004131760000000001
-11.042900000000001 0.005254389999999999
-11.032900000000001 0.00663784
-11.0229 0.008295480000000001
-11.0129 0.0102824
-11.0029 0.0126026
-10.9929 0.015335399999999999
-10.9829 0.018507700000000002
-10.972900000000001 0.022131599999999998
-10.962900000000001 0.0262201
-10.952900000000001 0.0308901
-10.942900000000002 0.035961299999999995
-10.9329 0.0415599
-10.9229 0.0476097
-10.9129 0.05415099999999999
-10.9029 0.061117
-10.892900000000001 0.06843900000000001
-10.882900000000001 0.076082
-10.872900000000001 0.08408900000000001
-10.8629 0.09223200000000001
-10.8529 0.100653
-10.8429 0.109215
-10.8329 0.11790799999999999
-10.8229 0.126664
-10.8129 0.13556000000000004
-10.802900000000001 0.1449
-10.792900000000001 0.15422
-10.782900000000001 0.16313
-10.7729 0.17214999999999997
-10.7629 0.18207
-10.7529 0.19268999999999997
-10.7429 0.20329
-10.7329 0.21356999999999995
-10.722900000000001 0.22452
-10.712900000000001 0.23592
-10.702900000000001 0.24798
-10.692900000000002 0.25975
-10.6829 0.27171
-10.6729 0.28355
-10.6629 0.29516
-10.6529 0.30629000000000006
-10.642900000000001 0.31696
-10.632900000000001 0.3268
-10.622900000000001 0.33576000000000006
-10.6129 0.34376
-10.6029 0.35053999999999996
-10.5929 0.35596
-10.5829 0.36034
-10.5729 0.36348
-10.5629 0.36517999999999995
-10.552900000000001 0.36584
-10.542900000000001 0.3654
-10.532900000000001 0.3638200000000001
-10.5229 0.36167000000000005
-10.5129 0.35862
-10.5029 0.35490000000000005
-10.4929 0.35104
-10.4829 0.3467199999999999
-10.472900000000001 0.34206000000000003
-10.462900000000001 0.33747000000000005
-10.452900000000001 0.33265
-10.442900000000002 0.32793000000000005
-10.4329 0.32318
-10.4229 0.31852
-10.4129 0.31384000000000006
-10.4029 0.30905
-10.392900000000001 0.30452999999999997
-10.382900000000001 0.29979999999999996
-10.372900000000001 0.29495
-10.3629 0.29008
-10.352900000000002 0.28529
-10.3429 0.28029
-10.3329 0.27516999999999997
-10.3229 0.26992000000000005
-10.3129 0.26456999999999997
-10.302900000000001 0.25932
-10.292900000000001 0.25406
-10.282900000000001 0.24863000000000002
-10.2729 0.2435
-10.2629 0.23839000000000002
-10.2529 0.23353
-10.2429 0.22879
-10.2329 0.2243
-10.222900000000001 0.22017
-10.212900000000001 0.21638000000000002
-10.2029 0.21286000000000005
-10.192900000000002 0.20969000000000002
-10.1829 0.20698
-10.1729 0.20442999999999997
-10.1629 0.20231999999999997
-10.1529 0.20057
-10.142900000000001 0.19895999999999997
-10.132900000000001 0.19759
-10.122900000000001 0.19651999999999997
-10.1129 0.19546999999999998
-10.102900000000002 0.19439999999999996
-10.0929 0.19324000000000002
-10.0829 0.19222999999999998
-10.0729 0.19069
-10.0629 0.18896999999999994
-10.052900000000001 0.187
-10.042900000000001 0.18457
-10.032900000000001 0.18165999999999996
-10.0229 0.17835999999999996
-10.0129 0.1745
-10.0029 0.17004
-9.9929 0.16513
-9.9829 0.15975000000000003
-9.972900000000001 0.15423
-9.962900000000001 0.14808000000000002
-9.9529 0.14189
-9.942900000000002 0.13558
-9.9329 0.12908
-9.9229 0.12289
-9.9129 0.11654999999999999
-9.9029 0.11054000000000001
-9.892900000000001 0.10507000000000001
-9.882900000000001 0.09976999999999998
-9.872900000000001 0.0951
-9.8629 0.09061999999999999
-9.852900000000002 0.08679
-9.8429 0.08342
-9.8329 0.08049999999999999
-9.8229 0.07804
-9.8129 0.07592999999999998
-9.802900000000001 0.07417
-9.792900000000001 0.07273000000000002
-9.782900000000001 0.07152000000000001
-9.7729 0.07073999999999998
-9.7629 0.06987000000000002
-9.7529 0.06921
-9.7429 0.06865000000000002
-9.7329 0.06818999999999999
-9.722900000000001 0.06742999999999999
-9.712900000000001 0.06675
-9.7029 0.06606000000000001
-9.692900000000002 0.06516
-9.6829 0.06405
-9.6729 0.06281
-9.6629 0.061480000000000014
-9.6529 0.06001000000000001
-9.642900000000001 0.058269999999999995
-9.632900000000001 0.056620000000000004
-9.622900000000001 0.05436200000000001
-9.6129 0.052383
-9.602900000000002 0.050137
-9.5929 0.047583
-9.5829 0.04504999999999999
-9.5729 0.04254
-9.5629 0.040063999999999995
-9.552900000000001 0.037579
-9.542900000000001 0.035072
-9.532900000000001 0.032633999999999996
-9.5229 0.030274000000000002
-9.5129 0.028006
-9.5029 0.025890000000000003
-9.4929 0.023919
-9.4829 0.0221
-9.472900000000001 0.020466000000000005
-9.462900000000001 0.018987
-9.4529 0.017721999999999998
-9.442900000000002 0.016611
-9.4329 0.015684
-9.4229 0.014918
-9.4129 0.014324000000000002
-9.4029 0.013861000000000002
-9.392900000000001 0.013526
-9.382900000000001 0.013297999999999999
-9.372900000000001 0.013169
-9.3629 0.013124
-9.352900000000002 0.013134
-9.3429 0.013208
-9.3329 0.013284
-9.3229 0.013402
-9.3129 0.013520999999999998
-9.302900000000001 0.013638999999999998
-9.292900000000001 0.013738000000000002
-9.282900000000001 0.013808999999999998
-9.2729 0.013845000000000001
-9.2629 0.01385
-9.2529 0.013793999999999997
-9.2429 0.013685
-9.2329 0.013503999999999997
-9.222900000000001 0.013269999999999999
-9.212900000000001 0.012971
-9.2029 0.012601000000000003
-9.192900000000002 0.012167999999999998
-9.1829 0.011681
-9.1729 0.0111309
-9.1629 0.0105385
-9.1529 0.009927
-9.142900000000001 0.0092605
-9.132900000000001 0.0085848
-9.122900000000001 0.007886200000000001
-9.1129 0.007204499999999999
-9.102900000000002 0.006519700000000001
-9.0929 0.005861000000000001
-9.0829 0.005227300000000001
-9.0729 0.004648500000000001
-9.0629 0.0040828
-9.052900000000001 0.0035593000000000005
-9.042900000000001 0.00309632
-9.032900000000001 0.00267488
-9.0229 0.0022998400000000005
-9.0129 0.0019702599999999997
-9.0029 0.0016840799999999997
-8.9929 0.0014359600000000002
-8.9829 0.0012269600000000002
-8.972900000000001 0.0010495600000000002
-8.962900000000001 0.00089983
-8.9529 0.0007764499999999999
-8.942900000000002 0.00067531
-8.9329 0.00059062
-8.9229 0.0005199899999999999
-8.9129 0.00046136
-8.9029 0.00041254000000000003
-8.892900000000001 0.00037160000000000003
-8.882900000000001 0.000336146
-8.872900000000001 0.000304806
-8.8629 0.000276936
-8.852900000000002 0.000251387
-8.8429 0.000227917
-8.8329 0.00020582700000000003
-8.8229 0.000185397
-8.8129 0.000166125
-8.802900000000001 0.00014799199999999997
-8.792900000000001 0.00013091600000000002
-8.782900000000001 0.000115048
-8.7729 0.00010038500000000001
-8.7629 8.69389e-05
-8.7529 7.484720000000001e-05
-8.7429 6.392959999999999e-05
-8.7329 5.43016e-05
-8.722900000000001 4.6145599999999994e-05
-8.712900000000001 3.94981e-05
-8.7029 3.46646e-05
-8.692900000000002 3.18517e-05
-8.6829 3.17833e-05
-8.6729 3.54092e-05
-8.6629 4.4261270000000014e-05
-8.6529 6.110663000000001e-05
-8.642900000000001 8.96505e-05
-8.632900000000001 0.0001358195
-8.622900000000001 0.0002074309
-8.6129 0.0003183727
-8.602900000000002 0.00048653760000000004
-8.5929 0.0007359128000000001
-8.5829 0.0011014565
-8.5729 0.0016411405
-8.5629 0.0024109454999999996
-8.552900000000001 0.00351085961
-8.542900000000001 0.00506087765
-8.532900000000001 0.007221003540000001
-8.5229 0.010201255280000002
-8.5129 0.014201642330000002
-8.5029 0.019702205549999997
-8.4929 0.026902990299
-8.4829 0.036404043077
-8.472900000000001 0.048705441567000005
-8.462900000000001 0.064607273906
-8.4529 0.08470962887599999
-8.442900000000002 0.1100126056005
-8.4329 0.1410164034974
-8.4229 0.1800210021848
-8.4129 0.22702680136980002
-8.4029 0.28203380089989993
-8.392900000000001 0.3480421006768599
-8.382900000000001 0.4260521006777
-8.372900000000001 0.51506380093797
-8.3629 0.6160773015832999
-8.352900000000002 0.73009280289013
-8.3429 0.85711000538967
-8.3329 0.9961300099960899
-8.3229 1.1501520184589098
-8.3129 1.3101760337529
-8.302900000000001 1.4702020611968
-8.2929 1.6502301094756997
-8.282900000000001 1.830259194316
-8.2729 2.010290340563
-8.262900000000002 2.180322592991
-8.2529 2.3503550207290003
-8.2429 2.510388736988
-8.2329 2.6604229271000004
-8.222900000000001 2.8004568786299995
-8.212900000000001 2.92049207446
-8.2029 3.02052721399
-8.192900000000002 3.1005653794000008
-8.1829 3.1606062641
-8.1729 3.1906544031000004
-8.1629 3.2107114643
-8.1529 3.2107830591999997
-8.142900000000001 3.190880005
-8.132900000000001 3.1610106260000004
-8.122900000000001 3.11119496
-8.1129 3.051451458
-8.102900000000002 2.99181619
-8.0929 2.9123282600000002
-8.0829 2.8430497999999997
-8.0729 2.7640470199999996
-8.0629 2.69543914
-8.052900000000001 2.61735454
-8.0429 2.5499426400000003
-8.032900000000001 2.49343404
-8.0229 2.4380805
-8.012900000000002 2.3942259000000004
-8.0029 2.3522464999999997
-7.992900000000001 2.3227137
-7.982900000000001 2.2960694000000004
-7.972900000000001 2.2829458000000002
-7.9629 2.2743255000000007
-7.9529000000000005 2.280921
-7.942900000000001 2.283538
-7.932900000000001 2.3035579999999998
-7.9229 2.341718
-7.9129000000000005 2.3797019999999995
-7.902900000000001 2.428325
-7.892900000000001 2.497587
-7.882900000000001 2.5709120000000003
-7.8729000000000005 2.669288
-7.862900000000001 2.7807359999999997
-7.852900000000001 2.89926
-7.842900000000001 3.0428699999999997
-7.8329 3.20458
-7.822900000000001 3.3724099999999995
-7.812900000000001 3.56634
-7.802900000000001 3.7773699999999995
-7.7929 4.00256
-7.782900000000001 4.24186
-7.772900000000001 4.503309999999999
-7.762900000000001 4.765879999999999
-7.7529 5.035590000000001
-7.742900000000001 5.327409999999999
-7.732900000000001 5.5993699999999995
-7.722900000000001 5.901410000000001
-7.7129 6.203589999999999
-7.7029000000000005 6.4858400000000005
-7.692900000000001 6.78815
-7.682900000000001 7.070519999999998
-7.6729 7.35287
-7.6629000000000005 7.6353599999999995
-7.652900000000001 7.897749999999999
-7.642900000000001 8.170150000000001
-7.632900000000001 8.422450000000001
-7.6229000000000005 8.664850000000001
-7.612900000000001 8.897060000000002
-7.602900000000001 9.139259999999998
-7.592900000000001 9.36127
-7.5829 9.58338
-7.572900000000001 9.795390000000001
-7.562900000000001 10.0173
-7.552900000000001 10.2194
-7.5429 10.431400000000002
-7.532900000000001 10.6535
-7.522900000000001 10.885689999999999
-7.512900000000001 11.118079999999997
-7.5029 11.38065
-7.492900000000001 11.64352
-7.482900000000001 11.93659
-7.472900000000001 12.26004
-7.4629 12.57389
-7.4529000000000005 12.92802
-7.442900000000001 13.31255
-7.432900000000001 13.68766
-7.4229 14.12307
-7.4129000000000005 14.54877
-7.402900000000001 15.015070000000001
-7.392900000000001 15.471449999999999
-7.382900000000001 15.948229999999999
-7.3729000000000005 16.43511
-7.362900000000001 16.911969999999997
-7.352900000000001 17.378840000000004
-7.342900000000001 17.845599999999997
-7.3329 18.28206
-7.322900000000001 18.67801
-7.312900000000001 19.05347
-7.302900000000001 19.378320000000002
-7.2929 19.652369999999998
-7.282900000000001 19.875519999999998
-7.272900000000001 20.037679999999998
-7.262900000000001 20.118830000000003
-7.2529 20.13888
-7.242900000000001 20.097719999999995
-7.232900000000001 19.95557
-7.222900000000001 19.76232
-7.2129 19.488069999999997
-7.2029000000000005 19.16291
-7.192900000000001 18.76695
-7.182900000000001 18.34029
-7.1729 17.85303
-7.1629000000000005 17.32517
-7.152900000000001 16.7873
-7.142900000000001 16.229130000000005
-7.132900000000001 15.680860000000004
-7.1229000000000005 15.112779999999999
-7.112900000000001 14.55481
-7.102900000000001 14.02723
-7.092900000000001 13.540059999999997
-7.0829 13.053379999999997
-7.072900000000001 12.60711
-7.062900000000001 12.20134
-7.052900000000001 11.84617
-7.0429 11.521410000000001
-7.032900000000001 11.237349999999998
-7.022900000000001 11.0038
-7.012900000000001 10.81045
-7.0029 10.65771
-6.992900000000001 10.53538
-6.982900000000001 10.45345
-6.972900000000001 10.401720000000001
-6.9629 10.3703
-6.9529000000000005 10.369179999999998
-6.942900000000001 10.36816
-6.932900000000001 10.387450000000001
-6.9229 10.41673
-6.9129000000000005 10.436119999999999
-6.902900000000001 10.4356
-6.892900000000001 10.435080000000001
-6.882900000000001 10.404459999999998
-6.8729000000000005 10.33384
-6.862900000000001 10.243219999999999
-6.852900000000001 10.112590000000003
-6.842900000000001 9.951859999999998
-6.8329 9.730869999999998
-6.822900000000001 9.46988
-6.812900000000001 9.168780000000002
-6.802900000000001 8.82758
-6.7929 8.436290000000003
-6.782900000000001 8.007919999999999
-6.772900000000001 7.560480000000001
-6.762900000000001 7.094989999999998
-6.7529 6.602479999999999
-6.742900000000001 6.09194
-6.732900000000001 5.59541
-6.722900000000001 5.092919000000001
-6.7129 4.5844759999999996
-6.7029000000000005 4.1110999999999995
-6.692900000000001 3.662795
-6.682900000000001 3.22559
-6.6729 2.8204900000000004
-6.6629000000000005 2.4505
-6.652900000000001 2.1116300000000003
-6.642900000000001 1.8058800000000002
-6.632900000000001 1.5352400000000002
-6.6229000000000005 1.2967300000000002
-6.612900000000001 1.08993
-6.602900000000001 0.9116300000000002
-6.592900000000001 0.7610300000000001
-6.5829 0.6336240000000001
-6.572900000000001 0.529102
-6.562900000000001 0.443161
-6.552900000000001 0.373476
-6.5429 0.317951
-6.532900000000001 0.274684
-6.522900000000001 0.24114999999999998
-6.512900000000001 0.21576399999999998
-6.5029 0.1969
-6.492900000000001 0.18337
-6.482900000000001 0.17376000000000003
-6.472900000000001 0.16746
-6.4629 0.16359999999999997
-6.4529000000000005 0.16145
-6.442900000000001 0.16091
-6.432900000000001 0.16140999999999997
-6.4229 0.16262
-6.4129000000000005 0.16467
-6.402900000000001 0.16705
-6.392900000000001 0.16977
-6.382900000000001 0.17303
-6.3729000000000005 0.17668
-6.362900000000001 0.18058
-6.352900000000001 0.18506
-6.342900000000001 0.18963000000000002
-6.3329 0.19461
-6.322900000000001 0.20011
-6.312900000000001 0.20573
-6.302900000000001 0.21198999999999998
-6.2929 0.21843
-6.282900000000001 0.22521999999999998
-6.272900000000001 0.23234000000000005
-6.262900000000001 0.23964
-6.2529 0.24721
-6.242900000000001 0.25515
-6.232900000000001 0.26329
-6.222900000000001 0.27148999999999995
-6.2129 0.28019999999999995
-6.2029000000000005 0.2892
-6.192900000000001 0.29860000000000003
-6.182900000000001 0.3085
-6.1729 0.31910000000000005
-6.1629000000000005 0.3301
-6.152900000000001 0.34210000000000007
-6.142900000000001 0.35480000000000006
-6.132900000000001 0.36879999999999996
-6.1229000000000005 0.3834
-6.112900000000001 0.3997
-6.102900000000001 0.4179
-6.092900000000001 0.43679999999999997
-6.0829 0.4564
-6.072900000000001 0.4786
-6.062900000000001 0.5011
-6.052900000000001 0.5239
-6.0429 0.549
-6.032900000000001 0.5742999999999999
-6.022900000000001 0.6
-6.012900000000001 0.6257
-6.0029 0.6509
-5.992900000000001 0.6758
-5.982900000000001 0.6992
-5.972900000000001 0.7221
-5.9629 0.7411
-5.9529000000000005 0.7595999999999999
-5.942900000000001 0.7752
-5.932900000000001 0.7878999999999999
-5.9229 0.7971
-5.9129000000000005 0.8029
-5.902900000000001 0.8047000000000001
-5.892900000000001 0.8050999999999999
-5.882900000000001 0.7996
-5.8729000000000005 0.7929999999999999
-5.862900000000001 0.7827999999999999
-5.852900000000001 0.769
-5.842900000000001 0.7544
-5.8329 0.7366999999999999
-5.822900000000001 0.7191
-5.812900000000001 0.7008000000000001
-5.802900000000001 0.6811
-5.7929 0.6625
-5.782900000000001 0.6439999999999999
-5.772900000000001 0.6267999999999999
-5.762900000000001 0.6117
-5.7529 0.5989
-5.742900000000001 0.5878
-5.732900000000001 0.5795
-5.722900000000001 0.5732
-5.7129 0.5701999999999999
-5.7029000000000005 0.5703999999999999
-5.692900000000001 0.5727
-5.682900000000001 0.5770000000000001
-5.6729 0.5851
-5.6629000000000005 0.5947
-5.652900000000001 0.6066000000000001
-5.642900000000001 0.6205
-5.632900000000001 0.6369
-5.6229000000000005 0.6535000000000001
-5.612900000000001 0.6708
-5.602900000000001 0.6898000000000001
-5.592900000000001 0.71
-5.5829 0.7275
-5.572900000000001 0.7483
-5.562900000000001 0.7671
-5.552900000000001 0.7857999999999999
-5.5429 0.8025000000000001
-5.532900000000001 0.8190999999999999
-5.522900000000001 0.8355
-5.512900000000001 0.8487
-5.5029 0.8637
-5.492900000000001 0.8767999999999999
-5.482900000000001 0.8886000000000001
-5.472900000000001 0.9003
-5.4629 0.9122999999999999
-5.4529000000000005 0.9234000000000001
-5.442900000000001 0.9359
-5.432900000000001 0.9487
-5.4229 0.9628999999999999
-5.4129000000000005 0.9776
-5.402900000000001 0.9938999999999999
-5.392900000000001 1.0116
-5.382900000000001 1.0308000000000002
-5.3729000000000005 1.0530000000000002
-5.362900000000001 1.0749
-5.352900000000001 1.0982
-5.342900000000001 1.1236
-5.3329 1.1491
-5.322900000000001 1.1765999999999999
-5.312900000000001 1.2048
-5.302900000000001 1.2308000000000003
-5.2929 1.2570000000000001
-5.282900000000001 1.2840000000000003
-5.272900000000001 1.3090000000000002
-5.262900000000001 1.3320000000000003
-5.2529 1.3560000000000003
-5.242900000000001 1.375
-5.232900000000001 1.3920000000000003
-5.222900000000001 1.4100000000000001
-5.2129 1.4250000000000003
-5.2029000000000005 1.4340000000000002
-5.192900000000001 1.447
-5.182900000000001 1.456
-5.1729 1.461
-5.1629000000000005 1.4640000000000002
-5.152900000000001 1.4700000000000002
-5.142900000000001 1.471
-5.132900000000001 1.4700000000000002
-5.1229000000000005 1.4709999999999999
-5.112900000000001 1.4700000000000002
-5.102900000000001 1.467
-5.092900000000001 1.464
-5.0829 1.4610000000000003
-5.072900000000001 1.4600000000000002
-5.062900000000001 1.4569999999999999
-5.052900000000001 1.457
-5.0429 1.455
-5.032900000000001 1.4573
-5.022900000000001 1.4584
-5.012900000000001 1.4627999999999999
-5.0029 1.4695999999999998
-4.992900000000001 1.4798
-4.982900000000001 1.4927
-4.972900000000001 1.5069999999999997
-4.9629 1.5271
-4.9529000000000005 1.5488
-4.942900000000001 1.5740999999999998
-4.932900000000001 1.6033999999999997
-4.9229 1.6374000000000002
-4.9129000000000005 1.6721000000000001
-4.902900000000001 1.7105000000000004
-4.892900000000001 1.7506999999999997
-4.882900000000001 1.7922999999999998
-4.8729000000000005 1.836
-4.862900000000001 1.8789999999999998
-4.852900000000001 1.9220000000000002
-4.842900000000001 1.964
-4.8329 2.003
-4.822900000000001 2.04
-4.812900000000001 2.0730000000000004
-4.802900000000001 2.1030000000000006
-4.7929 2.126
-4.782900000000001 2.1470000000000002
-4.772900000000001 2.159
-4.762900000000001 2.1670000000000003
-4.7529 2.17
-4.742900000000001 2.169
-4.732900000000001 2.159
-4.722900000000001 2.1470000000000002
-4.7129 2.128
-4.7029000000000005 2.109
-4.692900000000001 2.0860000000000003
-4.682900000000001 2.061
-4.6729 2.034
-4.6629000000000005 2.0069999999999997
-4.652900000000001 1.9769999999999999
-4.642900000000001 1.9509999999999998
-4.632900000000001 1.9260000000000002
-4.6229000000000005 1.901
-4.612900000000001 1.879
-4.602900000000001 1.8569999999999998
-4.592900000000001 1.8379999999999996
-4.5829 1.823
-4.572900000000001 1.8079999999999998
-4.562900000000001 1.7930000000000001
-4.552900000000001 1.785
-4.5429 1.7730000000000001
-4.532900000000001 1.7640000000000002
-4.522900000000001 1.7550000000000001
-4.512900000000001 1.7489999999999999
-4.5029 1.7389999999999999
-4.492900000000001 1.7329999999999999
-4.482900000000001 1.7260000000000002
-4.472900000000001 1.7200000000000002
-4.4629 1.713
-4.4529000000000005 1.7020000000000004
-4.442900000000001 1.697
-4.432900000000001 1.689
-4.4229 1.682
-4.4129000000000005 1.676
-4.402900000000001 1.669
-4.392900000000001 1.6650000000000003
-4.382900000000001 1.6600000000000001
-4.372900000000001 1.6570000000000003
-4.3629000000000016 1.6560000000000001
-4.3529 1.657
-4.3429 1.657
-4.3329 1.659
-4.322900000000001 1.664
-4.312900000000001 1.669
-4.302900000000001 1.6750000000000003
-4.292900000000001 1.682
-4.2829000000000015 1.6910000000000003
-4.2729 1.699
-4.2629 1.707
-4.2529 1.7160000000000002
-4.242900000000001 1.724
-4.232900000000001 1.7300000000000002
-4.222900000000001 1.7369999999999999
-4.212900000000001 1.743
-4.202900000000001 1.746
-4.1929 1.75
-4.1829 1.7510000000000003
-4.1729 1.747
-4.1629000000000005 1.745
-4.152900000000001 1.742
-4.142900000000001 1.7329999999999999
-4.132900000000001 1.724
-4.122900000000001 1.715
-4.1129000000000016 1.7009999999999998
-4.1029 1.6859999999999997
-4.0929 1.671
-4.0829 1.655
-4.072900000000001 1.6349999999999998
-4.062900000000001 1.615
-4.052900000000001 1.5959999999999996
-4.042900000000001 1.5759999999999998
-4.0329000000000015 1.554
-4.0229 1.5340000000000003
-4.0129 1.513
-4.0029 1.492
-3.9929000000000006 1.472
-3.9829000000000008 1.453
-3.972900000000001 1.435
-3.962900000000001 1.417
-3.9529000000000014 1.4020000000000001
-3.9429 1.3860000000000001
-3.9329 1.3730000000000002
-3.9229000000000003 1.362
-3.9129000000000005 1.3519999999999999
-3.9029000000000007 1.3439999999999999
-3.892900000000001 1.3370000000000002
-3.882900000000001 1.334
-3.8729000000000013 1.3290000000000002
-3.8629000000000016 1.3299999999999998
-3.8529 1.328
-3.8429 1.33
-3.8329000000000004 1.3290000000000002
-3.8229000000000006 1.333
-3.812900000000001 1.3369999999999997
-3.802900000000001 1.337
-3.7929000000000013 1.342
-3.7829000000000015 1.3419999999999999
-3.7729 1.343
-3.7629 1.3410000000000002
-3.7529000000000003 1.34
-3.7429000000000006 1.339
-3.7329000000000008 1.3319999999999999
-3.722900000000001 1.326
-3.712900000000001 1.3170000000000002
-3.7029000000000014 1.31
-3.6929 1.2999999999999998
-3.6829 1.2890000000000001
-3.6729000000000003 1.277
-3.6629000000000005 1.2690000000000001
-3.6529000000000007 1.256
-3.642900000000001 1.246
-3.632900000000001 1.237
-3.6229000000000013 1.228
-3.6129000000000016 1.223
-3.6029 1.2160000000000002
-3.5929 1.213
-3.5829000000000004 1.2080000000000002
-3.5729000000000006 1.207
-3.562900000000001 1.207
-3.552900000000001 1.2050000000000003
-3.5429000000000013 1.2070000000000003
-3.5329000000000015 1.2060000000000002
-3.5229 1.205
-3.5129 1.206
-3.5029000000000003 1.205
-3.4929000000000006 1.2029999999999998
-3.4829000000000008 1.198
-3.472900000000001 1.194
-3.462900000000001 1.187
-3.4529000000000014 1.182
-3.4429 1.174
-3.4329 1.1669999999999998
-3.4229000000000003 1.1600000000000001
-3.4129000000000005 1.1520000000000001
-3.4029000000000007 1.1470000000000002
-3.392900000000001 1.142
-3.382900000000001 1.14
-3.3729000000000013 1.139
-3.3629000000000016 1.141
-3.3529 1.1447
-3.3429 1.1516
-3.3329000000000004 1.1599
-3.3229000000000006 1.173
-3.312900000000001 1.1869999999999998
-3.302900000000001 1.2049999999999998
-3.2929000000000013 1.223
-3.2829000000000015 1.243
-3.2729 1.266
-3.2629 1.289
-3.2529000000000003 1.312
-3.2429000000000006 1.3370000000000002
-3.2329000000000008 1.361
-3.222900000000001 1.385
-3.212900000000001 1.408
-3.2029000000000014 1.431
-3.1929 1.4529999999999998
-3.1829 1.4730000000000003
-3.1729000000000003 1.4940000000000002
-3.1629000000000005 1.5120000000000002
-3.1529000000000007 1.5290000000000004
-3.142900000000001 1.544
-3.132900000000001 1.5580000000000003
-3.1229000000000013 1.5680000000000003
-3.1129000000000016 1.5750000000000002
-3.1029 1.5839999999999999
-3.0929 1.5870000000000002
-3.0829000000000004 1.5885
-3.0729000000000006 1.5875000000000001
-3.062900000000001 1.5826
-3.052900000000001 1.5759
-3.0429000000000013 1.5673000000000004
-3.0329000000000015 1.5568000000000002
-3.0229 1.5424000000000002
-3.0129 1.5261
-3.0029000000000003 1.5098
-2.9929000000000006 1.4916
-2.9829000000000008 1.4715000000000003
-2.972900000000001 1.4523000000000001
-2.962900000000001 1.4322
-2.9529000000000014 1.4131
-2.9429 1.3990000000000002
-2.9329 1.3809
-2.9229000000000003 1.3688
-2.9129000000000005 1.3567
-2.9029000000000007 1.3466
-2.892900000000001 1.3375000000000001
-2.882900000000001 1.3314000000000001
-2.8729000000000013 1.3264
-2.8629000000000016 1.3254000000000001
-2.8529 1.3264
-2.8429 1.3275000000000001
-2.8329000000000004 1.3297
-2.8229000000000006 1.3329000000000002
-2.812900000000001 1.3362
-2.802900000000001 1.3426000000000002
-2.7929000000000013 1.3482000000000003
-2.7829000000000015 1.3518000000000001
-2.7729 1.3585
-2.7629 1.3644
-2.7529000000000003 1.3683
-2.7429000000000006 1.3713
-2.7329000000000008 1.375
-2.722900000000001 1.377
-2.712900000000001 1.38
-2.7029000000000014 1.3789999999999998
-2.6929 1.377
-2.6829 1.3760000000000001
-2.6729000000000003 1.37
-2.6629000000000005 1.367
-2.6529000000000007 1.361
-2.642900000000001 1.3550000000000002
-2.632900000000001 1.346
-2.6229000000000013 1.3370000000000002
-2.6129000000000016 1.328
-2.6029 1.3190000000000002
-2.5929 1.3110000000000002
-2.5829000000000004 1.302
-2.5729000000000006 1.294
-2.562900000000001 1.2870000000000001
-2.552900000000001 1.282
-2.5429000000000013 1.278
-2.5329000000000015 1.275
-2.5229 1.276
-2.5129 1.276
-2.5029000000000003 1.28
-2.4929000000000006 1.282
-2.4829000000000008 1.2899999999999998
-2.472900000000001 1.296
-2.462900000000001 1.303
-2.4529000000000014 1.3119999999999998
-2.4429 1.32
-2.4329 1.33
-2.4229000000000003 1.3369999999999997
-2.4129000000000005 1.345
-2.4029000000000007 1.35
-2.392900000000001 1.355
-2.382900000000001 1.359
-2.3729000000000013 1.3619999999999999
-2.3629000000000016 1.3619999999999999
-2.3529 1.3619999999999999
-2.3429 1.359
-2.3329000000000004 1.3539999999999999
-2.3229000000000006 1.3459999999999999
-2.312900000000001 1.338
-2.302900000000001 1.3299999999999998
-2.2929000000000013 1.317
-2.2829000000000015 1.3039999999999998
-2.2729 1.2885999999999997
-2.2629 1.2728999999999997
-2.2529000000000003 1.2562999999999998
-2.2429000000000006 1.2375999999999998
-2.2329000000000008 1.2179999999999997
-2.222900000000001 1.1983
-2.212900000000001 1.1797
-2.2029000000000014 1.1571
-2.1929 1.1364999999999998
-2.1829 1.1149
-2.1729000000000003 1.0903
-2.1629000000000005 1.0688
-2.1529000000000007 1.0464000000000002
-2.142900000000001 1.0210000000000001
-2.132900000000001 0.9986
-2.1229000000000013 0.9743
-2.1129000000000016 0.9501000000000001
-2.1029 0.927
-2.0929 0.9019
-2.0829000000000004 0.8793000000000001
-2.0729000000000006 0.8556000000000001
-2.062900000000001 0.8339000000000001
-2.052900000000001 0.8134999999999999
-2.0429000000000013 0.7933000000000001
-2.0329000000000015 0.7746999999999999
-2.0229 0.7596999999999999
-2.0129 0.7454
-2.0029000000000003 0.7352
-1.9929000000000006 0.7269999999999999
-1.9829000000000008 0.7218999999999999
-1.972900000000001 0.7212999999999999
-1.9629000000000012 0.7231
-1.9529000000000014 0.7287
-1.9428999999999998 0.7375999999999999
-1.9329 0.7504
-1.9229000000000003 0.7669999999999999
-1.9129000000000005 0.7885
-1.9029000000000007 0.8104000000000001
-1.892900000000001 0.8383
-1.8829000000000011 0.8677
-1.8729000000000013 0.8985999999999998
-1.8629000000000016 0.9332
-1.8529 0.9702000000000001
-1.8429000000000002 1.0082000000000002
-1.8329000000000004 1.0476
-1.8229000000000006 1.0878
-1.8129000000000008 1.1299000000000003
-1.802900000000001 1.1715
-1.7929000000000013 1.2124000000000001
-1.7829000000000015 1.2515
-1.7729 1.2908
-1.7629000000000001 1.3272
-1.7529000000000003 1.3607
-1.7429000000000006 1.3914
-1.7329000000000008 1.4201
-1.722900000000001 1.4429
-1.7129000000000012 1.4627
-1.7029000000000014 1.4793999999999998
-1.6928999999999998 1.4910999999999999
-1.6829 1.4996
-1.6729000000000003 1.5031
-1.6629000000000005 1.5032
-1.6529000000000007 1.5009000000000003
-1.642900000000001 1.4951
-1.6329000000000011 1.4897000000000002
-1.6229000000000013 1.4809000000000003
-1.6129000000000016 1.4726000000000001
-1.6029 1.4629
-1.5929000000000002 1.4528
-1.5829000000000004 1.4452000000000003
-1.5729000000000006 1.4363
-1.5629000000000008 1.4329
-1.552900000000001 1.4309999999999998
-1.5429000000000013 1.4314999999999998
-1.5329000000000015 1.4324
-1.5229 1.4387
-1.5129000000000001 1.4482
-1.5029000000000003 1.4598000000000002
-1.4929000000000006 1.4766000000000001
-1.4829000000000008 1.4954
-1.472900000000001 1.5140000000000002
-1.4629000000000012 1.536
-1.4529000000000014 1.5590000000000002
-1.4428999999999998 1.5840000000000003
-1.4329 1.6079999999999999
-1.4229000000000003 1.6300000000000001
-1.4129000000000005 1.6549999999999998
-1.4029000000000007 1.6760000000000002
-1.392900000000001 1.6980000000000002
-1.3829000000000011 1.717
-1.3729000000000013 1.733
-1.3629000000000016 1.749
-1.3529 1.764
-1.3429000000000002 1.776
-1.3329000000000004 1.7890000000000001
-1.3229000000000006 1.7990000000000002
-1.3129000000000008 1.812
-1.302900000000001 1.8250000000000002
-1.2929000000000013 1.8370000000000002
-1.2829000000000015 1.8535
-1.2729 1.8697000000000001
-1.2629000000000001 1.8881
-1.2529000000000003 1.9085999999999999
-1.2429000000000006 1.9323999999999997
-1.2329000000000008 1.9542999999999997
-1.222900000000001 1.9802999999999997
-1.2129000000000012 2.0074
-1.2029000000000014 2.0345999999999997
-1.1928999999999998 2.0598
-1.1829 2.0871
-1.1729000000000003 2.1113000000000004
-1.1629000000000005 2.1375
-1.1529000000000007 2.1575
-1.142900000000001 2.1744000000000003
-1.1329000000000011 2.1882
-1.1229000000000013 2.1968
-1.1129000000000016 2.2043
-1.1029 2.2035
-1.0929000000000002 2.2003999999999997
-1.0829000000000004 2.1942
-1.0729000000000006 2.1828
-1.0629000000000008 2.1671
-1.052900000000001 2.1492
-1.0429000000000013 2.1261
-1.0329000000000015 2.1018999999999997
-1.0229 2.0715
-1.0129000000000001 2.044
-1.0029000000000003 2.0103999999999997
-0.9929000000000006 1.9796999999999998
-0.9829000000000008 1.9468999999999999
-0.972900000000001 1.9132
-0.9629000000000012 1.8803999999999998
-0.9529000000000014 1.8487000000000002
-0.9428999999999998 1.8171
-0.9329000000000001 1.7875
-0.9229000000000003 1.7600000000000002
-0.9129000000000005 1.7325
-0.9029000000000007 1.7071999999999998
-0.8929000000000009 1.6840000000000002
-0.8829000000000011 1.6627999999999998
-0.8729000000000013 1.6407999999999998
-0.8629000000000016 1.6208
-0.8529 1.6018
-0.8429000000000002 1.581
-0.8329000000000004 1.5620999999999998
-0.8229000000000006 1.5434000000000003
-0.8129000000000008 1.5216
-0.8029000000000011 1.5009000000000001
-0.7929000000000013 1.4782000000000002
-0.7829000000000015 1.4546000000000001
-0.7728999999999999 1.4296
-0.7629000000000001 1.4014
-0.7529000000000003 1.3723999999999998
-0.7429000000000006 1.3439
-0.7329000000000008 1.313
-0.722900000000001 1.2805000000000002
-0.7129000000000012 1.2473999999999998
-0.7029000000000014 1.2119
-0.6928999999999998 1.1781000000000001
-0.6829000000000001 1.1408999999999998
-0.6729000000000003 1.1054
-0.6629000000000005 1.0718
-0.6529000000000007 1.037
-0.6429000000000009 1.0021
-0.6329000000000011 0.9696
-0.6229000000000013 0.937
-0.6129000000000016 0.9068
-0.6029 0.8768999999999999
-0.5929000000000002 0.8483
-0.5829000000000004 0.8203
-0.5729000000000006 0.7940999999999999
-0.5629000000000008 0.7686000000000001
-0.5529000000000011 0.7434999999999999
-0.5429000000000013 0.7191
-0.5329000000000015 0.6938000000000002
-0.5228999999999999 0.6684999999999999
-0.5129000000000001 0.6427999999999999
-0.5029000000000003 0.6165
-0.49290000000000056 0.58903
-0.4829000000000008 0.56084
-0.472900000000001 0.53207
-0.4629000000000012 0.5024
-0.4529000000000014 0.47080000000000005
-0.44289999999999985 0.43909000000000004
-0.43290000000000006 0.40693999999999997
-0.4229000000000003 0.3753500000000001
-0.4129000000000005 0.34309
-0.4029000000000007 0.31099999999999994
-0.3929000000000009 0.27991000000000005
-0.38290000000000113 0.24970699999999998
-0.37290000000000134 0.221205
-0.36290000000000155 0.194365
-0.3529 0.169044
-0.3429000000000002 0.14615999999999998
-0.3329000000000004 0.124643
-0.32290000000000063 0.10542699999999999
-0.31290000000000084 0.088849
-0.30290000000000106 0.0738838
-0.29290000000000127 0.06077440000000001
-0.2829000000000015 0.049591800000000005
-0.2728999999999999 0.0400162
-0.26290000000000013 0.032024899999999995
-0.25290000000000035 0.0252988
-0.24290000000000056 0.019825500000000003
-0.23290000000000077 0.015391949999999998
-0.222900000000001 0.011890229999999998
-0.2129000000000012 0.009003599999999999
-0.2029000000000014 0.006776819999999999
-0.19289999999999985 0.00505349
-0.18290000000000006 0.003721749
-0.17290000000000028 0.002718359
-0.1629000000000005 0.001961397
-0.1529000000000007 0.001399086
-0.14290000000000092 0.0009922359999999999
-0.13290000000000113 0.0006949790999999999
-0.12290000000000134 0.00048156199999999994
-0.11290000000000155 0.0003304787
-0.10289999999999999 0.0002243549
-0.0929000000000002 0.0001499006
-0.08290000000000042 9.990579e-05
-0.07290000000000063 6.564134999999999e-05
-0.06290000000000084 4.270527e-05
-0.05290000000000106 2.751505e-05
-0.04290000000000127 1.7526281e-05
-0.032900000000001484 1.1005277e-05
-0.02289999999999992 6.88746e-06
-0.012900000000000134 4.2481859999999994e-06
-0.0029000000000003467 2.5875173999999994e-06
0.00709999999999944 1.5686435999999999e-06
0.017099999999999227 9.360868999999999e-07
0.027099999999999014 5.530698300000001e-07
0.0370999999999988 3.2387751000000003e-07
0.04709999999999859 1.8738958e-07
0.05710000000000015 1.0693983000000001e-07
0.06709999999999994 6.0799899e-08
0.07709999999999972 3.411391700000001e-08
0.08709999999999951 1.8940342e-08
0.0970999999999993 1.0386139900000001e-08
0.10709999999999908 5.6314807e-09
0.11709999999999887 3.0241733099999996e-09
0.12709999999999866 1.6086999999999998e-09
0.13709999999999845 8.451e-10
0.1471 4.3983e-10
0.1570999999999998 2.2603000000000002e-10
0.16709999999999958 1.1504999999999999e-10
0.17709999999999937 5.793e-11
0.18709999999999916 2.8812e-11
0.19709999999999894 1.4253e-11
0.20709999999999873 6.841e-12
0.21709999999999852 3.2175e-12
0.22710000000000008 1.2523e-12
0.23709999999999987 2.4654e-13
0.24709999999999965 0.0
0.25709999999999944 0.0
0.2670999999999992 0.0
0.277099999999999 0.0
0.2870999999999988 0.0
0.2970999999999986 0.0
0.30710000000000015 0.0
0.31709999999999994 0.0
0.3270999999999997 0.0
0.3370999999999995 0.0
0.3470999999999993 0.0
0.3570999999999991 0.0
0.36709999999999887 0.0
0.37709999999999866 0.0
0.38709999999999845 0.0
0.3971 0.0
0.4070999999999998 0.0
0.4170999999999996 0.0
0.42709999999999937 0.0
0.43709999999999916 0.0
0.44709999999999894 0.0
0.45709999999999873 0.0
0.4670999999999985 0.0
0.4771000000000001 0.0
0.48709999999999987 0.0
0.49709999999999965 0.0
0.5070999999999994 0.0
0.5170999999999992 0.0
0.527099999999999 0.0
0.5370999999999988 0.0
0.5470999999999986 0.0
0.5571000000000002 0.0
0.5670999999999999 0.0
0.5770999999999997 3.840889e-13
0.5870999999999995 3.900688e-12
0.5970999999999993 1.1602550000000001e-11
0.6070999999999991 2.940609e-11
0.6170999999999989 6.101259999999999e-11
0.6270999999999987 1.250258e-10
0.6370999999999984 2.520521e-10
0.6471 5.03104e-10
0.6570999999999998 9.952059999999999e-10
0.6670999999999996 1.950403e-09
0.6770999999999994 3.770781e-09
0.6870999999999992 7.2215e-09
0.6970999999999989 1.370283e-08
0.7070999999999987 2.560531e-08
0.7170999999999985 4.7509850000000005e-08
0.7271000000000001 8.71181e-08
0.7370999999999999 1.580328e-07
0.7470999999999997 2.840589e-07
0.7570999999999994 5.04105e-07
0.7670999999999992 8.87184e-07
0.777099999999999 1.54032e-06
0.7870999999999988 2.6505510000000002e-06
0.7970999999999986 4.520937e-06
0.8071000000000002 7.61158e-06
0.8170999999999999 1.270263e-05
0.8270999999999997 2.090434e-05
0.8370999999999995 3.410708e-05
0.8470999999999993 5.5111399999999996e-05
0.8570999999999991 8.80183e-05
0.8670999999999989 0.0001390288
0.8770999999999987 0.00021804510000000002
0.8870999999999984 0.0003370698
0.8971 0.0005161070001461
0.9070999999999998 0.000781162000305
0.9170999999999996 0.001170243000633
0.9270999999999994 0.001740360001295
0.9370999999999992 0.002550528002855006
0.9470999999999989 0.0037107680057400123
0.9570999999999987 0.005341100011430024
0.9670999999999985 0.0075915700234310095
0.9771000000000001 0.010702210045802109
0.9870999999999999 0.014903080088604359
0.9970999999999997 0.020604250170910218
1.0070999999999994 0.02810580032402078
1.0170999999999992 0.0380078306080418
1.027099999999999 0.050810501130083195
1.0370999999999988 0.0673139020781645
1.0470999999999986 0.088318203780322
1.0571000000000002 0.115023606820623
1.0671 0.147030312171197
1.0770999999999997 0.18803862148226602
1.0870999999999995 0.23704863750424
1.0970999999999993 0.29506066500787
1.107099999999999 0.36507511151444
1.1170999999999989 0.44709198922622
1.1270999999999987 0.5431113180471001
1.1370999999999984 0.6531345300838001
1.1471 0.7781598741476
1.1570999999999998 0.9191894272571001
1.1670999999999996 1.080222309444
1.1770999999999994 1.2502587007569999
1.1870999999999992 1.440298871281
1.197099999999999 1.6403442221429998
1.2070999999999987 1.85039338355
1.2170999999999985 2.08044720584
1.2271 2.3205069094799997
1.2370999999999999 2.5705745152499997
1.2470999999999997 2.8206514243299994
1.2570999999999994 3.0807402383999998
1.2670999999999992 3.3308461601
1.277099999999999 3.5909760932
1.2870999999999988 3.841137143
1.2970999999999986 4.081343217700001
1.3071000000000002 4.3116103279999995
1.3171 4.531960491
1.3270999999999997 4.732422726999999
1.3370999999999995 4.913035068
1.3470999999999993 5.083845557
1.357099999999999 5.234922248
1.3670999999999989 5.356343219999999
1.3770999999999987 5.45821458
1.3870999999999984 5.54067646
1.3971 5.60384905
1.4070999999999998 5.64795258
1.4170999999999996 5.663237349999999
1.4270999999999994 5.6699737599999995
1.4370999999999992 5.6484624000000005
1.447099999999999 5.6291837
1.4570999999999987 5.582798599999999
1.4670999999999985 5.5296282
1.4771 5.480563399999999
1.4870999999999999 5.4162062
1.4970999999999997 5.3578581000000005
1.5070999999999994 5.3064315
1.5170999999999992 5.2633195
1.527099999999999 5.219733999999999
1.5370999999999988 5.198770000000001
1.5470999999999986 5.180942000000001
1.5571000000000002 5.188144
1.5671 5.215393
1.5770999999999997 5.272684
1.5870999999999995 5.344025
1.5970999999999993 5.454422999999999
1.607099999999999 5.594899
1.6170999999999989 5.7704390000000005
1.6270999999999987 5.974069999999999
1.6370999999999984 6.22979
1.6471 6.5226
1.6570999999999998 6.87755
1.6670999999999996 7.258570000000001
1.6770999999999994 7.709739999999999
1.6870999999999992 8.211030000000001
1.697099999999999 8.742460000000001
1.7070999999999987 9.354019999999998
1.7170999999999985 9.995709999999999
1.7271 10.70753
1.7370999999999999 11.459489999999999
1.7470999999999997 12.261560000000001
1.7570999999999994 13.073780000000001
1.7670999999999992 13.93608
1.777099999999999 14.798480000000001
1.7870999999999988 15.68095
1.7970999999999986 16.57348
1.8071000000000002 17.46603
1.8171 18.32868
1.8270999999999997 19.14122
1.8370999999999995 19.933880000000002
1.8470999999999993 20.68643
1.857099999999999 21.35889
1.8670999999999989 21.96136
1.8770999999999987 22.50363
1.8870999999999984 22.95581
1.8971 23.327890000000004
1.9070999999999998 23.59978
1.9170999999999996 23.79148
1.9270999999999994 23.88288
1.9370999999999992 23.864089999999997
1.947099999999999 23.7551
1.9570999999999987 23.555809999999997
1.9670999999999985 23.26613
1.9771 22.86615
1.9870999999999999 22.38606
1.9970999999999997 21.83548
2.0070999999999994 21.1846
2.0170999999999992 20.47342
2.027099999999999 19.70193
2.037099999999999 18.860039999999998
2.0470999999999986 17.99795
2.0571 17.07566
2.0671 16.13316
2.0770999999999997 15.170359999999999
2.0870999999999995 14.20746
2.0970999999999993 13.24466
2.107099999999999 12.31165
2.117099999999999 11.39875
2.1270999999999987 10.52574
2.1370999999999984 9.69303
2.1471 8.91037
2.1571 8.1979
2.1670999999999996 7.545619999999999
2.1770999999999994 6.93358
2.187099999999999 6.40177
2.197099999999999 5.93022
2.2070999999999987 5.5389
2.2170999999999985 5.18783
2.2271 4.9
2.2371 4.665369999999999
2.2470999999999997 4.47397
2.2570999999999994 4.32575
2.2670999999999992 4.22067
2.277099999999999 4.14874
2.287099999999999 4.10993
2.2970999999999986 4.074199999999999
2.3071 4.07155
2.3171 4.1019499999999995
2.3270999999999997 4.13536
2.3370999999999995 4.17181
2.3470999999999993 4.23124
2.357099999999999 4.28369
2.367099999999999 4.33911
2.3770999999999987 4.3965000000000005
2.3870999999999984 4.44688
2.3971 4.50823
2.4071 4.5625599999999995
2.4170999999999996 4.60891
2.4270999999999994 4.66624
2.437099999999999 4.705579999999999
2.447099999999999 4.74496
2.4570999999999987 4.7863999999999995
2.4670999999999985 4.8189
2.4771 4.87248
2.4871 4.9171700000000005
2.4970999999999997 4.95199
2.5070999999999994 5.01794
2.5170999999999992 5.08504
2.527099999999999 5.15132
2.537099999999999 5.218780000000001
2.5470999999999986 5.31543
2.5571 5.412279999999999
2.5671 5.519270000000001
2.5770999999999997 5.63466
2.5870999999999995 5.76004
2.5970999999999993 5.88351
2.607099999999999 6.03528
2.617099999999999 6.15614
2.6270999999999987 6.305199999999999
2.6370999999999984 6.42225
2.6471 6.5474
2.6571 6.66165
2.6670999999999996 6.764889999999999
2.6770999999999994 6.847029999999999
2.687099999999999 6.92828
2.697099999999999 6.98033
2.7070999999999987 7.01258
2.7170999999999985 7.03655
2.7271 7.03152
2.7371 7.01831
2.7470999999999997 6.98701
2.7570999999999994 6.9385200000000005
2.7670999999999992 6.873840000000001
2.777099999999999 6.81098
2.787099999999999 6.72213
2.7970999999999986 6.62479
2.8071 6.52117
2.8171 6.409350000000001
2.8270999999999997 6.29024
2.8370999999999995 6.18164
2.8470999999999993 6.025740000000001
2.857099999999999 5.90034
2.867099999999999 5.74574
2.8770999999999987 5.59054
2.8870999999999984 5.43613
2.8971 5.26223
2.9071 5.077909999999999
2.9170999999999996 4.9123
2.9270999999999994 4.7273700000000005
2.937099999999999 4.54114
2.947099999999999 4.35581
2.9570999999999987 4.169260000000001
2.9670999999999985 3.9824200000000003
2.9771 3.78756
2.9871 3.6097
2.9970999999999997 3.4370399999999997
3.0070999999999994 3.27027
3.0170999999999992 3.1136
3.027099999999999 2.9641200000000003
3.037099999999999 2.8247399999999994
3.0470999999999986 2.6966599999999996
3.0571 2.57277
3.0671 2.4660699999999998
3.0770999999999997 2.37068
3.0870999999999995 2.27848
3.0970999999999993 2.20757
3.107099999999999 2.1268
3.117099999999999 2.06628
3.1270999999999987 2.00497
3.1370999999999984 1.95182
3.1471 1.9068300000000002
3.1571 1.8589600000000002
3.1670999999999996 1.8161900000000002
3.1770999999999994 1.7685100000000002
3.187099999999999 1.7239000000000002
3.197099999999999 1.68233
3.2070999999999987 1.63881
3.2170999999999985 1.5942999999999998
3.2271 1.5478100000000001
3.2371 1.50134
3.2470999999999997 1.45389
3.2570999999999994 1.4064500000000002
3.2670999999999992 1.3590300000000002
3.277099999999999 1.31263
3.287099999999999 1.2682600000000002
3.2970999999999986 1.22391
3.3071 1.1825999999999999
3.3171 1.14431
3.3270999999999997 1.10707
3.3370999999999995 1.07285
3.3470999999999993 1.04367
3.357099999999999 1.01451
3.367099999999999 0.9903600000000001
3.3770999999999987 0.9652499999999999
3.3870999999999984 0.9441299999999999
3.3971 0.9240199999999998
3.4071 0.9049
3.4170999999999996 0.8867800000000001
3.4270999999999994 0.87066
3.437099999999999 0.8534999999999999
3.447099999999999 0.8363400000000001
3.4570999999999987 0.81914
3.4670999999999985 0.8019099999999999
3.4771 0.78369
3.4871 0.7664200000000001
3.4970999999999997 0.74915
3.5070999999999994 0.7298500000000001
3.5170999999999992 0.71155
3.527099999999999 0.6932400000000001
3.537099999999999 0.6749400000000001
3.5470999999999986 0.65662
3.5571 0.63932
3.5671 0.6220300000000001
3.5770999999999997 0.60677
3.5870999999999995 0.5905
3.5970999999999993 0.5752600000000001
3.607100000000001 0.56105
3.617099999999999 0.5468500000000001
3.6271000000000004 0.53468
3.6370999999999984 0.5225
3.6471 0.51035
3.657099999999998 0.49822
3.6670999999999996 0.4871
3.6770999999999976 0.47597999999999996
3.687099999999999 0.46587
3.6971000000000007 0.45596
3.7070999999999987 0.44483
3.7171000000000003 0.43379999999999996
3.7270999999999983 0.42307
3.7371 0.41141999999999995
3.747099999999998 0.40005999999999997
3.7570999999999994 0.38909999999999995
3.767100000000001 0.37710999999999995
3.777099999999999 0.3654
3.7871000000000006 0.35369
3.7970999999999986 0.34185000000000004
3.8071 0.3302
3.817099999999998 0.31865999999999994
3.8270999999999997 0.30730999999999997
3.8370999999999977 0.29635999999999996
3.8470999999999993 0.28571
3.857100000000001 0.27577
3.867099999999999 0.26624000000000003
3.8771000000000004 0.25743
3.8870999999999984 0.24934
3.8971 0.24187
3.907099999999998 0.23513
3.9170999999999996 0.22941
3.9270999999999976 0.22422
3.937099999999999 0.21984000000000004
3.9471000000000007 0.21629
3.9570999999999987 0.21327000000000002
3.9671000000000003 0.21107
3.9770999999999983 0.20918
3.9871 0.20801000000000003
3.997099999999998 0.20716
4.007099999999999 0.20661000000000002
4.017100000000001 0.20627999999999996
4.027099999999999 0.20634999999999998
4.037100000000001 0.20654
4.047099999999999 0.20683
4.0571 0.20712
4.067099999999998 0.2075
4.0771 0.20779999999999998
4.087099999999998 0.20809
4.097099999999999 0.20848
4.107100000000001 0.20878000000000002
4.117099999999999 0.20908
4.1271 0.20927
4.1370999999999984 0.20967000000000002
4.1471 0.21008
4.157099999999998 0.21059000000000003
4.1671 0.21121
4.177099999999998 0.21193
4.187099999999999 0.21277
4.197100000000001 0.2137
4.207099999999999 0.21475
4.2171 0.2161
4.227099999999998 0.21726
4.2371 0.21871
4.247099999999998 0.22007999999999997
4.257099999999999 0.22154000000000001
4.267100000000001 0.2228
4.277099999999999 0.22385
4.287100000000001 0.22468
4.297099999999999 0.22531
4.3071 0.22561
4.317099999999998 0.22539
4.3271 0.22474
4.337099999999998 0.22366999999999998
4.347099999999999 0.22197
4.357100000000001 0.21971999999999997
4.367099999999999 0.21707
4.3771 0.21387
4.3870999999999984 0.21023999999999998
4.3971 0.20628999999999997
4.407099999999998 0.20203
4.4171 0.19763999999999998
4.427099999999998 0.19293
4.437099999999999 0.18841999999999998
4.447100000000001 0.18391999999999997
4.457099999999999 0.17963
4.4671 0.17563
4.477099999999998 0.17186
4.4871 0.1684
4.497099999999998 0.16535
4.507099999999999 0.16294
4.517100000000001 0.16074
4.527099999999999 0.15908
4.537100000000001 0.15783999999999998
4.547099999999999 0.15702
4.5571 0.15654
4.567099999999998 0.15647
4.5771 0.15661
4.587099999999998 0.15699
4.597099999999999 0.15768
4.607100000000001 0.15847
4.617099999999999 0.15939
4.6271 0.16052
4.6370999999999984 0.16166000000000003
4.6471 0.16291
4.657099999999998 0.16426000000000002
4.6671 0.16562
4.677099999999998 0.16707
4.687099999999999 0.16863
4.697100000000001 0.17009
4.707099999999999 0.17174999999999999
4.7171 0.1734
4.727099999999998 0.17504999999999998
4.7371 0.17693
4.747099999999998 0.17867
4.757099999999999 0.18041000000000001
4.767100000000001 0.18215
4.777099999999999 0.18385999999999997
4.787100000000001 0.18546
4.797099999999999 0.18697
4.8071 0.18825
4.817099999999998 0.18929999999999997
4.8271 0.19006
4.837099999999998 0.19057000000000002
4.847099999999999 0.19077
4.857100000000001 0.19054
4.867099999999999 0.18999
4.8771 0.18902
4.8870999999999984 0.18783
4.8971 0.18631999999999999
4.907099999999998 0.18439
4.9171 0.18234
4.927099999999998 0.17998999999999998
4.937099999999999 0.17752999999999997
4.947100000000001 0.17497000000000001
4.957099999999999 0.17231000000000002
4.9671 0.16974000000000003
4.977099999999998 0.16708
4.9871 0.16443
4.997099999999998 0.16197
5.007099999999999 0.1593
5.017100000000001 0.15686
5.027099999999999 0.15450999999999998
5.037100000000001 0.15206
5.047099999999999 0.14962000000000003
5.0571 0.14718
5.067099999999998 0.14462999999999998
5.0771 0.14196
5.087099999999998 0.1391
5.097099999999999 0.13622
5.107100000000001 0.13312000000000002
5.117099999999999 0.12973
5.1271 0.12611999999999998
5.1370999999999984 0.1226
5.1471 0.11867
5.157099999999998 0.11463
5.1671 0.110376
5.177099999999998 0.106013
5.187099999999999 0.10165199999999999
5.197100000000001 0.097193
5.207099999999999 0.092727
5.2171 0.088153
5.227099999999998 0.08374099999999998
5.2371 0.079282
5.247099999999998 0.074865
5.257099999999999 0.07058999999999999
5.267100000000001 0.066448
5.277099999999999 0.062368999999999994
5.287100000000001 0.058312
5.297099999999999 0.054606999999999996
5.3071 0.050941
5.317099999999998 0.047608000000000004
5.3271 0.044326000000000004
5.337099999999998 0.041073
5.347099999999999 0.03816
5.357100000000001 0.035275
5.367099999999999 0.032618
5.3771 0.030092
5.3870999999999984 0.027692
5.3971 0.025450999999999998
5.407099999999998 0.023317
5.4171 0.0213303
5.427099999999998 0.0194592
5.437099999999999 0.0176951
5.447100000000001 0.0160469
5.457099999999999 0.0145215
5.4671 0.0130918
5.477099999999998 0.011756799999999998
5.4871 0.010538500000000001
5.497099999999998 0.0094046
5.507099999999999 0.0083743
5.517100000000001 0.0074264
5.527099999999999 0.006560000000000001
5.537100000000001 0.0057859
5.547099999999999 0.0050922
5.5571 0.004447899999999999
5.567099999999998 0.00388282
5.5771 0.0033815599999999996
5.587099999999998 0.00293356
5.597099999999999 0.0025369000000000004
5.607100000000001 0.00218424
5.617099999999999 0.0018753600000000002
5.6271 0.0016037400000000002
5.6370999999999984 0.00136575
5.6471 0.00115768
5.657099999999998 0.0009755
5.6671 0.000819608
5.677099999999998 0.0006833779999999999
5.687099999999999 0.0005658919999999999
5.697100000000001 0.000466597
5.707099999999999 0.000382336
5.7171 0.000309911
5.727099999999998 0.000249855
5.7371 0.000199645
5.747099999999998 0.000158336
5.757099999999999 0.0001245494
5.767100000000001 9.70029e-05
5.777099999999999 7.50088e-05
5.787100000000001 5.733479999999999e-05
5.797099999999999 4.349812e-05
5.8071 3.265685e-05
5.817099999999998 2.4299439999999996e-05
5.8271 1.7904850000000002e-05
5.837099999999998 1.3029999999999999e-05
5.847099999999999 9.412e-06
5.857100000000001 6.723000000000001e-06
5.867099999999999 4.759e-06
5.8771 3.3269999999999997e-06
5.8870999999999984 2.3123e-06
5.8971 1.5848999999999999e-06
5.907099999999998 1.0769e-06
5.9171 7.229e-07
5.927099999999998 4.813e-07
5.937099999999999 3.1630000000000005e-07
5.947100000000001 2.0586000000000002e-07
5.957099999999999 1.327e-07
