-22.402900000000002 5.707418000000001e-05
-22.3929 3.956569e-05
-22.3829 2.7163750000000006e-05
-22.3729 1.84568e-05
-22.362900000000003 1.2426612e-05
-22.352899999999998 8.284052e-06
-22.3429 5.465271e-06
-22.332900000000002 3.5703389999999995e-06
-22.3229 2.3096530000000003e-06
-22.3129 1.4790993e-06
-22.3029 9.377801000000002e-07
-22.292900000000003 5.884785999999999e-07
-22.2829 3.661179e-07
-22.2729 2.2538949000000004e-07
-22.262900000000002 1.3720905e-07
-22.2529 8.283822e-08
-22.2429 4.947916e-08
-22.2329 2.92503e-08
-22.222900000000003 1.7138437e-08
-22.2129 9.92966e-09
-22.2029 5.6974990000000016e-09
-22.1929 3.2363481e-09
-22.1829 1.8205027000000001e-09
-22.1729 1.0131629e-09
-22.1629 5.5928902e-10
-22.152900000000002 3.0522915e-10
-22.1429 1.6490951e-10
-22.1329 8.831996e-11
-22.1229 4.6738378000000006e-11
-22.112900000000003 2.4483372000000004e-11
-22.102899999999998 1.2718549899999999e-11
-22.0929 6.529832800000001e-12
-22.082900000000002 3.3121363e-12
-22.0729 1.66053736e-12
-22.0629 8.11242023e-13
-22.0529 3.89598e-13
-22.042900000000003 1.8025300000000003e-13
-22.0329 7.614e-14
-22.0229 2.66904e-14
-22.012900000000002 9.3829e-15
-22.0029 4.00926e-15
-21.9929 1.6844300000000002e-15
-21.9829 6.334479999999999e-16
-21.972900000000003 7.9583e-17
-21.9629 0.0
-21.9529 0.0
-21.9429 0.0
-21.9329 0.0
-21.9229 0.0
-21.9129 0.0
-21.902900000000002 0.0
-21.8929 0.0
-21.8829 0.0
-21.8729 0.0
-21.862900000000003 0.0
-21.852899999999998 0.0
-21.8429 0.0
-21.832900000000002 0.0
-21.8229 0.0
-21.8129 0.0
-21.8029 0.0
-21.792900000000003 0.0
-21.7829 0.0
-21.7729 0.0
-21.762900000000002 0.0
-21.7529 0.0
-21.7429 0.0
-21.7329 0.0
-21.722900000000003 0.0
-21.7129 0.0
-21.7029 0.0
-21.6929 0.0
-21.6829 0.0
-21.6729 0.0
-21.6629 0.0
-21.652900000000002 0.0
-21.6429 0.0
-21.6329 0.0
-21.6229 0.0
-21.612900000000003 0.0
-21.602899999999998 0.0
-21.5929 0.0
-21.582900000000002 0.0
-21.5729 0.0
-21.5629 0.0
-21.5529 0.0
-21.542900000000003 0.0
-21.5329 0.0
-21.5229 0.0
-21.512900000000002 0.0
-21.5029 0.0
-21.4929 0.0
-21.4829 0.0
-21.472900000000003 0.0
-21.4629 0.0
-21.4529 0.0
-21.4429 0.0
-21.4329 0.0
-21.4229 0.0
-21.4129 0.0
-21.402900000000002 0.0
-21.3929 0.0
-21.3829 0.0
-21.3729 0.0
-21.362900000000003 0.0
-21.352899999999998 0.0
-21.3429 0.0
-21.332900000000002 0.0
-21.3229 0.0
-21.3129 0.0
-21.3029 0.0
-21.292900000000003 0.0
-21.2829 0.0
-21.2729 0.0
-21.262900000000002 0.0
-21.2529 0.0
-21.2429 0.0
-21.2329 0.0
-21.222900000000003 0.0
-21.2129 0.0
-21.2029 0.0
-21.1929 0.0
-21.1829 0.0
-21.1729 0.0
-21.1629 0.0
-21.152900000000002 0.0
-21.1429 0.0
-21.1329 0.0
-21.1229 0.0
-21.112900000000003 0.0
-21.102899999999998 0.0
-21.0929 0.0
-21.082900000000002 0.0
-21.0729 0.0
-21.0629 0.0
-21.0529 0.0
-21.042900000000003 0.0
-21.0329 0.0
-21.0229 0.0
-21.012900000000002 0.0
-21.0029 0.0
-20.9929 0.0
-20.9829 0.0
-20.972900000000003 0.0
-20.9629 0.0
-20.9529 0.0
-20.9429 0.0
-20.9329 0.0
-20.9229 0.0
-20.9129 0.0
-20.902900000000002 0.0
-20.8929 0.0
-20.8829 0.0
-20.8729 0.0
-20.862900000000003 0.0
-20.852899999999998 0.0
-20.8429 0.0
-20.832900000000002 0.0
-20.8229 0.0
-20.8129 0.0
-20.8029 0.0
-20.792900000000003 0.0
-20.7829 0.0
-20.7729 0.0
-20.762900000000002 0.0
-20.7529 0.0
-20.7429 0.0
-20.7329 0.0
-20.722900000000003 0.0
-20.7129 0.0
-20.7029 0.0
-20.6929 0.0
-20.6829 0.0
-20.6729 0.0
-20.6629 0.0
-20.652900000000002 0.0
-20.6429 0.0
-20.6329 0.0
-20.6229 0.0
-20.612900000000003 0.0
-20.602899999999998 0.0
-20.5929 0.0
-20.582900000000002 0.0
-20.5729 0.0
-20.5629 0.0
-20.5529 0.0
-20.542900000000003 0.0
-20.5329 0.0
-20.5229 0.0
-20.512900000000002 0.0
-20.5029 0.0
-20.4929 0.0
-20.4829 0.0
-20.472900000000003 0.0
-20.4629 0.0
-20.4529 0.0
-20.4429 0.0
-20.4329 0.0
-20.4229 0.0
-20.4129 0.0
-20.402900000000002 0.0
-20.3929 0.0
-20.3829 0.0
-20.3729 0.0
-20.3629 1.62826e-14
-20.3529 3.40248e-14
-20.3429 1.02928e-13
-20.332900000000002 2.1230199999999998e-13
-20.3229 4.3215300000000005e-13
-20.3129 8.872899999999999e-13
-20.3029 1.76756e-12
-20.2929 3.4948600000000003e-12
-20.2829 6.8286200000000004e-12
-20.2729 1.33145e-11
-20.262900000000002 2.5408570599999992e-11
-20.2529 4.83515683e-11
-20.2429 9.0607079e-11
-20.2329 1.686234e-10
-20.222900000000003 3.0826335699999997e-10
-20.2129 5.607378600000002e-10
-20.2029 1.00867172e-09
-20.1929 1.79773097e-09
-20.1829 3.1540900000000002e-09
-20.1729 5.5055138e-09
-20.1629 9.4783342e-09
-20.152900000000002 1.6191611000000002e-08
-20.1429 2.7326138e-08
-20.1329 4.5663194999999996e-08
-20.1229 7.565939499999999e-08
-20.1129 1.2371336999999998e-07
-20.1029 2.0107209999999998e-07
-20.0929 3.2152693999999996e-07
-20.082900000000002 5.113465999999998e-07
-20.0729 8.039300999999999e-07
-20.0629 1.2522738999999998e-06
-20.0529 1.9278063e-06
-20.0429 2.9449472e-06
-20.0329 4.458480000000001e-06
-20.0229 6.662980000000001e-06
-20.012900000000002 9.895505999999998e-06
-20.0029 1.4537500999999997e-05
-19.9929 2.110719300000001e-05
-19.9829 3.0485859999999996e-05
-19.972900000000003 4.353684e-05
-19.9629 6.153840000000001e-05
-19.9529 8.632719999999998e-05
-19.9429 0.00012008239
-19.9329 0.00016545829999999997
-19.9229 0.0002262937
-19.9129 0.00030629390000000005
-19.902900000000002 0.00041119
-19.8929 0.0005479280999999999
-19.8829 0.0007236549000000001
-19.8729 0.000948308
-19.8629 0.0012335480000000001
-19.8529 0.0015914800000000002
-19.8429 0.002036054
-19.832900000000002 0.002588388000000001
-19.8229 0.003267061
-19.8129 0.004093481
-19.8029 0.005088529999999999
-19.7929 0.006278230000000001
-19.7829 0.007695960000000001
-19.7729 0.009374849999999997
-19.762900000000002 0.011333110000000002
-19.7529 0.01362122
-19.7429 0.016209320000000003
-19.7329 0.01928434
-19.722900000000003 0.022627639999999997
-19.7129 0.026561400000000002
-19.7029 0.030828200000000007
-19.6929 0.035640099999999994
-19.6829 0.0408657
-19.6729 0.04673730000000001
-19.6629 0.0529533
-19.652900000000002 0.059804
-19.6429 0.0670798
-19.6329 0.0747901
-19.6229 0.0829657
-19.6129 0.09161639999999999
-19.6029 0.1006002
-19.5929 0.10999
-19.582900000000002 0.11973219999999998
-19.5729 0.12950910000000002
-19.5629 0.1395884
-19.5529 0.14987119999999998
-19.5429 0.16017540000000002
-19.5329 0.1704841
-19.5229 0.180792
-19.512900000000002 0.190705
-19.5029 0.20101700000000003
-19.4929 0.21052700000000002
-19.4829 0.220339
-19.472900000000003 0.22955199999999998
-19.4629 0.23846200000000004
-19.4529 0.24727199999999996
-19.4429 0.25548299999999996
-19.4329 0.263392
-19.4229 0.271201
-19.4129 0.278511
-19.402900000000002 0.285618
-19.3929 0.29252700000000004
-19.3829 0.299032
-19.3729 0.305641
-19.3629 0.31194800000000006
-19.3529 0.317756
-19.3429 0.32396199999999997
-19.332900000000002 0.329869
-19.3229 0.3355749999999999
-19.3129 0.34108
-19.3029 0.34628499999999995
-19.2929 0.3517869999999999
-19.2829 0.356788
-19.2729 0.36158499999999993
-19.262900000000002 0.36627999999999994
-19.2529 0.370471
-19.2429 0.37455999999999995
-19.2329 0.37804299999999996
-19.222900000000003 0.381522
-19.2129 0.384497
-19.2029 0.387168
-19.1929 0.38943500000000003
-19.1829 0.39129800000000003
-19.1729 0.39315900000000004
-19.1629 0.394814
-19.152900000000002 0.39627
-19.1429 0.3974219999999999
-19.1329 0.39867400000000003
-19.1229 0.39982700000000004
-19.1129 0.40108
-19.1029 0.402736
-19.0929 0.40419599999999994
-19.082900000000002 0.406161
-19.0729 0.408731
-19.0629 0.41160899999999995
-19.0529 0.41499500000000006
-19.0429 0.4189900000000001
-19.0329 0.42359199999999997
-19.0229 0.428806
-19.012900000000002 0.434826
-19.0029 0.441156
-18.9929 0.44789300000000004
-18.9829 0.4551339999999999
-18.972900000000003 0.462775
-18.9629 0.4705230000000001
-18.9529 0.4781660000000001
-18.9429 0.485608
-18.9329 0.492646
-18.9229 0.499469
-18.9129 0.505578
-18.902900000000002 0.511084
-18.8929 0.515883
-18.8829 0.520065
-18.8729 0.523332
-18.8629 0.525893
-18.8529 0.527537
-18.8429 0.5285679999999998
-18.832900000000002 0.5287900000000001
-18.8229 0.5284989999999999
-18.8129 0.527502
-18.8029 0.525791
-18.7929 0.5239739999999999
-18.7829 0.521753
-18.7729 0.5191279999999999
-18.762900000000002 0.5158820000000001
-18.7529 0.512653
-18.7429 0.5092199999999999
-18.7329 0.505777
-18.722900000000003 0.502122
-18.7129 0.49839
-18.7029 0.49463999999999997
-18.6929 0.49100200000000005
-18.6829 0.487247
-18.6729 0.483708
-18.6629 0.48026499999999994
-18.652900000000002 0.47671899999999995
-18.6429 0.473265
-18.6329 0.46973999999999994
-18.6229 0.466393
-18.6129 0.46303
-18.6029 0.459602
-18.5929 0.455739
-18.582900000000002 0.4520990000000001
-18.5729 0.448239
-18.5629 0.4439870000000001
-18.5529 0.43962000000000007
-18.5429 0.43505099999999997
-18.5329 0.42997799999999997
-18.5229 0.424492
-18.512900000000002 0.41870300000000005
-18.5029 0.412712
-18.4929 0.406107
-18.4829 0.39910199999999996
-18.472900000000003 0.3917850000000001
-18.4629 0.38395300000000004
-18.4529 0.37592499999999995
-18.4429 0.36739400000000005
-18.4329 0.35915400000000003
-18.4229 0.35040299999999996
-18.4129 0.34196499999999996
-18.402900000000002 0.333006
-18.3929 0.32436200000000004
-18.3829 0.31611800000000007
-18.3729 0.307774
-18.3629 0.2996309999999999
-18.3529 0.291794
-18.3429 0.28416
-18.332900000000002 0.27682699999999993
-18.3229 0.26990400000000003
-18.3129 0.26308099999999995
-18.3029 0.256361
-18.2929 0.24984900000000002
-18.2829 0.24353600000000003
-18.2729 0.237128
-18.262900000000002 0.231024
-18.2529 0.22512100000000002
-18.2429 0.21882
-18.2329 0.21322599999999997
-18.222900000000003 0.20733200000000002
-18.2129 0.201841
-18.2029 0.19635699999999998
-18.1929 0.19117800000000001
-18.1829 0.18640199999999998
-18.1729 0.181737
-18.1629 0.17767799999999997
-18.152900000000002 0.17412500000000003
-18.1429 0.17128300000000002
-18.1329 0.16885
-18.1229 0.16682500000000003
-18.1129 0.16531099999999999
-18.1029 0.16470600000000002
-18.0929 0.164411
-18.082900000000002 0.164723
-18.0729 0.165745
-18.0629 0.167074
-18.0529 0.168909
-18.0429 0.17135300000000003
-18.0329 0.17400200000000002
-18.0229 0.17695600000000003
-18.012900000000002 0.180014
-18.0029 0.183574
-17.9929 0.18743800000000002
-17.9829 0.19129999999999994
-17.972900000000003 0.195268
-17.9629 0.199432
-17.9529 0.20359400000000002
-17.9429 0.20765499999999998
-17.9329 0.211713
-17.9229 0.215567
-17.9129 0.219419
-17.902900000000002 0.222761
-17.8929 0.225999
-17.8829 0.229029
-17.8729 0.23125399999999996
-17.8629 0.23326899999999998
-17.8529 0.23487400000000003
-17.8429 0.23597200000000002
-17.832900000000002 0.23656
-17.8229 0.236339
-17.8129 0.23611300000000002
-17.8029 0.23507799999999995
-17.7929 0.233737
-17.7829 0.23199
-17.7729 0.230037
-17.762900000000002 0.227882
-17.7529 0.22572499999999995
-17.7429 0.22336900000000004
-17.7329 0.221215
-17.722900000000003 0.21936000000000005
-17.7129 0.21781299999999995
-17.7029 0.21667000000000003
-17.6929 0.21613400000000002
-17.6829 0.216105
-17.6729 0.21668200000000004
-17.6629 0.217969
-17.652900000000002 0.219663
-17.6429 0.22206600000000004
-17.6329 0.225074
-17.6229 0.228388
-17.6129 0.232206
-17.6029 0.23612789999999997
-17.5929 0.2403833
-17.582900000000002 0.2446078
-17.5729 0.24864229999999996
-17.5629 0.2522818
-17.5529 0.2556294
-17.5429 0.2585708
-17.5329 0.2605961
-17.5229 0.26211229999999996
-17.512900000000002 0.26269909999999996
-17.5029 0.26244560000000006
-17.4929 0.26134260000000004
-17.4829 0.2591991
-17.472900000000003 0.2560871
-17.4629 0.2518014
-17.4529 0.24654589999999998
-17.4429 0.2406007
-17.4329 0.2335747
-17.4229 0.22555589999999998
-17.4129 0.21674317999999998
-17.402900000000002 0.20723656000000001
-17.3929 0.19713402
-17.3829 0.18663554
-17.3729 0.17533711999999996
-17.3629 0.16414673999999999
-17.3529 0.15245939
-17.3429 0.14107708000000002
-17.332900000000002 0.12950277999999998
-17.3229 0.11843250000000002
-17.3129 0.10757324000000001
-17.3029 0.09700199000000001
-17.2929 0.08706884
-17.2829 0.07769740000000001
-17.2729 0.06894726
-17.262900000000002 0.06081662000000001
-17.2529 0.05333577
-17.2429 0.046593430000000005
-17.2329 0.04047248
-17.222900000000003 0.034939540000000005
-17.2129 0.030044889999999994
-17.2029 0.025687250000000002
-17.1929 0.021776309999999997
-17.1829 0.018502669999999995
-17.1729 0.015580940000000001
-17.1629 0.01306155
-17.152900000000002 0.010899559999999997
-17.1429 0.009048640000000002
-17.1329 0.007466180000000002
-17.1229 0.006129983999999999
-17.1129 0.004999482
-17.1029 0.004061306
-17.0929 0.0032726359999999998
-17.082900000000002 0.0026168100000000007
-17.0729 0.002079081
-17.0629 0.0016482860000000001
-17.0529 0.001284909
-17.0429 0.001001056
-17.0329 0.000772659
-17.0229 0.0005911481
-17.012900000000002 0.00044864100000000006
-17.0029 0.00033680340000000013
-16.9929 0.00025098819999999996
-16.9829 0.00018599710000000004
-16.972900000000003 0.0001359426
-16.9629 9.862670999999997e-05
-16.9529 7.081761e-05
-16.9429 5.041928e-05
-16.9329 3.553444999999999e-05
-16.9229 2.4819921000000003e-05
-16.9129 1.7087433e-05
-16.902900000000002 1.1673363000000001e-05
-16.8929 7.925872e-06
-16.8829 5.3183360000000005e-06
-16.8729 3.5327097999999996e-06
-16.8629 2.3176461999999995e-06
-16.8529 1.5056061999999997e-06
-16.8429 9.698763e-07
-16.832900000000002 6.173673499999998e-07
-16.8229 3.8911674000000007e-07
-16.8129 2.4289903e-07
-16.8029 1.4992759000000004e-07
-16.7929 9.1641412e-08
-16.7829 5.5427900999999997e-08
-16.7729 3.320177000000001e-08
-16.762900000000002 1.9650200800000002e-08
-16.7529 1.1501410500000002e-08
-16.7429 6.6652116e-09
-16.7329 3.8252146e-09
-16.722900000000003 2.1765311599999995e-09
-16.7129 1.2202750000000003e-09
-16.7029 6.78119473e-10
-16.6929 3.72987352e-10
-16.6829 2.0322658000000002e-10
-16.6729 1.0872063270000002e-10
-16.6629 5.820810190800002e-11
-16.652900000000002 3.067867000017169e-11
-16.6429 1.594985e-11
-16.6329 8.24902e-12
-16.6229 4.205774e-12
-16.6129 2.123189e-12
-16.6029 1.056543e-12
-16.5929 5.221852000000001e-13
-16.582900000000002 2.488736e-13
-16.5729 1.2087809999999997e-13
-16.5629 5.1613949999999996e-14
-16.5529 1.595803e-14
-16.5429 3.321611e-15
-16.5329 0.0
-16.5229 0.0
-16.512900000000002 0.0
-16.5029 0.0
-16.4929 0.0
-16.4829 0.0
-16.472900000000003 0.0
-16.4629 0.0
-16.4529 0.0
-16.4429 0.0
-16.4329 0.0
-16.4229 0.0
-16.4129 0.0
-16.402900000000002 0.0
-16.3929 0.0
-16.3829 0.0
-16.3729 0.0
-16.3629 0.0
-16.3529 0.0
-16.3429 0.0
-16.332900000000002 0.0
-16.3229 0.0
-16.3129 0.0
-16.3029 0.0
-16.2929 0.0
-16.2829 0.0
-16.2729 0.0
-16.262900000000002 0.0
-16.2529 0.0
-16.2429 0.0
-16.2329 0.0
-16.2229 0.0
-16.2129 0.0
-16.2029 0.0
-16.1929 0.0
-16.1829 0.0
-16.172900000000002 0.0
-16.1629 0.0
-16.152900000000002 0.0
-16.1429 0.0
-16.1329 0.0
-16.1229 0.0
-16.1129 0.0
-16.1029 0.0
-16.0929 0.0
-16.082900000000002 0.0
-16.0729 0.0
-16.0629 0.0
-16.0529 0.0
-16.0429 0.0
-16.0329 0.0
-16.0229 0.0
-16.012900000000002 0.0
-16.0029 0.0
-15.9929 0.0
-15.9829 0.0
-15.972900000000001 0.0
-15.962900000000001 0.0
-15.9529 0.0
-15.942900000000002 0.0
-15.9329 0.0
-15.9229 0.0
-15.9129 0.0
-15.9029 0.0
-15.892900000000001 0.0
-15.882900000000001 0.0
-15.872900000000001 0.0
-15.8629 0.0
-15.852900000000002 0.0
-15.8429 0.0
-15.8329 0.0
-15.8229 0.0
-15.8129 0.0
-15.802900000000001 0.0
-15.792900000000001 0.0
-15.782900000000001 0.0
-15.7729 0.0
-15.7629 0.0
-15.7529 0.0
-15.7429 0.0
-15.7329 0.0
-15.722900000000001 0.0
-15.712900000000001 0.0
-15.7029 0.0
-15.692900000000002 0.0
-15.6829 0.0
-15.6729 0.0
-15.6629 0.0
-15.6529 0.0
-15.642900000000001 0.0
-15.632900000000001 0.0
-15.622900000000001 0.0
-15.6129 0.0
-15.602900000000002 0.0
-15.5929 0.0
-15.5829 0.0
-15.5729 0.0
-15.5629 0.0
-15.552900000000001 0.0
-15.542900000000001 0.0
-15.532900000000001 0.0
-15.5229 0.0
-15.5129 0.0
-15.5029 0.0
-15.4929 0.0
-15.4829 0.0
-15.472900000000001 0.0
-15.462900000000001 0.0
-15.4529 0.0
-15.442900000000002 0.0
-15.4329 0.0
-15.4229 0.0
-15.4129 0.0
-15.4029 0.0
-15.392900000000001 0.0
-15.382900000000001 0.0
-15.372900000000001 0.0
-15.3629 0.0
-15.352900000000002 0.0
-15.3429 0.0
-15.3329 0.0
-15.3229 0.0
-15.3129 0.0
-15.302900000000001 0.0
-15.292900000000001 0.0
-15.282900000000001 0.0
-15.2729 0.0
-15.2629 0.0
-15.2529 0.0
-15.2429 0.0
-15.2329 0.0
-15.222900000000001 0.0
-15.212900000000001 0.0
-15.2029 0.0
-15.192900000000002 0.0
-15.1829 0.0
-15.1729 0.0
-15.1629 0.0
-15.1529 0.0
-15.142900000000001 0.0
-15.132900000000001 0.0
-15.122900000000001 0.0
-15.1129 0.0
-15.102900000000002 0.0
-15.0929 0.0
-15.0829 0.0
-15.0729 0.0
-15.0629 0.0
-15.052900000000001 0.0
-15.042900000000001 0.0
-15.032900000000001 0.0
-15.0229 0.0
-15.0129 0.0
-15.0029 0.0
-14.9929 0.0
-14.9829 0.0
-14.972900000000001 0.0
-14.962900000000001 0.0
-14.9529 0.0
-14.942900000000002 0.0
-14.9329 0.0
-14.9229 0.0
-14.9129 0.0
-14.9029 0.0
-14.892900000000001 0.0
-14.882900000000001 0.0
-14.872900000000001 0.0
-14.8629 0.0
-14.852900000000002 0.0
-14.8429 0.0
-14.8329 0.0
-14.8229 0.0
-14.8129 0.0
-14.802900000000001 0.0
-14.792900000000001 0.0
-14.782900000000001 0.0
-14.7729 0.0
-14.7629 0.0
-14.7529 0.0
-14.7429 0.0
-14.7329 0.0
-14.722900000000001 0.0
-14.712900000000001 0.0
-14.7029 0.0
-14.692900000000002 0.0
-14.6829 0.0
-14.6729 0.0
-14.6629 0.0
-14.6529 0.0
-14.642900000000001 0.0
-14.632900000000001 0.0
-14.622900000000001 0.0
-14.6129 0.0
-14.602900000000002 0.0
-14.5929 0.0
-14.5829 0.0
-14.5729 0.0
-14.5629 0.0
-14.552900000000001 0.0
-14.542900000000001 0.0
-14.532900000000001 0.0
-14.5229 0.0
-14.5129 0.0
-14.5029 0.0
-14.4929 0.0
-14.4829 0.0
-14.472900000000001 0.0
-14.462900000000001 0.0
-14.4529 0.0
-14.442900000000002 0.0
-14.4329 0.0
-14.4229 0.0
-14.4129 0.0
-14.4029 0.0
-14.392900000000001 0.0
-14.382900000000001 0.0
-14.372900000000001 0.0
-14.3629 0.0
-14.3529 0.0
-14.3429 0.0
-14.3329 0.0
-14.3229 0.0
-14.3129 0.0
-14.302900000000001 0.0
-14.292900000000001 0.0
-14.282900000000001 0.0
-14.2729 0.0
-14.2629 0.0
-14.2529 0.0
-14.2429 0.0
-14.2329 0.0
-14.222900000000001 0.0
-14.212900000000001 0.0
-14.202900000000001 0.0
-14.192900000000002 0.0
-14.1829 0.0
-14.1729 0.0
-14.1629 0.0
-14.1529 0.0
-14.142900000000001 0.0
-14.132900000000001 0.0
-14.122900000000001 0.0
-14.1129 0.0
-14.1029 0.0
-14.0929 0.0
-14.0829 0.0
-14.0729 0.0
-14.0629 0.0
-14.052900000000001 0.0
-14.042900000000001 0.0
-14.032900000000001 0.0
-14.0229 0.0
-14.0129 0.0
-14.0029 0.0
-13.9929 0.0
-13.9829 0.0
-13.972900000000001 0.0
-13.962900000000001 0.0
-13.952900000000001 0.0
-13.942900000000002 0.0
-13.9329 0.0
-13.9229 0.0
-13.9129 0.0
-13.9029 0.0
-13.892900000000001 0.0
-13.882900000000001 0.0
-13.872900000000001 0.0
-13.8629 0.0
-13.8529 0.0
-13.8429 0.0
-13.8329 0.0
-13.8229 0.0
-13.8129 0.0
-13.802900000000001 0.0
-13.792900000000001 0.0
-13.782900000000001 0.0
-13.7729 0.0
-13.7629 0.0
-13.7529 0.0
-13.7429 0.0
-13.7329 0.0
-13.722900000000001 0.0
-13.712900000000001 0.0
-13.702900000000001 0.0
-13.692900000000002 0.0
-13.6829 0.0
-13.6729 0.0
-13.6629 0.0
-13.6529 0.0
-13.642900000000001 0.0
-13.632900000000001 0.0
-13.622900000000001 0.0
-13.6129 0.0
-13.6029 0.0
-13.5929 0.0
-13.5829 0.0
-13.5729 0.0
-13.5629 0.0
-13.552900000000001 0.0
-13.542900000000001 0.0
-13.532900000000001 0.0
-13.5229 0.0
-13.5129 0.0
-13.5029 0.0
-13.4929 0.0
-13.4829 0.0
-13.472900000000001 0.0
-13.462900000000001 0.0
-13.452900000000001 0.0
-13.442900000000002 0.0
-13.4329 0.0
-13.4229 0.0
-13.4129 0.0
-13.4029 0.0
-13.392900000000001 0.0
-13.382900000000001 0.0
-13.372900000000001 0.0
-13.3629 0.0
-13.3529 0.0
-13.3429 0.0
-13.3329 0.0
-13.3229 0.0
-13.3129 0.0
-13.302900000000001 0.0
-13.292900000000001 0.0
-13.282900000000001 0.0
-13.2729 0.0
-13.2629 0.0
-13.2529 0.0
-13.2429 0.0
-13.2329 0.0
-13.222900000000001 0.0
-13.212900000000001 0.0
-13.202900000000001 0.0
-13.192900000000002 0.0
-13.1829 0.0
-13.1729 0.0
-13.1629 0.0
-13.1529 0.0
-13.142900000000001 0.0
-13.132900000000001 0.0
-13.122900000000001 0.0
-13.1129 0.0
-13.1029 0.0
-13.0929 0.0
-13.0829 0.0
-13.0729 0.0
-13.0629 0.0
-13.052900000000001 0.0
-13.042900000000001 0.0
-13.032900000000001 0.0
-13.0229 0.0
-13.0129 0.0
-13.0029 0.0
-12.9929 0.0
-12.9829 0.0
-12.972900000000001 0.0
-12.962900000000001 0.0
-12.952900000000001 0.0
-12.942900000000002 0.0
-12.9329 0.0
-12.9229 0.0
-12.9129 0.0
-12.9029 0.0
-12.892900000000001 0.0
-12.882900000000001 0.0
-12.872900000000001 0.0
-12.862900000000002 0.0
-12.8529 0.0
-12.8429 0.0
-12.8329 0.0
-12.8229 0.0
-12.8129 0.0
-12.802900000000001 0.0
-12.792900000000001 0.0
-12.782900000000001 0.0
-12.7729 0.0
-12.7629 0.0
-12.7529 0.0
-12.7429 0.0
-12.7329 0.0
-12.722900000000001 0.0
-12.712900000000001 0.0
-12.702900000000001 0.0
-12.6929 0.0
-12.6829 0.0
-12.6729 0.0
-12.6629 0.0
-12.6529 0.0
-12.642900000000001 0.0
-12.632900000000001 0.0
-12.622900000000001 0.0
-12.612900000000002 0.0
-12.6029 0.0
-12.5929 0.0
-12.5829 0.0
-12.5729 0.0
-12.5629 0.0
-12.552900000000001 0.0
-12.542900000000001 0.0
-12.532900000000001 0.0
-12.5229 0.0
-12.5129 0.0
-12.5029 0.0
-12.4929 0.0
-12.4829 0.0
-12.472900000000001 0.0
-12.462900000000001 0.0
-12.452900000000001 0.0
-12.4429 0.0
-12.4329 0.0
-12.4229 0.0
-12.4129 0.0
-12.4029 0.0
-12.392900000000001 0.0
-12.382900000000001 0.0
-12.372900000000001 0.0
-12.362900000000002 0.0
-12.3529 0.0
-12.3429 0.0
-12.3329 0.0
-12.3229 0.0
-12.3129 0.0
-12.302900000000001 0.0
-12.292900000000001 0.0
-12.282900000000001 0.0
-12.2729 0.0
-12.2629 0.0
-12.2529 0.0
-12.2429 0.0
-12.2329 0.0
-12.222900000000001 0.0
-12.212900000000001 0.0
-12.202900000000001 0.0
-12.1929 0.0
-12.1829 0.0
-12.1729 0.0
-12.1629 0.0
-12.1529 0.0
-12.142900000000001 0.0
-12.132900000000001 0.0
-12.122900000000001 0.0
-12.112900000000002 0.0
-12.1029 0.0
-12.0929 0.0
-12.0829 0.0
-12.0729 0.0
-12.0629 0.0
-12.052900000000001 0.0
-12.042900000000001 0.0
-12.032900000000001 0.0
-12.0229 0.0
-12.0129 0.0
-12.0029 0.0
-11.9929 0.0
-11.9829 0.0
-11.972900000000001 0.0
-11.962900000000001 0.0
-11.952900000000001 0.0
-11.9429 0.0
-11.9329 0.0
-11.9229 0.0
-11.9129 0.0
-11.9029 0.0
-11.892900000000001 0.0
-11.882900000000001 0.0
-11.872900000000001 0.0
-11.8629 0.0
-11.8529 0.0
-11.8429 0.0
-11.8329 0.0
-11.8229 0.0
-11.8129 0.0
-11.802900000000001 0.0
-11.792900000000001 0.0
-11.782900000000001 0.0
-11.7729 0.0
-11.7629 0.0
-11.7529 0.0
-11.7429 0.0
-11.7329 0.0
-11.722900000000001 0.0
-11.712900000000001 0.0
-11.702900000000001 0.0
-11.692900000000002 0.0
-11.6829 0.0
-11.6729 0.0
-11.6629 0.0
-11.6529 0.0
-11.642900000000001 0.0
-11.632900000000001 0.0
-11.622900000000001 0.0
-11.6129 0.0
-11.6029 0.0
-11.5929 0.0
-11.5829 0.0
-11.5729 0.0
-11.5629 3.0141200000000004e-16
-11.552900000000001 1.19031e-15
-11.542900000000001 2.4687699999999997e-15
-11.532900000000001 6.082e-15
-11.5229 1.29464e-14
-11.5129 2.67433e-14
-11.5029 5.3662e-14
-11.4929 1.06664e-13
-11.4829 2.10699e-13
-11.472900000000001 4.1140000000000004e-13
-11.462900000000001 7.948400000000001e-13
-11.452900000000001 1.5121e-12
-11.442900000000002 2.85795e-12
-11.4329 5.3401e-12
-11.4229 9.86124373e-12
-11.4129 1.805382078e-11
-11.4029 3.26451854e-11
-11.392900000000001 5.83655195e-11
-11.382900000000001 1.0347395410000001e-10
-11.372900000000001 1.8195249199999997e-10
-11.3629 3.15392396e-10
-11.3529 5.413143370000001e-10
-11.3429 9.203364759999999e-10
-11.3329 1.54756626e-09
-11.3229 2.58080198e-09
-11.3129 4.24630803e-09
-11.302900000000001 6.932487100000001e-09
-11.292900000000001 1.1198085900000001e-08
-11.282900000000001 1.7894851600000008e-08
-11.2729 2.82707827e-08
-11.2629 4.4340472000000004e-08
-11.2529 6.8667588e-08
-11.2429 1.0539669699999999e-07
-11.2329 1.60220119e-07
-11.222900000000001 2.4071688e-07
-11.212900000000001 3.5861854999999995e-07
-11.202900000000001 5.280057099999999e-07
-11.192900000000002 7.7105545e-07
-11.1829 1.1134368999999998e-06
-11.1729 1.5912098999999998e-06
-11.1629 2.2557971e-06
-11.1529 3.1604550000000003e-06
-11.142900000000001 4.3924592e-06
-11.132900000000001 6.045255000000001e-06
-11.122900000000001 8.224243000000001e-06
-11.1129 1.1103752999999998e-05
-11.1029 1.4826208999999998e-05
-11.0929 1.9582602e-05
-11.0829 2.567636e-05
-11.0729 3.337645e-05
-11.0629 4.2881620000000014e-05
-11.052900000000001 5.475052999999999e-05
-11.042900000000001 6.903910000000001e-05
-11.032900000000001 8.644740000000002e-05
-11.0229 0.00010710309999999999
-11.0129 0.00013180629999999999
-11.0029 0.00016072410000000004
-10.9929 0.00019389690000000002
-10.9829 0.00023205529999999997
-10.972900000000001 0.0002763779999999999
-10.962900000000001 0.0003252634
-10.952900000000001 0.00038009830000000004
-10.942900000000002 0.00044060400000000004
-10.9329 0.000508712
-10.9229 0.0005823749999999998
-10.9129 0.000662911
-10.9029 0.000749125
-10.892900000000001 0.0008418489999999999
-10.882900000000001 0.0009406569999999999
-10.872900000000001 0.001046765
-10.8629 0.0011618919999999999
-10.8529 0.0012831799999999999
-10.8429 0.0014143100000000004
-10.8329 0.00155497
-10.8229 0.0017062499999999999
-10.8129 0.00187159
-10.802900000000001 0.00205249
-10.792900000000001 0.00224922
-10.782900000000001 0.00246427
-10.7729 0.0027027
-10.7629 0.0029605700000000005
-10.7529 0.0032459
-10.7429 0.0035567500000000004
-10.7329 0.0039029599999999996
-10.722900000000001 0.004269870000000001
-10.712900000000001 0.00467998
-10.702900000000001 0.005112599999999999
-10.692900000000002 0.0055818000000000005
-10.6829 0.0060783
-10.6729 0.0066009
-10.6629 0.007149099999999999
-10.6529 0.0077273
-10.642900000000001 0.0083124
-10.632900000000001 0.0089257
-10.622900000000001 0.009526399999999999
-10.6129 0.010157500000000002
-10.6029 0.0107773
-10.5929 0.011407099999999998
-10.5829 0.012026400000000001
-10.5729 0.012635599999999999
-10.5629 0.013214100000000001
-10.552900000000001 0.013782099999999999
-10.542900000000001 0.014319599999999998
-10.532900000000001 0.0148266
-10.5229 0.0153131
-10.5129 0.015779199999999997
-10.5029 0.0161844
-10.4929 0.016569300000000002
-10.4829 0.0169537
-10.472900000000001 0.0172676
-10.462900000000001 0.017550900000000005
-10.452900000000001 0.0178041
-10.442900000000002 0.018036799999999995
-10.4329 0.018259
-10.4229 0.0184311
-10.4129 0.0185728
-10.4029 0.018674299999999998
-10.392900000000001 0.018785700000000002
-10.382900000000001 0.018866999999999995
-10.372900000000001 0.018918200000000003
-10.3629 0.018969
-10.352900000000002 0.018989799999999998
-10.3429 0.019010700000000002
-10.3329 0.0190316
-10.3229 0.0190225
-10.3129 0.0190336
-10.302900000000001 0.019024899999999994
-10.292900000000001 0.019016
-10.282900000000001 0.0190378
-10.2729 0.019039699999999996
-10.2629 0.019071599999999998
-10.2529 0.019104200000000002
-10.2429 0.019166700000000002
-10.2329 0.0192299
-10.222900000000001 0.019323399999999998
-10.212900000000001 0.0194174
-10.2029 0.0195616
-10.192900000000002 0.019696300000000003
-10.1829 0.0198414
-10.1729 0.0200363
-10.1629 0.020181599999999997
-10.1529 0.020377299999999997
-10.142900000000001 0.020572900000000005
-10.132900000000001 0.0207383
-10.122900000000001 0.0209137
-10.1129 0.0210989
-10.102900000000002 0.021233600000000002
-10.0929 0.021327799999999997
-10.0829 0.021431199999999997
-10.0729 0.021484
-10.0629 0.0214958
-10.052900000000001 0.021436799999999995
-10.042900000000001 0.0213569
-10.032900000000001 0.021215800000000003
-10.0229 0.021033899999999994
-10.0129 0.020810900000000004
-10.0029 0.0205271
-9.9929 0.020212400000000002
-9.9829 0.0198771
-9.972900000000001 0.019511399999999995
-9.962900000000001 0.0191454
-9.9529 0.0187594
-9.942900000000002 0.0183635
-9.9329 0.018007699999999998
-9.9229 0.0176625
-9.9129 0.017337900000000003
-9.9029 0.0170337
-9.892900000000001 0.0167606
-9.882900000000001 0.0165279
-9.872900000000001 0.016336
-9.8629 0.016154700000000004
-9.852900000000002 0.016004
-9.8429 0.015854
-9.8329 0.0157547
-9.8229 0.015645399999999997
-9.8129 0.015536
-9.802900000000001 0.0154471
-9.792900000000001 0.015347999999999999
-9.782900000000001 0.015248900000000001
-9.7729 0.0151494
-9.7629 0.015019700000000002
-9.7529 0.014879600000000002
-9.7429 0.0147392
-9.7329 0.014578100000000004
-9.722900000000001 0.0144065
-9.712900000000001 0.0142043
-9.7029 0.013981399999999998
-9.692900000000002 0.0137377
-9.6829 0.0134934
-9.6729 0.013208300000000001
-9.6629 0.0129026
-9.6529 0.012615999999999999
-9.642900000000001 0.012258700000000004
-9.632900000000001 0.0118804
-9.622900000000001 0.011501800000000003
-9.6129 0.011102200000000001
-9.602900000000002 0.010683400000000001
-9.5929 0.010258
-9.5829 0.0098335
-9.5729 0.009391400000000001
-9.5629 0.0089535
-9.552900000000001 0.0085186
-9.542900000000001 0.0081011
-9.532900000000001 0.0076749
-9.5229 0.007283899999999999
-9.5129 0.006907799999999999
-9.5029 0.0065653000000000005
-9.4929 0.0062447
-9.4829 0.0059538
-9.472900000000001 0.005690799999999999
-9.462900000000001 0.005458599999999999
-9.4529 0.0052565
-9.442900000000002 0.0050813
-9.4329 0.0049317
-9.4229 0.004802600000000001
-9.4129 0.0046942
-9.4029 0.0046014
-9.392900000000001 0.0045232
-9.382900000000001 0.0044549
-9.372900000000001 0.0043942
-9.3629 0.0043395
-9.352900000000002 0.0042869
-9.3429 0.0042353
-9.3329 0.004184800000000001
-9.3229 0.0041322
-9.3129 0.0040765
-9.302900000000001 0.0040205
-9.292900000000001 0.0039602
-9.282900000000001 0.0038958
-9.2729 0.0038261000000000002
-9.2629 0.0037521
-9.2529 0.0036717
-9.2429 0.0035859
-9.2329 0.0034907999999999996
-9.222900000000001 0.00338806
-9.212900000000001 0.00327805
-9.2029 0.0031581400000000003
-9.192900000000002 0.00303214
-9.1829 0.0028976600000000003
-9.1729 0.0027545300000000007
-9.1629 0.0026082299999999996
-9.1529 0.0024555999999999996
-9.142900000000001 0.00229673
-9.132900000000001 0.00213973
-9.122900000000001 0.0019808800000000004
-9.1129 0.0018234300000000002
-9.102900000000002 0.00167123
-9.0929 0.0015252900000000001
-9.0829 0.0013847199999999999
-9.0729 0.0012543100000000002
-9.0629 0.0011321
-9.052900000000001 0.0010198800000000001
-9.042900000000001 0.0009180799999999999
-9.032900000000001 0.0008267900000000001
-9.0229 0.0007465000000000001
-9.0129 0.0006741000000000001
-9.0029 0.00061094
-8.9929 0.00055703
-8.9829 0.00051134
-8.972900000000001 0.0004706999999999999
-8.962900000000001 0.00043535000000000004
-8.9529 0.00040424
-8.942900000000002 0.00037671999999999993
-8.9329 0.00035159
-8.9229 0.0003287800000000001
-8.9129 0.00030701
-8.9029 0.000286633
-8.892900000000001 0.00026664000000000006
-8.882900000000001 0.00024747300000000006
-8.872900000000001 0.000228563
-8.8629 0.000210077
-8.852900000000002 0.00019195000000000003
-8.8429 0.00017427400000000006
-8.8329 0.00015713400000000002
-8.8229 0.000140824
-8.8129 0.000125125
-8.802900000000001 0.00011044900000000001
-8.792900000000001 9.6715e-05
-8.782900000000001 8.3981e-05
-8.7729 7.23401e-05
-8.7629 6.17749e-05
-8.7529 5.257469999999998e-05
-8.7429 4.407729999999999e-05
-8.7329 3.67408e-05
-8.722900000000001 3.03467e-05
-8.712900000000001 2.48628e-05
-8.7029 2.0183e-05
-8.692900000000002 1.6226700000000002e-05
-8.6829 1.294682e-05
-8.6729 1.024149e-05
-8.6629 8.02337e-06
-8.6529 6.2375800000000005e-06
-8.642900000000001 4.8187300000000005e-06
-8.632900000000001 3.700419999999999e-06
-8.622900000000001 2.8454600000000003e-06
-8.6129 2.20852e-06
-8.602900000000002 1.7644900000000002e-06
-8.5929 1.4900099999999996e-06
-8.5829 1.3794800000000002e-06
-8.5729 1.43791e-06
-8.5629 1.68719e-06
-8.552900000000001 2.15416e-06
-8.542900000000001 2.9037600000000002e-06
-8.532900000000001 4.0286799999999995e-06
-8.5229 5.615578999999999e-06
-8.5129 7.827699e-06
-8.5029 1.0855311e-05
-8.4929 1.4970439e-05
-8.4829 2.0402296000000002e-05
-8.472900000000001 2.7450619e-05
-8.462900000000001 3.6739849e-05
-8.4529 4.865099249999999e-05
-8.442900000000002 6.38441467e-05
-8.4329 8.291296169999998e-05
-8.4229 0.0001066402115
-8.4129 0.00013608674265999998
-8.4029 0.00017135645246
-8.392900000000001 0.0002144032819900001
-8.382900000000001 0.00026636918855000013
-8.372900000000001 0.0003263901528900001
-8.3629 0.000398640170098
-8.352900000000002 0.0004820302527359999
-8.3429 0.000578850435831
-8.3329 0.0006889207891419999
-8.3229 0.0008162114396209999
-8.3129 0.0009600526203420003
-8.302900000000001 0.0011232147316100002
-8.2929 0.00131060843138
-8.282900000000001 0.00151951492093
-8.2729 0.00176904612147
-8.262900000000002 0.0020407952897000003
-8.2529 0.0023628476559
-8.2429 0.0027375117712
-8.2329 0.0031634813756
-8.222900000000001 0.003670098306
-8.212900000000001 0.004269766381
-8.2029 0.004973537411000001
-8.192900000000002 0.0058085033010000005
-8.1829 0.006799773965000002
-8.1729 0.00796554714
-8.1629 0.009339086040000001
-8.1529 0.010900753759999996
-8.142900000000001 0.01277126282
-8.132900000000001 0.014953231840000003
-8.122900000000001 0.01734892165
-8.1129 0.020059787399999997
-8.102900000000002 0.023189246800000004
-8.0929 0.026539043799999995
-8.0829 0.030213000299999997
-8.0729 0.03411959120000001
-8.0629 0.03825729129999999
-8.052900000000001 0.042631156999999996
-8.0429 0.047062855
-8.032900000000001 0.051543237000000006
-8.0229 0.056110864999999996
-8.012900000000002 0.060558060999999996
-8.0029 0.064825946
-7.992900000000001 0.06903443900000002
-7.982900000000001 0.07292346600000002
-7.972900000000001 0.07649396000000001
-7.9629 0.07982404000000003
-7.9529000000000005 0.08284654
-7.942900000000001 0.08571471000000001
-7.932900000000001 0.08837390000000002
-7.9229 0.09088733999999997
-7.9129000000000005 0.09339908000000002
-7.902900000000001 0.09607316
-7.892900000000001 0.09885373999999997
-7.882900000000001 0.10200364999999997
-7.8729000000000005 0.10549613000000002
-7.862900000000001 0.10962219999999999
-7.852900000000001 0.1142919
-7.842900000000001 0.11961530000000001
-7.8329 0.12559940000000003
-7.822900000000001 0.13223310000000002
-7.812900000000001 0.13931170000000004
-7.802900000000001 0.14681690000000003
-7.7929 0.15496490000000002
-7.782900000000001 0.16334660000000004
-7.772900000000001 0.1715311
-7.762900000000001 0.1798192
-7.7529 0.18789980000000003
-7.742900000000001 0.19547379999999998
-7.732900000000001 0.20260229999999999
-7.722900000000001 0.20889509999999997
-7.7129 0.21425300000000003
-7.7029000000000005 0.2187461
-7.692900000000001 0.22206120000000001
-7.682900000000001 0.22442109999999998
-7.6729 0.22541380000000003
-7.6629000000000005 0.22552819999999998
-7.652900000000001 0.22439499999999996
-7.642900000000001 0.22228330000000002
-7.632900000000001 0.21921299999999996
-7.6229000000000005 0.215273
-7.612900000000001 0.21070209999999998
-7.602900000000001 0.20548669999999997
-7.592900000000001 0.199744
-7.5829 0.1936712
-7.572900000000001 0.18759029999999996
-7.562900000000001 0.18119919999999998
-7.552900000000001 0.1749101
-7.5429 0.16875500000000002
-7.532900000000001 0.16288869999999997
-7.522900000000001 0.15728430000000002
-7.512900000000001 0.15219000000000005
-7.5029 0.1475285
-7.492900000000001 0.14310809999999996
-7.482900000000001 0.13933870000000004
-7.472900000000001 0.13618030000000003
-7.4629 0.13327400000000003
-7.4529000000000005 0.13077769999999997
-7.442900000000001 0.12871239999999998
-7.432900000000001 0.1268782
-7.4229 0.1255241
-7.4129000000000005 0.1242019
-7.402900000000001 0.1231578
-7.392900000000001 0.12208469999999999
-7.382900000000001 0.1210106
-7.3729000000000005 0.1198164
-7.362900000000001 0.11865110000000001
-7.352900000000001 0.11735670000000001
-7.342900000000001 0.11593020000000001
-7.3329 0.1143316
-7.322900000000001 0.11239270000000001
-7.312900000000001 0.11040070000000002
-7.302900000000001 0.10823559999999999
-7.2929 0.1057412
-7.282900000000001 0.10319269999999998
-7.272900000000001 0.1005129
-7.262900000000001 0.09759310000000002
-7.2529 0.094732
-7.242900000000001 0.09165279999999999
-7.232900000000001 0.08855149999999999
-7.222900000000001 0.08544510000000001
-7.2129 0.08243160000000002
-7.2029000000000005 0.07942909999999999
-7.192900000000001 0.0765206
-7.182900000000001 0.0737281
-7.1729 0.07105859999999999
-7.1629000000000005 0.06842419999999999
-7.152900000000001 0.0660969
-7.142900000000001 0.0638037
-7.132900000000001 0.061676800000000004
-7.1229000000000005 0.0598341
-7.112900000000001 0.058155700000000005
-7.102900000000001 0.056513600000000025
-7.092900000000001 0.055052899999999995
-7.0829 0.0537806
-7.072900000000001 0.0527338
-7.062900000000001 0.051811399999999994
-7.052900000000001 0.05103269999999999
-7.0429 0.050430499999999996
-7.032900000000001 0.050000899999999994
-7.022900000000001 0.049736
-7.012900000000001 0.0496866
-7.0029 0.0498009
-6.992900000000001 0.050109799999999996
-6.982900000000001 0.05061430000000001
-6.972900000000001 0.051416300000000005
-6.9629 0.05232169999999999
-6.9529000000000005 0.05356199999999999
-6.942900000000001 0.055031000000000004
-6.932900000000001 0.05664199999999999
-6.9229 0.058499
-6.9129000000000005 0.06061500000000001
-6.902900000000001 0.062892
-6.892900000000001 0.065315
-6.882900000000001 0.06802199999999999
-6.8729000000000005 0.070773
-6.862900000000001 0.073708
-6.852900000000001 0.076682
-6.842900000000001 0.07974899999999999
-6.8329 0.08297900000000001
-6.822900000000001 0.08613899999999998
-6.812900000000001 0.08938
-6.802900000000001 0.09265199999999998
-6.7929 0.09594499999999997
-6.782900000000001 0.099317
-6.772900000000001 0.10263299999999999
-6.762900000000001 0.106219
-6.7529 0.10967799999999998
-6.742900000000001 0.11324999999999998
-6.732900000000001 0.116816
-6.722900000000001 0.12068400000000001
-6.7129 0.124648
-6.7029000000000005 0.12873499999999996
-6.692900000000001 0.133048
-6.682900000000001 0.13729600000000003
-6.6729 0.14188599999999998
-6.6629000000000005 0.146628
-6.652900000000001 0.15152199999999996
-6.642900000000001 0.15627999999999997
-6.632900000000001 0.16139399999999995
-6.6229000000000005 0.16617
-6.612900000000001 0.171112
-6.602900000000001 0.176003
-6.592900000000001 0.18074
-6.5829 0.18553299999999998
-6.572900000000001 0.190065
-6.562900000000001 0.19492299999999999
-6.552900000000001 0.199409
-6.5429 0.203815
-6.532900000000001 0.208213
-6.522900000000001 0.213019
-6.512900000000001 0.217631
-6.5029 0.222346
-6.492900000000001 0.22726599999999997
-6.482900000000001 0.232291
-6.472900000000001 0.23742300000000005
-6.4629 0.24286100000000002
-6.4529000000000005 0.248504
-6.442900000000001 0.254051
-6.432900000000001 0.260105
-6.4229 0.265857
-6.4129000000000005 0.27172599999999997
-6.402900000000001 0.277791
-6.392900000000001 0.28395600000000004
-6.382900000000001 0.29022000000000003
-6.3729000000000005 0.29658299999999993
-6.362900000000001 0.302766
-6.352900000000001 0.309128
-6.342900000000001 0.31548599999999993
-6.3329 0.321549
-6.322900000000001 0.327804
-6.312900000000001 0.33407499999999996
-6.302900000000001 0.340121
-6.2929 0.346182
-6.282900000000001 0.35191800000000006
-6.272900000000001 0.35796000000000006
-6.262900000000001 0.36348800000000003
-6.2529 0.36901100000000003
-6.242900000000001 0.37474899999999994
-6.232900000000001 0.380093
-6.222900000000001 0.385922
-6.2129 0.3919539999999999
-6.2029000000000005 0.39871899999999993
-6.192900000000001 0.40588799999999997
-6.182900000000001 0.414082
-6.1729 0.42340700000000003
-6.1629000000000005 0.43427
-6.152900000000001 0.44666100000000003
-6.142900000000001 0.46072899999999994
-6.132900000000001 0.47692499999999993
-6.1229000000000005 0.49508800000000003
-6.112900000000001 0.5149990000000001
-6.102900000000001 0.5392870000000001
-6.092900000000001 0.5640239999999999
-6.0829 0.59182
-6.072900000000001 0.6199549999999999
-6.062900000000001 0.6513500000000001
-6.052900000000001 0.683086
-6.0429 0.7158230000000001
-6.032900000000001 0.7503920000000001
-6.022900000000001 0.7843720000000001
-6.012900000000001 0.8171449999999999
-6.0029 0.8508809999999998
-5.992900000000001 0.8826979999999999
-5.982900000000001 0.9110680000000001
-5.972900000000001 0.93957
-5.9629 0.9646140000000001
-5.9529000000000005 0.9868769999999999
-5.942900000000001 1.005543
-5.932900000000001 1.0200020000000003
-5.9229 1.030773
-5.9129000000000005 1.0382250000000002
-5.902900000000001 1.0392620000000001
-5.892900000000001 1.037983
-5.882900000000001 1.030492
-5.8729000000000005 1.018869
-5.862900000000001 1.004056
-5.852900000000001 0.984234
-5.842900000000001 0.9603260000000001
-5.8329 0.9334120000000001
-5.822900000000001 0.904744
-5.812900000000001 0.8723019999999999
-5.802900000000001 0.835918
-5.7929 0.7999030000000001
-5.782900000000001 0.7632470000000001
-5.772900000000001 0.726688
-5.762900000000001 0.687731
-5.7529 0.652173
-5.742900000000001 0.6148259999999999
-5.732900000000001 0.5792599999999999
-5.722900000000001 0.5456900000000001
-5.7129 0.513375
-5.7029000000000005 0.482552
-5.692900000000001 0.4536
-5.682900000000001 0.427538
-5.6729 0.4039659999999999
-5.6629000000000005 0.38219499999999995
-5.652900000000001 0.36256800000000006
-5.642900000000001 0.344483
-5.632900000000001 0.329472
-5.6229000000000005 0.316288
-5.612900000000001 0.304867
-5.602900000000001 0.2947800000000001
-5.592900000000001 0.287026
-5.5829 0.28002400000000005
-5.572900000000001 0.27434200000000003
-5.562900000000001 0.26978499999999994
-5.552900000000001 0.265961
-5.5429 0.262952
-5.532900000000001 0.260359
-5.522900000000001 0.25818800000000003
-5.512900000000001 0.25661
-5.5029 0.254963
-5.492900000000001 0.253817
-5.482900000000001 0.25278300000000004
-5.472900000000001 0.251762
-5.4629 0.251344
-5.4529000000000005 0.251133
-5.442900000000001 0.25124700000000005
-5.432900000000001 0.251861
-5.4229 0.25309499999999996
-5.4129000000000005 0.254649
-5.402900000000001 0.257005
-5.392900000000001 0.25989300000000004
-5.382900000000001 0.263682
-5.3729000000000005 0.26789599999999997
-5.362900000000001 0.27292
-5.352900000000001 0.278262
-5.342900000000001 0.28431100000000004
-5.3329 0.29056499999999996
-5.322900000000001 0.29702
-5.312900000000001 0.303673
-5.302900000000001 0.310232
-5.2929 0.316486
-5.282900000000001 0.32251599999999997
-5.272900000000001 0.3277400000000001
-5.262900000000001 0.33263500000000007
-5.2529 0.336624
-5.242900000000001 0.339684
-5.232900000000001 0.342037
-5.222900000000001 0.343241
-5.2129 0.343937
-5.2029000000000005 0.343316
-5.192900000000001 0.341968
-5.182900000000001 0.33948399999999995
-5.1729 0.336384
-5.1629000000000005 0.332671
-5.152900000000001 0.328354
-5.142900000000001 0.323504
-5.132900000000001 0.318174
-5.1229000000000005 0.31241399999999997
-5.112900000000001 0.306354
-5.102900000000001 0.29999500000000007
-5.092900000000001 0.2938410000000001
-5.0829 0.28744699999999995
-5.072900000000001 0.28099799999999997
-5.062900000000001 0.274842
-5.052900000000001 0.2686940000000001
-5.0429 0.262663
-5.032900000000001 0.25713
-5.022900000000001 0.251605
-5.012900000000001 0.246392
-5.0029 0.241392
-4.992900000000001 0.23700300000000002
-4.982900000000001 0.23292300000000002
-4.972900000000001 0.22925500000000001
-4.9629 0.226102
-4.9529000000000005 0.22305900000000004
-4.942900000000001 0.220726
-4.932900000000001 0.21860700000000002
-4.9229 0.217098
-4.9129000000000005 0.216
-4.902900000000001 0.21521499999999996
-4.892900000000001 0.21493800000000002
-4.882900000000001 0.21487199999999998
-4.8729000000000005 0.215016
-4.862900000000001 0.21566600000000002
-4.852900000000001 0.216423
-4.842900000000001 0.21748499999999998
-4.8329 0.218349
-4.822900000000001 0.219815
-4.812900000000001 0.220782
-4.802900000000001 0.22164599999999998
-4.7929 0.22260500000000003
-4.782900000000001 0.22325700000000004
-4.772900000000001 0.22390099999999996
-4.762900000000001 0.22403399999999998
-4.7529 0.22365599999999997
-4.742900000000001 0.22296600000000003
-4.732900000000001 0.22206299999999998
-4.722900000000001 0.220646
-4.7129 0.218916
-4.7029000000000005 0.21657400000000002
-4.692900000000001 0.21392000000000003
-4.682900000000001 0.211056
-4.6729 0.207982
-4.6629000000000005 0.20470300000000005
-4.652900000000001 0.20101499999999994
-4.642900000000001 0.197426
-4.632900000000001 0.193935
-4.6229000000000005 0.19034299999999998
-4.612900000000001 0.186851
-4.602900000000001 0.183562
-4.592900000000001 0.180377
-4.5829 0.177595
-4.572900000000001 0.174819
-4.562900000000001 0.172349
-4.552900000000001 0.16998499999999997
-4.5429 0.16812599999999997
-4.532900000000001 0.16637399999999997
-4.522900000000001 0.16452400000000003
-4.512900000000001 0.163283
-4.5029 0.16224500000000003
-4.492900000000001 0.16131399999999999
-4.482900000000001 0.16048900000000002
-4.472900000000001 0.160166
-4.4629 0.159728
-4.4529000000000005 0.159636
-4.442900000000001 0.159856
-4.432900000000001 0.16025200000000003
-4.4229 0.16073400000000002
-4.4129000000000005 0.16162800000000002
-4.402900000000001 0.162738
-4.392900000000001 0.164052
-4.382900000000001 0.165472
-4.372900000000001 0.167494
-4.3629000000000016 0.16942099999999996
-4.3529 0.17165399999999997
-4.3429 0.17419
-4.3329 0.176826
-4.322900000000001 0.17946800000000002
-4.312900000000001 0.182208
-4.302900000000001 0.18494999999999998
-4.292900000000001 0.18779500000000002
-4.2829000000000015 0.190334
-4.2729 0.19277499999999997
-4.2629 0.195212
-4.2529 0.197344
-4.242900000000001 0.19937300000000002
-4.232900000000001 0.200897
-4.222900000000001 0.202114
-4.212900000000001 0.202824
-4.202900000000001 0.20342899999999997
-4.1929 0.203629
-4.1829 0.20352
-4.1729 0.20290499999999997
-4.1629000000000005 0.201786
-4.152900000000001 0.20046000000000005
-4.142900000000001 0.19893100000000002
-4.132900000000001 0.197096
-4.122900000000001 0.194856
-4.1129000000000016 0.192612
-4.1029 0.189666
-4.0929 0.18722
-4.0829 0.18396899999999997
-4.072900000000001 0.18101599999999998
-4.062900000000001 0.177863
-4.052900000000001 0.174709
-4.042900000000001 0.17145400000000002
-4.0329000000000015 0.16799899999999998
-4.0229 0.16474600000000003
-4.0129 0.161291
-4.0029 0.15793999999999997
-3.9929000000000006 0.154788
-3.9829000000000008 0.15174300000000002
-3.972900000000001 0.148596
-3.962900000000001 0.145755
-3.9529000000000014 0.142919
-3.9429 0.140286
-3.9329 0.137758
-3.9229000000000003 0.135637
-3.9129000000000005 0.133521
-3.9029000000000007 0.131711
-3.892900000000001 0.129903
-3.882900000000001 0.128603
-3.8729000000000013 0.12710499999999997
-3.8629000000000016 0.126209
-3.8529 0.12501800000000002
-3.8429 0.124179
-3.8329000000000004 0.12322900000000003
-3.8229000000000006 0.12245199999999999
-3.812900000000001 0.121742
-3.802900000000001 0.120802
-3.7929000000000013 0.12004
-3.7829000000000015 0.119365
-3.7729 0.11847999999999999
-3.7629 0.117468
-3.7529000000000003 0.116579
-3.7429000000000006 0.11558600000000001
-3.7329000000000008 0.11461000000000002
-3.722900000000001 0.11367300000000001
-3.712900000000001 0.112774
-3.7029000000000014 0.111809
-3.6929 0.111015
-3.6829 0.11038399999999998
-3.6729000000000003 0.11002500000000001
-3.6629000000000005 0.10973999999999998
-3.6529000000000007 0.109539
-3.642900000000001 0.10971299999999999
-3.632900000000001 0.11007100000000002
-3.6229000000000013 0.110504
-3.6129000000000016 0.11130899999999999
-3.6029 0.11218799999999998
-3.5929 0.11331499999999999
-3.5829000000000004 0.114395
-3.5729000000000006 0.11550199999999998
-3.562900000000001 0.11673499999999999
-3.552900000000001 0.11799199999999997
-3.5429000000000013 0.118965
-3.5329000000000015 0.119737
-3.5229 0.12050099999999998
-3.5129 0.120955
-3.5029000000000003 0.12120899999999997
-3.4929000000000006 0.121251
-3.4829000000000008 0.12107499999999999
-3.472900000000001 0.12058999999999999
-3.462900000000001 0.11980599999999998
-3.4529000000000014 0.11902599999999997
-3.4429 0.11817399999999999
-3.4329 0.11702499999999999
-3.4229000000000003 0.11589
-3.4129000000000005 0.114703
-3.4029000000000007 0.113348
-3.392900000000001 0.112219
-3.382900000000001 0.11123400000000001
-3.3729000000000013 0.110216
-3.3629000000000016 0.10940500000000002
-3.3529 0.108651
-3.3429 0.10822399999999999
-3.3329000000000004 0.107825
-3.3229000000000006 0.107441
-3.312900000000001 0.107271
-3.302900000000001 0.107288
-3.2929000000000013 0.107297
-3.2829000000000015 0.10727800000000001
-3.2729 0.10742
-3.2629 0.10751299999999997
-3.2529000000000003 0.10746599999999999
-3.2429000000000006 0.10765600000000002
-3.2329000000000008 0.107544
-3.222900000000001 0.10742999999999997
-3.212900000000001 0.10709699999999997
-3.2029000000000014 0.10690699999999999
-3.1929 0.10650799999999999
-3.1829 0.10600699999999999
-3.1729000000000003 0.10560199999999999
-3.1629000000000005 0.10490499999999998
-3.1529000000000007 0.10411
-3.142900000000001 0.10312099999999999
-3.132900000000001 0.10240199999999999
-3.1229000000000013 0.10135299999999998
-3.1129000000000016 0.10012500000000002
-3.1029 0.09913500000000001
-3.0929 0.09780799999999998
-3.0829000000000004 0.09673000000000001
-3.0729000000000006 0.09540199999999999
-3.062900000000001 0.094163
-3.052900000000001 0.09277799999999999
-3.0429000000000013 0.091464
-3.0329000000000015 0.09005600000000002
-3.0229 0.08863300000000002
-3.0129 0.08732999999999999
-3.0029000000000003 0.08581799999999999
-2.9929000000000006 0.084434
-2.9829000000000008 0.08308399999999999
-2.972900000000001 0.081766
-2.962900000000001 0.080279
-2.9529000000000014 0.078945
-2.9429 0.077782
-2.9329 0.07656000000000002
-2.9229000000000003 0.07530200000000001
-2.9129000000000005 0.07441400000000002
-2.9029000000000007 0.07338900000000002
-2.892900000000001 0.072447
-2.882900000000001 0.07156400000000002
-2.8729000000000013 0.07074599999999999
-2.8629000000000016 0.070205
-2.8529 0.069416
-2.8429 0.068799
-2.8329000000000004 0.06835200000000002
-2.8229000000000006 0.067746
-2.812900000000001 0.06729500000000001
-2.802900000000001 0.06690399999999999
-2.7929000000000013 0.066455
-2.7829000000000015 0.06604099999999999
-2.7729 0.06577
-2.7629 0.06544299999999999
-2.7529000000000003 0.06515800000000001
-2.7429000000000006 0.06488700000000001
-2.7329000000000008 0.064679
-2.722900000000001 0.064486
-2.712900000000001 0.064346
-2.7029000000000014 0.064323
-2.6929 0.064281
-2.6829 0.06441999999999999
-2.6729000000000003 0.064633
-2.6629000000000005 0.064924
-2.6529000000000007 0.065271
-2.642900000000001 0.065758
-2.632900000000001 0.06632899999999999
-2.6229000000000013 0.066959
-2.6129000000000016 0.06772299999999999
-2.6029 0.068659
-2.5929 0.06946499999999999
-2.5829000000000004 0.070554
-2.5729000000000006 0.071674
-2.562900000000001 0.072768
-2.552900000000001 0.07389399999999999
-2.5429000000000013 0.07500199999999999
-2.5329000000000015 0.07639399999999998
-2.5229 0.07749599999999998
-2.5129 0.07886199999999999
-2.5029000000000003 0.079919
-2.4929000000000006 0.08124699999999999
-2.4829000000000008 0.082238
-2.472900000000001 0.083289
-2.462900000000001 0.084279
-2.4529000000000014 0.08515100000000002
-2.4429 0.085841
-2.4329 0.08648700000000001
-2.4229000000000003 0.086945
-2.4129000000000005 0.08736
-2.4029000000000007 0.08759199999999999
-2.392900000000001 0.08755099999999999
-2.382900000000001 0.08764600000000002
-2.3729000000000013 0.08736000000000001
-2.3629000000000016 0.087019
-2.3529 0.086632
-2.3429 0.08596400000000001
-2.3329000000000004 0.085382
-2.3229000000000006 0.084527
-2.312900000000001 0.08362799999999998
-2.302900000000001 0.082705
-2.2929000000000013 0.081449
-2.2829000000000015 0.08017100000000002
-2.2729 0.07884100000000001
-2.2629 0.07752699999999998
-2.2529000000000003 0.075971
-2.2429000000000006 0.07449599999999999
-2.2329000000000008 0.0727276
-2.222900000000001 0.0708471
-2.212900000000001 0.06914889999999999
-2.2029000000000014 0.0671351
-2.1929 0.0651355
-2.1829 0.06310320000000001
-2.1729000000000003 0.06104020000000001
-2.1629000000000005 0.05893730000000001
-2.1529000000000007 0.0568647
-2.142900000000001 0.0547843
-2.132900000000001 0.052692
-2.1229000000000013 0.050650900000000006
-2.1129000000000016 0.0486396
-2.1029 0.0467191
-2.0929 0.044850900000000006
-2.0829000000000004 0.043072900000000004
-2.0729000000000006 0.0413973
-2.062900000000001 0.03982429999999999
-2.052900000000001 0.038413699999999995
-2.0429000000000013 0.0371177
-2.0329000000000015 0.0359726
-2.0229 0.034993100000000006
-2.0129 0.0341976
-2.0029000000000003 0.0335451
-1.9929000000000006 0.03312059999999999
-1.9829000000000008 0.0328502
-1.972900000000001 0.0327668
-1.9629000000000012 0.0328777
-1.9529000000000014 0.033132600000000005
-1.9428999999999998 0.033575600000000004
-1.9329 0.034181899999999994
-1.9229000000000003 0.034905
-1.9129000000000005 0.0357904
-1.9029000000000007 0.0367584
-1.892900000000001 0.03786429999999999
-1.8829000000000011 0.0390271
-1.8729000000000013 0.04024649999999999
-1.8629000000000016 0.041543399999999994
-1.8529 0.04285270000000001
-1.8429000000000002 0.04418949999999999
-1.8329000000000004 0.0455167
-1.8229000000000006 0.0468339
-1.8129000000000008 0.048125400000000006
-1.802900000000001 0.049354000000000016
-1.7929000000000013 0.0505286
-1.7829000000000015 0.0515091
-1.7729 0.052494500000000006
-1.7629000000000001 0.053283399999999995
-1.7529000000000003 0.0538756
-1.7429000000000006 0.054382099999999996
-1.7329000000000008 0.054661499999999995
-1.722900000000001 0.0548345
-1.7129000000000012 0.05479199999999999
-1.7029000000000014 0.0547243
-1.6928999999999998 0.0543501
-1.6829 0.0537407
-1.6729000000000003 0.0529978
-1.6629000000000005 0.0522216
-1.6529000000000007 0.051372299999999996
-1.642900000000001 0.050300700000000004
-1.6329000000000011 0.04921980000000001
-1.6229000000000013 0.04806680000000001
-1.6129000000000016 0.046893899999999995
-1.6029 0.0457049
-1.5929000000000002 0.04450619999999999
-1.5829000000000004 0.043339300000000004
-1.5729000000000006 0.042195699999999996
-1.5629000000000008 0.041134300000000006
-1.552900000000001 0.040137200000000005
-1.5429000000000013 0.0392232
-1.5329000000000015 0.038400500000000004
-1.5229 0.0376432
-1.5129000000000001 0.0370082
-1.5029000000000003 0.0364661
-1.4929000000000006 0.0360056
-1.4829000000000008 0.03564810000000001
-1.472900000000001 0.0353819
-1.4629000000000012 0.035186800000000004
-1.4529000000000014 0.0350629
-1.4428999999999998 0.035019
-1.4329 0.035034100000000006
-1.4229000000000003 0.035090199999999995
-1.4129000000000005 0.035164499999999994
-1.4029000000000007 0.0353076
-1.392900000000001 0.035471699999999995
-1.3829000000000011 0.0356643
-1.3729000000000013 0.035845699999999994
-1.3629000000000016 0.0360757
-1.3529 0.0362947
-1.3429000000000002 0.036524600000000004
-1.3329000000000004 0.036753400000000006
-1.3229000000000006 0.0369433
-1.3129000000000008 0.037182
-1.302900000000001 0.0373632
-1.2929000000000013 0.037574500000000004
-1.2829000000000015 0.037729000000000006
-1.2729 0.037864
-1.2629000000000001 0.037972099999999995
-1.2529000000000003 0.0380837
-1.2429000000000006 0.038115699999999995
-1.2329000000000008 0.03810079999999999
-1.222900000000001 0.038028299999999994
-1.2129000000000012 0.03793690000000001
-1.2029000000000014 0.0377587
-1.1928999999999998 0.037521500000000006
-1.1829 0.037216299999999994
-1.1729000000000003 0.03686160000000001
-1.1629000000000005 0.0364085
-1.1529000000000007 0.03593509999999999
-1.142900000000001 0.03537099999999999
-1.1329000000000011 0.0347568
-1.1229000000000013 0.03408999999999999
-1.1129000000000016 0.0333729
-1.1029 0.032601399999999996
-1.0929000000000002 0.0318006
-1.0829000000000004 0.030955599999999996
-1.0729000000000006 0.030130200000000003
-1.0629000000000008 0.029239699999999997
-1.052900000000001 0.028368000000000004
-1.0429000000000013 0.0274735
-1.0329000000000015 0.0265768
-1.0229 0.025719300000000004
-1.0129000000000001 0.024838
-1.0029000000000003 0.0239769
-0.9929000000000006 0.023164099999999996
-0.9829000000000008 0.0223498
-0.972900000000001 0.0215669
-0.9629000000000012 0.020834699999999998
-0.9529000000000014 0.020110799999999998
-0.9428999999999998 0.019418499999999998
-0.9329000000000001 0.0187679
-0.9229000000000003 0.018147200000000002
-0.9129000000000005 0.017558300000000006
-0.9029000000000007 0.01702
-0.8929000000000009 0.0164932
-0.8829000000000011 0.015988
-0.8729000000000013 0.015511400000000002
-0.8629000000000016 0.015058000000000002
-0.8529 0.0146038
-0.8429000000000002 0.014176600000000003
-0.8329000000000004 0.013760500000000004
-0.8229000000000006 0.0133523
-0.8129000000000008 0.012934800000000002
-0.8029000000000011 0.012546899999999998
-0.7929000000000013 0.0121464
-0.7829000000000015 0.0117344
-0.7728999999999999 0.0113526
-0.7629000000000001 0.010951100000000002
-0.7529000000000003 0.010545969999999998
-0.7429000000000006 0.010135040000000001
-0.7329000000000008 0.00969938
-0.722900000000001 0.009290010000000001
-0.7129000000000012 0.008867020000000001
-0.7029000000000014 0.00842841
-0.6928999999999998 0.00798428
-0.6829000000000001 0.00756294
-0.6729000000000003 0.0071141699999999995
-0.6629000000000005 0.006672170000000001
-0.6529000000000007 0.00624364
-0.6429000000000009 0.00581416
-0.6329000000000011 0.0053912299999999995
-0.6229000000000013 0.00497894
-0.6129000000000016 0.00457828
-0.6029 0.00419393
-0.5929000000000002 0.0038267
-0.5829000000000004 0.00347666
-0.5729000000000006 0.0031461200000000005
-0.5629000000000008 0.00283796
-0.5529000000000011 0.00255344
-0.5429000000000013 0.0022873200000000002
-0.5329000000000015 0.00204454
-0.5228999999999999 0.00182237
-0.5129000000000001 0.0016214100000000002
-0.5029000000000003 0.0014397100000000003
-0.49290000000000056 0.00127454
-0.4829000000000008 0.00112738
-0.472900000000001 0.0009957600000000003
-0.4629000000000012 0.00087878
-0.4529000000000014 0.0007746599999999999
-0.44289999999999985 0.00068113
-0.43290000000000006 0.0005968939999999999
-0.4229000000000003 0.0005224819999999999
-0.4129000000000005 0.00045573400000000007
-0.4029000000000007 0.000396583
-0.3929000000000009 0.00034457
-0.38290000000000113 0.00029723799999999996
-0.37290000000000134 0.000255958
-0.36290000000000155 0.00021839700000000003
-0.3529 0.0001857558
-0.3429000000000002 0.00015692119999999996
-0.3329000000000004 0.00013169849999999998
-0.32290000000000063 0.00010973410000000001
-0.31290000000000084 9.085580000000001e-05
-0.30290000000000106 7.465460000000001e-05
-0.29290000000000127 6.070840000000001e-05
-0.2829000000000015 4.914450999999999e-05
-0.2728999999999999 3.929098000000001e-05
-0.26290000000000013 3.123866e-05
-0.25290000000000035 2.454729000000001e-05
-0.24290000000000056 1.9104449999999993e-05
-0.23290000000000077 1.4760100000000001e-05
-0.222900000000001 1.1282956e-05
-0.2129000000000012 8.548021000000003e-06
-0.2029000000000014 6.411213e-06
-0.19289999999999985 4.763548e-06
-0.18290000000000006 3.5008010000000002e-06
-0.17290000000000028 2.5471669999999997e-06
-0.1629000000000005 1.8374059999999997e-06
-0.1529000000000007 1.3079532999999998e-06
-0.14290000000000092 9.233273e-07
-0.13290000000000113 6.457811999999998e-07
-0.12290000000000134 4.4626713999999993e-07
-0.11290000000000155 3.0561234000000007e-07
-0.10289999999999999 2.0727911999999997e-07
-0.0929000000000002 1.3861818000000002e-07
-0.08290000000000042 9.20209e-08
-0.07290000000000063 6.0379458e-08
-0.06290000000000084 3.9120403e-08
-0.05290000000000106 2.514796100000001e-08
-0.04290000000000127 1.6010892e-08
-0.032900000000001484 1.00732017e-08
-0.02289999999999992 6.269726800000001e-09
-0.012900000000000134 3.8661631e-09
-0.0029000000000003467 2.3524123999999997e-09
0.00709999999999944 1.41887195e-09
0.017099999999999227 8.468093300000001e-10
0.027099999999999014 5.004930100000002e-10
0.0370999999999988 2.9159582300000013e-10
0.04709999999999859 1.6855175199999995e-10
0.05710000000000015 9.642032900000002e-11
0.06709999999999994 5.4480375e-11
0.07709999999999972 3.045147490000001e-11
0.08709999999999951 1.68862183e-11
0.0970999999999993 9.253038699999998e-12
0.10709999999999908 5.013261449999998e-12
0.11709999999999887 2.6844262100000004e-12
0.12709999999999866 1.42408e-12
0.13709999999999845 7.476700000000001e-13
0.1471 3.8754e-13
0.1570999999999998 1.9956e-13
0.16709999999999958 1.01253e-13
0.17709999999999937 5.0871e-14
0.18709999999999916 2.5279e-14
0.19709999999999894 1.24554e-14
0.20709999999999873 6.0234e-15
0.21709999999999852 2.8253e-15
0.22710000000000008 9.5844e-16
0.23709999999999987 1.7209e-16
0.24709999999999965 0.0
0.25709999999999944 0.0
0.2670999999999992 0.0
0.277099999999999 0.0
0.2870999999999988 0.0
0.2970999999999986 0.0
0.30710000000000015 0.0
0.31709999999999994 0.0
0.3270999999999997 0.0
0.3370999999999995 0.0
0.3470999999999993 0.0
0.3570999999999991 0.0
0.36709999999999887 0.0
0.37709999999999866 0.0
0.38709999999999845 0.0
0.3971 0.0
0.4070999999999998 0.0
0.4170999999999996 0.0
0.42709999999999937 0.0
0.43709999999999916 0.0
0.44709999999999894 0.0
0.45709999999999873 0.0
0.4670999999999985 0.0
0.4771000000000001 0.0
0.48709999999999987 0.0
0.49709999999999965 0.0
0.5070999999999994 0.0
0.5170999999999992 0.0
0.527099999999999 0.0
0.5370999999999988 0.0
0.5470999999999986 0.0
0.5571000000000002 0.0
0.5670999999999999 0.0
0.5770999999999997 5.01567e-16
0.5870999999999995 4.3523999999999995e-15
0.5970999999999993 1.20046e-14
0.6070999999999991 3.3695e-14
0.6170999999999989 7.0038e-14
0.6270999999999987 1.42711e-13
0.6370999999999984 2.8877e-13
0.6471 5.7746e-13
0.6570999999999998 1.1418e-12
0.6670999999999996 2.23937e-12
0.6770999999999994 4.3258e-12
0.6870999999999992 8.2986e-12
0.6970999999999989 1.56968e-11
0.7070999999999987 2.9526e-11
0.7170999999999985 5.4659e-11
0.7271000000000001 1.0042399999999998e-10
0.7370999999999999 1.82185e-10
0.7470999999999997 3.2811e-10
0.7570999999999994 5.827400000000001e-10
0.7670999999999992 1.0249e-09
0.777099999999999 1.7785200000000002e-09
0.7870999999999988 3.0725e-09
0.7970999999999986 5.233299999999999e-09
0.8071000000000002 8.8103e-09
0.8170999999999999 1.47001e-08
0.8270999999999997 2.4251e-08
0.8370999999999995 3.960300000000001e-08
0.8470999999999993 6.3948e-08
0.8570999999999991 1.02222e-07
0.8670999999999989 1.61268e-07
0.8770999999999987 2.5332e-07
0.8870999999999984 3.9155e-07
0.8971 5.998000028430501e-07
0.9070999999999998 9.0900000595577e-07
0.9170999999999996 1.3599300123052e-06
0.9270999999999994 2.0276400252063996e-06
0.9370999999999992 2.9712000553347007e-06
0.9470999999999989 4.319100111163001e-06
0.9570999999999987 6.204200221292e-06
0.9670999999999985 8.833300449246999e-06
0.9771000000000001 1.2388400877257e-05
0.9870999999999999 1.731490169547e-05
0.9970999999999997 2.3884003261509996e-05
1.0070999999999994 3.254000616749e-05
1.0170999999999992 4.40310115696e-05
1.027099999999999 5.88110214896e-05
1.0370999999999988 7.77520394531e-05
1.0470999999999986 0.00010183007165159998
1.0571000000000002 0.00013242212897299996
1.0671 0.000169662229735
1.0770999999999997 0.00021555540500900003
1.0870999999999995 0.00027030070694900006
1.0970999999999993 0.0003369612198400001
1.107099999999999 0.0004146220880499999
1.1170999999999989 0.0005063235366099999
1.1270999999999987 0.0006122959235499999
1.1370999999999984 0.0007334398348
1.1471 0.0008697961818
1.1570999999999998 0.0010214663527999999
1.1670999999999996 0.0011904825327999997
1.1770999999999994 0.0013754578440000004
1.1870999999999992 0.0015719773129999996
1.197099999999999 0.0017788481589999996
1.2070999999999987 0.0019970609699999993
1.2170999999999985 0.0022254314400000003
1.2271 0.002465170981999999
1.2370999999999999 0.0027039912050000007
1.2470999999999997 0.0029440787200000007
1.2570999999999994 0.003173342849999999
1.2670999999999992 0.0034129000799999996
1.277099999999999 0.0036326672100000005
1.2870999999999988 0.00385199582
1.2970999999999986 0.004061795640000001
1.3071000000000002 0.0042514695000000005
1.3171 0.004431251899999998
1.3270999999999997 0.0046024991
1.3370999999999995 0.0047560496
1.3470999999999993 0.004901341200000001
1.357099999999999 0.005040551799999999
1.3670999999999989 0.0051747953
1.3770999999999987 0.005305422999999999
1.3870999999999984 0.005443563
1.3971 0.005582928
1.4070999999999998 0.005745619999999999
1.4170999999999996 0.00593457
1.4270999999999994 0.006152616
1.4370999999999992 0.006416792000000001
1.447099999999999 0.006728869000000001
1.4570999999999987 0.0071069800000000015
1.4670999999999985 0.00755598
1.4771 0.00809239
1.4870999999999999 0.008735240000000002
1.4970999999999997 0.009482039999999999
1.5070999999999994 0.01035278
1.5170999999999992 0.011357800000000001
1.527099999999999 0.01250527
1.5370999999999988 0.013803229999999998
1.5470999999999986 0.015274950000000002
1.5571000000000002 0.016897409999999998
1.5671 0.0187139
1.5770999999999997 0.020726500000000002
1.5870999999999995 0.0228864
1.5970999999999993 0.025147300000000008
1.607099999999999 0.0276648
1.6170999999999989 0.030380099999999997
1.6270999999999987 0.033199200000000005
1.6370999999999984 0.036128
1.6471 0.03926670000000001
1.6570999999999998 0.04250709999999999
1.6670999999999996 0.0459159
1.6770999999999994 0.049343899999999996
1.6870999999999992 0.0528419
1.697099999999999 0.05656769999999999
1.7070999999999987 0.0602418
1.7170999999999985 0.06390370000000001
1.7271 0.06736270000000001
1.7370999999999999 0.07110819999999998
1.7470999999999997 0.07463140000000001
1.7570999999999994 0.0784322
1.7670999999999992 0.08187760000000001
1.777099999999999 0.0851829
1.7870999999999988 0.08844370000000003
1.7970999999999986 0.0914332
1.8071000000000002 0.0942623
1.8171 0.09701749999999999
1.8270999999999997 0.0994027
1.8370999999999995 0.1015159
1.8470999999999993 0.1033221
1.857099999999999 0.1050974
1.8670999999999989 0.10625360000000002
1.8770999999999987 0.10711100000000001
1.8870999999999984 0.10767229999999998
1.8971 0.10773379999999999
1.9070999999999998 0.1076283
1.9170999999999996 0.1071278
1.9270999999999994 0.10594780000000001
1.9370999999999992 0.1048035
1.947099999999999 0.10308099999999999
1.9570999999999987 0.10108349999999998
1.9670999999999985 0.09890880000000002
1.9771 0.09637639999999999
1.9870999999999999 0.0938059
1.9970999999999997 0.09103090000000001
2.0070999999999994 0.08814709999999999
2.0170999999999992 0.0850666
2.027099999999999 0.0822976
2.037099999999999 0.079436
2.0470999999999986 0.07669200000000001
2.0571 0.07405859999999999
2.0671 0.07167680000000001
2.0770999999999997 0.0694985
2.0870999999999995 0.06757
2.0970999999999993 0.0659753
2.107099999999999 0.064712
2.117099999999999 0.0636917
2.1270999999999987 0.0630029
2.1370999999999984 0.06265580000000001
2.1471 0.06265920000000001
2.1571 0.0627842
2.1670999999999996 0.0632596
2.1770999999999994 0.06394639999999999
2.187099999999999 0.06466150000000001
2.197099999999999 0.0656168
2.2070999999999987 0.0665833
2.2170999999999985 0.0678698
2.2271 0.06906529999999998
2.2371 0.0701726
2.2470999999999997 0.0714909
2.2570999999999994 0.07260710000000001
2.2670999999999992 0.073625
2.277099999999999 0.0746607
2.287099999999999 0.07556400000000002
2.2970999999999986 0.0762931
2.3071 0.07678
2.3171 0.0771724
2.3270999999999997 0.0773625
2.3370999999999995 0.0773384
2.3470999999999993 0.07700270000000001
2.357099999999999 0.07653259999999999
2.367099999999999 0.0757593
2.3770999999999987 0.0747836
2.3870999999999984 0.07361039999999999
2.3971 0.07220789999999999
2.4071 0.0704939
2.4170999999999996 0.0686017
2.4270999999999994 0.0665381
2.437099999999999 0.06448319999999999
2.447099999999999 0.06214510000000001
2.4570999999999987 0.0595328
2.4670999999999985 0.05723239999999999
2.4771 0.05465239999999998
2.4871 0.05209829999999999
2.4970999999999997 0.049563699999999995
2.5070999999999994 0.04705959999999999
2.5170999999999992 0.0445772
2.527099999999999 0.0424286
2.537099999999999 0.0402025
2.5470999999999986 0.0382032
2.5571 0.0363255
2.5671 0.0346356
2.5770999999999997 0.03311630000000001
2.5870999999999995 0.03176049999999999
2.5970999999999993 0.030542599999999996
2.607099999999999 0.0294743
2.617099999999999 0.028542899999999996
2.6270999999999987 0.027705000000000004
2.6370999999999984 0.0269897
2.6471 0.0263346
2.6571 0.025760500000000002
2.6670999999999996 0.0252022
2.6770999999999994 0.0246916
2.687099999999999 0.024186499999999996
2.697099999999999 0.023689299999999996
2.7070999999999987 0.023210599999999998
2.7170999999999985 0.022687500000000003
2.7271 0.0221852
2.7371 0.0216602
2.7470999999999997 0.021118999999999995
2.7570999999999994 0.0205894
2.7670999999999992 0.020063099999999997
2.777099999999999 0.019523
2.787099999999999 0.0190095
2.7970999999999986 0.0184935
2.8071 0.0179949
2.8171 0.017506900000000002
2.8270999999999997 0.0170547
2.8370999999999995 0.016619699999999998
2.8470999999999993 0.016218900000000005
2.857099999999999 0.015853600000000002
2.867099999999999 0.015512800000000002
2.8770999999999987 0.015216699999999998
2.8870999999999984 0.014948199999999998
2.8971 0.014715399999999997
2.9071 0.014510400000000001
2.9170999999999996 0.014343500000000002
2.9270999999999994 0.014216099999999999
2.937099999999999 0.014126499999999997
2.947099999999999 0.014077700000000002
2.9570999999999987 0.014078799999999999
2.9670999999999985 0.014109699999999998
2.9771 0.014203299999999999
2.9871 0.0143187
2.9970999999999997 0.014496800000000002
3.0070999999999994 0.014698499999999998
3.0170999999999992 0.0149619
3.027099999999999 0.015260999999999999
3.037099999999999 0.015604699999999999
3.0470999999999986 0.015971899999999997
3.0571 0.016392800000000003
3.0671 0.016826400000000002
3.0770999999999997 0.0173013
3.0870999999999995 0.0177789
3.0970999999999993 0.018286
3.107099999999999 0.018799000000000003
3.117099999999999 0.019338
3.1270999999999987 0.019892
3.1370999999999984 0.020431000000000005
3.1471 0.020986000000000005
3.1571 0.021531
3.1670999999999996 0.02207
3.1770999999999994 0.02261
3.187099999999999 0.023165000000000005
3.197099999999999 0.023707
3.2070999999999987 0.024266999999999997
3.2170999999999985 0.024815000000000004
3.2271 0.025412
3.2371 0.025997
3.2470999999999997 0.026609999999999998
3.2570999999999994 0.027246000000000003
3.2670999999999992 0.027911999999999996
3.277099999999999 0.028599
3.287099999999999 0.029316999999999996
3.2970999999999986 0.030046
3.3071 0.030816000000000003
3.3171 0.031598999999999995
3.3270999999999997 0.032383
3.3370999999999995 0.033187999999999995
3.3470999999999993 0.03394199999999999
3.357099999999999 0.034707
3.367099999999999 0.035431000000000004
3.3770999999999987 0.036116
3.3870999999999984 0.036738
3.3971 0.037315
3.4071 0.03783
3.4170999999999996 0.03825
3.4270999999999994 0.038608
3.437099999999999 0.038876999999999995
3.447099999999999 0.03905399999999999
3.4570999999999987 0.039185000000000005
3.4670999999999985 0.039222999999999994
3.4771 0.039224
3.4871 0.039160999999999994
3.4970999999999997 0.039045
3.5070999999999994 0.038905999999999996
3.5170999999999992 0.03873399999999999
3.527099999999999 0.038568999999999985
3.537099999999999 0.038384
3.5470999999999986 0.038238
3.5571 0.038084
3.5671 0.03794999999999999
3.5770999999999997 0.037838000000000004
3.5870999999999995 0.037755000000000004
3.5970999999999993 0.037707000000000004
3.607100000000001 0.037669
3.617099999999999 0.03768200000000001
3.6271000000000004 0.037658
3.6370999999999984 0.037686
3.6471 0.037693000000000004
3.657099999999998 0.037702
3.6670999999999996 0.037683
3.6770999999999976 0.037641999999999995
3.687099999999999 0.03757
3.6971000000000007 0.037478000000000004
3.7070999999999987 0.037323
3.7171000000000003 0.037136999999999996
3.7270999999999983 0.036897
3.7371 0.03658700000000001
3.747099999999998 0.036232999999999994
3.7570999999999994 0.035827
3.767100000000001 0.035357999999999994
3.777099999999999 0.034815
3.7871000000000006 0.0342694
3.7970999999999986 0.033661300000000005
3.8071 0.0330115
3.817099999999998 0.032321100000000005
3.8270999999999997 0.03161710000000001
3.8370999999999977 0.030904400000000002
3.8470999999999993 0.0301904
3.857100000000001 0.029486799999999994
3.867099999999999 0.0287962
3.8771000000000004 0.0281245
3.8870999999999984 0.027484500000000005
3.8971 0.02689920000000001
3.907099999999998 0.026354299999999997
3.9170999999999996 0.025863900000000002
3.9270999999999976 0.0254573
3.937099999999999 0.0251138
3.9471000000000007 0.0248342
3.9570999999999987 0.024627599999999996
3.9671000000000003 0.0244948
3.9770999999999983 0.0244255
3.9871 0.024459
3.997099999999998 0.0245359
4.007099999999999 0.024705600000000005
4.017100000000001 0.0249477
4.027099999999999 0.0252221
4.037100000000001 0.025548400000000002
4.047099999999999 0.0259466
4.0571 0.026366200000000003
4.067099999999998 0.026837
4.0771 0.027318799999999997
4.087099999999998 0.027811300000000004
4.097099999999999 0.0283347
4.107100000000001 0.0288382
4.117099999999999 0.0293724
4.1271 0.029916700000000004
4.1370999999999984 0.0304612
4.1471 0.030995999999999992
4.157099999999998 0.031540900000000004
4.1671 0.0320859
4.177099999999998 0.0326409
4.187099999999999 0.0332161
4.197100000000001 0.033781900000000004
4.207099999999999 0.0344074
4.2171 0.035033299999999996
4.227099999999998 0.0356694
4.2371 0.0363459
4.247099999999998 0.037052999999999996
4.257099999999999 0.037779400000000005
4.267100000000001 0.0385065
4.277099999999999 0.0392427
4.287100000000001 0.039979100000000004
4.297099999999999 0.04067530000000001
4.3071 0.04136059999999999
4.317099999999998 0.0419951
4.3271 0.04254879999999999
4.337099999999998 0.04306129999999999
4.347099999999999 0.043452
4.357100000000001 0.043761299999999996
4.367099999999999 0.04393890000000001
4.3771 0.04401460000000001
4.3870999999999984 0.043968600000000004
4.3971 0.043810699999999994
4.407099999999998 0.0435112
4.4171 0.0431301
4.427099999999998 0.042617699999999994
4.437099999999999 0.042024000000000006
4.447100000000001 0.0413596
4.457099999999999 0.0406144
4.4671 0.039819
4.477099999999998 0.0389934
4.4871 0.0381281
4.497099999999998 0.037263199999999996
4.507099999999999 0.036418900000000004
4.517100000000001 0.0355757
4.527099999999999 0.034753200000000005
4.537100000000001 0.0339618
4.547099999999999 0.0332314
4.5571 0.0325321
4.567099999999998 0.0319138
4.5771 0.0313569
4.587099999999998 0.030830800000000002
4.597099999999999 0.030355700000000003
4.607100000000001 0.0299819
4.617099999999999 0.0296489
4.6271 0.029366700000000003
4.6370999999999984 0.029135800000000003
4.6471 0.028955600000000005
4.657099999999998 0.028846300000000002
4.6671 0.028778200000000004
4.677099999999998 0.0287109
4.687099999999999 0.028714399999999998
4.697100000000001 0.028728800000000002
4.707099999999999 0.0288044
4.7171 0.028860599999999997
4.727099999999998 0.028937600000000004
4.7371 0.029004900000000004
4.747099999999998 0.029072800000000003
4.757099999999999 0.0291209
4.767100000000001 0.0291493
4.777099999999999 0.029157499999999996
4.787100000000001 0.029125400000000006
4.797099999999999 0.029042800000000004
4.8071 0.0288892
4.817099999999998 0.0286949
4.8271 0.028459500000000002
4.837099999999998 0.028122699999999994
4.847099999999999 0.027734400000000006
4.857100000000001 0.0273148
4.867099999999999 0.026793599999999994
4.8771 0.026240600000000003
4.8870999999999984 0.025636199999999998
4.8971 0.0249904
4.907099999999998 0.0243033
4.9171 0.023595099999999997
4.927099999999998 0.022875999999999994
4.937099999999999 0.022146299999999997
4.947100000000001 0.021436099999999996
4.957099999999999 0.020745800000000002
4.9671 0.020075299999999997
4.977099999999998 0.019415199999999994
4.9871 0.018835599999999997
4.997099999999998 0.018266300000000003
5.007099999999999 0.0177378
5.017100000000001 0.017259999999999998
5.027099999999999 0.0168129
5.037100000000001 0.0164063
5.047099999999999 0.016050700000000005
5.0571 0.0157157
5.067099999999998 0.015411199999999996
5.0771 0.015137300000000003
5.087099999999998 0.0148636
5.097099999999999 0.0146304
5.107100000000001 0.014397499999999999
5.117099999999999 0.0141745
5.1271 0.013951600000000002
5.1370999999999984 0.013739100000000002
5.1471 0.013526100000000001
5.157099999999998 0.0133232
5.1671 0.0130801
5.177099999999998 0.012886799999999999
5.187099999999999 0.0126333
5.197100000000001 0.0124075
5.207099999999999 0.012170499999999999
5.2171 0.0119233
5.227099999999998 0.0116376
5.2371 0.011361600000000001
5.247099999999998 0.011056400000000001
5.257099999999999 0.0107417
5.267100000000001 0.010414799999999997
5.277099999999999 0.0100566
5.287100000000001 0.009701
5.297099999999999 0.009319099999999999
5.3071 0.008920200000000001
5.317099999999998 0.0085158
5.3271 0.0081162
5.337099999999998 0.0077005
5.347099999999999 0.0072885
5.357100000000001 0.0068750999999999994
5.367099999999999 0.0064694
5.3771 0.0060727
5.3870999999999984 0.00568665
5.3971 0.005312089999999999
5.407099999999998 0.004950300000000001
5.4171 0.004605410000000001
5.427099999999998 0.0042732000000000004
5.437099999999999 0.003960190000000001
5.447100000000001 0.00366201
5.457099999999999 0.00337987
5.4671 0.0031131299999999995
5.477099999999998 0.00286027
5.4871 0.00262176
5.497099999999998 0.0023975950000000006
5.507099999999999 0.002186243
5.517100000000001 0.001985481
5.527099999999999 0.0017989959999999998
5.537100000000001 0.0016216540000000002
5.547099999999999 0.0014562040000000002
5.5571 0.0013023630000000002
5.567099999999998 0.001157014
5.5771 0.0010249605999999997
5.587099999999998 0.0009000654
5.597099999999999 0.0007882146000000001
5.607100000000001 0.0006848549000000001
5.617099999999999 0.0005900723
5.6271 0.0005061846
5.6370999999999984 0.00043098249999999996
5.6471 0.00036420853
5.657099999999998 0.00030554688
5.6671 0.0002544639200000001
5.677099999999998 0.00021018625
5.687099999999999 0.00017236711
5.697100000000001 0.00014015917
5.707099999999999 0.000113023957
5.7171 9.012741899999999e-05
5.727099999999998 7.1626656e-05
5.7371 5.6201993e-05
5.747099999999998 4.3797964e-05
5.757099999999999 3.3820110999999995e-05
5.767100000000001 2.58642109e-05
5.777099999999999 1.96410605e-05
5.787100000000001 1.47624093e-05
5.797099999999999 1.0982372400000002e-05
5.8071 8.1082356e-06
5.817099999999998 5.926327579999999e-06
5.8271 4.29381849e-06
5.837099999999998 3.08366e-06
5.847099999999999 2.1915999999999995e-06
5.857100000000001 1.54327e-06
5.867099999999999 1.0759300000000001e-06
5.8771 7.433489999999999e-07
5.8870999999999984 5.078430000000001e-07
5.8971 3.43889e-07
5.907099999999998 2.30687e-07
5.9171 1.53389e-07
5.927099999999998 1.00678e-07
5.937099999999999 6.557290000000001e-08
5.947100000000001 4.22787e-08
5.957099999999999 2.6954100000000006e-08
