-22.402900000000002 -2.6102999999999997e-05
-22.3929 -1.8346e-05
-22.3829 -1.27884e-05
-22.3729 -8.802399999999999e-06
-22.362900000000003 -6.0025e-06
-22.352899999999998 -4.0655e-06
-22.3429 -2.7223e-06
-22.332900000000002 -1.80342e-06
-22.3229 -1.1835799999999999e-06
-22.3129 -7.691800000000001e-07
-22.3029 -4.944e-07
-22.292900000000003 -3.1545e-07
-22.2829 -1.9901199999999998e-07
-22.2729 -1.2415900000000002e-07
-22.262900000000002 -7.6855e-08
-22.2529 -4.6997e-08
-22.2429 -2.8488100000000002e-08
-22.2329 -1.70867e-08
-22.222900000000003 -1.0142099999999998e-08
-22.2129 -5.9639399999999996e-09
-22.2029 -3.4693299999999996e-09
-22.1929 -1.9975699999999998e-09
-22.1829 -1.1374600000000001e-09
-22.1729 -6.422039999999999e-10
-22.1629 -3.5903200000000007e-10
-22.152900000000002 -1.98576e-10
-22.1429 -1.0863999999999999e-10
-22.1329 -5.88394e-11
-22.1229 -3.152830000000001e-11
-22.112900000000003 -1.67276e-11
-22.102899999999998 -8.78007e-12
-22.0929 -4.55096e-12
-22.082900000000002 -2.340014e-12
-22.0729 -1.188705e-12
-22.0629 -5.925043e-13
-22.0529 -2.9279999999999997e-13
-22.042900000000003 -1.425e-13
-22.0329 -6.799e-14
-22.0229 -2.993e-14
-22.012900000000002 -1.205e-14
-22.0029 -3.282e-15
-21.9929 -1.029e-15
-21.9829 -3.1969999999999995e-16
-21.972900000000003 -2.418e-17
-21.9629 -0.0
-21.9529 -0.0
-21.9429 -0.0
-21.9329 -0.0
-21.9229 -0.0
-21.9129 -0.0
-21.902900000000002 -0.0
-21.8929 -0.0
-21.8829 -0.0
-21.8729 -0.0
-21.862900000000003 -0.0
-21.852899999999998 -0.0
-21.8429 -0.0
-21.832900000000002 -0.0
-21.8229 -0.0
-21.8129 -0.0
-21.8029 -0.0
-21.792900000000003 -0.0
-21.7829 -0.0
-21.7729 -0.0
-21.762900000000002 -0.0
-21.7529 -0.0
-21.7429 -0.0
-21.7329 -0.0
-21.722900000000003 -0.0
-21.7129 -0.0
-21.7029 -0.0
-21.6929 -0.0
-21.6829 -0.0
-21.6729 -0.0
-21.6629 -0.0
-21.652900000000002 -0.0
-21.6429 -0.0
-21.6329 -0.0
-21.6229 -0.0
-21.612900000000003 -0.0
-21.602899999999998 -0.0
-21.5929 -0.0
-21.582900000000002 -0.0
-21.5729 -0.0
-21.5629 -0.0
-21.5529 -0.0
-21.542900000000003 -0.0
-21.5329 -0.0
-21.5229 -0.0
-21.512900000000002 -0.0
-21.5029 -0.0
-21.4929 -0.0
-21.4829 -0.0
-21.472900000000003 -0.0
-21.4629 -0.0
-21.4529 -0.0
-21.4429 -0.0
-21.4329 -0.0
-21.4229 -0.0
-21.4129 -0.0
-21.402900000000002 -0.0
-21.3929 -0.0
-21.3829 -0.0
-21.3729 -0.0
-21.362900000000003 -0.0
-21.352899999999998 -0.0
-21.3429 -0.0
-21.332900000000002 -0.0
-21.3229 -0.0
-21.3129 -0.0
-21.3029 -0.0
-21.292900000000003 -0.0
-21.2829 -0.0
-21.2729 -0.0
-21.262900000000002 -0.0
-21.2529 -0.0
-21.2429 -0.0
-21.2329 -0.0
-21.222900000000003 -0.0
-21.2129 -0.0
-21.2029 -0.0
-21.1929 -0.0
-21.1829 -0.0
-21.1729 -0.0
-21.1629 -0.0
-21.152900000000002 -0.0
-21.1429 -0.0
-21.1329 -0.0
-21.1229 -0.0
-21.112900000000003 -0.0
-21.102899999999998 -0.0
-21.0929 -0.0
-21.082900000000002 -0.0
-21.0729 -0.0
-21.0629 -0.0
-21.0529 -0.0
-21.042900000000003 -0.0
-21.0329 -0.0
-21.0229 -0.0
-21.012900000000002 -0.0
-21.0029 -0.0
-20.9929 -0.0
-20.9829 -0.0
-20.972900000000003 -0.0
-20.9629 -0.0
-20.9529 -0.0
-20.9429 -0.0
-20.9329 -0.0
-20.9229 -0.0
-20.9129 -0.0
-20.902900000000002 -0.0
-20.8929 -0.0
-20.8829 -0.0
-20.8729 -0.0
-20.862900000000003 -0.0
-20.852899999999998 -0.0
-20.8429 -0.0
-20.832900000000002 -0.0
-20.8229 -0.0
-20.8129 -0.0
-20.8029 -0.0
-20.792900000000003 -0.0
-20.7829 -0.0
-20.7729 -0.0
-20.762900000000002 -0.0
-20.7529 -0.0
-20.7429 -0.0
-20.7329 -0.0
-20.722900000000003 -0.0
-20.7129 -0.0
-20.7029 -0.0
-20.6929 -0.0
-20.6829 -0.0
-20.6729 -0.0
-20.6629 -0.0
-20.652900000000002 -0.0
-20.6429 -0.0
-20.6329 -0.0
-20.6229 -0.0
-20.612900000000003 -0.0
-20.602899999999998 -0.0
-20.5929 -0.0
-20.582900000000002 -0.0
-20.5729 -0.0
-20.5629 -0.0
-20.5529 -0.0
-20.542900000000003 -0.0
-20.5329 -0.0
-20.5229 -0.0
-20.512900000000002 -0.0
-20.5029 -0.0
-20.4929 -0.0
-20.4829 -0.0
-20.472900000000003 -0.0
-20.4629 -0.0
-20.4529 -0.0
-20.4429 -0.0
-20.4329 -0.0
-20.4229 -0.0
-20.4129 -0.0
-20.402900000000002 -0.0
-20.3929 -0.0
-20.3829 -0.0
-20.3729 -0.0
-20.3629 -1.5343e-17
-20.3529 -3.2117e-17
-20.3429 -1.0822e-16
-20.332900000000002 -2.238e-16
-20.3229 -4.552e-16
-20.3129 -9.513e-16
-20.3029 -1.902e-15
-20.2929 -3.7630000000000006e-15
-20.2829 -7.36e-15
-20.2729 -1.4494e-14
-20.262900000000002 -2.7858379999999996e-14
-20.2529 -5.373861e-14
-20.2429 -1.0107023e-13
-20.2329 -1.87933e-13
-20.222900000000003 -3.483778e-13
-20.2129 -6.357687999999999e-13
-20.2029 -1.1489439999999998e-12
-20.1929 -2.05486e-12
-20.1829 -3.64359e-12
-20.1729 -6.38776e-12
-20.1629 -1.1099019999999999e-11
-20.152900000000002 -1.9115480000000002e-11
-20.1429 -3.2505350000000003e-11
-20.1329 -5.48878e-11
-20.1229 -9.168649999999999e-11
-20.1129 -1.522016e-10
-20.1029 -2.4891989999999997e-10
-20.0929 -4.0399200000000004e-10
-20.082900000000002 -6.50598e-10
-20.0729 -1.037867e-09
-20.0629 -1.6389860000000001e-09
-20.0529 -2.5686900000000006e-09
-20.0429 -3.987379999999999e-09
-20.0329 -6.13502e-09
-20.0229 -9.36152e-09
-20.012900000000002 -1.42101e-08
-20.0029 -2.11949e-08
-19.9929 -3.1569e-08
-19.9829 -4.65553e-08
-19.972900000000003 -6.81593e-08
-19.9629 -9.892e-08
-19.9529 -1.4252500000000001e-07
-19.9429 -2.03311e-07
-19.9329 -2.87474e-07
-19.9229 -4.04078e-07
-19.9129 -5.642999999999999e-07
-19.902900000000002 -7.8012e-07
-19.8929 -1.0705700000000002e-06
-19.8829 -1.4520099999999999e-06
-19.8729 -1.9713400000000003e-06
-19.8629 -2.63161e-06
-19.8529 -3.5000999999999997e-06
-19.8429 -4.6157000000000005e-06
-19.832900000000002 -6.0399e-06
-19.8229 -7.8448e-06
-19.8129 -1.01048e-05
-19.8029 -1.28741e-05
-19.7929 -1.6340999999999998e-05
-19.7829 -2.0575e-05
-19.7729 -2.5625e-05
-19.762900000000002 -3.1717e-05
-19.7529 -3.8932999999999995e-05
-19.7429 -4.7434e-05
-19.7329 -5.740400000000001e-05
-19.722900000000003 -6.8939e-05
-19.7129 -8.215e-05
-19.7029 -9.715e-05
-19.6929 -0.00011418000000000001
-19.6829 -0.00013341
-19.6729 -0.00015436
-19.6629 -0.00017847999999999999
-19.652900000000002 -0.0002051
-19.6429 -0.00023445
-19.6329 -0.000266
-19.6229 -0.00030157999999999997
-19.6129 -0.00033934
-19.6029 -0.0003818
-19.5929 -0.0004276
-19.582900000000002 -0.0004772
-19.5729 -0.0005317
-19.5629 -0.0005922
-19.5529 -0.0006575000000000001
-19.5429 -0.0007291
-19.5329 -0.0008066
-19.5229 -0.0008914999999999999
-19.512900000000002 -0.0009832
-19.5029 -0.0010833
-19.4929 -0.0011935000000000001
-19.4829 -0.0013109
-19.472900000000003 -0.0014358
-19.4629 -0.0015708999999999999
-19.4529 -0.0017136
-19.4429 -0.0018662
-19.4329 -0.0020286
-19.4229 -0.0022007000000000003
-19.4129 -0.0023700000000000006
-19.402900000000002 -0.0025565
-19.3929 -0.002754
-19.3829 -0.0029490000000000002
-19.3729 -0.003155
-19.3629 -0.0033710000000000003
-19.3529 -0.003588
-19.3429 -0.003822
-19.332900000000002 -0.004047
-19.3229 -0.004294
-19.3129 -0.004549
-19.3029 -0.004811
-19.2929 -0.005077
-19.2829 -0.005361
-19.2729 -0.005659
-19.262900000000002 -0.0059830000000000005
-19.2529 -0.006306000000000001
-19.2429 -0.006664
-19.2329 -0.00703
-19.222900000000003 -0.007415000000000001
-19.2129 -0.007821
-19.2029 -0.008266
-19.1929 -0.008722
-19.1829 -0.009197
-19.1729 -0.009704
-19.1629 -0.01022
-19.152900000000002 -0.01077
-19.1429 -0.01132
-19.1329 -0.011915
-19.1229 -0.012511
-19.1129 -0.013123000000000001
-19.1029 -0.013751000000000001
-19.0929 -0.014407000000000001
-19.082900000000002 -0.01506
-19.0729 -0.01577
-19.0629 -0.016482
-19.0529 -0.017234
-19.0429 -0.017988
-19.0329 -0.018794
-19.0229 -0.019643
-19.012900000000002 -0.020523
-19.0029 -0.021447
-18.9929 -0.022425
-18.9829 -0.02343
-18.972900000000003 -0.024477
-18.9629 -0.025588
-18.9529 -0.026741
-18.9429 -0.027937000000000003
-18.9329 -0.029156
-18.9229 -0.030449999999999998
-18.9129 -0.031740000000000004
-18.902900000000002 -0.03308
-18.8929 -0.03446
-18.8829 -0.03583
-18.8729 -0.03723
-18.8629 -0.03865
-18.8529 -0.04009
-18.8429 -0.041510000000000005
-18.832900000000002 -0.042969999999999994
-18.8229 -0.044329999999999994
-18.8129 -0.04578
-18.8029 -0.047099999999999996
-18.7929 -0.048409999999999995
-18.7829 -0.049839999999999995
-18.7729 -0.0511
-18.762900000000002 -0.05224
-18.7529 -0.05349000000000001
-18.7429 -0.05473
-18.7329 -0.05588
-18.722900000000003 -0.05703
-18.7129 -0.057980000000000004
-18.7029 -0.05906
-18.6929 -0.05994
-18.6829 -0.06075
-18.6729 -0.06148000000000001
-18.6629 -0.06222
-18.652900000000002 -0.06269000000000001
-18.6429 -0.06319
-18.6329 -0.06352000000000001
-18.6229 -0.06386
-18.6129 -0.06392
-18.6029 -0.0639
-18.5929 -0.06379
-18.582900000000002 -0.06359
-18.5729 -0.06337999999999999
-18.5629 -0.06296
-18.5529 -0.06264
-18.5429 -0.06208999999999999
-18.5329 -0.06161000000000001
-18.5229 -0.06119
-18.512900000000002 -0.06075
-18.5029 -0.06027
-18.4929 -0.059809999999999995
-18.4829 -0.05934
-18.472900000000003 -0.05906
-18.4629 -0.05878
-18.4529 -0.05868999999999999
-18.4429 -0.0586
-18.4329 -0.05863
-18.4229 -0.05866
-18.4129 -0.058910000000000004
-18.402900000000002 -0.05925
-18.3929 -0.05969
-18.3829 -0.06002999999999999
-18.3729 -0.06069
-18.3629 -0.06145
-18.3529 -0.062030000000000016
-18.3429 -0.06292
-18.332900000000002 -0.06361
-18.3229 -0.06459999999999999
-18.3129 -0.06527
-18.3029 -0.06602999999999999
-18.2929 -0.06688000000000001
-18.2829 -0.06769
-18.2729 -0.06837
-18.262900000000002 -0.06924999999999999
-18.2529 -0.06995
-18.2429 -0.07076
-18.2329 -0.07171
-18.222900000000003 -0.07265
-18.2129 -0.07376
-18.2029 -0.07496
-18.1929 -0.07625
-18.1829 -0.07793000000000001
-18.1729 -0.07992
-18.1629 -0.08221
-18.152900000000002 -0.08482
-18.1429 -0.08766000000000002
-18.1329 -0.09092
-18.1229 -0.09461999999999998
-18.1129 -0.09863999999999999
-18.1029 -0.10309
-18.0929 -0.1078
-18.082900000000002 -0.11292
-18.0729 -0.11831
-18.0629 -0.12417000000000002
-18.0529 -0.13026
-18.0429 -0.13660999999999998
-18.0329 -0.14333
-18.0229 -0.15051
-18.012900000000002 -0.15778
-18.0029 -0.16574000000000003
-17.9929 -0.17399
-17.9829 -0.18243
-17.972900000000003 -0.19139
-17.9629 -0.20116
-17.9529 -0.21146
-17.9429 -0.22258
-17.9329 -0.23451999999999998
-17.9229 -0.24599
-17.9129 -0.25929
-17.902900000000002 -0.27212000000000003
-17.8929 -0.28586
-17.8829 -0.30012
-17.8729 -0.31389999999999996
-17.8629 -0.32795
-17.8529 -0.34264000000000006
-17.8429 -0.35739000000000004
-17.832900000000002 -0.37113999999999997
-17.8229 -0.38398
-17.8129 -0.39681
-17.8029 -0.40953000000000006
-17.7929 -0.42092999999999997
-17.7829 -0.43091999999999997
-17.7729 -0.43939
-17.762900000000002 -0.44764
-17.7529 -0.45558
-17.7429 -0.462
-17.7329 -0.4670099999999999
-17.722900000000003 -0.47211
-17.7129 -0.4758
-17.7029 -0.4795
-17.6929 -0.4834
-17.6829 -0.48661999999999994
-17.6729 -0.49027
-17.6629 -0.49494999999999995
-17.652900000000002 -0.49996999999999997
-17.6429 -0.50465
-17.6329 -0.51079
-17.6229 -0.51991
-17.6129 -0.52732
-17.6029 -0.53561
-17.5929 -0.5447
-17.582900000000002 -0.5563
-17.5729 -0.5677
-17.5629 -0.5785
-17.5529 -0.5898
-17.5429 -0.6013999999999999
-17.5329 -0.6105
-17.5229 -0.6214999999999999
-17.512900000000002 -0.6306
-17.5029 -0.6376000000000001
-17.4929 -0.6432
-17.4829 -0.64832
-17.472900000000003 -0.6499299999999999
-17.4629 -0.65073
-17.4529 -0.64788
-17.4429 -0.64397
-17.4329 -0.63607
-17.4229 -0.62397
-17.4129 -0.6120599999999999
-17.402900000000002 -0.59571
-17.3929 -0.57731
-17.3829 -0.5567599999999999
-17.3729 -0.53394
-17.3629 -0.50916
-17.3529 -0.483
-17.3429 -0.45565
-17.332900000000002 -0.42742
-17.3229 -0.39890000000000003
-17.3129 -0.37019
-17.3029 -0.34168
-17.2929 -0.31367999999999996
-17.2829 -0.28668
-17.2729 -0.26058
-17.262900000000002 -0.23568
-17.2529 -0.21198999999999998
-17.2429 -0.18989999999999999
-17.2329 -0.1692
-17.222900000000003 -0.150314
-17.2129 -0.132676
-17.2029 -0.11651199999999999
-17.1929 -0.10189099999999998
-17.1829 -0.088635
-17.1729 -0.076683
-17.1629 -0.065986
-17.152900000000002 -0.056425
-17.1429 -0.047999999999999994
-17.1329 -0.040629000000000005
-17.1229 -0.034107
-17.1129 -0.028374
-17.1029 -0.023487
-17.0929 -0.019323999999999997
-17.082900000000002 -0.015723
-17.0729 -0.012728999999999999
-17.0629 -0.010219399999999998
-17.0529 -0.0081288
-17.0429 -0.0064085
-17.0329 -0.005013400000000001
-17.0229 -0.0038764000000000003
-17.012900000000002 -0.0029746
-17.0029 -0.0022577
-16.9929 -0.0017088100000000003
-16.9829 -0.00127228
-16.972900000000003 -0.0009383799999999998
-16.9629 -0.0006864199999999999
-16.9529 -0.00049651
-16.9429 -0.00035631899999999996
-16.9329 -0.00025293799999999997
-16.9229 -0.000177754
-16.9129 -0.000123357
-16.902900000000002 -8.506900000000001e-05
-16.8929 -5.7909200000000005e-05
-16.8829 -3.9059e-05
-16.8729 -2.60413e-05
-16.8629 -1.72071e-05
-16.8529 -1.1224949999999998e-05
-16.8429 -7.284749999999999e-06
-16.832900000000002 -4.66452e-06
-16.8229 -2.95628e-06
-16.8129 -1.855461e-06
-16.8029 -1.1490290000000003e-06
-16.7929 -7.04232e-07
-16.7829 -4.28012e-07
-16.7729 -2.567251e-07
-16.762900000000002 -1.5297960000000002e-07
-16.7529 -8.99525e-08
-16.7429 -5.240899e-08
-16.7329 -3.017117e-08
-16.722900000000003 -1.7194510000000002e-08
-16.7129 -9.70144e-09
-16.7029 -5.417646999999999e-09
-16.6929 -2.9845099999999997e-09
-16.6829 -1.6377049e-09
-16.6729 -8.830202000000001e-10
-16.6629 -4.720669899999999e-10
-16.652900000000002 -2.5005725e-10
-16.6429 -1.3054699999999998e-10
-16.6329 -6.778099999999999e-11
-16.6229 -3.4742000000000005e-11
-16.6129 -1.75709e-11
-16.6029 -8.795e-12
-16.5929 -4.3673e-12
-16.582900000000002 -2.1381900000000002e-12
-16.5729 -1.02388e-12
-16.5629 -4.3636e-13
-16.5529 -1.7750400000000001e-13
-16.5429 -4.05944e-14
-16.5329 -0.0
-16.5229 -0.0
-16.512900000000002 -0.0
-16.5029 -0.0
-16.4929 -0.0
-16.4829 -0.0
-16.472900000000003 -0.0
-16.4629 -0.0
-16.4529 -0.0
-16.4429 -0.0
-16.4329 -0.0
-16.4229 -0.0
-16.4129 -0.0
-16.402900000000002 -0.0
-16.3929 -0.0
-16.3829 -0.0
-16.3729 -0.0
-16.3629 -0.0
-16.3529 -0.0
-16.3429 -0.0
-16.332900000000002 -0.0
-16.3229 -0.0
-16.3129 -0.0
-16.3029 -0.0
-16.2929 -0.0
-16.2829 -0.0
-16.2729 -0.0
-16.262900000000002 -0.0
-16.2529 -0.0
-16.2429 -0.0
-16.2329 -0.0
-16.2229 -0.0
-16.2129 -0.0
-16.2029 -0.0
-16.1929 -0.0
-16.1829 -0.0
-16.172900000000002 -0.0
-16.1629 -0.0
-16.152900000000002 -0.0
-16.1429 -0.0
-16.1329 -0.0
-16.1229 -0.0
-16.1129 -0.0
-16.1029 -0.0
-16.0929 -0.0
-16.082900000000002 -0.0
-16.0729 -0.0
-16.0629 -0.0
-16.0529 -0.0
-16.0429 -0.0
-16.0329 -0.0
-16.0229 -0.0
-16.012900000000002 -0.0
-16.0029 -0.0
-15.9929 -0.0
-15.9829 -0.0
-15.972900000000001 -0.0
-15.962900000000001 -0.0
-15.9529 -0.0
-15.942900000000002 -0.0
-15.9329 -0.0
-15.9229 -0.0
-15.9129 -0.0
-15.9029 -0.0
-15.892900000000001 -0.0
-15.882900000000001 -0.0
-15.872900000000001 -0.0
-15.8629 -0.0
-15.852900000000002 -0.0
-15.8429 -0.0
-15.8329 -0.0
-15.8229 -0.0
-15.8129 -0.0
-15.802900000000001 -0.0
-15.792900000000001 -0.0
-15.782900000000001 -0.0
-15.7729 -0.0
-15.7629 -0.0
-15.7529 -0.0
-15.7429 -0.0
-15.7329 -0.0
-15.722900000000001 -0.0
-15.712900000000001 -0.0
-15.7029 -0.0
-15.692900000000002 -0.0
-15.6829 -0.0
-15.6729 -0.0
-15.6629 -0.0
-15.6529 -0.0
-15.642900000000001 -0.0
-15.632900000000001 -0.0
-15.622900000000001 -0.0
-15.6129 -0.0
-15.602900000000002 -0.0
-15.5929 -0.0
-15.5829 -0.0
-15.5729 -0.0
-15.5629 -0.0
-15.552900000000001 -0.0
-15.542900000000001 -0.0
-15.532900000000001 -0.0
-15.5229 -0.0
-15.5129 -0.0
-15.5029 -0.0
-15.4929 -0.0
-15.4829 -0.0
-15.472900000000001 -0.0
-15.462900000000001 -0.0
-15.4529 -0.0
-15.442900000000002 -0.0
-15.4329 -0.0
-15.4229 -0.0
-15.4129 -0.0
-15.4029 -0.0
-15.392900000000001 -0.0
-15.382900000000001 -0.0
-15.372900000000001 -0.0
-15.3629 -0.0
-15.352900000000002 -0.0
-15.3429 -0.0
-15.3329 -0.0
-15.3229 -0.0
-15.3129 -0.0
-15.302900000000001 -0.0
-15.292900000000001 -0.0
-15.282900000000001 -0.0
-15.2729 -0.0
-15.2629 -0.0
-15.2529 -0.0
-15.2429 -0.0
-15.2329 -0.0
-15.222900000000001 -0.0
-15.212900000000001 -0.0
-15.2029 -0.0
-15.192900000000002 -0.0
-15.1829 -0.0
-15.1729 -0.0
-15.1629 -0.0
-15.1529 -0.0
-15.142900000000001 -0.0
-15.132900000000001 -0.0
-15.122900000000001 -0.0
-15.1129 -0.0
-15.102900000000002 -0.0
-15.0929 -0.0
-15.0829 -0.0
-15.0729 -0.0
-15.0629 -0.0
-15.052900000000001 -0.0
-15.042900000000001 -0.0
-15.032900000000001 -0.0
-15.0229 -0.0
-15.0129 -0.0
-15.0029 -0.0
-14.9929 -0.0
-14.9829 -0.0
-14.972900000000001 -0.0
-14.962900000000001 -0.0
-14.9529 -0.0
-14.942900000000002 -0.0
-14.9329 -0.0
-14.9229 -0.0
-14.9129 -0.0
-14.9029 -0.0
-14.892900000000001 -0.0
-14.882900000000001 -0.0
-14.872900000000001 -0.0
-14.8629 -0.0
-14.852900000000002 -0.0
-14.8429 -0.0
-14.8329 -0.0
-14.8229 -0.0
-14.8129 -0.0
-14.802900000000001 -0.0
-14.792900000000001 -0.0
-14.782900000000001 -0.0
-14.7729 -0.0
-14.7629 -0.0
-14.7529 -0.0
-14.7429 -0.0
-14.7329 -0.0
-14.722900000000001 -0.0
-14.712900000000001 -0.0
-14.7029 -0.0
-14.692900000000002 -0.0
-14.6829 -0.0
-14.6729 -0.0
-14.6629 -0.0
-14.6529 -0.0
-14.642900000000001 -0.0
-14.632900000000001 -0.0
-14.622900000000001 -0.0
-14.6129 -0.0
-14.602900000000002 -0.0
-14.5929 -0.0
-14.5829 -0.0
-14.5729 -0.0
-14.5629 -0.0
-14.552900000000001 -0.0
-14.542900000000001 -0.0
-14.532900000000001 -0.0
-14.5229 -0.0
-14.5129 -0.0
-14.5029 -0.0
-14.4929 -0.0
-14.4829 -0.0
-14.472900000000001 -0.0
-14.462900000000001 -0.0
-14.4529 -0.0
-14.442900000000002 -0.0
-14.4329 -0.0
-14.4229 -0.0
-14.4129 -0.0
-14.4029 -0.0
-14.392900000000001 -0.0
-14.382900000000001 -0.0
-14.372900000000001 -0.0
-14.3629 -0.0
-14.3529 -0.0
-14.3429 -0.0
-14.3329 -0.0
-14.3229 -0.0
-14.3129 -0.0
-14.302900000000001 -0.0
-14.292900000000001 -0.0
-14.282900000000001 -0.0
-14.2729 -0.0
-14.2629 -0.0
-14.2529 -0.0
-14.2429 -0.0
-14.2329 -0.0
-14.222900000000001 -0.0
-14.212900000000001 -0.0
-14.202900000000001 -0.0
-14.192900000000002 -0.0
-14.1829 -0.0
-14.1729 -0.0
-14.1629 -0.0
-14.1529 -0.0
-14.142900000000001 -0.0
-14.132900000000001 -0.0
-14.122900000000001 -0.0
-14.1129 -0.0
-14.1029 -0.0
-14.0929 -0.0
-14.0829 -0.0
-14.0729 -0.0
-14.0629 -0.0
-14.052900000000001 -0.0
-14.042900000000001 -0.0
-14.032900000000001 -0.0
-14.0229 -0.0
-14.0129 -0.0
-14.0029 -0.0
-13.9929 -0.0
-13.9829 -0.0
-13.972900000000001 -0.0
-13.962900000000001 -0.0
-13.952900000000001 -0.0
-13.942900000000002 -0.0
-13.9329 -0.0
-13.9229 -0.0
-13.9129 -0.0
-13.9029 -0.0
-13.892900000000001 -0.0
-13.882900000000001 -0.0
-13.872900000000001 -0.0
-13.8629 -0.0
-13.8529 -0.0
-13.8429 -0.0
-13.8329 -0.0
-13.8229 -0.0
-13.8129 -0.0
-13.802900000000001 -0.0
-13.792900000000001 -0.0
-13.782900000000001 -0.0
-13.7729 -0.0
-13.7629 -0.0
-13.7529 -0.0
-13.7429 -0.0
-13.7329 -0.0
-13.722900000000001 -0.0
-13.712900000000001 -0.0
-13.702900000000001 -0.0
-13.692900000000002 -0.0
-13.6829 -0.0
-13.6729 -0.0
-13.6629 -0.0
-13.6529 -0.0
-13.642900000000001 -0.0
-13.632900000000001 -0.0
-13.622900000000001 -0.0
-13.6129 -0.0
-13.6029 -0.0
-13.5929 -0.0
-13.5829 -0.0
-13.5729 -0.0
-13.5629 -0.0
-13.552900000000001 -0.0
-13.542900000000001 -0.0
-13.532900000000001 -0.0
-13.5229 -0.0
-13.5129 -0.0
-13.5029 -0.0
-13.4929 -0.0
-13.4829 -0.0
-13.472900000000001 -0.0
-13.462900000000001 -0.0
-13.452900000000001 -0.0
-13.442900000000002 -0.0
-13.4329 -0.0
-13.4229 -0.0
-13.4129 -0.0
-13.4029 -0.0
-13.392900000000001 -0.0
-13.382900000000001 -0.0
-13.372900000000001 -0.0
-13.3629 -0.0
-13.3529 -0.0
-13.3429 -0.0
-13.3329 -0.0
-13.3229 -0.0
-13.3129 -0.0
-13.302900000000001 -0.0
-13.292900000000001 -0.0
-13.282900000000001 -0.0
-13.2729 -0.0
-13.2629 -0.0
-13.2529 -0.0
-13.2429 -0.0
-13.2329 -0.0
-13.222900000000001 -0.0
-13.212900000000001 -0.0
-13.202900000000001 -0.0
-13.192900000000002 -0.0
-13.1829 -0.0
-13.1729 -0.0
-13.1629 -0.0
-13.1529 -0.0
-13.142900000000001 -0.0
-13.132900000000001 -0.0
-13.122900000000001 -0.0
-13.1129 -0.0
-13.1029 -0.0
-13.0929 -0.0
-13.0829 -0.0
-13.0729 -0.0
-13.0629 -0.0
-13.052900000000001 -0.0
-13.042900000000001 -0.0
-13.032900000000001 -0.0
-13.0229 -0.0
-13.0129 -0.0
-13.0029 -0.0
-12.9929 -0.0
-12.9829 -0.0
-12.972900000000001 -0.0
-12.962900000000001 -0.0
-12.952900000000001 -0.0
-12.942900000000002 -0.0
-12.9329 -0.0
-12.9229 -0.0
-12.9129 -0.0
-12.9029 -0.0
-12.892900000000001 -0.0
-12.882900000000001 -0.0
-12.872900000000001 -0.0
-12.862900000000002 -0.0
-12.8529 -0.0
-12.8429 -0.0
-12.8329 -0.0
-12.8229 -0.0
-12.8129 -0.0
-12.802900000000001 -0.0
-12.792900000000001 -0.0
-12.782900000000001 -0.0
-12.7729 -0.0
-12.7629 -0.0
-12.7529 -0.0
-12.7429 -0.0
-12.7329 -0.0
-12.722900000000001 -0.0
-12.712900000000001 -0.0
-12.702900000000001 -0.0
-12.6929 -0.0
-12.6829 -0.0
-12.6729 -0.0
-12.6629 -0.0
-12.6529 -0.0
-12.642900000000001 -0.0
-12.632900000000001 -0.0
-12.622900000000001 -0.0
-12.612900000000002 -0.0
-12.6029 -0.0
-12.5929 -0.0
-12.5829 -0.0
-12.5729 -0.0
-12.5629 -0.0
-12.552900000000001 -0.0
-12.542900000000001 -0.0
-12.532900000000001 -0.0
-12.5229 -0.0
-12.5129 -0.0
-12.5029 -0.0
-12.4929 -0.0
-12.4829 -0.0
-12.472900000000001 -0.0
-12.462900000000001 -0.0
-12.452900000000001 -0.0
-12.4429 -0.0
-12.4329 -0.0
-12.4229 -0.0
-12.4129 -0.0
-12.4029 -0.0
-12.392900000000001 -0.0
-12.382900000000001 -0.0
-12.372900000000001 -0.0
-12.362900000000002 -0.0
-12.3529 -0.0
-12.3429 -0.0
-12.3329 -0.0
-12.3229 -0.0
-12.3129 -0.0
-12.302900000000001 -0.0
-12.292900000000001 -0.0
-12.282900000000001 -0.0
-12.2729 -0.0
-12.2629 -0.0
-12.2529 -0.0
-12.2429 -0.0
-12.2329 -0.0
-12.222900000000001 -0.0
-12.212900000000001 -0.0
-12.202900000000001 -0.0
-12.1929 -0.0
-12.1829 -0.0
-12.1729 -0.0
-12.1629 -0.0
-12.1529 -0.0
-12.142900000000001 -0.0
-12.132900000000001 -0.0
-12.122900000000001 -0.0
-12.112900000000002 -0.0
-12.1029 -0.0
-12.0929 -0.0
-12.0829 -0.0
-12.0729 -0.0
-12.0629 -0.0
-12.052900000000001 -0.0
-12.042900000000001 -0.0
-12.032900000000001 -0.0
-12.0229 -0.0
-12.0129 -0.0
-12.0029 -0.0
-11.9929 -0.0
-11.9829 -0.0
-11.972900000000001 -0.0
-11.962900000000001 -0.0
-11.952900000000001 -0.0
-11.9429 -0.0
-11.9329 -0.0
-11.9229 -0.0
-11.9129 -0.0
-11.9029 -0.0
-11.892900000000001 -0.0
-11.882900000000001 -0.0
-11.872900000000001 -0.0
-11.8629 -0.0
-11.8529 -0.0
-11.8429 -0.0
-11.8329 -0.0
-11.8229 -0.0
-11.8129 -0.0
-11.802900000000001 -0.0
-11.792900000000001 -0.0
-11.782900000000001 -0.0
-11.7729 -0.0
-11.7629 -0.0
-11.7529 -0.0
-11.7429 -0.0
-11.7329 -0.0
-11.722900000000001 -0.0
-11.712900000000001 -0.0
-11.702900000000001 -0.0
-11.692900000000002 -0.0
-11.6829 -0.0
-11.6729 -0.0
-11.6629 -0.0
-11.6529 -0.0
-11.642900000000001 -0.0
-11.632900000000001 -0.0
-11.622900000000001 -0.0
-11.6129 -0.0
-11.6029 -0.0
-11.5929 -0.0
-11.5829 -0.0
-11.5729 -0.0
-11.5629 -2.0073e-14
-11.552900000000001 -7.263e-14
-11.542900000000001 -1.5097e-13
-11.532900000000001 -3.8912e-13
-11.5229 -8.268e-13
-11.5129 -1.7098999999999998e-12
-11.5029 -3.4297e-12
-11.4929 -6.878e-12
-11.4829 -1.3633e-11
-11.472900000000001 -2.6652e-11
-11.462900000000001 -5.1667e-11
-11.452900000000001 -9.853999999999999e-11
-11.442900000000002 -1.8608e-10
-11.4329 -3.4773e-10
-11.4229 -6.435253410000001e-10
-11.4129 -1.1791530899999997e-09
-11.4029 -2.13454502e-09
-11.392900000000001 -3.83159945e-09
-11.382900000000001 -6.7986636e-09
-11.372900000000001 -1.19893769e-08
-11.3629 -2.07278011e-08
-11.3529 -3.576057e-08
-11.3429 -6.094996499999999e-08
-11.3329 -1.0259137600000001e-07
-11.3229 -1.7164132e-07
-11.3129 -2.8433897e-07
-11.302900000000001 -4.6506909e-07
-11.292900000000001 -7.523789999999999e-07
-11.282900000000001 -1.2081171000000001e-06
-11.2729 -1.9187457999999996e-06
-11.2629 -3.0149132999999997e-06
-11.2529 -4.689672199999999e-06
-11.2429 -7.237449000000001e-06
-11.2329 -1.106258e-05
-11.222900000000001 -1.6646667e-05
-11.212900000000001 -2.4968694e-05
-11.202900000000001 -3.694693999999999e-05
-11.192900000000002 -5.43054e-05
-11.1829 -7.887775000000001e-05
-11.1729 -0.00011370768
-11.1629 -0.00016145319999999997
-11.1529 -0.0002285036
-11.142900000000001 -0.00031897889999999996
-11.132900000000001 -0.00044202929999999997
-11.122900000000001 -0.0006058598
-11.1129 -0.0008237559999999999
-11.1029 -0.001109104
-11.0929 -0.001476371
-11.0829 -0.001946332
-11.0729 -0.0025497320000000003
-11.0629 -0.0033078779999999998
-11.052900000000001 -0.00424216
-11.042900000000001 -0.0054047
-11.032900000000001 -0.006808240000000001
-11.0229 -0.00850609
-11.0129 -0.010502710000000002
-11.0029 -0.01290292
-10.9929 -0.0157354
-10.9829 -0.0189088
-10.972900000000001 -0.0226316
-10.962900000000001 -0.0267202
-10.952900000000001 -0.0313902
-10.942900000000002 -0.0365624
-10.9329 -0.042161
-10.9229 -0.048311
-10.9129 -0.05484700000000001
-10.9029 -0.061912
-10.892900000000001 -0.069243
-10.882900000000001 -0.076884
-10.872900000000001 -0.084889
-10.8629 -0.09303299999999999
-10.8529 -0.10146399999999998
-10.8429 -0.10992699999999998
-10.8329 -0.11860799999999999
-10.8229 -0.127274
-10.8129 -0.13657
-10.802900000000001 -0.14497
-10.792900000000001 -0.15409
-10.782900000000001 -0.16320999999999997
-10.7729 -0.17332
-10.7629 -0.18313999999999997
-10.7529 -0.19285
-10.7429 -0.20324
-10.7329 -0.21352
-10.722900000000001 -0.22449000000000002
-10.712900000000001 -0.23588000000000003
-10.702900000000001 -0.24792999999999998
-10.692900000000002 -0.25978999999999997
-10.6829 -0.27176
-10.6729 -0.2835
-10.6629 -0.29521000000000003
-10.6529 -0.30634999999999996
-10.642900000000001 -0.31711
-10.632900000000001 -0.32694999999999996
-10.622900000000001 -0.33581
-10.6129 -0.34381
-10.6029 -0.35058999999999996
-10.5929 -0.35612
-10.5829 -0.36041
-10.5729 -0.36344
-10.5629 -0.36524
-10.552900000000001 -0.36582000000000003
-10.542900000000001 -0.3654700000000001
-10.532900000000001 -0.36380999999999997
-10.5229 -0.36154000000000003
-10.5129 -0.35851
-10.5029 -0.355
-10.4929 -0.35092999999999996
-10.4829 -0.34672000000000003
-10.472900000000001 -0.34206000000000003
-10.462900000000001 -0.33747
-10.452900000000001 -0.33256
-10.442900000000002 -0.32783
-10.4329 -0.32318
-10.4229 -0.31853000000000004
-10.4129 -0.31384999999999996
-10.4029 -0.30916
-10.392900000000001 -0.30445
-10.382900000000001 -0.29982
-10.372900000000001 -0.29517
-10.3629 -0.2904
-10.352900000000002 -0.28541
-10.3429 -0.28039
-10.3329 -0.27526
-10.3229 -0.27014
-10.3129 -0.26489
-10.302900000000001 -0.25933
-10.292900000000001 -0.25417999999999996
-10.282900000000001 -0.24894000000000002
-10.2729 -0.24371000000000004
-10.2629 -0.23859999999999998
-10.2529 -0.23363
-10.2429 -0.22899999999999998
-10.2329 -0.22441
-10.222900000000001 -0.22028
-10.212900000000001 -0.21639
-10.2029 -0.21286000000000002
-10.192900000000002 -0.20969000000000002
-10.1829 -0.20698
-10.1729 -0.20443
-10.1629 -0.20232
-10.1529 -0.20037
-10.142900000000001 -0.19896
-10.132900000000001 -0.19758
-10.122900000000001 -0.19641999999999998
-10.1129 -0.19535999999999998
-10.102900000000002 -0.19431
-10.0929 -0.19322999999999999
-10.0829 -0.19193
-10.0729 -0.19068
-10.0629 -0.18898
-10.052900000000001 -0.18701999999999996
-10.042900000000001 -0.18458
-10.032900000000001 -0.18157999999999996
-10.0229 -0.17829
-10.0129 -0.17440999999999998
-10.0029 -0.17017
-9.9929 -0.16515999999999997
-9.9829 -0.15988999999999998
-9.972900000000001 -0.15426
-9.962900000000001 -0.14819
-9.9529 -0.14201
-9.942900000000002 -0.13561
-9.9329 -0.1292
-9.9229 -0.12282
-9.9129 -0.11676
-9.9029 -0.11075
-9.892900000000001 -0.10518000000000001
-9.882900000000001 -0.09986
-9.872900000000001 -0.09511
-9.8629 -0.09072000000000001
-9.852900000000002 -0.08678000000000001
-9.8429 -0.08351
-9.8329 -0.08041
-9.8229 -0.07783999999999999
-9.8129 -0.07583
-9.802900000000001 -0.07405999999999999
-9.792900000000001 -0.07263
-9.782900000000001 -0.07163
-9.7729 -0.07053999999999999
-9.7629 -0.06977
-9.7529 -0.06931000000000001
-9.7429 -0.06864
-9.7329 -0.06789
-9.722900000000001 -0.06742
-9.712900000000001 -0.06665
-9.7029 -0.06607
-9.692900000000002 -0.06517999999999999
-9.6829 -0.06406
-9.6729 -0.06283
-9.6629 -0.06157
-9.6529 -0.06001
-9.642900000000001 -0.05838
-9.632900000000001 -0.05643
-9.622900000000001 -0.054469000000000004
-9.6129 -0.05231999999999999
-9.602900000000002 -0.049951999999999996
-9.5929 -0.04770800000000001
-9.5829 -0.045174
-9.5729 -0.042663999999999994
-9.5629 -0.040186
-9.552900000000001 -0.037612
-9.542900000000001 -0.035105
-9.532900000000001 -0.032654
-9.5229 -0.030286
-9.5129 -0.028038
-9.5029 -0.025891
-9.4929 -0.023929
-9.4829 -0.022109999999999998
-9.472900000000001 -0.020458
-9.462900000000001 -0.018997
-9.4529 -0.017723000000000003
-9.442900000000002 -0.016601
-9.4329 -0.015694
-9.4229 -0.014928999999999998
-9.4129 -0.014315000000000001
-9.4029 -0.013861
-9.392900000000001 -0.013526000000000002
-9.382900000000001 -0.0133
-9.372900000000001 -0.013179000000000001
-9.3629 -0.013124000000000002
-9.352900000000002 -0.013142999999999998
-9.3429 -0.013208
-9.3329 -0.013294
-9.3229 -0.013422
-9.3129 -0.013531
-9.302900000000001 -0.013661
-9.292900000000001 -0.013759999999999998
-9.282900000000001 -0.013829000000000001
-9.2729 -0.013867
-9.2629 -0.013872
-9.2529 -0.013806
-9.2429 -0.013696
-9.2329 -0.013524999999999999
-9.222900000000001 -0.013289
-9.212900000000001 -0.012992
-9.2029 -0.012622999999999999
-9.192900000000002 -0.012187
-9.1829 -0.011701
-9.1729 -0.0111523
-9.1629 -0.010559800000000001
-9.1529 -0.009925300000000001
-9.142900000000001 -0.0092717
-9.132900000000001 -0.008595
-9.122900000000001 -0.0079033
-9.1129 -0.007200600000000001
-9.102900000000002 -0.006534800000000001
-9.0929 -0.005875
-9.0829 -0.0052413
-9.0729 -0.0046415
-9.0629 -0.0040757
-9.052900000000001 -0.0035723000000000005
-9.042900000000001 -0.0031002200000000003
-9.032900000000001 -0.00267986
-9.0229 -0.00230282
-9.0129 -0.0019732400000000002
-9.0029 -0.00168695
-8.9929 -0.00143893
-8.9829 -0.00122994
-8.972900000000001 -0.00105053
-8.962900000000001 -0.0009028
-8.9529 -0.00077943
-8.942900000000002 -0.00067669
-8.9329 -0.0005918799999999999
-8.9229 -0.00052215
-8.9129 -0.00046343999999999997
-8.9029 -0.00041451
-8.892900000000001 -0.00037297
-8.882900000000001 -0.00033712200000000003
-8.872900000000001 -0.00030569399999999996
-8.8629 -0.00027743600000000005
-8.852900000000002 -0.00025197800000000003
-8.8429 -0.00022841000000000002
-8.8329 -0.000206321
-8.8229 -0.00018579099999999998
-8.8129 -0.000166411
-8.802900000000001 -0.000148188
-8.792900000000001 -0.000131113
-8.782900000000001 -0.00011528499999999999
-8.7729 -0.00010061400000000001
-8.7629 -8.704749999999999e-05
-8.7529 -7.49461e-05
-8.7429 -6.40488e-05
-8.7329 -5.455999999999999e-05
-8.722900000000001 -4.63862e-05
-8.712900000000001 -3.99777e-05
-8.7029 -3.5284300000000004e-05
-8.692900000000002 -3.2841599999999994e-05
-8.6829 -3.33853e-05
-8.6729 -3.789933e-05
-8.6629 -4.837157e-05
-8.6529 -6.761717e-05
-8.642900000000001 -9.97504e-05
-8.632900000000001 -0.0001508209
-8.622900000000001 -0.00023144310000000002
-8.6129 -0.000354366
-8.602900000000002 -0.0005405436
-8.5929 -0.0008169213
-8.5829 -0.0012214685999999998
-8.5729 -0.0018111574999999998
-8.5629 -0.0026609686000000003
-8.552900000000001 -0.00386089361
-8.542900000000001 -0.00554092364
-8.532900000000001 -0.00788106863
-8.5229 -0.01110133529
-8.5129 -0.015401762340000002
-8.5029 -0.021302365559999998
-8.4929 -0.029003210399
-8.4829 -0.039204333077
-8.472900000000001 -0.052405811577
-8.462900000000001 -0.069207743916
-8.4529 -0.09061020887599999
-8.442900000000002 -0.1170134056102
-8.4329 -0.1500173035074
-8.4229 -0.19102220218680002
-8.4129 -0.2400282013729
-8.4029 -0.2980354009029
-8.392900000000001 -0.36704410068588
-8.382900000000001 -0.44705440069271996
-8.372900000000001 -0.5390665009650201
-8.3629 -0.64408040163638
-8.352900000000002 -0.76209630298928
-8.3429 -0.8921140055599501
-8.3329 -1.0301340103466101
-8.3229 -1.19015701907991
-8.3129 -1.3501810349547003
-8.302900000000001 -1.520207063
-8.2929 -1.7002351129814
-8.282900000000001 -1.8702652002270002
-8.2729 -2.050296351579
-8.262900000000002 -2.230327611021
-8.2529 -2.4003610497800003
-8.2429 -2.56039378707
-8.2329 -2.70042801225
-8.222900000000001 -2.83046201888
-8.212900000000001 -2.9504962948699998
-8.2029 -3.0405315546400002
-8.192900000000002 -3.1205689404000005
-8.1829 -3.1706101657
-8.1729 -3.2006568057
-8.1629 -3.2207145683
-8.1529 -3.2107871656
-8.142900000000001 -3.190884715
-8.132900000000001 -3.151017641
-8.122900000000001 -3.101202982
-8.1129 -3.04146649
-8.102900000000002 -2.9718372380000004
-8.0929 -2.90235933
-8.0829 -2.8230939000000004
-8.0729 -2.75411616
-8.0629 -2.67552935
-8.052900000000001 -2.6074648199999997
-8.0429 -2.5401030299999996
-8.032900000000001 -2.4836445600000006
-8.0229 -2.4283712
-8.012900000000002 -2.3846068
-8.0029 -2.3427478
-7.992900000000001 -2.3133054
-7.982900000000001 -2.2969717000000003
-7.972900000000001 -2.2840485999999998
-7.9629 -2.2756292
-7.9529000000000005 -2.2824269999999998
-7.942900000000001 -2.2955340000000004
-7.932900000000001 -2.315866
-7.9229 -2.344716
-7.9129000000000005 -2.383013
-7.902900000000001 -2.4423289999999995
-7.892900000000001 -2.503603
-7.882900000000001 -2.586921
-7.8729000000000005 -2.6753020000000003
-7.862900000000001 -2.787752
-7.852900000000001 -2.9182900000000003
-7.842900000000001 -3.05291
-7.8329 -3.2146299999999997
-7.822900000000001 -3.3934499999999996
-7.812900000000001 -3.58939
-7.802900000000001 -3.7994399999999997
-7.7929 -4.02663
-7.782900000000001 -4.26594
-7.772900000000001 -4.5193900000000005
-7.762900000000001 -4.78296
-7.7529 -5.065670000000001
-7.742900000000001 -5.33751
-7.732900000000001 -5.62948
-7.722900000000001 -5.93154
-7.7129 -6.2337
-7.7029000000000005 -6.515949999999999
-7.692900000000001 -6.808269999999999
-7.682900000000001 -7.090629999999999
-7.6729 -7.38298
-7.6629000000000005 -7.66547
-7.652900000000001 -7.92796
-7.642900000000001 -8.200149999999999
-7.632900000000001 -8.44265
-7.6229000000000005 -8.69486
-7.612900000000001 -8.927059999999999
-7.602900000000001 -9.15927
-7.592900000000001 -9.38148
-7.5829 -9.613380000000001
-7.572900000000001 -9.815489999999999
-7.562900000000001 -10.037500000000001
-7.552900000000001 -10.249399999999998
-7.5429 -10.4615
-7.532900000000001 -10.6836
-7.522900000000001 -10.915890000000001
-7.512900000000001 -11.16828
-7.5029 -11.41085
-7.492900000000001 -11.683620000000001
-7.482900000000001 -11.97668
-7.472900000000001 -12.280339999999999
-7.4629 -12.61398
-7.4529000000000005 -12.96821
-7.442900000000001 -13.35294
-7.432900000000001 -13.72785
-7.4229 -14.15346
-7.4129000000000005 -14.58916
-7.402900000000001 -15.05545
-7.392900000000001 -15.521740000000001
-7.382900000000001 -15.99862
-7.3729000000000005 -16.47549
-7.362900000000001 -16.962359999999997
-7.352900000000001 -17.419220000000003
-7.342900000000001 -17.88599
-7.3329 -18.30234
-7.322900000000001 -18.7184
-7.312900000000001 -19.07385
-7.302900000000001 -19.41861
-7.2929 -19.682560000000002
-7.282900000000001 -19.89551
-7.272900000000001 -20.04766
-7.262900000000001 -20.13871
-7.2529 -20.138659999999998
-7.242900000000001 -20.07751
-7.232900000000001 -19.94536
-7.222900000000001 -19.732
-7.2129 -19.44775
-7.2029000000000005 -19.12249
-7.192900000000001 -18.73643
-7.182900000000001 -18.269669999999998
-7.1729 -17.79241
-7.1629000000000005 -17.27454
-7.152900000000001 -16.73668
-7.142900000000001 -16.17851
-7.132900000000001 -15.610330000000001
-7.1229000000000005 -15.062159999999999
-7.112900000000001 -14.50429
-7.102900000000001 -13.97671
-7.092900000000001 -13.479540000000002
-7.0829 -12.99286
-7.072900000000001 -12.54659
-7.062900000000001 -12.16102
-7.052900000000001 -11.795849999999998
-7.0429 -11.49109
-7.032900000000001 -11.21704
-7.022900000000001 -10.973479999999999
-7.012900000000001 -10.79014
-7.0029 -10.6274
-6.992900000000001 -10.525260000000001
-6.982900000000001 -10.44313
-6.972900000000001 -10.39161
-6.9629 -10.37029
-6.9529000000000005 -10.359070000000001
-6.942900000000001 -10.378150000000002
-6.932900000000001 -10.38733
-6.9229 -10.41662
-6.9129000000000005 -10.425999999999998
-6.902900000000001 -10.42549
-6.892900000000001 -10.42507
-6.882900000000001 -10.38445
-6.8729000000000005 -10.323830000000001
-6.862900000000001 -10.2332
-6.852900000000001 -10.092580000000002
-6.842900000000001 -9.92165
-6.8329 -9.700769999999999
-6.822900000000001 -9.42976
-6.812900000000001 -9.13866
-6.802900000000001 -8.78745
-6.7929 -8.390139999999999
-6.782900000000001 -7.97276
-6.772900000000001 -7.515340000000002
-6.762900000000001 -7.03983
-6.7529 -6.5473099999999995
-6.742900000000001 -6.05777
-6.732900000000001 -5.542267000000001
-6.722900000000001 -5.030778
-6.7129 -4.543335
-6.7029000000000005 -4.070961
-6.692900000000001 -3.6236759999999997
-6.682900000000001 -3.185472
-6.6729 -2.7863800000000003
-6.6629000000000005 -2.4164
-6.652900000000001 -2.08154
-6.642900000000001 -1.7798000000000003
-6.632900000000001 -1.51118
-6.6229000000000005 -1.27667
-6.612900000000001 -1.07198
-6.602900000000001 -0.8962900000000001
-6.592900000000001 -0.74709
-6.5829 -0.6229939999999999
-6.572900000000001 -0.5187780000000001
-6.562900000000001 -0.43513199999999996
-6.552900000000001 -0.366661
-6.5429 -0.313139
-6.532900000000001 -0.270765
-6.522900000000001 -0.238042
-6.512900000000001 -0.21325
-6.5029 -0.19488
-6.492900000000001 -0.18165000000000003
-6.482900000000001 -0.17244000000000004
-6.472900000000001 -0.16635
-6.4629 -0.16259
-6.4529000000000005 -0.16082
-6.442900000000001 -0.1604
-6.432900000000001 -0.16079
-6.4229 -0.1622
-6.4129000000000005 -0.16413999999999998
-6.402900000000001 -0.16652
-6.392900000000001 -0.16945
-6.382900000000001 -0.17270999999999997
-6.3729000000000005 -0.17623999999999998
-6.362900000000001 -0.18014
-6.352900000000001 -0.18463000000000002
-6.342900000000001 -0.18931
-6.3329 -0.19438
-6.322900000000001 -0.19977
-6.312900000000001 -0.2055
-6.302900000000001 -0.21176999999999999
-6.2929 -0.21819
-6.282900000000001 -0.22499
-6.272900000000001 -0.23198999999999997
-6.262900000000001 -0.23941
-6.2529 -0.24707
-6.242900000000001 -0.2549
-6.232900000000001 -0.26303
-6.222900000000001 -0.27143
-6.2129 -0.2801
-6.2029000000000005 -0.28900000000000003
-6.192900000000001 -0.2983
-6.182900000000001 -0.3083
-6.1729 -0.3186
-6.1629000000000005 -0.3297
-6.152900000000001 -0.3419
-6.142900000000001 -0.3544
-6.132900000000001 -0.3685
-6.1229000000000005 -0.383
-6.112900000000001 -0.39940000000000003
-6.102900000000001 -0.4176
-6.092900000000001 -0.4365
-6.0829 -0.45609999999999995
-6.072900000000001 -0.477
-6.062900000000001 -0.4997
-6.052900000000001 -0.5235
-6.0429 -0.5485
-6.032900000000001 -0.5736
-6.022900000000001 -0.5993
-6.012900000000001 -0.625
-6.0029 -0.6503000000000001
-5.992900000000001 -0.6749
-5.982900000000001 -0.6985999999999999
-5.972900000000001 -0.7204
-5.9629 -0.7414
-5.9529000000000005 -0.7587
-5.942900000000001 -0.7734
-5.932900000000001 -0.7861
-5.9229 -0.7953999999999999
-5.9129000000000005 -0.8012
-5.902900000000001 -0.8038999999999998
-5.892900000000001 -0.8034
-5.882900000000001 -0.7989
-5.8729000000000005 -0.7915000000000001
-5.862900000000001 -0.7811999999999999
-5.852900000000001 -0.7693000000000001
-5.842900000000001 -0.7528999999999999
-5.8329 -0.7372999999999998
-5.822900000000001 -0.7180000000000001
-5.812900000000001 -0.6993
-5.802900000000001 -0.6804000000000001
-5.7929 -0.6619
-5.782900000000001 -0.6434000000000001
-5.772900000000001 -0.6264000000000001
-5.762900000000001 -0.6115000000000002
-5.7529 -0.5984999999999999
-5.742900000000001 -0.5873
-5.732900000000001 -0.5791000000000001
-5.722900000000001 -0.5729000000000001
-5.7129 -0.57
-5.7029000000000005 -0.5703
-5.692900000000001 -0.5725
-5.682900000000001 -0.5777
-5.6729 -0.5849
-5.6629000000000005 -0.5946
-5.652900000000001 -0.6064999999999999
-5.642900000000001 -0.6213000000000001
-5.632900000000001 -0.6365999999999999
-5.6229000000000005 -0.6534
-5.612900000000001 -0.6718
-5.602900000000001 -0.6895
-5.592900000000001 -0.7089
-5.5829 -0.7285
-5.572900000000001 -0.7482
-5.562900000000001 -0.7669
-5.552900000000001 -0.7858
-5.5429 -0.8015
-5.532900000000001 -0.8179000000000001
-5.522900000000001 -0.8344
-5.512900000000001 -0.8506
-5.5029 -0.8637
-5.492900000000001 -0.8765000000000001
-5.482900000000001 -0.8894
-5.472900000000001 -0.8993
-5.4629 -0.9122
-5.4529000000000005 -0.9223000000000001
-5.442900000000001 -0.9368000000000001
-5.432900000000001 -0.9484000000000001
-5.4229 -0.9617
-5.4129000000000005 -0.9763000000000001
-5.402900000000001 -0.9935
-5.392900000000001 -1.0112
-5.382900000000001 -1.0314
-5.3729000000000005 -1.0519
-5.362900000000001 -1.0739
-5.352900000000001 -1.0992
-5.342900000000001 -1.1224999999999998
-5.3329 -1.148
-5.322900000000001 -1.1754
-5.312900000000001 -1.2047
-5.302900000000001 -1.2308000000000001
-5.2929 -1.2570000000000001
-5.282900000000001 -1.2830000000000001
-5.272900000000001 -1.3090000000000002
-5.262900000000001 -1.331
-5.2529 -1.3550000000000002
-5.242900000000001 -1.374
-5.232900000000001 -1.3910000000000002
-5.222900000000001 -1.409
-5.2129 -1.425
-5.2029000000000005 -1.4330000000000003
-5.192900000000001 -1.4470000000000003
-5.182900000000001 -1.455
-5.1729 -1.459
-5.1629000000000005 -1.4650000000000003
-5.152900000000001 -1.469
-5.142900000000001 -1.471
-5.132900000000001 -1.4700000000000002
-5.1229000000000005 -1.4700000000000002
-5.112900000000001 -1.469
-5.102900000000001 -1.467
-5.092900000000001 -1.464
-5.0829 -1.462
-5.072900000000001 -1.4600000000000002
-5.062900000000001 -1.4560000000000002
-5.052900000000001 -1.457
-5.0429 -1.453
-5.032900000000001 -1.4561
-5.022900000000001 -1.4592
-5.012900000000001 -1.4628
-5.0029 -1.4696000000000002
-4.992900000000001 -1.4799000000000002
-4.982900000000001 -1.4926
-4.972900000000001 -1.508
-4.9629 -1.5270000000000001
-4.9529000000000005 -1.5487000000000002
-4.942900000000001 -1.5742
-4.932900000000001 -1.6034
-4.9229 -1.6364
-4.9129000000000005 -1.6721000000000001
-4.902900000000001 -1.7096
-4.892900000000001 -1.7506
-4.882900000000001 -1.7923999999999998
-4.8729000000000005 -1.8359999999999999
-4.862900000000001 -1.8800000000000001
-4.852900000000001 -1.923
-4.842900000000001 -1.964
-4.8329 -2.004
-4.822900000000001 -2.04
-4.812900000000001 -2.0730000000000004
-4.802900000000001 -2.1010000000000004
-4.7929 -2.126
-4.782900000000001 -2.1450000000000005
-4.772900000000001 -2.159
-4.762900000000001 -2.166
-4.7529 -2.168
-4.742900000000001 -2.1660000000000004
-4.732900000000001 -2.158
-4.722900000000001 -2.145
-4.7129 -2.127
-4.7029000000000005 -2.1060000000000003
-4.692900000000001 -2.084
-4.682900000000001 -2.059
-4.6729 -2.031
-4.6629000000000005 -2.0020000000000002
-4.652900000000001 -1.9769999999999999
-4.642900000000001 -1.9500000000000002
-4.632900000000001 -1.9230000000000003
-4.6229000000000005 -1.901
-4.612900000000001 -1.8760000000000001
-4.602900000000001 -1.855
-4.592900000000001 -1.8369999999999997
-4.5829 -1.8210000000000002
-4.572900000000001 -1.8039999999999998
-4.562900000000001 -1.7920000000000003
-4.552900000000001 -1.7820000000000003
-4.5429 -1.772
-4.532900000000001 -1.7620000000000002
-4.522900000000001 -1.753
-4.512900000000001 -1.7479999999999998
-4.5029 -1.74
-4.492900000000001 -1.7320000000000002
-4.482900000000001 -1.725
-4.472900000000001 -1.7190000000000003
-4.4629 -1.7110000000000003
-4.4529000000000005 -1.701
-4.442900000000001 -1.6959999999999997
-4.432900000000001 -1.687
-4.4229 -1.6799999999999997
-4.4129000000000005 -1.6749999999999998
-4.402900000000001 -1.667
-4.392900000000001 -1.664
-4.382900000000001 -1.66
-4.372900000000001 -1.655
-4.3629000000000016 -1.654
-4.3529 -1.6550000000000002
-4.3429 -1.657
-4.3329 -1.6560000000000001
-4.322900000000001 -1.6620000000000001
-4.312900000000001 -1.667
-4.302900000000001 -1.673
-4.292900000000001 -1.681
-4.2829000000000015 -1.6880000000000002
-4.2729 -1.6959999999999997
-4.2629 -1.706
-4.2529 -1.7160000000000002
-4.242900000000001 -1.722
-4.232900000000001 -1.729
-4.222900000000001 -1.734
-4.212900000000001 -1.741
-4.202900000000001 -1.745
-4.1929 -1.747
-4.1829 -1.749
-4.1729 -1.746
-4.1629000000000005 -1.7429999999999999
-4.152900000000001 -1.739
-4.142900000000001 -1.733
-4.132900000000001 -1.7230000000000003
-4.122900000000001 -1.7109999999999999
-4.1129000000000016 -1.699
-4.1029 -1.6860000000000004
-4.0929 -1.6690000000000003
-4.0829 -1.6530000000000002
-4.072900000000001 -1.635
-4.062900000000001 -1.615
-4.052900000000001 -1.594
-4.042900000000001 -1.5719999999999998
-4.0329000000000015 -1.553
-4.0229 -1.5330000000000001
-4.0129 -1.511
-4.0029 -1.491
-3.9929000000000006 -1.4720000000000002
-3.9829000000000008 -1.453
-3.972900000000001 -1.4340000000000002
-3.962900000000001 -1.4160000000000001
-3.9529000000000014 -1.4020000000000001
-3.9429 -1.3880000000000001
-3.9329 -1.3749999999999998
-3.9229000000000003 -1.363
-3.9129000000000005 -1.3519999999999999
-3.9029000000000007 -1.3439999999999999
-3.892900000000001 -1.338
-3.882900000000001 -1.3339999999999999
-3.8729000000000013 -1.331
-3.8629000000000016 -1.329
-3.8529 -1.3290000000000002
-3.8429 -1.331
-3.8329000000000004 -1.331
-3.8229000000000006 -1.334
-3.812900000000001 -1.337
-3.802900000000001 -1.339
-3.7929000000000013 -1.342
-3.7829000000000015 -1.342
-3.7729 -1.343
-3.7629 -1.343
-3.7529000000000003 -1.341
-3.7429000000000006 -1.3379999999999999
-3.7329000000000008 -1.3319999999999999
-3.722900000000001 -1.3250000000000002
-3.712900000000001 -1.317
-3.7029000000000014 -1.3090000000000002
-3.6929 -1.3
-3.6829 -1.289
-3.6729000000000003 -1.2770000000000001
-3.6629000000000005 -1.268
-3.6529000000000007 -1.254
-3.642900000000001 -1.246
-3.632900000000001 -1.236
-3.6229000000000013 -1.2280000000000002
-3.6129000000000016 -1.221
-3.6029 -1.217
-3.5929 -1.211
-3.5829000000000004 -1.2080000000000002
-3.5729000000000006 -1.208
-3.562900000000001 -1.206
-3.552900000000001 -1.2060000000000002
-3.5429000000000013 -1.206
-3.5329000000000015 -1.206
-3.5229 -1.206
-3.5129 -1.205
-3.5029000000000003 -1.204
-3.4929000000000006 -1.202
-3.4829000000000008 -1.197
-3.472900000000001 -1.193
-3.462900000000001 -1.188
-3.4529000000000014 -1.182
-3.4429 -1.176
-3.4329 -1.1660000000000001
-3.4229000000000003 -1.16
-3.4129000000000005 -1.153
-3.4029000000000007 -1.1460000000000001
-3.392900000000001 -1.141
-3.382900000000001 -1.139
-3.3729000000000013 -1.139
-3.3629000000000016 -1.141
-3.3529 -1.1459
-3.3429 -1.1527999999999998
-3.3329000000000004 -1.161
-3.3229000000000006 -1.1729999999999998
-3.312900000000001 -1.1869999999999998
-3.302900000000001 -1.2049999999999998
-3.2929000000000013 -1.2229999999999996
-3.2829000000000015 -1.2429999999999997
-3.2729 -1.267
-3.2629 -1.289
-3.2529000000000003 -1.3099999999999998
-3.2429000000000006 -1.335
-3.2329000000000008 -1.3599999999999999
-3.222900000000001 -1.383
-3.212900000000001 -1.4069999999999998
-3.2029000000000014 -1.43
-3.1929 -1.451
-3.1829 -1.473
-3.1729000000000003 -1.4920000000000002
-3.1629000000000005 -1.5119999999999998
-3.1529000000000007 -1.528
-3.142900000000001 -1.5430000000000001
-3.132900000000001 -1.556
-3.1229000000000013 -1.5660000000000003
-3.1129000000000016 -1.575
-3.1029 -1.583
-3.0929 -1.5859999999999999
-3.0829000000000004 -1.5873
-3.0729000000000006 -1.5873
-3.062900000000001 -1.5814
-3.052900000000001 -1.5746999999999998
-3.0429000000000013 -1.5681
-3.0329000000000015 -1.5565999999999998
-3.0229 -1.5422
-3.0129 -1.5249
-3.0029000000000003 -1.5087
-2.9929000000000006 -1.4915000000000003
-2.9829000000000008 -1.4724
-2.972900000000001 -1.4522000000000002
-2.962900000000001 -1.4331
-2.9529000000000014 -1.413
-2.9429 -1.3989
-2.9329 -1.3807999999999998
-2.9229000000000003 -1.3676999999999997
-2.9129000000000005 -1.3565999999999998
-2.9029000000000007 -1.3465999999999998
-2.892900000000001 -1.3374999999999997
-2.882900000000001 -1.3303999999999998
-2.8729000000000013 -1.3273000000000001
-2.8629000000000016 -1.3262999999999998
-2.8529 -1.3264
-2.8429 -1.3275
-2.8329000000000004 -1.3296000000000001
-2.8229000000000006 -1.3329
-2.812900000000001 -1.3372000000000002
-2.802900000000001 -1.3406
-2.7929000000000013 -1.3472000000000002
-2.7829000000000015 -1.3518
-2.7729 -1.3585000000000003
-2.7629 -1.3614000000000002
-2.7529000000000003 -1.3673
-2.7429000000000006 -1.3703999999999998
-2.7329000000000008 -1.374
-2.722900000000001 -1.377
-2.712900000000001 -1.3769999999999998
-2.7029000000000014 -1.378
-2.6929 -1.3760000000000001
-2.6829 -1.3760000000000001
-2.6729000000000003 -1.37
-2.6629000000000005 -1.366
-2.6529000000000007 -1.361
-2.642900000000001 -1.3530000000000002
-2.632900000000001 -1.3449999999999998
-2.6229000000000013 -1.3360000000000003
-2.6129000000000016 -1.3269999999999997
-2.6029 -1.3179999999999998
-2.5929 -1.31
-2.5829000000000004 -1.301
-2.5729000000000006 -1.2939999999999998
-2.562900000000001 -1.286
-2.552900000000001 -1.282
-2.5429000000000013 -1.2770000000000001
-2.5329000000000015 -1.275
-2.5229 -1.276
-2.5129 -1.276
-2.5029000000000003 -1.28
-2.4929000000000006 -1.285
-2.4829000000000008 -1.289
-2.472900000000001 -1.2950000000000002
-2.462900000000001 -1.304
-2.4529000000000014 -1.31
-2.4429 -1.32
-2.4329 -1.3270000000000002
-2.4229000000000003 -1.335
-2.4129000000000005 -1.3430000000000002
-2.4029000000000007 -1.35
-2.392900000000001 -1.356
-2.382900000000001 -1.3590000000000002
-2.3729000000000013 -1.3610000000000002
-2.3629000000000016 -1.3630000000000002
-2.3529 -1.361
-2.3429 -1.3570000000000002
-2.3329000000000004 -1.355
-2.3229000000000006 -1.347
-2.312900000000001 -1.338
-2.302900000000001 -1.329
-2.2929000000000013 -1.3170000000000002
-2.2829000000000015 -1.304
-2.2729 -1.2888
-2.2629 -1.2731
-2.2529000000000003 -1.2545000000000002
-2.2429000000000006 -1.2378
-2.2329000000000008 -1.2192
-2.222900000000001 -1.1985000000000001
-2.212900000000001 -1.1779000000000002
-2.2029000000000014 -1.1573
-2.1929 -1.1377
-2.1829 -1.1151
-2.1729000000000003 -1.0924999999999998
-2.1629000000000005 -1.068
-2.1529000000000007 -1.0466
-2.142900000000001 -1.0212
-2.132900000000001 -0.9978
-2.1229000000000013 -0.9745
-2.1129000000000016 -0.9503
-2.1029 -0.9262
-2.0929 -0.9021000000000001
-2.0829000000000004 -0.8796
-2.0729000000000006 -0.8568
-2.062900000000001 -0.835
-2.052900000000001 -0.8134999999999999
-2.0429000000000013 -0.7945
-2.0329000000000015 -0.7748
-2.0229 -0.7598
-2.0129 -0.7466
-2.0029000000000003 -0.7352
-1.9929000000000006 -0.7269999999999999
-1.9829000000000008 -0.722
-1.972900000000001 -0.7214
-1.9629000000000012 -0.7242
-1.9529000000000014 -0.7297
-1.9428999999999998 -0.7389
-1.9329 -0.7516999999999999
-1.9229000000000003 -0.7681
-1.9129000000000005 -0.7875
-1.9029000000000007 -0.8114
-1.892900000000001 -0.8382000000000001
-1.8829000000000011 -0.8667
-1.8729000000000013 -0.8986000000000001
-1.8629000000000016 -0.9331
-1.8529 -0.9690000000000001
-1.8429000000000002 -1.0070999999999999
-1.8329000000000004 -1.0474
-1.8229000000000006 -1.0876
-1.8129000000000008 -1.1295
-1.802900000000001 -1.1691
-1.7929000000000013 -1.2120000000000002
-1.7829000000000015 -1.2520000000000002
-1.7729 -1.2892000000000001
-1.7629000000000001 -1.3246000000000002
-1.7529000000000003 -1.3600999999999999
-1.7429000000000006 -1.3898000000000001
-1.7329000000000008 -1.4195000000000002
-1.722900000000001 -1.4402000000000004
-1.7129000000000012 -1.4620000000000002
-1.7029000000000014 -1.4757
-1.6928999999999998 -1.4914
-1.6829 -1.499
-1.6729000000000003 -1.5014
-1.6629000000000005 -1.5029000000000001
-1.6529000000000007 -1.5007000000000001
-1.642900000000001 -1.4958
-1.6329000000000011 -1.4885000000000002
-1.6229000000000013 -1.4797000000000002
-1.6129000000000016 -1.4714
-1.6029 -1.4618
-1.5929000000000002 -1.4517000000000002
-1.5829000000000004 -1.4442
-1.5729000000000006 -1.4373
-1.5629000000000008 -1.4329
-1.552900000000001 -1.428
-1.5429000000000013 -1.4296000000000002
-1.5329000000000015 -1.4325
-1.5229 -1.4378000000000002
-1.5129000000000001 -1.4483000000000001
-1.5029000000000003 -1.46
-1.4929000000000006 -1.4758000000000002
-1.4829000000000008 -1.4936000000000003
-1.472900000000001 -1.5150000000000001
-1.4629000000000012 -1.536
-1.4529000000000014 -1.5590000000000002
-1.4428999999999998 -1.5840000000000003
-1.4329 -1.6089999999999998
-1.4229000000000003 -1.632
-1.4129000000000005 -1.6549999999999998
-1.4029000000000007 -1.6769999999999998
-1.392900000000001 -1.6969999999999998
-1.3829000000000011 -1.716
-1.3729000000000013 -1.7339999999999998
-1.3629000000000016 -1.7480000000000002
-1.3529 -1.763
-1.3429000000000002 -1.7750000000000001
-1.3329000000000004 -1.789
-1.3229000000000006 -1.8000000000000003
-1.3129000000000008 -1.8110000000000002
-1.302900000000001 -1.8239999999999998
-1.2929000000000013 -1.8399999999999999
-1.2829000000000015 -1.8526
-1.2729 -1.8698000000000001
-1.2629000000000001 -1.8891999999999998
-1.2529000000000003 -1.9087999999999998
-1.2429000000000006 -1.9304999999999997
-1.2329000000000008 -1.9544
-1.222900000000001 -1.9804
-1.2129000000000012 -2.0075
-1.2029000000000014 -2.0357
-1.1928999999999998 -2.061
-1.1829 -2.0872
-1.1729000000000003 -2.1124
-1.1629000000000005 -2.1366
-1.1529000000000007 -2.1566
-1.142900000000001 -2.1746000000000003
-1.1329000000000011 -2.1883
-1.1229000000000013 -2.196
-1.1129000000000016 -2.2034
-1.1029 -2.2046
-1.0929000000000002 -2.2016
-1.0829000000000004 -2.1954000000000002
-1.0729000000000006 -2.1829
-1.0629000000000008 -2.1683
-1.052900000000001 -2.1473999999999998
-1.0429000000000013 -2.1262999999999996
-1.0329000000000015 -2.1001
-1.0229 -2.0717
-1.0129000000000001 -2.0422
-1.0029000000000003 -2.0105999999999997
-0.9929000000000006 -1.9769
-0.9829000000000008 -1.9451999999999998
-0.972900000000001 -1.9115000000000002
-0.9629000000000012 -1.8786999999999998
-0.9529000000000014 -1.8470000000000004
-0.9428999999999998 -1.8154
-0.9329000000000001 -1.7868
-0.9229000000000003 -1.7583
-0.9129000000000005 -1.7318
-0.9029000000000007 -1.7075
-0.8929000000000009 -1.6843
-0.8829000000000011 -1.6601
-0.8729000000000013 -1.64
-0.8629000000000016 -1.62
-0.8529 -1.6011000000000002
-0.8429000000000002 -1.5802
-0.8329000000000004 -1.5604
-0.8229000000000006 -1.5406
-0.8129000000000008 -1.5228000000000002
-0.8029000000000011 -1.5001
-0.7929000000000013 -1.4784000000000002
-0.7829000000000015 -1.4528
-0.7728999999999999 -1.4269
-0.7629000000000001 -1.4013
-0.7529000000000003 -1.3723999999999998
-0.7429000000000006 -1.3428
-0.7329000000000008 -1.3127
-0.722900000000001 -1.2783000000000002
-0.7129000000000012 -1.2453
-0.7029000000000014 -1.2107
-0.6928999999999998 -1.1759000000000002
-0.6829000000000001 -1.1416
-0.6729000000000003 -1.1062999999999998
-0.6629000000000005 -1.0716
-0.6529000000000007 -1.0368
-0.6429000000000009 -1.003
-0.6329000000000011 -0.9704
-0.6229000000000013 -0.9389000000000001
-0.6129000000000016 -0.9076000000000001
-0.6029 -0.8777
-0.5929000000000002 -0.8503
-0.5829000000000004 -0.8221999999999999
-0.5729000000000006 -0.7954
-0.5629000000000008 -0.7691
-0.5529000000000011 -0.7439
-0.5429000000000013 -0.7185
-0.5329000000000015 -0.6935
-0.5228999999999999 -0.6680999999999999
-0.5129000000000001 -0.6424
-0.5029000000000003 -0.6152
-0.49290000000000056 -0.5876399999999999
-0.4829000000000008 -0.55956
-0.472900000000001 -0.52979
-0.4629000000000012 -0.4991399999999999
-0.4529000000000014 -0.46760000000000007
-0.44289999999999985 -0.43581000000000003
-0.43290000000000006 -0.40375
-0.4229000000000003 -0.37121000000000004
-0.4129000000000005 -0.33896999999999994
-0.4029000000000007 -0.30688000000000004
-0.3929000000000009 -0.27579
-0.38290000000000113 -0.246598
-0.37290000000000134 -0.21811799999999998
-0.36290000000000155 -0.19129
-0.3529 -0.16595900000000002
-0.3429000000000002 -0.14308700000000002
-0.3329000000000004 -0.122581
-0.32290000000000063 -0.103467
-0.31290000000000084 -0.08671200000000001
-0.30290000000000106 -0.0719377
-0.29290000000000127 -0.0591396
-0.2829000000000015 -0.0481643
-0.2728999999999999 -0.0388938
-0.26290000000000013 -0.0310065
-0.25290000000000035 -0.0244837
-0.24290000000000056 -0.019212700000000003
-0.23290000000000077 -0.01488235
-0.222900000000001 -0.01138277
-0.2129000000000012 -0.00866835
-0.2029000000000014 -0.00651164
-0.19289999999999985 -0.00484988
-0.18290000000000006 -0.003568965
-0.17290000000000028 -0.00260631
-0.1629000000000005 -0.001879871
-0.1529000000000007 -0.001337966
-0.14290000000000092 -0.000946423
-0.13290000000000113 -0.0006613716000000001
-0.12290000000000134 -0.0004581472
-0.11290000000000155 -0.00031318629999999996
-0.10289999999999999 -0.0002121529
-0.0929000000000002 -0.0001427593
-0.08290000000000042 -9.441518e-05
-0.07290000000000063 -6.198108e-05
-0.06290000000000084 -4.026305e-05
-0.05290000000000106 -2.5887930000000002e-05
-0.04290000000000127 -1.6508197e-05
-0.032900000000001484 -1.0393239000000002e-05
-0.02289999999999992 -6.449434e-06
-0.012900000000000134 -3.973472e-06
-0.0029000000000003467 -2.4246102999999997e-06
0.00709999999999944 -1.4568389e-06
0.017099999999999227 -8.719848000000001e-07
0.027099999999999014 -5.1540873e-07
0.0370999999999988 -3.004867e-07
0.04709999999999859 -1.7415912e-07
0.05710000000000015 -9.950968e-08
0.06709999999999994 -5.6319825000000005e-08
0.07709999999999972 -3.1469869999999995e-08
0.08709999999999951 -1.741532e-08
0.0970999999999993 -9.5621313e-09
0.10709999999999908 -5.1832769e-09
0.11709999999999887 -2.7799717699999997e-09
0.12709999999999866 -1.4764e-09
0.13709999999999845 -7.749e-10
0.1471 -4.0219e-10
0.1570999999999998 -2.0668999999999999e-10
0.16709999999999958 -1.0488e-10
0.17709999999999937 -5.274e-11
0.18709999999999916 -2.6268e-11
0.19709999999999894 -1.2930000000000001e-11
0.20709999999999873 -6.21e-12
0.21709999999999852 -2.9222000000000002e-12
0.22710000000000008 -1.1303e-12
0.23709999999999987 -1.7035e-13
0.24709999999999965 -0.0
0.25709999999999944 -0.0
0.2670999999999992 -0.0
0.277099999999999 -0.0
0.2870999999999988 -0.0
0.2970999999999986 -0.0
0.30710000000000015 -0.0
0.31709999999999994 -0.0
0.3270999999999997 -0.0
0.3370999999999995 -0.0
0.3470999999999993 -0.0
0.3570999999999991 -0.0
0.36709999999999887 -0.0
0.37709999999999866 -0.0
0.38709999999999845 -0.0
0.3971 -0.0
0.4070999999999998 -0.0
0.4170999999999996 -0.0
0.42709999999999937 -0.0
0.43709999999999916 -0.0
0.44709999999999894 -0.0
0.45709999999999873 -0.0
0.4670999999999985 -0.0
0.4771000000000001 -0.0
0.48709999999999987 -0.0
0.49709999999999965 -0.0
0.5070999999999994 -0.0
0.5170999999999992 -0.0
0.527099999999999 -0.0
0.5370999999999988 -0.0
0.5470999999999986 -0.0
0.5571000000000002 -0.0
0.5670999999999999 -0.0
0.5770999999999997 -0.0
0.5870999999999995 -2.860419e-12
0.5970999999999993 -9.42192e-12
0.6070999999999991 -2.470514e-11
0.6170999999999989 -5.19107e-11
0.6270999999999987 -1.0602199999999999e-10
0.6370999999999984 -2.150445e-10
0.6471 -4.310892e-10
0.6570999999999998 -8.54177e-10
0.6670999999999996 -1.680347e-09
0.6770999999999994 -3.250673e-09
0.6870999999999992 -6.24129e-09
0.6970999999999989 -1.190246e-08
0.7070999999999987 -2.230461e-08
0.7170999999999985 -4.140858e-08
0.7271000000000001 -7.61158e-08
0.7370999999999999 -1.380287e-07
0.7470999999999997 -2.490517e-07
0.7570999999999994 -4.44092e-07
0.7670999999999992 -7.81162e-07
0.777099999999999 -1.3602829999999999e-06
0.7870999999999988 -2.350487e-06
0.7970999999999986 -4.010832e-06
0.8071000000000002 -6.7714e-06
0.8170999999999999 -1.130235e-05
0.8270999999999997 -1.870388e-05
0.8370999999999995 -3.060634e-05
0.8470999999999993 -4.95103e-05
0.8570999999999991 -7.92164e-05
0.8670999999999989 -0.000126026
0.8770999999999987 -0.0001970408
0.8870999999999984 -0.00030506319999999996
0.8971 -0.0004690971001392
0.9070999999999998 -0.0007121470002915
0.9170999999999996 -0.001070221000603
0.9270999999999994 -0.0015903290012360002
0.9370999999999992 -0.002340484002727005
0.9470999999999989 -0.003410705005490011
0.9570999999999987 -0.004921020010930023
0.9670999999999985 -0.0070114500224109574
0.9771000000000001 -0.009902040043802005
0.9870999999999999 -0.01380286008480414
0.9970999999999997 -0.019103950163209097
1.0070999999999994 -0.026205400311019762
1.0170999999999992 -0.0355073105840398
1.027099999999999 -0.047609801085079194
1.0370999999999988 -0.0632130019961568
1.0470999999999986 -0.083117103630307
1.0571000000000002 -0.108022206550594
1.0671 -0.139028611711144
1.0770999999999997 -0.178036520692167
1.0870999999999995 -0.22404613620405997
1.0970999999999993 -0.28105766280753
1.107099999999999 -0.34807150761383
1.1170999999999989 -0.42708778282513005
1.1270999999999987 -0.5191063079452
1.1370999999999984 -0.6261285120803999
1.1471 -0.7471538451417
1.1570999999999998 -0.8841823812471001
1.1670999999999996 -1.0402142354260002
1.1770999999999994 -1.200249580729
1.1870999999999992 -1.390289691234
1.197099999999999 -1.590332962066
1.2070999999999987 -1.80038195342
1.2170999999999985 -2.0304345656300002
1.2271 -2.2604940091599994
1.2370999999999999 -2.5105610147499995
1.2470999999999997 -2.76063622353
1.2570999999999994 -3.0107242372
1.2670999999999992 -3.2708286582999997
1.277099999999999 -3.5209566902
1.2870999999999988 -3.7711151386
1.2970999999999986 -4.011317211199999
1.3071000000000002 -4.241580318
1.3171 -4.461923476
1.3270999999999997 -4.672377706
1.3370999999999995 -4.862979038
1.3470999999999993 -5.033781514000001
1.357099999999999 -5.184832188999999
1.3670999999999989 -5.316233139999999
1.3770999999999987 -5.42806446
1.3870999999999984 -5.5104663
1.3971 -5.583588829999999
1.4070999999999998 -5.62763227
1.4170999999999996 -5.652806930000001
1.4270999999999994 -5.659423199999999
1.4370999999999992 -5.647761500000001
1.447099999999999 -5.6184828000000016
1.4570999999999987 -5.5816973
1.4670999999999985 -5.5382264
1.4771 -5.488761299999998
1.4870999999999999 -5.4342033
1.4970999999999997 -5.3751545
1.5070999999999994 -5.3233268
1.5170999999999992 -5.2795132
1.527099999999999 -5.235527
1.5370999999999988 -5.212761000000001
1.5470999999999986 -5.203920000000001
1.5571000000000002 -5.21012
1.5671 -5.235364000000001
1.5770999999999997 -5.281652
1.5870999999999995 -5.360989
1.5970999999999993 -5.457382
1.607099999999999 -5.595851
1.6170999999999989 -5.767385000000001
1.6270999999999987 -5.978009999999999
1.6370999999999984 -6.23172
1.6471 -6.5185200000000005
1.6570999999999998 -6.861439999999999
1.6670999999999996 -7.24849
1.6770999999999994 -7.6796299999999995
1.6870999999999992 -8.18091
1.697099999999999 -8.73232
1.7070999999999987 -9.32387
1.7170999999999985 -9.96555
1.7271 -10.677359999999998
1.7370999999999999 -11.4193
1.7470999999999997 -12.201369999999999
1.7570999999999994 -13.03357
1.7670999999999992 -13.87586
1.777099999999999 -14.758239999999999
1.7870999999999988 -15.630709999999999
1.7970999999999986 -16.52319
1.8071000000000002 -17.41584
1.8171 -18.25848
1.8270999999999997 -19.101030000000005
1.8370999999999995 -19.893579999999996
1.8470999999999993 -20.62614
1.857099999999999 -21.308699999999998
1.8670999999999989 -21.93106
1.8770999999999987 -22.473429999999997
1.8870999999999984 -22.925610000000002
1.8971 -23.307589999999998
1.9070999999999998 -23.59968
1.9170999999999996 -23.78118
1.9270999999999994 -23.882679999999997
1.9370999999999992 -23.883890000000005
1.947099999999999 -23.775000000000002
1.9570999999999987 -23.575609999999998
1.9670999999999985 -23.286129999999996
1.9771 -22.906239999999997
1.9870999999999999 -22.435959999999998
1.9970999999999997 -21.89548
2.0070999999999994 -21.2446
2.0170999999999992 -20.533410000000003
2.027099999999999 -19.771929999999998
2.037099999999999 -18.95014
2.0470999999999986 -18.058049999999994
2.0571 -17.145760000000003
2.0671 -16.21326
2.0770999999999997 -15.26056
2.0870999999999995 -14.28776
2.0970999999999993 -13.334859999999999
2.107099999999999 -12.391850000000002
2.117099999999999 -11.47895
2.1270999999999987 -10.59604
2.1370999999999984 -9.78323
2.1471 -8.99056
2.1571 -8.25808
2.1670999999999996 -7.5958
2.1770999999999994 -6.98373
2.187099999999999 -6.46191
2.197099999999999 -5.980320000000001
2.2070999999999987 -5.55899
2.2170999999999985 -5.228909999999999
2.2271 -4.92105
2.2371 -4.676419999999999
2.2470999999999997 -4.49399
2.2570999999999994 -4.34476
2.2670999999999992 -4.229659999999999
2.277099999999999 -4.15672
2.287099999999999 -4.117889999999999
2.2970999999999986 -4.081159999999999
2.3071 -4.07751
2.3171 -4.1079
2.3270999999999997 -4.1313200000000005
2.3370999999999995 -4.17676
2.3470999999999993 -4.2262
2.357099999999999 -4.277629999999999
2.367099999999999 -4.34305
2.3770999999999987 -4.38945
2.3870999999999984 -4.44982
2.3971 -4.50118
2.4071 -4.554520000000001
2.4170999999999996 -4.61085
2.4270999999999994 -4.658180000000001
2.437099999999999 -4.696529999999999
2.447099999999999 -4.746909999999999
2.4570999999999987 -4.77735
2.4670999999999985 -4.819819999999999
2.4771 -4.87341
2.4871 -4.9070800000000006
2.4970999999999997 -4.96289
2.5070999999999994 -5.007839999999999
2.5170999999999992 -5.074920000000001
2.527099999999999 -5.14118
2.537099999999999 -5.218630000000001
2.5470999999999986 -5.305270000000001
2.5571 -5.401979999999999
2.5671 -5.519069999999999
2.5770999999999997 -5.624359999999999
2.5870999999999995 -5.749739999999999
2.5970999999999993 -5.873219999999999
2.607099999999999 -6.016089999999999
2.617099999999999 -6.14585
2.6270999999999987 -6.285909999999999
2.6370999999999984 -6.41296
2.6471 -6.548110000000001
2.6571 -6.653250000000001
2.6670999999999996 -6.7555
2.6770999999999994 -6.838739999999999
2.687099999999999 -6.9199899999999985
2.697099999999999 -6.9721400000000004
2.7070999999999987 -7.01419
2.7170999999999985 -7.03736
2.7271 -7.032229999999999
2.7371 -7.02902
2.7470999999999997 -6.98771
2.7570999999999994 -6.93932
2.7670999999999992 -6.873749999999999
2.777099999999999 -6.810880000000001
2.787099999999999 -6.721930000000001
2.7970999999999986 -6.634500000000001
2.8071 -6.540069999999998
2.8171 -6.41815
2.8270999999999997 -6.308140000000001
2.8370999999999995 -6.18053
2.8470999999999993 -6.04363
2.857099999999999 -5.917330000000001
2.867099999999999 -5.76264
2.8770999999999987 -5.60753
2.8870999999999984 -5.45313
2.8971 -5.2693200000000004
2.9071 -5.09411
2.9170999999999996 -4.92949
2.9270999999999994 -4.743570000000001
2.937099999999999 -4.55744
2.947099999999999 -4.361999999999999
2.9570999999999987 -4.1653600000000015
2.9670999999999985 -3.9787100000000004
2.9771 -3.80086
2.9871 -3.622
2.9970999999999997 -3.44824
3.0070999999999994 -3.28157
3.0170999999999992 -3.1228
3.027099999999999 -2.97542
3.037099999999999 -2.83494
3.0470999999999986 -2.70686
3.0571 -2.5849699999999998
3.0671 -2.4772700000000003
3.0770999999999997 -2.38088
3.0870999999999995 -2.2865800000000003
3.0970999999999993 -2.2156800000000003
3.107099999999999 -2.14394
3.117099999999999 -2.0724099999999996
3.1270999999999987 -2.01108
3.1370999999999984 -1.9569099999999997
3.1471 -1.91091
3.1571 -1.8630300000000002
3.1670999999999996 -1.8192599999999999
3.1770999999999994 -1.7815699999999999
3.187099999999999 -1.7369400000000002
3.197099999999999 -1.69536
3.2070999999999987 -1.64783
3.2170999999999985 -1.60332
3.2271 -1.5568400000000002
3.2371 -1.51037
3.2470999999999997 -1.4638999999999998
3.2570999999999994 -1.41646
3.2670999999999992 -1.3680500000000002
3.277099999999999 -1.3226399999999998
3.287099999999999 -1.2772700000000001
3.2970999999999986 -1.2329199999999998
3.3071 -1.19061
3.3171 -1.15232
3.3270999999999997 -1.11509
3.3370999999999995 -1.08086
3.3470999999999993 -1.0506799999999998
3.357099999999999 -1.0215100000000001
3.367099999999999 -0.9953700000000001
3.3770999999999987 -0.97024
3.3870999999999984 -0.94914
3.3971 -0.9290299999999999
3.4071 -0.90991
3.4170999999999996 -0.8907900000000002
3.4270999999999994 -0.8746600000000001
3.437099999999999 -0.85551
3.447099999999999 -0.83833
3.4570999999999987 -0.82314
3.4670999999999985 -0.8049200000000001
3.4771 -0.78668
3.4871 -0.7694199999999999
3.4970999999999997 -0.7511399999999999
3.5070999999999994 -0.7318399999999999
3.5170999999999992 -0.7145499999999999
3.527099999999999 -0.6952400000000001
3.537099999999999 -0.67692
3.5470999999999986 -0.6586200000000001
3.5571 -0.64132
3.5671 -0.6230300000000001
3.5770999999999997 -0.60776
3.5870999999999995 -0.5914999999999999
3.5970999999999993 -0.57726
3.607100000000001 -0.56304
3.617099999999999 -0.54884
3.6271000000000004 -0.53466
3.6370999999999984 -0.5235
3.6471 -0.5113500000000001
3.657099999999998 -0.50022
3.6670999999999996 -0.4890999999999999
3.6770999999999976 -0.47797999999999996
3.687099999999999 -0.46787
3.6971000000000007 -0.45645
3.7070999999999987 -0.44533000000000006
3.7171000000000003 -0.43432
3.7270999999999983 -0.42348
3.7371 -0.41283000000000003
3.747099999999998 -0.40146
3.7570999999999994 -0.38938999999999996
3.767100000000001 -0.37789999999999996
3.777099999999999 -0.36619999999999997
3.7871000000000006 -0.35447999999999996
3.7970999999999986 -0.34254999999999997
3.8071 -0.33081000000000005
3.817099999999998 -0.31936000000000003
3.8270999999999997 -0.3079100000000001
3.8370999999999977 -0.29696
3.8470999999999993 -0.28630999999999995
3.857100000000001 -0.27617
3.867099999999999 -0.26683999999999997
3.8771000000000004 -0.25793000000000005
3.8870999999999984 -0.24973000000000004
3.8971 -0.24226999999999999
3.907099999999998 -0.23562000000000002
3.9170999999999996 -0.22971
3.9270999999999976 -0.22462
3.937099999999999 -0.22022999999999998
3.9471000000000007 -0.21659
3.9570999999999987 -0.21356
3.9671000000000003 -0.21136999999999997
3.9770999999999983 -0.20946999999999996
3.9871 -0.20831000000000002
3.997099999999998 -0.20746
4.007099999999999 -0.20691
4.017100000000001 -0.20667999999999997
4.027099999999999 -0.20675
4.037100000000001 -0.20684
4.047099999999999 -0.20702
4.0571 -0.20742
4.067099999999998 -0.2077
4.0771 -0.20809
4.087099999999998 -0.20838000000000004
4.097099999999999 -0.20878
4.107100000000001 -0.20908
4.117099999999999 -0.20927
4.1271 -0.20967
4.1370999999999984 -0.21006999999999998
4.1471 -0.21048
4.157099999999998 -0.21089
4.1671 -0.21151
4.177099999999998 -0.21212999999999999
4.187099999999999 -0.21295999999999998
4.197100000000001 -0.21400000000000002
4.207099999999999 -0.21515000000000004
4.2171 -0.21639
4.227099999999998 -0.21755
4.2371 -0.21911
4.247099999999998 -0.22047
4.257099999999999 -0.22193000000000002
4.267100000000001 -0.22318000000000002
4.277099999999999 -0.22422999999999996
4.287100000000001 -0.22516999999999998
4.297099999999999 -0.2257
4.3071 -0.22581000000000004
4.317099999999998 -0.22578999999999996
4.3271 -0.22514
4.337099999999998 -0.22376999999999997
4.347099999999999 -0.22217
4.357100000000001 -0.21991999999999998
4.367099999999999 -0.21736999999999998
4.3771 -0.21416000000000002
4.3870999999999984 -0.21054000000000003
4.3971 -0.20648999999999998
4.407099999999998 -0.20221999999999998
4.4171 -0.19793
4.427099999999998 -0.19323000000000004
4.437099999999999 -0.18872000000000003
4.447100000000001 -0.18423000000000003
4.457099999999999 -0.17992
4.4671 -0.17572999999999997
4.477099999999998 -0.17195000000000002
4.4871 -0.16859
4.497099999999998 -0.16565000000000002
4.507099999999999 -0.16304
4.517100000000001 -0.16094
4.527099999999999 -0.15928000000000003
4.537100000000001 -0.15803999999999999
4.547099999999999 -0.15711999999999998
4.5571 -0.15674
4.567099999999998 -0.15666999999999998
4.5771 -0.15670999999999996
4.587099999999998 -0.15728999999999996
4.597099999999999 -0.15788000000000002
4.607100000000001 -0.15857
4.617099999999999 -0.15959
4.6271 -0.16062
4.6370999999999984 -0.16185999999999998
4.6471 -0.16311
4.657099999999998 -0.16445000000000004
4.6671 -0.16571000000000002
4.677099999999998 -0.16725999999999996
4.687099999999999 -0.16862999999999997
4.697100000000001 -0.17039
4.707099999999999 -0.17195
4.7171 -0.1736
4.727099999999998 -0.17536
4.7371 -0.17700999999999997
4.747099999999998 -0.17886999999999997
4.757099999999999 -0.18061000000000005
4.767100000000001 -0.18234
4.777099999999999 -0.18405
4.787100000000001 -0.18566000000000002
4.797099999999999 -0.18716999999999998
4.8071 -0.18844999999999998
4.817099999999998 -0.1894
4.8271 -0.19025
4.837099999999998 -0.19076
4.847099999999999 -0.19096000000000005
4.857100000000001 -0.19073
4.867099999999999 -0.1903
4.8771 -0.18922
4.8870999999999984 -0.18803
4.8971 -0.18652
4.907099999999998 -0.18459000000000003
4.9171 -0.18255000000000002
4.927099999999998 -0.1803
4.937099999999999 -0.17783000000000002
4.947100000000001 -0.17517000000000002
4.957099999999999 -0.17251000000000002
4.9671 -0.16995
4.977099999999998 -0.16726999999999997
4.9871 -0.16461
4.997099999999998 -0.16205
5.007099999999999 -0.1594
5.017100000000001 -0.15706
5.027099999999999 -0.15471
5.037100000000001 -0.15216
5.047099999999999 -0.14962
5.0571 -0.14725999999999997
5.067099999999998 -0.14480999999999997
5.0771 -0.14206999999999997
5.087099999999998 -0.13929
5.097099999999999 -0.13631000000000001
5.107100000000001 -0.13312
5.117099999999999 -0.12982999999999997
5.1271 -0.12642
5.1370999999999984 -0.1226
5.1471 -0.11867
5.157099999999998 -0.11471999999999999
5.1671 -0.11047399999999999
5.177099999999998 -0.10631099999999997
5.187099999999999 -0.10185000000000001
5.197100000000001 -0.097382
5.207099999999999 -0.09282499999999999
5.2171 -0.08835100000000001
5.227099999999998 -0.08384000000000001
5.2371 -0.07928
5.247099999999998 -0.074964
5.257099999999999 -0.07058900000000001
5.267100000000001 -0.066447
5.277099999999999 -0.062368
5.287100000000001 -0.058501000000000004
5.297099999999999 -0.05480600000000001
5.3071 -0.051136
5.317099999999998 -0.047603
5.3271 -0.044321
5.337099999999998 -0.041267
5.347099999999999 -0.038253999999999996
5.357100000000001 -0.035468
5.367099999999999 -0.032702
5.3771 -0.030174
5.3870999999999984 -0.027775
5.3971 -0.025522999999999997
5.407099999999998 -0.023399
5.4171 -0.021401100000000003
5.427099999999998 -0.019531
5.437099999999999 -0.0177559
5.447100000000001 -0.0160977
5.457099999999999 -0.014564399999999998
5.4671 -0.0131347
5.477099999999998 -0.011799799999999997
5.4871 -0.0105714
5.497099999999998 -0.009438599999999998
5.507099999999999 -0.008399199999999999
5.517100000000001 -0.0074424
5.527099999999999 -0.0065769
5.537100000000001 -0.005802900000000001
5.547099999999999 -0.005098200000000001
5.5571 -0.0044548
5.567099999999998 -0.00389981
5.5771 -0.0033856599999999995
5.587099999999998 -0.0029383599999999997
5.597099999999999 -0.0025391000000000003
5.607100000000001 -0.00218794
5.617099999999999 -0.00187746
5.6271 -0.0016058399999999997
5.6370999999999984 -0.00136605
5.6471 -0.0011581799999999998
5.657099999999998 -0.000977
5.6671 -0.000819208
5.677099999999998 -0.000683279
5.687099999999999 -0.0005667220000000001
5.697100000000001 -0.00046741800000000004
5.707099999999999 -0.000381156
5.7171 -0.000310021
5.727099999999998 -0.000249896
5.7371 -0.0001998152
5.747099999999998 -0.00015840609999999997
5.757099999999999 -0.0001246225
5.767100000000001 -9.70849e-05
5.777099999999999 -7.498979999999998e-05
5.787100000000001 -5.742590000000001e-05
5.797099999999999 -4.349914e-05
5.8071 -3.269726e-05
5.817099999999998 -2.4317750000000003e-05
5.8271 -1.790405e-05
5.837099999999998 -1.3038000000000001e-05
5.847099999999999 -9.421e-06
5.857100000000001 -6.730999999999999e-06
5.867099999999999 -4.758e-06
5.8771 -3.3350000000000003e-06
5.8870999999999984 -2.3133000000000004e-06
5.8971 -1.5868000000000002e-06
5.907099999999998 -1.0779e-06
5.9171 -7.228000000000001e-07
5.927099999999998 -4.811999999999999e-07
5.937099999999999 -3.1649999999999996e-07
5.947100000000001 -2.0596e-07
5.957099999999999 -1.3271e-07
