-22.402900000000002 0.0008700000000000001
-22.3929 0.0006062999999999999
-22.3829 0.0004188
-22.3729 0.0002865
-22.362900000000003 0.00019410000000000003
-22.352899999999998 0.00013037
-22.3429 8.673999999999999e-05
-22.332900000000002 5.717999999999998e-05
-22.3229 3.736e-05
-22.3129 2.4190000000000007e-05
-22.3029 1.5498000000000003e-05
-22.292900000000003 9.846e-06
-22.2829 6.1980000000000015e-06
-22.2729 3.860999999999999e-06
-22.262900000000002 2.385e-06
-22.2529 1.4588999999999997e-06
-22.2429 8.840999999999997e-07
-22.2329 5.307e-07
-22.222900000000003 3.153e-07
-22.2129 1.8600000000000005e-07
-22.2029 1.0838000000000002e-07
-22.1929 6.262e-08
-22.1829 3.584e-08
-22.1729 2.031e-08
-22.1629 1.1396000000000002e-08
-22.152900000000002 6.3329999999999995e-09
-22.1429 3.488e-09
-22.1329 1.9032000000000002e-09
-22.1229 1.0253999999999998e-09
-22.112900000000003 5.476999999999999e-10
-22.102899999999998 2.901e-10
-22.0929 1.5156e-10
-22.082900000000002 7.832999999999999e-11
-22.0729 4.0129999999999995e-11
-22.0629 2.008e-11
-22.0529 9.932000000000001e-12
-22.042900000000003 4.827000000000001e-12
-22.0329 2.2800000000000004e-12
-22.0229 1.038e-12
-22.012900000000002 4.813999999999999e-13
-22.0029 2.1899999999999998e-13
-21.9929 8.585e-14
-21.9829 3.0390000000000004e-14
-21.972900000000003 2.943e-15
-21.9629 0.0
-21.9529 0.0
-21.9429 0.0
-21.9329 0.0
-21.9229 0.0
-21.9129 0.0
-21.902900000000002 0.0
-21.8929 0.0
-21.8829 0.0
-21.8729 0.0
-21.862900000000003 0.0
-21.852899999999998 0.0
-21.8429 0.0
-21.832900000000002 0.0
-21.8229 0.0
-21.8129 0.0
-21.8029 0.0
-21.792900000000003 0.0
-21.7829 0.0
-21.7729 0.0
-21.762900000000002 0.0
-21.7529 0.0
-21.7429 0.0
-21.7329 0.0
-21.722900000000003 0.0
-21.7129 0.0
-21.7029 0.0
-21.6929 0.0
-21.6829 0.0
-21.6729 0.0
-21.6629 0.0
-21.652900000000002 0.0
-21.6429 0.0
-21.6329 0.0
-21.6229 0.0
-21.612900000000003 0.0
-21.602899999999998 0.0
-21.5929 0.0
-21.582900000000002 0.0
-21.5729 0.0
-21.5629 0.0
-21.5529 0.0
-21.542900000000003 0.0
-21.5329 0.0
-21.5229 0.0
-21.512900000000002 0.0
-21.5029 0.0
-21.4929 0.0
-21.4829 0.0
-21.472900000000003 0.0
-21.4629 0.0
-21.4529 0.0
-21.4429 0.0
-21.4329 0.0
-21.4229 0.0
-21.4129 0.0
-21.402900000000002 0.0
-21.3929 0.0
-21.3829 0.0
-21.3729 0.0
-21.362900000000003 0.0
-21.352899999999998 0.0
-21.3429 0.0
-21.332900000000002 0.0
-21.3229 0.0
-21.3129 0.0
-21.3029 0.0
-21.292900000000003 0.0
-21.2829 0.0
-21.2729 0.0
-21.262900000000002 0.0
-21.2529 0.0
-21.2429 0.0
-21.2329 0.0
-21.222900000000003 0.0
-21.2129 0.0
-21.2029 0.0
-21.1929 0.0
-21.1829 0.0
-21.1729 0.0
-21.1629 0.0
-21.152900000000002 0.0
-21.1429 0.0
-21.1329 0.0
-21.1229 0.0
-21.112900000000003 0.0
-21.102899999999998 0.0
-21.0929 0.0
-21.082900000000002 0.0
-21.0729 0.0
-21.0629 0.0
-21.0529 0.0
-21.042900000000003 0.0
-21.0329 0.0
-21.0229 0.0
-21.012900000000002 0.0
-21.0029 0.0
-20.9929 0.0
-20.9829 0.0
-20.972900000000003 0.0
-20.9629 0.0
-20.9529 0.0
-20.9429 0.0
-20.9329 0.0
-20.9229 0.0
-20.9129 0.0
-20.902900000000002 0.0
-20.8929 0.0
-20.8829 0.0
-20.8729 0.0
-20.862900000000003 0.0
-20.852899999999998 0.0
-20.8429 0.0
-20.832900000000002 0.0
-20.8229 0.0
-20.8129 0.0
-20.8029 0.0
-20.792900000000003 0.0
-20.7829 0.0
-20.7729 0.0
-20.762900000000002 0.0
-20.7529 0.0
-20.7429 0.0
-20.7329 0.0
-20.722900000000003 0.0
-20.7129 0.0
-20.7029 0.0
-20.6929 0.0
-20.6829 0.0
-20.6729 0.0
-20.6629 0.0
-20.652900000000002 0.0
-20.6429 0.0
-20.6329 0.0
-20.6229 0.0
-20.612900000000003 0.0
-20.602899999999998 0.0
-20.5929 0.0
-20.582900000000002 0.0
-20.5729 0.0
-20.5629 0.0
-20.5529 0.0
-20.542900000000003 0.0
-20.5329 0.0
-20.5229 0.0
-20.512900000000002 0.0
-20.5029 0.0
-20.4929 0.0
-20.4829 0.0
-20.472900000000003 0.0
-20.4629 0.0
-20.4529 0.0
-20.4429 0.0
-20.4329 0.0
-20.4229 0.0
-20.4129 0.0
-20.402900000000002 0.0
-20.3929 0.0
-20.3829 0.0
-20.3729 0.0
-20.3629 0.0
-20.3529 0.0
-20.3429 0.0
-20.332900000000002 0.0
-20.3229 0.0
-20.3129 0.0
-20.3029 0.0
-20.2929 0.0
-20.2829 0.0
-20.2729 0.0
-20.262900000000002 1.1549000000000002e-13
-20.2529 2.4210000000000005e-13
-20.2429 5.037000000000001e-13
-20.2329 1.3147999999999998e-12
-20.222900000000003 2.688e-12
-20.2129 5.439e-12
-20.2029 1.0900000000000001e-11
-20.1929 2.159e-11
-20.1829 4.23e-11
-20.1729 8.208e-11
-20.1629 1.5840000000000002e-10
-20.152900000000002 3.0119999999999995e-10
-20.1429 5.667e-10
-20.1329 1.0552e-09
-20.1229 1.941e-09
-20.1129 3.5430000000000003e-09
-20.1029 6.38e-09
-20.0929 1.1381999999999997e-08
-20.082900000000002 2.01e-08
-20.0729 3.5069999999999996e-08
-20.0629 6.071e-08
-20.0529 1.0389999999999998e-07
-20.0429 1.758e-07
-20.0329 2.948e-07
-20.0229 4.891e-07
-20.012900000000002 8.032e-07
-20.0029 1.3053999999999998e-06
-19.9929 2.1000000000000002e-06
-19.9829 3.344e-06
-19.972900000000003 5.274e-06
-19.9629 8.229e-06
-19.9529 1.2712999999999998e-05
-19.9429 1.9450000000000002e-05
-19.9329 2.9459999999999996e-05
-19.9229 4.422e-05
-19.9129 6.563999999999999e-05
-19.902900000000002 9.658000000000003e-05
-19.8929 0.00014068999999999998
-19.8829 0.00020299999999999995
-19.8729 0.00029039999999999996
-19.8629 0.0004110999999999999
-19.8529 0.0005771
-19.8429 0.0008024999999999999
-19.832900000000002 0.0011056
-19.8229 0.0015105999999999997
-19.8129 0.002043
-19.8029 0.0027440000000000003
-19.7929 0.0036539999999999997
-19.7829 0.004821000000000001
-19.7729 0.006307
-19.762900000000002 0.008183999999999999
-19.7529 0.010539
-19.7429 0.013459999999999998
-19.7329 0.017048999999999998
-19.722900000000003 0.021419999999999998
-19.7129 0.026729999999999997
-19.7029 0.03309000000000001
-19.6929 0.04066
-19.6829 0.049580000000000006
-19.6729 0.060000000000000005
-19.6629 0.07206000000000001
-19.652900000000002 0.08595
-19.6429 0.10169
-19.6329 0.11948
-19.6229 0.13931
-19.6129 0.16130999999999998
-19.6029 0.18549000000000002
-19.5929 0.21150000000000002
-19.582900000000002 0.23950000000000002
-19.5729 0.2697
-19.5629 0.3012
-19.5529 0.3339
-19.5429 0.36789999999999995
-19.5329 0.4027
-19.5229 0.4377
-19.512900000000002 0.4731000000000001
-19.5029 0.5083000000000001
-19.4929 0.5429999999999999
-19.4829 0.5772000000000002
-19.472900000000003 0.6106999999999999
-19.4629 0.6433
-19.4529 0.6747000000000001
-19.4429 0.7056000000000001
-19.4329 0.7353000000000001
-19.4229 0.7652000000000001
-19.4129 0.7947
-19.402900000000002 0.8244
-19.3929 0.8546
-19.3829 0.8855000000000001
-19.3729 0.9177000000000001
-19.3629 0.9512000000000002
-19.3529 0.9856
-19.3429 1.0219000000000003
-19.332900000000002 1.0596999999999999
-19.3229 1.0982000000000003
-19.3129 1.1384
-19.3029 1.1786999999999999
-19.2929 1.2197
-19.2829 1.2602
-19.2729 1.2999
-19.262900000000002 1.3386
-19.2529 1.3750000000000002
-19.2429 1.4090000000000003
-19.2329 1.4411999999999998
-19.222900000000003 1.4698
-19.2129 1.4954
-19.2029 1.518
-19.1929 1.5377000000000003
-19.1829 1.5548000000000002
-19.1729 1.5691000000000002
-19.1629 1.5819
-19.152900000000002 1.5928999999999998
-19.1429 1.6035
-19.1329 1.6143999999999998
-19.1229 1.6257
-19.1129 1.6380000000000003
-19.1029 1.6556000000000004
-19.0929 1.6744
-19.082900000000002 1.6979
-19.0729 1.7264
-19.0629 1.7602000000000002
-19.0529 1.7992000000000004
-19.0429 1.8437000000000001
-19.0329 1.8958
-19.0229 1.9522
-19.012900000000002 2.0168000000000004
-19.0029 2.084
-18.9929 2.1570000000000005
-18.9829 2.229
-18.972900000000003 2.3089999999999997
-18.9629 2.3899999999999997
-18.9529 2.4639999999999995
-18.9429 2.544
-18.9329 2.6189999999999998
-18.9229 2.6969999999999996
-18.9129 2.768
-18.902900000000002 2.832
-18.8929 2.896
-18.8829 2.9510000000000005
-18.8729 3.003
-18.8629 3.0500000000000003
-18.8529 3.0920000000000005
-18.8429 3.128
-18.832900000000002 3.164
-18.8229 3.192
-18.8129 3.2190000000000003
-18.8029 3.24
-18.7929 3.258
-18.7829 3.279000000000001
-18.7729 3.297
-18.762900000000002 3.316
-18.7529 3.333000000000001
-18.7429 3.350999999999999
-18.7329 3.373
-18.722900000000003 3.3909999999999987
-18.7129 3.4170000000000003
-18.7029 3.442
-18.6929 3.4619999999999993
-18.6829 3.4890000000000003
-18.6729 3.515
-18.6629 3.542
-18.652900000000002 3.5610000000000004
-18.6429 3.582999999999999
-18.6329 3.6059999999999994
-18.6229 3.626000000000001
-18.6129 3.642
-18.6029 3.6559999999999997
-18.5929 3.666
-18.582900000000002 3.671
-18.5729 3.6690000000000005
-18.5629 3.6700000000000004
-18.5529 3.666000000000001
-18.5429 3.656999999999999
-18.5329 3.6460000000000004
-18.5229 3.6300000000000003
-18.512900000000002 3.6200000000000006
-18.5029 3.5960000000000005
-18.4929 3.579000000000001
-18.4829 3.5610000000000004
-18.472900000000003 3.541
-18.4629 3.5189999999999992
-18.4529 3.5010000000000003
-18.4429 3.483
-18.4329 3.469999999999999
-18.4229 3.4519999999999995
-18.4129 3.44
-18.402900000000002 3.4339999999999993
-18.3929 3.4249999999999994
-18.3829 3.4220000000000006
-18.3729 3.4259999999999993
-18.3629 3.4219999999999997
-18.3529 3.4290000000000003
-18.3429 3.434999999999999
-18.332900000000002 3.4400000000000004
-18.3229 3.446999999999999
-18.3129 3.4560000000000004
-18.3029 3.4559999999999995
-18.2929 3.459000000000001
-18.2829 3.4560000000000004
-18.2729 3.4499999999999997
-18.262900000000002 3.435
-18.2529 3.424999999999999
-18.2429 3.4029999999999996
-18.2329 3.377
-18.222900000000003 3.3509999999999995
-18.2129 3.3200000000000003
-18.2029 3.287000000000001
-18.1929 3.2539999999999996
-18.1829 3.2249999999999996
-18.1729 3.1939999999999995
-18.1629 3.1709999999999994
-18.152900000000002 3.1529999999999996
-18.1429 3.1439999999999992
-18.1329 3.142000000000001
-18.1229 3.1559999999999993
-18.1129 3.182
-18.1029 3.216
-18.0929 3.2699999999999996
-18.082900000000002 3.3420000000000005
-18.0729 3.4250000000000007
-18.0629 3.534000000000001
-18.0529 3.6609999999999996
-18.0429 3.8060000000000005
-18.0329 3.976
-18.0229 4.164000000000001
-18.012900000000002 4.382
-18.0029 4.617
-17.9929 4.883
-17.9829 5.170999999999999
-17.972900000000003 5.482
-17.9629 5.816999999999999
-17.9529 6.183000000000001
-17.9429 6.567000000000001
-17.9329 6.973000000000001
-17.9229 7.3999999999999995
-17.9129 7.842000000000001
-17.902900000000002 8.298
-17.8929 8.764000000000001
-17.8829 9.235
-17.8729 9.707999999999998
-17.8629 10.177
-17.8529 10.635
-17.8429 11.08
-17.832900000000002 11.509000000000002
-17.8229 11.91
-17.8129 12.292000000000002
-17.8029 12.639000000000003
-17.7929 12.955
-17.7829 13.24
-17.7729 13.491999999999999
-17.762900000000002 13.71
-17.7529 13.897999999999998
-17.7429 14.059000000000001
-17.7329 14.197
-17.722900000000003 14.319
-17.7129 14.421
-17.7029 14.523999999999997
-17.6929 14.621000000000002
-17.6829 14.725
-17.6729 14.836999999999996
-17.6629 14.969000000000001
-17.652900000000002 15.114000000000003
-17.6429 15.285
-17.6329 15.481000000000002
-17.6229 15.700999999999999
-17.6129 15.943999999999999
-17.6029 16.212
-17.5929 16.5
-17.582900000000002 16.802
-17.5729 17.105999999999998
-17.5629 17.418000000000003
-17.5529 17.740000000000002
-17.5429 18.038999999999998
-17.5329 18.340999999999998
-17.5229 18.588
-17.512900000000002 18.833
-17.5029 18.984
-17.4929 19.129000000000005
-17.4829 19.203999999999997
-17.472900000000003 19.177
-17.4629 19.12
-17.4529 18.945
-17.4429 18.726000000000006
-17.4329 18.384
-17.4229 17.973
-17.4129 17.425
-17.402900000000002 16.831
-17.3929 16.159
-17.3829 15.380999999999998
-17.3729 14.573
-17.3629 13.685
-17.3529 12.761
-17.3429 11.81
-17.332900000000002 10.841
-17.3229 9.871
-17.3129 8.911
-17.3029 7.978999999999998
-17.2929 7.079999999999999
-17.2829 6.229
-17.2729 5.426000000000001
-17.262900000000002 4.686000000000001
-17.2529 4.01
-17.2429 3.401
-17.2329 2.8570000000000007
-17.222900000000003 2.3762000000000003
-17.2129 1.9562999999999995
-17.2029 1.5964000000000003
-17.1929 1.2895
-17.1829 1.0313999999999999
-17.1729 0.8170000000000001
-17.1629 0.6408
-17.152900000000002 0.4974000000000002
-17.1429 0.3826000000000001
-17.1329 0.29109999999999997
-17.1229 0.2193
-17.1129 0.16356000000000004
-17.1029 0.12084999999999999
-17.0929 0.08833
-17.082900000000002 0.06391999999999999
-17.0729 0.045779999999999994
-17.0629 0.03247
-17.0529 0.022795000000000003
-17.0429 0.01583
-17.0329 0.010885
-17.0229 0.00741
-17.012900000000002 0.004992000000000001
-17.0029 0.0033290000000000004
-16.9929 0.0021962
-16.9829 0.0014356
-16.972900000000003 0.0009285
-16.9629 0.0005942
-16.9529 0.00037639999999999993
-16.9429 0.00023600999999999998
-16.9329 0.00014649999999999998
-16.9229 8.997e-05
-16.9129 5.471000000000001e-05
-16.902900000000002 3.291e-05
-16.8929 1.9586999999999997e-05
-16.8829 1.1552000000000002e-05
-16.8729 6.739e-06
-16.8629 3.893e-06
-16.8529 2.2253999999999995e-06
-16.8429 1.2577000000000003e-06
-16.832900000000002 7.037000000000001e-07
-16.8229 3.899e-07
-16.8129 2.1384000000000001e-07
-16.8029 1.1599999999999999e-07
-16.7929 6.231e-08
-16.7829 3.312000000000001e-08
-16.7729 1.7403999999999998e-08
-16.762900000000002 9.064000000000001e-09
-16.7529 4.668e-09
-16.7429 2.3797e-09
-16.7329 1.1998000000000001e-09
-16.722900000000003 5.956e-10
-16.7129 2.8669999999999995e-10
-16.7029 1.3385e-10
-16.6929 5.501e-11
-16.6829 2.3806000000000004e-11
-16.6729 8.923000000000001e-12
-16.6629 2.3038e-12
-16.652900000000002 3.076e-13
-16.6429 0.0
-16.6329 0.0
-16.6229 0.0
-16.6129 0.0
-16.6029 0.0
-16.5929 0.0
-16.582900000000002 0.0
-16.5729 0.0
-16.5629 0.0
-16.5529 0.0
-16.5429 0.0
-16.5329 0.0
-16.5229 0.0
-16.512900000000002 0.0
-16.5029 0.0
-16.4929 0.0
-16.4829 0.0
-16.472900000000003 0.0
-16.4629 0.0
-16.4529 0.0
-16.4429 0.0
-16.4329 0.0
-16.4229 0.0
-16.4129 0.0
-16.402900000000002 0.0
-16.3929 0.0
-16.3829 0.0
-16.3729 0.0
-16.3629 0.0
-16.3529 0.0
-16.3429 0.0
-16.332900000000002 0.0
-16.3229 0.0
-16.3129 0.0
-16.3029 0.0
-16.2929 0.0
-16.2829 0.0
-16.2729 0.0
-16.262900000000002 0.0
-16.2529 0.0
-16.2429 0.0
-16.2329 0.0
-16.2229 0.0
-16.2129 0.0
-16.2029 0.0
-16.1929 0.0
-16.1829 0.0
-16.172900000000002 0.0
-16.1629 0.0
-16.152900000000002 0.0
-16.1429 0.0
-16.1329 0.0
-16.1229 0.0
-16.1129 0.0
-16.1029 0.0
-16.0929 0.0
-16.082900000000002 0.0
-16.0729 0.0
-16.0629 0.0
-16.0529 0.0
-16.0429 0.0
-16.0329 0.0
-16.0229 0.0
-16.012900000000002 0.0
-16.0029 0.0
-15.9929 0.0
-15.9829 0.0
-15.972900000000001 0.0
-15.962900000000001 0.0
-15.9529 0.0
-15.942900000000002 0.0
-15.9329 0.0
-15.9229 0.0
-15.9129 0.0
-15.9029 0.0
-15.892900000000001 0.0
-15.882900000000001 0.0
-15.872900000000001 0.0
-15.8629 0.0
-15.852900000000002 0.0
-15.8429 0.0
-15.8329 0.0
-15.8229 0.0
-15.8129 0.0
-15.802900000000001 0.0
-15.792900000000001 0.0
-15.782900000000001 0.0
-15.7729 0.0
-15.7629 0.0
-15.7529 0.0
-15.7429 0.0
-15.7329 0.0
-15.722900000000001 0.0
-15.712900000000001 0.0
-15.7029 0.0
-15.692900000000002 0.0
-15.6829 0.0
-15.6729 0.0
-15.6629 0.0
-15.6529 0.0
-15.642900000000001 0.0
-15.632900000000001 0.0
-15.622900000000001 0.0
-15.6129 0.0
-15.602900000000002 0.0
-15.5929 0.0
-15.5829 0.0
-15.5729 0.0
-15.5629 0.0
-15.552900000000001 0.0
-15.542900000000001 0.0
-15.532900000000001 0.0
-15.5229 0.0
-15.5129 0.0
-15.5029 0.0
-15.4929 0.0
-15.4829 0.0
-15.472900000000001 0.0
-15.462900000000001 0.0
-15.4529 0.0
-15.442900000000002 0.0
-15.4329 0.0
-15.4229 0.0
-15.4129 0.0
-15.4029 0.0
-15.392900000000001 0.0
-15.382900000000001 0.0
-15.372900000000001 0.0
-15.3629 0.0
-15.352900000000002 0.0
-15.3429 0.0
-15.3329 0.0
-15.3229 0.0
-15.3129 0.0
-15.302900000000001 0.0
-15.292900000000001 0.0
-15.282900000000001 0.0
-15.2729 0.0
-15.2629 0.0
-15.2529 0.0
-15.2429 0.0
-15.2329 0.0
-15.222900000000001 0.0
-15.212900000000001 0.0
-15.2029 0.0
-15.192900000000002 0.0
-15.1829 0.0
-15.1729 0.0
-15.1629 0.0
-15.1529 0.0
-15.142900000000001 0.0
-15.132900000000001 0.0
-15.122900000000001 0.0
-15.1129 0.0
-15.102900000000002 0.0
-15.0929 0.0
-15.0829 0.0
-15.0729 0.0
-15.0629 0.0
-15.052900000000001 0.0
-15.042900000000001 0.0
-15.032900000000001 0.0
-15.0229 0.0
-15.0129 0.0
-15.0029 0.0
-14.9929 0.0
-14.9829 0.0
-14.972900000000001 0.0
-14.962900000000001 0.0
-14.9529 0.0
-14.942900000000002 0.0
-14.9329 0.0
-14.9229 0.0
-14.9129 0.0
-14.9029 0.0
-14.892900000000001 0.0
-14.882900000000001 0.0
-14.872900000000001 0.0
-14.8629 0.0
-14.852900000000002 0.0
-14.8429 0.0
-14.8329 0.0
-14.8229 0.0
-14.8129 0.0
-14.802900000000001 0.0
-14.792900000000001 0.0
-14.782900000000001 0.0
-14.7729 0.0
-14.7629 0.0
-14.7529 0.0
-14.7429 0.0
-14.7329 0.0
-14.722900000000001 0.0
-14.712900000000001 0.0
-14.7029 0.0
-14.692900000000002 0.0
-14.6829 0.0
-14.6729 0.0
-14.6629 0.0
-14.6529 0.0
-14.642900000000001 0.0
-14.632900000000001 0.0
-14.622900000000001 0.0
-14.6129 0.0
-14.602900000000002 0.0
-14.5929 0.0
-14.5829 0.0
-14.5729 0.0
-14.5629 0.0
-14.552900000000001 0.0
-14.542900000000001 0.0
-14.532900000000001 0.0
-14.5229 0.0
-14.5129 0.0
-14.5029 0.0
-14.4929 0.0
-14.4829 0.0
-14.472900000000001 0.0
-14.462900000000001 0.0
-14.4529 0.0
-14.442900000000002 0.0
-14.4329 0.0
-14.4229 0.0
-14.4129 0.0
-14.4029 0.0
-14.392900000000001 0.0
-14.382900000000001 0.0
-14.372900000000001 0.0
-14.3629 0.0
-14.3529 0.0
-14.3429 0.0
-14.3329 0.0
-14.3229 0.0
-14.3129 0.0
-14.302900000000001 0.0
-14.292900000000001 0.0
-14.282900000000001 0.0
-14.2729 0.0
-14.2629 0.0
-14.2529 0.0
-14.2429 0.0
-14.2329 0.0
-14.222900000000001 0.0
-14.212900000000001 0.0
-14.202900000000001 0.0
-14.192900000000002 0.0
-14.1829 0.0
-14.1729 0.0
-14.1629 0.0
-14.1529 0.0
-14.142900000000001 0.0
-14.132900000000001 0.0
-14.122900000000001 0.0
-14.1129 0.0
-14.1029 0.0
-14.0929 0.0
-14.0829 0.0
-14.0729 0.0
-14.0629 0.0
-14.052900000000001 0.0
-14.042900000000001 0.0
-14.032900000000001 0.0
-14.0229 0.0
-14.0129 0.0
-14.0029 0.0
-13.9929 0.0
-13.9829 0.0
-13.972900000000001 0.0
-13.962900000000001 0.0
-13.952900000000001 0.0
-13.942900000000002 0.0
-13.9329 0.0
-13.9229 0.0
-13.9129 0.0
-13.9029 0.0
-13.892900000000001 0.0
-13.882900000000001 0.0
-13.872900000000001 0.0
-13.8629 0.0
-13.8529 0.0
-13.8429 0.0
-13.8329 0.0
-13.8229 0.0
-13.8129 0.0
-13.802900000000001 0.0
-13.792900000000001 0.0
-13.782900000000001 0.0
-13.7729 0.0
-13.7629 0.0
-13.7529 0.0
-13.7429 0.0
-13.7329 0.0
-13.722900000000001 0.0
-13.712900000000001 0.0
-13.702900000000001 0.0
-13.692900000000002 0.0
-13.6829 0.0
-13.6729 0.0
-13.6629 0.0
-13.6529 0.0
-13.642900000000001 0.0
-13.632900000000001 0.0
-13.622900000000001 0.0
-13.6129 0.0
-13.6029 0.0
-13.5929 0.0
-13.5829 0.0
-13.5729 0.0
-13.5629 0.0
-13.552900000000001 0.0
-13.542900000000001 0.0
-13.532900000000001 0.0
-13.5229 0.0
-13.5129 0.0
-13.5029 0.0
-13.4929 0.0
-13.4829 0.0
-13.472900000000001 0.0
-13.462900000000001 0.0
-13.452900000000001 0.0
-13.442900000000002 0.0
-13.4329 0.0
-13.4229 0.0
-13.4129 0.0
-13.4029 0.0
-13.392900000000001 0.0
-13.382900000000001 0.0
-13.372900000000001 0.0
-13.3629 0.0
-13.3529 0.0
-13.3429 0.0
-13.3329 0.0
-13.3229 0.0
-13.3129 0.0
-13.302900000000001 0.0
-13.292900000000001 0.0
-13.282900000000001 0.0
-13.2729 0.0
-13.2629 0.0
-13.2529 0.0
-13.2429 0.0
-13.2329 0.0
-13.222900000000001 0.0
-13.212900000000001 0.0
-13.202900000000001 0.0
-13.192900000000002 0.0
-13.1829 0.0
-13.1729 0.0
-13.1629 0.0
-13.1529 0.0
-13.142900000000001 0.0
-13.132900000000001 0.0
-13.122900000000001 0.0
-13.1129 0.0
-13.1029 0.0
-13.0929 0.0
-13.0829 0.0
-13.0729 0.0
-13.0629 0.0
-13.052900000000001 0.0
-13.042900000000001 0.0
-13.032900000000001 0.0
-13.0229 0.0
-13.0129 0.0
-13.0029 0.0
-12.9929 0.0
-12.9829 0.0
-12.972900000000001 0.0
-12.962900000000001 0.0
-12.952900000000001 0.0
-12.942900000000002 0.0
-12.9329 0.0
-12.9229 0.0
-12.9129 0.0
-12.9029 0.0
-12.892900000000001 0.0
-12.882900000000001 0.0
-12.872900000000001 0.0
-12.862900000000002 0.0
-12.8529 0.0
-12.8429 0.0
-12.8329 0.0
-12.8229 0.0
-12.8129 0.0
-12.802900000000001 0.0
-12.792900000000001 0.0
-12.782900000000001 0.0
-12.7729 0.0
-12.7629 0.0
-12.7529 0.0
-12.7429 0.0
-12.7329 0.0
-12.722900000000001 0.0
-12.712900000000001 0.0
-12.702900000000001 0.0
-12.6929 0.0
-12.6829 0.0
-12.6729 0.0
-12.6629 0.0
-12.6529 0.0
-12.642900000000001 0.0
-12.632900000000001 0.0
-12.622900000000001 0.0
-12.612900000000002 0.0
-12.6029 0.0
-12.5929 0.0
-12.5829 0.0
-12.5729 0.0
-12.5629 0.0
-12.552900000000001 0.0
-12.542900000000001 0.0
-12.532900000000001 0.0
-12.5229 0.0
-12.5129 0.0
-12.5029 0.0
-12.4929 0.0
-12.4829 0.0
-12.472900000000001 0.0
-12.462900000000001 0.0
-12.452900000000001 0.0
-12.4429 0.0
-12.4329 0.0
-12.4229 0.0
-12.4129 0.0
-12.4029 0.0
-12.392900000000001 0.0
-12.382900000000001 0.0
-12.372900000000001 0.0
-12.362900000000002 0.0
-12.3529 0.0
-12.3429 0.0
-12.3329 0.0
-12.3229 0.0
-12.3129 0.0
-12.302900000000001 0.0
-12.292900000000001 0.0
-12.282900000000001 0.0
-12.2729 0.0
-12.2629 0.0
-12.2529 0.0
-12.2429 0.0
-12.2329 0.0
-12.222900000000001 0.0
-12.212900000000001 0.0
-12.202900000000001 0.0
-12.1929 0.0
-12.1829 0.0
-12.1729 0.0
-12.1629 0.0
-12.1529 0.0
-12.142900000000001 0.0
-12.132900000000001 0.0
-12.122900000000001 0.0
-12.112900000000002 0.0
-12.1029 0.0
-12.0929 0.0
-12.0829 0.0
-12.0729 0.0
-12.0629 0.0
-12.052900000000001 0.0
-12.042900000000001 0.0
-12.032900000000001 0.0
-12.0229 0.0
-12.0129 0.0
-12.0029 0.0
-11.9929 0.0
-11.9829 0.0
-11.972900000000001 0.0
-11.962900000000001 0.0
-11.952900000000001 0.0
-11.9429 0.0
-11.9329 0.0
-11.9229 0.0
-11.9129 0.0
-11.9029 0.0
-11.892900000000001 0.0
-11.882900000000001 0.0
-11.872900000000001 0.0
-11.8629 0.0
-11.8529 0.0
-11.8429 0.0
-11.8329 0.0
-11.8229 0.0
-11.8129 0.0
-11.802900000000001 0.0
-11.792900000000001 0.0
-11.782900000000001 0.0
-11.7729 0.0
-11.7629 0.0
-11.7529 0.0
-11.7429 0.0
-11.7329 0.0
-11.722900000000001 0.0
-11.712900000000001 0.0
-11.702900000000001 0.0
-11.692900000000002 0.0
-11.6829 0.0
-11.6729 0.0
-11.6629 0.0
-11.6529 0.0
-11.642900000000001 0.0
-11.632900000000001 0.0
-11.622900000000001 0.0
-11.6129 0.0
-11.6029 0.0
-11.5929 0.0
-11.5829 0.0
-11.5729 0.0
-11.5629 0.0
-11.552900000000001 0.0
-11.542900000000001 0.0
-11.532900000000001 0.0
-11.5229 0.0
-11.5129 0.0
-11.5029 0.0
-11.4929 0.0
-11.4829 0.0
-11.472900000000001 0.0
-11.462900000000001 0.0
-11.452900000000001 0.0
-11.442900000000002 0.0
-11.4329 0.0
-11.4229 2.466e-14
-11.4129 5.1719999999999993e-14
-11.4029 1.4349e-13
-11.392900000000001 2.964e-13
-11.382900000000001 6.561000000000002e-13
-11.372900000000001 1.3588000000000004e-12
-11.3629 2.766e-12
-11.3529 5.5050000000000005e-12
-11.3429 1.0838e-11
-11.3329 2.1119999999999994e-11
-11.3229 4.094999999999999e-11
-11.3129 7.824e-11
-11.302900000000001 1.4788e-10
-11.292900000000001 2.766e-10
-11.282900000000001 5.124e-10
-11.2729 9.384000000000002e-10
-11.2629 1.7012e-09
-11.2529 3.0540000000000004e-09
-11.2429 5.421e-09
-11.2329 9.536999999999998e-09
-11.222900000000001 1.6588999999999997e-08
-11.212900000000001 2.8589999999999997e-08
-11.202900000000001 4.871e-08
-11.192900000000002 8.223e-08
-11.1829 1.3742999999999998e-07
-11.1729 2.2769999999999993e-07
-11.1629 3.725e-07
-11.1529 6.042000000000001e-07
-11.142900000000001 9.699e-07
-11.132900000000001 1.5417000000000004e-06
-11.122900000000001 2.427e-06
-11.1129 3.783e-06
-11.1029 5.844000000000001e-06
-11.0929 8.934e-06
-11.0829 1.3531e-05
-11.0729 2.0280000000000002e-05
-11.0629 3.0150000000000004e-05
-11.052900000000001 4.4430000000000007e-05
-11.042900000000001 6.474e-05
-11.032900000000001 9.353999999999999e-05
-11.0229 0.00013389
-11.0129 0.00019020000000000004
-11.0029 0.00026729999999999994
-10.9929 0.0003725
-10.9829 0.0005141000000000001
-10.972900000000001 0.0007038000000000002
-10.962900000000001 0.0009554000000000002
-10.952900000000001 0.0012858
-10.942900000000002 0.0017163
-10.9329 0.002271
-10.9229 0.0029819999999999994
-10.9129 0.0038789999999999996
-10.9029 0.00501
-10.892900000000001 0.006417000000000001
-10.882900000000001 0.008152000000000001
-10.872900000000001 0.010286
-10.8629 0.012862000000000002
-10.8529 0.015968
-10.8429 0.019679999999999996
-10.8329 0.02403
-10.8229 0.029189999999999997
-10.8129 0.03516000000000001
-10.802900000000001 0.041990000000000006
-10.792900000000001 0.04977
-10.782900000000001 0.05859
-10.7729 0.06846000000000001
-10.7629 0.07941999999999999
-10.7529 0.09147000000000001
-10.7429 0.10458
-10.7329 0.11864999999999999
-10.722900000000001 0.13373999999999997
-10.712900000000001 0.14966000000000002
-10.702900000000001 0.16626
-10.692900000000002 0.18339000000000003
-10.6829 0.20130000000000003
-10.6729 0.21869999999999998
-10.6629 0.23670000000000002
-10.6529 0.25409999999999994
-10.642900000000001 0.2715
-10.632900000000001 0.2886000000000001
-10.622900000000001 0.3042
-10.6129 0.3195
-10.6029 0.3339
-10.5929 0.3474
-10.5829 0.3591
-10.5729 0.37049999999999994
-10.5629 0.38039999999999996
-10.552900000000001 0.39
-10.542900000000001 0.39810000000000006
-10.532900000000001 0.4053
-10.5229 0.41159999999999997
-10.5129 0.4176
-10.5029 0.4232999999999999
-10.4929 0.4284000000000001
-10.4829 0.43289999999999995
-10.472900000000001 0.43679999999999997
-10.462900000000001 0.441
-10.452900000000001 0.44489999999999996
-10.442900000000002 0.4481000000000001
-10.4329 0.45120000000000005
-10.4229 0.45419999999999994
-10.4129 0.4565999999999999
-10.4029 0.4584000000000001
-10.392900000000001 0.4600000000000001
-10.382900000000001 0.4608
-10.372900000000001 0.4614
-10.3629 0.4613999999999999
-10.352900000000002 0.46019999999999994
-10.3429 0.45909999999999995
-10.3329 0.45660000000000006
-10.3229 0.4539000000000001
-10.3129 0.4508999999999999
-10.302900000000001 0.4469999999999999
-10.292900000000001 0.4437000000000001
-10.282900000000001 0.4396
-10.2729 0.4361999999999999
-10.2629 0.43200000000000005
-10.2529 0.4290000000000001
-10.2429 0.42599999999999993
-10.2329 0.42389999999999994
-10.222900000000001 0.42210000000000003
-10.212900000000001 0.42150000000000004
-10.2029 0.4218
-10.192900000000002 0.42329999999999995
-10.1829 0.4254
-10.1729 0.42809999999999987
-10.1629 0.4323
-10.1529 0.4367999999999999
-10.142900000000001 0.4413000000000002
-10.132900000000001 0.4475999999999999
-10.122900000000001 0.4536
-10.1129 0.4592999999999999
-10.102900000000002 0.4650000000000001
-10.0929 0.47029999999999983
-10.0829 0.4755000000000001
-10.0729 0.47879999999999995
-10.0629 0.4818
-10.052900000000001 0.48320000000000013
-10.042900000000001 0.4830000000000001
-10.032900000000001 0.48089999999999994
-10.0229 0.47700000000000004
-10.0129 0.4719
-10.0029 0.4644000000000001
-9.9929 0.4551000000000001
-9.9829 0.4439999999999999
-9.972900000000001 0.4319999999999999
-9.962900000000001 0.4185
-9.9529 0.4038
-9.942900000000002 0.38850000000000007
-9.9329 0.3729
-9.9229 0.35730000000000006
-9.9129 0.34199999999999997
-9.9029 0.32700000000000007
-9.892900000000001 0.31199999999999994
-9.882900000000001 0.2988
-9.872900000000001 0.2859
-9.8629 0.2742
-9.852900000000002 0.26430000000000003
-9.8429 0.25559999999999994
-9.8329 0.2475000000000001
-9.8229 0.24059999999999998
-9.8129 0.23520000000000005
-9.802900000000001 0.2304
-9.792900000000001 0.22649999999999998
-9.782900000000001 0.22349999999999998
-9.7729 0.22049999999999997
-9.7629 0.2187000000000001
-9.7529 0.21689999999999995
-9.7429 0.2151
-9.7329 0.21359999999999993
-9.722900000000001 0.21209999999999998
-9.712900000000001 0.2109
-9.7029 0.2091
-9.692900000000002 0.2067
-9.6829 0.20489999999999994
-9.6729 0.20160000000000003
-9.6629 0.19889999999999994
-9.6529 0.19529999999999997
-9.642900000000001 0.19090999999999997
-9.632900000000001 0.18649000000000002
-9.622900000000001 0.18141
-9.6129 0.1758
-9.602900000000002 0.16973999999999997
-9.5929 0.16335
-9.5829 0.15660000000000002
-9.5729 0.14952
-9.5629 0.14230000000000004
-9.552900000000001 0.13506000000000004
-9.542900000000001 0.12773999999999996
-9.532900000000001 0.12056000000000001
-9.5229 0.11358000000000001
-9.5129 0.10694999999999999
-9.5029 0.10065
-9.4929 0.09483
-9.4829 0.08945
-9.472900000000001 0.08465999999999999
-9.462900000000001 0.0804
-9.4529 0.07671
-9.442900000000002 0.07356000000000001
-9.4329 0.07097999999999999
-9.4229 0.06882
-9.4129 0.06718000000000002
-9.4029 0.06597
-9.392900000000001 0.06507
-9.382900000000001 0.06452
-9.372900000000001 0.06426
-9.3629 0.06423
-9.352900000000002 0.06446999999999999
-9.3429 0.06488999999999999
-9.3329 0.0654
-9.3229 0.06606000000000001
-9.3129 0.06684
-9.302900000000001 0.06765
-9.292900000000001 0.06852000000000001
-9.282900000000001 0.06935999999999998
-9.2729 0.0702
-9.2629 0.07095
-9.2529 0.07150000000000001
-9.2429 0.07194
-9.2329 0.07209
-9.222900000000001 0.07187999999999999
-9.212900000000001 0.07136999999999999
-9.2029 0.07047
-9.192900000000002 0.06921000000000001
-9.1829 0.0675
-9.1729 0.0654
-9.1629 0.06297
-9.1529 0.060180000000000004
-9.142900000000001 0.05716
-9.132900000000001 0.053840000000000006
-9.122900000000001 0.05040000000000001
-9.1129 0.04682999999999999
-9.102900000000002 0.043289999999999995
-9.0929 0.039749999999999994
-9.0829 0.036300000000000006
-9.0729 0.033060000000000006
-9.0629 0.030030000000000005
-9.052900000000001 0.027209999999999998
-9.042900000000001 0.024720000000000002
-9.032900000000001 0.022439999999999995
-9.0229 0.020430000000000007
-9.0129 0.018750000000000003
-9.0029 0.017289000000000002
-8.9929 0.016056
-8.9829 0.015033
-8.972900000000001 0.014178
-8.962900000000001 0.013457999999999998
-8.9529 0.012846000000000002
-8.942900000000002 0.012309
-8.9329 0.011830000000000002
-8.9229 0.011373000000000001
-8.9129 0.010923
-8.9029 0.010465000000000002
-8.892900000000001 0.009984
-8.882900000000001 0.009491999999999999
-8.872900000000001 0.008967000000000001
-8.8629 0.008424
-8.852900000000002 0.007857
-8.8429 0.007273000000000001
-8.8329 0.006683000000000001
-8.8229 0.006093000000000001
-8.8129 0.005505
-8.802900000000001 0.004936
-8.792900000000001 0.004386
-8.782900000000001 0.003867
-8.7729 0.003378
-8.7629 0.0029280000000000005
-8.7529 0.0025079999999999994
-8.7429 0.0021360000000000003
-8.7329 0.0017965
-8.722900000000001 0.0015005
-8.712900000000001 0.0012407999999999998
-8.7029 0.0010163999999999998
-8.692900000000002 0.0008250000000000001
-8.6829 0.0006636000000000001
-8.6729 0.0005282999999999999
-8.6629 0.000417
-8.6529 0.00032579999999999995
-8.642900000000001 0.00025230000000000006
-8.632900000000001 0.00019290000000000003
-8.622900000000001 0.00014642000000000002
-8.6129 0.00011001000000000003
-8.602900000000002 8.176e-05
-8.5929 6.018000000000001e-05
-8.5829 4.389e-05
-8.5729 3.1679999999999995e-05
-8.5629 2.2589999999999992e-05
-8.552900000000001 1.5987e-05
-8.542900000000001 1.1190000000000001e-05
-8.532900000000001 7.749000000000002e-06
-8.5229 5.313e-06
-8.5129 3.603e-06
-8.5029 2.4180000000000004e-06
-8.4929 1.6074999999999996e-06
-8.4829 1.0569000000000002e-06
-8.472900000000001 6.879000000000001e-07
-8.462900000000001 4.4309999999999994e-07
-8.4529 2.8199999999999996e-07
-8.442900000000002 1.7823e-07
-8.4329 1.1102000000000002e-07
-8.4229 6.852e-08
-8.4129 4.1849999999999994e-08
-8.4029 2.5260000000000003e-08
-8.392900000000001 1.5126e-08
-8.382900000000001 8.952e-09
-8.372900000000001 5.243999999999999e-09
-8.3629 3.0480000000000002e-09
-8.352900000000002 1.7616e-09
-8.3429 1.0335e-09
-8.3329 6.423e-10
-8.3229 4.725e-10
-8.3129 4.708e-10
-8.302900000000001 6.381e-10
-8.2929 1.0254e-09
-8.282900000000001 1.7526000000000003e-09
-8.2729 3.042e-09
-8.262900000000002 5.250000000000001e-09
-8.2529 8.997999999999999e-09
-8.2429 1.5259e-08
-8.2329 2.5690999999999998e-08
-8.222900000000001 4.273999999999999e-08
-8.212900000000001 7.038e-08
-8.2029 1.1481000000000002e-07
-8.192900000000002 1.8525e-07
-8.1829 2.964e-07
-8.1729 4.688999999999999e-07
-8.1629 7.350000000000001e-07
-8.1529 1.1403000000000001e-06
-8.142900000000001 1.7523e-06
-8.132900000000001 2.6625e-06
-8.122900000000001 4.011000000000001e-06
-8.1129 5.985e-06
-8.102900000000002 8.843e-06
-8.0929 1.2937e-05
-8.0829 1.8737999999999996e-05
-8.0729 2.691e-05
-8.0629 3.82e-05
-8.052900000000001 5.378e-05
-8.0429 7.495e-05
-8.032900000000001 0.00010355999999999999
-8.0229 0.00014173
-8.012900000000002 0.00019224999999999998
-8.0029 0.00025787
-7.992900000000001 0.00034330000000000005
-7.982900000000001 0.0004523999999999999
-7.972900000000001 0.0005909999999999999
-7.9629 0.0007655
-7.9529000000000005 0.0009825
-7.942900000000001 0.0012496999999999999
-7.932900000000001 0.0015734999999999998
-7.9229 0.0019703999999999998
-7.9129000000000005 0.0024412999999999995
-7.902900000000001 0.003003
-7.892900000000001 0.0036649999999999994
-7.882900000000001 0.004421999999999999
-7.8729000000000005 0.005308
-7.862900000000001 0.006317
-7.852900000000001 0.007458000000000001
-7.842900000000001 0.008735999999999999
-7.8329 0.010157999999999999
-7.822900000000001 0.011724000000000004
-7.812900000000001 0.013434
-7.802900000000001 0.01529
-7.7929 0.017289
-7.782900000000001 0.019388999999999997
-7.772900000000001 0.021624000000000004
-7.762900000000001 0.023969999999999998
-7.7529 0.02637
-7.742900000000001 0.028890000000000006
-7.732900000000001 0.03144
-7.722900000000001 0.03402
-7.7129 0.03663
-7.7029000000000005 0.039209999999999995
-7.692900000000001 0.04178
-7.682900000000001 0.04434
-7.6729 0.04676999999999999
-7.6629000000000005 0.049170000000000005
-7.652900000000001 0.05151000000000001
-7.642900000000001 0.053759999999999995
-7.632900000000001 0.05592
-7.6229000000000005 0.05799999999999999
-7.612900000000001 0.059969999999999996
-7.602900000000001 0.06191999999999999
-7.592900000000001 0.06381
-7.5829 0.06567
-7.572900000000001 0.06761
-7.562900000000001 0.06950999999999999
-7.552900000000001 0.07155
-7.5429 0.07370999999999998
-7.532900000000001 0.07604
-7.522900000000001 0.0786
-7.512900000000001 0.08148
-7.5029 0.08460000000000001
-7.492900000000001 0.08816
-7.482900000000001 0.09212999999999999
-7.472900000000001 0.09656999999999998
-7.4629 0.10142999999999999
-7.4529000000000005 0.10693
-7.442900000000001 0.11286000000000002
-7.432900000000001 0.1194
-7.4229 0.12648
-7.4129000000000005 0.13407000000000002
-7.402900000000001 0.14214000000000002
-7.392900000000001 0.15063000000000001
-7.382900000000001 0.15928
-7.3729000000000005 0.16881
-7.362900000000001 0.17772
-7.352900000000001 0.18744000000000002
-7.342900000000001 0.19643
-7.3329 0.20517000000000005
-7.322900000000001 0.21422999999999998
-7.312900000000001 0.22180000000000002
-7.302900000000001 0.22947
-7.2929 0.23556
-7.282900000000001 0.24132
-7.272900000000001 0.24573
-7.262900000000001 0.24887999999999996
-7.2529 0.2509799999999999
-7.242900000000001 0.25148000000000004
-7.232900000000001 0.25089
-7.222900000000001 0.24873000000000003
-7.2129 0.24557999999999996
-7.2029000000000005 0.24117999999999995
-7.192900000000001 0.23559000000000002
-7.182900000000001 0.22915000000000002
-7.1729 0.2218
-7.1629000000000005 0.21359999999999998
-7.152900000000001 0.20492000000000002
-7.142900000000001 0.19621999999999998
-7.132900000000001 0.18719999999999998
-7.1229000000000005 0.17795
-7.112900000000001 0.16846
-7.102900000000001 0.15977999999999998
-7.092900000000001 0.15093
-7.0829 0.14253000000000002
-7.072900000000001 0.13463999999999998
-7.062900000000001 0.12729000000000001
-7.052900000000001 0.12042000000000001
-7.0429 0.11412
-7.032900000000001 0.10838000000000002
-7.022900000000001 0.10325000000000001
-7.012900000000001 0.09865
-7.0029 0.09464
-6.992900000000001 0.09112
-6.982900000000001 0.08814000000000001
-6.972900000000001 0.08561
-6.9629 0.08352000000000001
-6.9529000000000005 0.08181000000000001
-6.942900000000001 0.08043
-6.932900000000001 0.07932
-6.9229 0.07848000000000001
-6.9129000000000005 0.07776
-6.902900000000001 0.07713
-6.892900000000001 0.07657
-6.882900000000001 0.07599
-6.8729000000000005 0.07536
-6.862900000000001 0.07452
-6.852900000000001 0.07352999999999998
-6.842900000000001 0.07235999999999998
-6.8329 0.07092999999999999
-6.822900000000001 0.06914999999999999
-6.812900000000001 0.06714000000000002
-6.802900000000001 0.06483000000000001
-6.7929 0.062259999999999996
-6.782900000000001 0.059430000000000004
-6.772900000000001 0.05642999999999999
-6.762900000000001 0.05321000000000001
-6.7529 0.04980999999999999
-6.742900000000001 0.046369999999999995
-6.732900000000001 0.0429
-6.722900000000001 0.039450000000000006
-6.7129 0.036039999999999996
-6.7029000000000005 0.032760000000000004
-6.692900000000001 0.029609999999999994
-6.682900000000001 0.026669999999999996
-6.6729 0.023969999999999995
-6.6629000000000005 0.02148
-6.652900000000001 0.019204000000000002
-6.642900000000001 0.017176999999999998
-6.632900000000001 0.015418
-6.6229000000000005 0.013888999999999999
-6.612900000000001 0.012588
-6.602900000000001 0.011501999999999998
-6.592900000000001 0.010617
-6.5829 0.009911999999999997
-6.572900000000001 0.009375999999999999
-6.562900000000001 0.008986000000000001
-6.552900000000001 0.00873
-6.5429 0.0086
-6.532900000000001 0.008574
-6.522900000000001 0.008649
-6.512900000000001 0.00881
-6.5029 0.009053
-6.492900000000001 0.009373
-6.482900000000001 0.009755
-6.472900000000001 0.010201000000000003
-6.4629 0.010701999999999998
-6.4529000000000005 0.011255000000000001
-6.442900000000001 0.011851000000000002
-6.432900000000001 0.012495
-6.4229 0.013168999999999998
-6.4129000000000005 0.013885
-6.402900000000001 0.014629000000000001
-6.392900000000001 0.015400999999999996
-6.382900000000001 0.016191
-6.3729000000000005 0.017011
-6.362900000000001 0.01785
-6.352900000000001 0.01872
-6.342900000000001 0.01962
-6.3329 0.020430000000000004
-6.322900000000001 0.021329999999999995
-6.312900000000001 0.02223
-6.302900000000001 0.023170000000000003
-6.2929 0.024059999999999995
-6.282900000000001 0.024970000000000006
-6.272900000000001 0.02591999999999999
-6.262900000000001 0.02686
-6.2529 0.027840000000000007
-6.242900000000001 0.02882999999999999
-6.232900000000001 0.02991
-6.222900000000001 0.031020000000000006
-6.2129 0.03227000000000001
-6.2029000000000005 0.03356999999999999
-6.192900000000001 0.03502999999999999
-6.182900000000001 0.036719999999999996
-6.1729 0.0386
-6.1629000000000005 0.04071000000000001
-6.152900000000001 0.04317
-6.142900000000001 0.04589000000000001
-6.132900000000001 0.04893
-6.1229000000000005 0.05236
-6.112900000000001 0.05615000000000001
-6.102900000000001 0.060300000000000006
-6.092900000000001 0.06486000000000001
-6.0829 0.06974
-6.072900000000001 0.07494999999999999
-6.062900000000001 0.08044000000000001
-6.052900000000001 0.08617
-6.0429 0.09207
-6.032900000000001 0.09813000000000002
-6.022900000000001 0.10419999999999999
-6.012900000000001 0.11028000000000002
-6.0029 0.11615999999999999
-5.992900000000001 0.12183000000000001
-5.982900000000001 0.12724
-5.972900000000001 0.13218
-5.9629 0.13665000000000002
-5.9529000000000005 0.14048999999999998
-5.942900000000001 0.1437
-5.932900000000001 0.14611999999999997
-5.9229 0.14781
-5.9129000000000005 0.14861
-5.902900000000001 0.14857
-5.892900000000001 0.14762
-5.882900000000001 0.14583
-5.8729000000000005 0.14321999999999996
-5.862900000000001 0.13978
-5.852900000000001 0.13559000000000002
-5.842900000000001 0.13082
-5.8329 0.12545
-5.822900000000001 0.11966999999999997
-5.812900000000001 0.11356000000000001
-5.802900000000001 0.10725
-5.7929 0.10081999999999998
-5.782900000000001 0.09446
-5.772900000000001 0.08829000000000002
-5.762900000000001 0.0823
-5.7529 0.07676
-5.742900000000001 0.07167000000000001
-5.732900000000001 0.06708
-5.722900000000001 0.06306
-5.7129 0.059759999999999994
-5.7029000000000005 0.057100000000000005
-5.692900000000001 0.05511
-5.682900000000001 0.05382
-5.6729 0.05312
-5.6629000000000005 0.053099999999999994
-5.652900000000001 0.05369999999999999
-5.642900000000001 0.05487
-5.632900000000001 0.05646
-5.6229000000000005 0.0585
-5.612900000000001 0.06094000000000001
-5.602900000000001 0.06359
-5.592900000000001 0.06657000000000002
-5.5829 0.06961999999999999
-5.572900000000001 0.07278
-5.562900000000001 0.07593
-5.552900000000001 0.07909000000000001
-5.5429 0.08218
-5.532900000000001 0.08517999999999999
-5.522900000000001 0.08810999999999998
-5.512900000000001 0.09092999999999998
-5.5029 0.09363
-5.492900000000001 0.09620000000000001
-5.482900000000001 0.09873
-5.472900000000001 0.10125
-5.4629 0.10374000000000003
-5.4529000000000005 0.10635
-5.442900000000001 0.10901999999999999
-5.432900000000001 0.11181
-5.4229 0.11479
-5.4129000000000005 0.11796
-5.402900000000001 0.12136000000000004
-5.392900000000001 0.12500999999999998
-5.382900000000001 0.12882000000000002
-5.3729000000000005 0.13290000000000002
-5.362900000000001 0.13734
-5.352900000000001 0.14152
-5.342900000000001 0.14604
-5.3329 0.15027
-5.322900000000001 0.15481
-5.312900000000001 0.15905999999999998
-5.302900000000001 0.16297
-5.2929 0.16689000000000004
-5.282900000000001 0.17038000000000003
-5.272900000000001 0.17357000000000003
-5.262900000000001 0.17642999999999998
-5.2529 0.17882999999999996
-5.242900000000001 0.18087000000000003
-5.232900000000001 0.18228000000000003
-5.222900000000001 0.18321
-5.2129 0.18384000000000003
-5.2029000000000005 0.18342000000000003
-5.192900000000001 0.18353000000000003
-5.182900000000001 0.18234000000000003
-5.1729 0.18162
-5.1629000000000005 0.17997000000000005
-5.152900000000001 0.17820000000000005
-5.142900000000001 0.17634
-5.132900000000001 0.17349000000000003
-5.1229000000000005 0.17148
-5.112900000000001 0.16847000000000004
-5.102900000000001 0.16540999999999997
-5.092900000000001 0.16317
-5.0829 0.15999
-5.072900000000001 0.15768000000000001
-5.062900000000001 0.15441
-5.052900000000001 0.15204000000000004
-5.0429 0.14967
-5.032900000000001 0.14732999999999996
-5.022900000000001 0.14502
-5.012900000000001 0.14276999999999998
-5.0029 0.14124000000000003
-4.992900000000001 0.13987
-4.982900000000001 0.13889
-4.972900000000001 0.13827
-4.9629 0.13808999999999996
-4.9529000000000005 0.1383
-4.942900000000001 0.13893000000000003
-4.932900000000001 0.14004
-4.9229 0.14159000000000002
-4.9129000000000005 0.14348999999999998
-4.902900000000001 0.14573
-4.892900000000001 0.14837999999999998
-4.882900000000001 0.15152
-4.8729000000000005 0.15420999999999999
-4.862900000000001 0.15785999999999997
-4.852900000000001 0.16071000000000002
-4.842900000000001 0.16382999999999998
-4.8329 0.16727000000000003
-4.822900000000001 0.16997999999999994
-4.812900000000001 0.17262000000000002
-4.802900000000001 0.17481000000000002
-4.7929 0.17651999999999998
-4.782900000000001 0.1777
-4.772900000000001 0.17864999999999998
-4.762900000000001 0.17907000000000003
-4.7529 0.17896
-4.742900000000001 0.17831999999999995
-4.732900000000001 0.17740000000000003
-4.722900000000001 0.17594999999999997
-4.7129 0.17403000000000005
-4.7029000000000005 0.17219
-4.692900000000001 0.16988999999999999
-4.682900000000001 0.16752
-4.6729 0.16512000000000002
-4.6629000000000005 0.16263999999999998
-4.652900000000001 0.16031
-4.642900000000001 0.15811
-4.632900000000001 0.156
-4.6229000000000005 0.15417
-4.612900000000001 0.15248
-4.602900000000001 0.15106000000000003
-4.592900000000001 0.14991
-4.5829 0.14894
-4.572900000000001 0.14825000000000002
-4.562900000000001 0.14775
-4.552900000000001 0.14739
-4.5429 0.14721
-4.532900000000001 0.14719000000000002
-4.522900000000001 0.14723999999999998
-4.512900000000001 0.14733
-4.5029 0.14745
-4.492900000000001 0.14769000000000004
-4.482900000000001 0.14775000000000002
-4.472900000000001 0.14789999999999998
-4.4629 0.14790000000000003
-4.4529000000000005 0.14789999999999998
-4.442900000000001 0.14784
-4.432900000000001 0.14772000000000002
-4.4229 0.14751
-4.4129000000000005 0.14722000000000002
-4.402900000000001 0.14687000000000003
-4.392900000000001 0.14650000000000002
-4.382900000000001 0.14608000000000004
-4.372900000000001 0.14568
-4.3629000000000016 0.1452
-4.3529 0.14475000000000002
-4.3429 0.14438999999999996
-4.3329 0.144
-4.322900000000001 0.14364
-4.312900000000001 0.14336000000000002
-4.302900000000001 0.14308
-4.292900000000001 0.14286999999999997
-4.2829000000000015 0.14268000000000003
-4.2729 0.14253
-4.2629 0.14243999999999996
-4.2529 0.14229
-4.242900000000001 0.14217000000000002
-4.232900000000001 0.14195999999999998
-4.222900000000001 0.14178000000000002
-4.212900000000001 0.14147
-4.202900000000001 0.14116
-4.1929 0.14064
-4.1829 0.14007
-4.1729 0.13931999999999997
-4.1629000000000005 0.13841
-4.152900000000001 0.13736000000000004
-4.142900000000001 0.13619
-4.132900000000001 0.13479000000000002
-4.122900000000001 0.13322
-4.1129000000000016 0.13158
-4.1029 0.12974999999999998
-4.0929 0.12773
-4.0829 0.12564
-4.072900000000001 0.12349999999999998
-4.062900000000001 0.12129
-4.052900000000001 0.11906000000000001
-4.042900000000001 0.11682000000000001
-4.0329000000000015 0.11458000000000002
-4.0229 0.11246999999999997
-4.0129 0.11049000000000003
-4.0029 0.10865999999999998
-3.9929000000000006 0.10706999999999996
-3.9829000000000008 0.10565999999999999
-3.972900000000001 0.10461
-3.962900000000001 0.10386
-3.9529000000000014 0.10343000000000001
-3.9429 0.10336999999999999
-3.9329 0.10368
-3.9229000000000003 0.1043
-3.9129000000000005 0.10533000000000003
-3.9029000000000007 0.10671000000000001
-3.892900000000001 0.10829999999999997
-3.882900000000001 0.11022000000000003
-3.8729000000000013 0.11234999999999998
-3.8629000000000016 0.11462999999999995
-3.8529 0.11700000000000002
-3.8429 0.11942999999999995
-3.8329000000000004 0.12183999999999998
-3.8229000000000006 0.12421000000000001
-3.812900000000001 0.12643000000000004
-3.802900000000001 0.12846
-3.7929000000000013 0.13026000000000001
-3.7829000000000015 0.13186
-3.7729 0.13311
-3.7629 0.13413
-3.7529000000000003 0.13488000000000003
-3.7429000000000006 0.1353
-3.7329000000000008 0.13554000000000002
-3.722900000000001 0.13554000000000002
-3.712900000000001 0.13541999999999998
-3.7029000000000014 0.13515
-3.6929 0.13488
-3.6829 0.13460999999999998
-3.6729000000000003 0.13445
-3.6629000000000005 0.13437000000000002
-3.6529000000000007 0.13443000000000002
-3.642900000000001 0.13473000000000002
-3.632900000000001 0.13527000000000003
-3.6229000000000013 0.13599
-3.6129000000000016 0.13688999999999998
-3.6029 0.138
-3.5929 0.13922999999999996
-3.5829000000000004 0.14054
-3.5729000000000006 0.14184999999999998
-3.562900000000001 0.14318999999999998
-3.552900000000001 0.14432000000000003
-3.5429000000000013 0.14523
-3.5329000000000015 0.14598000000000005
-3.5229 0.14634
-3.5129 0.14639
-3.5029000000000003 0.14594999999999997
-3.4929000000000006 0.14523
-3.4829000000000008 0.14397000000000001
-3.472900000000001 0.14241
-3.462900000000001 0.14049
-3.4529000000000014 0.13827
-3.4429 0.13578
-3.4329 0.13323
-3.4229000000000003 0.13059000000000004
-3.4129000000000005 0.12796
-3.4029000000000007 0.12549000000000002
-3.392900000000001 0.12315000000000001
-3.382900000000001 0.12113
-3.3729000000000013 0.11941
-3.3629000000000016 0.11810000000000001
-3.3529 0.11724
-3.3429 0.11672999999999999
-3.3329000000000004 0.11672999999999999
-3.3229000000000006 0.11717
-3.312900000000001 0.11793000000000001
-3.302900000000001 0.11910999999999997
-3.2929000000000013 0.12063
-3.2829000000000015 0.12238000000000002
-3.2729 0.12440999999999999
-3.2629 0.12650999999999998
-3.2529000000000003 0.12876
-3.2429000000000006 0.13102
-3.2329000000000008 0.13329
-3.222900000000001 0.13549999999999998
-3.212900000000001 0.13757999999999998
-3.2029000000000014 0.13954000000000003
-3.1929 0.14139000000000002
-3.1829 0.14304
-3.1729000000000003 0.14445
-3.1629000000000005 0.14574000000000004
-3.1529000000000007 0.14682
-3.142900000000001 0.14761000000000002
-3.132900000000001 0.14820000000000003
-3.1229000000000013 0.14862
-3.1129000000000016 0.14886000000000002
-3.1029 0.14889
-3.0929 0.14864
-3.0829000000000004 0.14829
-3.0729000000000006 0.14772999999999997
-3.062900000000001 0.14700000000000002
-3.052900000000001 0.1461
-3.0429000000000013 0.14505
-3.0329000000000015 0.14397
-3.0229 0.14277
-3.0129 0.14148999999999995
-3.0029000000000003 0.14028000000000002
-2.9929000000000006 0.13896000000000003
-2.9829000000000008 0.13778999999999997
-2.972900000000001 0.13663000000000003
-2.962900000000001 0.13557
-2.9529000000000014 0.13466999999999998
-2.9429 0.13386
-2.9329 0.13323
-2.9229000000000003 0.13284
-2.9129000000000005 0.13254
-2.9029000000000007 0.13238999999999998
-2.892900000000001 0.13245000000000004
-2.882900000000001 0.13263
-2.8729000000000013 0.13295
-2.8629000000000016 0.13337000000000004
-2.8529 0.13384000000000004
-2.8429 0.13446000000000002
-2.8329000000000004 0.13501
-2.8229000000000006 0.13557
-2.812900000000001 0.13614
-2.802900000000001 0.13669000000000003
-2.7929000000000013 0.13713
-2.7829000000000015 0.13755
-2.7729 0.13775
-2.7629 0.13787
-2.7529000000000003 0.13787000000000002
-2.7429000000000006 0.13781
-2.7329000000000008 0.13748999999999997
-2.722900000000001 0.13701000000000002
-2.712900000000001 0.13643000000000002
-2.7029000000000014 0.13559000000000002
-2.6929 0.13467
-2.6829 0.13355
-2.6729000000000003 0.13224000000000002
-2.6629000000000005 0.13082999999999997
-2.6529000000000007 0.12930000000000003
-2.642900000000001 0.12764000000000003
-2.632900000000001 0.12588999999999997
-2.6229000000000013 0.12408000000000002
-2.6129000000000016 0.12228999999999998
-2.6029 0.12045000000000003
-2.5929 0.11870999999999998
-2.5829000000000004 0.11706
-2.5729000000000006 0.11549
-2.562900000000001 0.11407999999999997
-2.552900000000001 0.11280999999999997
-2.5429000000000013 0.11177999999999999
-2.5329000000000015 0.11096999999999997
-2.5229 0.11030999999999999
-2.5129 0.10987
-2.5029000000000003 0.10969000000000001
-2.4929000000000006 0.10962999999999999
-2.4829000000000008 0.10976999999999999
-2.472900000000001 0.11000999999999998
-2.462900000000001 0.11039
-2.4529000000000014 0.11081
-2.4429 0.11126999999999998
-2.4329 0.11174999999999999
-2.4229000000000003 0.1122
-2.4129000000000005 0.11258000000000003
-2.4029000000000007 0.11285000000000003
-2.392900000000001 0.11298000000000001
-2.382900000000001 0.11297999999999998
-2.3729000000000013 0.11281999999999998
-2.3629000000000016 0.11252000000000002
-2.3529 0.11198999999999999
-2.3429 0.11126999999999995
-2.3329000000000004 0.11046000000000003
-2.3229000000000006 0.10940999999999998
-2.312900000000001 0.10826999999999998
-2.302900000000001 0.10696999999999998
-2.2929000000000013 0.10556000000000001
-2.2829000000000015 0.10403999999999998
-2.2729 0.10241999999999997
-2.2629 0.10073000000000001
-2.2529000000000003 0.09902
-2.2429000000000006 0.09721999999999999
-2.2329000000000008 0.09540999999999997
-2.222900000000001 0.0936
-2.212900000000001 0.0918
-2.2029000000000014 0.08997999999999998
-2.1929 0.08819999999999999
-2.1829 0.08645999999999997
-2.1729000000000003 0.08471000000000002
-2.1629000000000005 0.08289999999999999
-2.1529000000000007 0.08118
-2.142900000000001 0.0794
-2.132900000000001 0.07766999999999999
-2.1229000000000013 0.07587000000000002
-2.1129000000000016 0.07413
-2.1029 0.07227
-2.0929 0.07056
-2.0829000000000004 0.06870000000000001
-2.0729000000000006 0.06700000000000002
-2.062900000000001 0.06525000000000002
-2.052900000000001 0.06369
-2.0429000000000013 0.06222
-2.0329000000000015 0.06089999999999999
-2.0229 0.059820000000000005
-2.0129 0.05898000000000001
-2.0029000000000003 0.05843999999999999
-1.9929000000000006 0.05827000000000001
-1.9829000000000008 0.05847999999999999
-1.972900000000001 0.05904999999999999
-1.9629000000000012 0.060200000000000004
-1.9529000000000014 0.06167999999999999
-1.9428999999999998 0.06372999999999998
-1.9329 0.06626000000000001
-1.9229000000000003 0.06927
-1.9129000000000005 0.07271999999999999
-1.9029000000000007 0.07658999999999999
-1.892900000000001 0.081
-1.8829000000000011 0.08569
-1.8729000000000013 0.09075
-1.8629000000000016 0.09615
-1.8529 0.10175
-1.8429000000000002 0.10751
-1.8329000000000004 0.11333999999999998
-1.8229000000000006 0.11931000000000003
-1.8129000000000008 0.12516999999999998
-1.802900000000001 0.13093000000000002
-1.7929000000000013 0.13644
-1.7829000000000015 0.14181
-1.7729 0.14676
-1.7629000000000001 0.15136000000000002
-1.7529000000000003 0.15543
-1.7429000000000006 0.15900000000000003
-1.7329000000000008 0.16191
-1.722900000000001 0.16462000000000004
-1.7129000000000012 0.16652999999999998
-1.7029000000000014 0.16754999999999998
-1.6928999999999998 0.16847
-1.6829 0.16799999999999995
-1.6729000000000003 0.16805999999999996
-1.6629000000000005 0.16698000000000002
-1.6529000000000007 0.16543
-1.642900000000001 0.16338
-1.6329000000000011 0.16123
-1.6229000000000013 0.15879000000000001
-1.6129000000000016 0.15617999999999999
-1.6029 0.15339999999999998
-1.5929000000000002 0.1506
-1.5829000000000004 0.1479
-1.5729000000000006 0.14523999999999998
-1.5629000000000008 0.14270999999999998
-1.552900000000001 0.14034000000000002
-1.5429000000000013 0.1383
-1.5329000000000015 0.13645000000000002
-1.5229 0.13491999999999998
-1.5129000000000001 0.13371
-1.5029000000000003 0.13278
-1.4929000000000006 0.13215000000000002
-1.4829000000000008 0.13178
-1.472900000000001 0.13166000000000003
-1.4629000000000012 0.13176
-1.4529000000000014 0.13203
-1.4428999999999998 0.13248
-1.4329 0.13294999999999998
-1.4229000000000003 0.13348000000000002
-1.4129000000000005 0.134
-1.4029000000000007 0.13452000000000003
-1.392900000000001 0.13496999999999998
-1.3829000000000011 0.13534000000000002
-1.3729000000000013 0.13559000000000002
-1.3629000000000016 0.13569
-1.3529 0.13574999999999998
-1.3429000000000002 0.13563
-1.3329000000000004 0.13554
-1.3229000000000006 0.13536000000000004
-1.3129000000000008 0.13518
-1.302900000000001 0.13506999999999997
-1.2929000000000013 0.13496999999999995
-1.2829000000000015 0.13496999999999995
-1.2729 0.13514999999999996
-1.2629000000000001 0.13539
-1.2529000000000003 0.13583
-1.2429000000000006 0.13641000000000003
-1.2329000000000008 0.13714999999999997
-1.222900000000001 0.13800999999999997
-1.2129000000000012 0.13890999999999998
-1.2029000000000014 0.13995
-1.1928999999999998 0.14100000000000001
-1.1829 0.14199
-1.1729000000000003 0.14301
-1.1629000000000005 0.14385
-1.1529000000000007 0.14463
-1.142900000000001 0.14520000000000002
-1.1329000000000011 0.1456
-1.1229000000000013 0.14579999999999999
-1.1129000000000016 0.14573999999999998
-1.1029 0.14543999999999999
-1.0929000000000002 0.14493000000000003
-1.0829000000000004 0.14417999999999997
-1.0729000000000006 0.14319
-1.0629000000000008 0.14196000000000003
-1.052900000000001 0.14054999999999998
-1.0429000000000013 0.13896000000000003
-1.0329000000000015 0.13725
-1.0229 0.13539
-1.0129000000000001 0.13338
-1.0029000000000003 0.13127999999999998
-0.9929000000000006 0.12915000000000004
-0.9829000000000008 0.12689999999999999
-0.972900000000001 0.12461999999999995
-0.9629000000000012 0.12234
-0.9529000000000014 0.12003000000000003
-0.9428999999999998 0.11774999999999997
-0.9329000000000001 0.11545000000000002
-0.9229000000000003 0.11320999999999999
-0.9129000000000005 0.11101
-0.9029000000000007 0.10884999999999999
-0.8929000000000009 0.10671000000000003
-0.8829000000000011 0.10464000000000001
-0.8729000000000013 0.1026
-0.8629000000000016 0.10057000000000002
-0.8529 0.09858000000000001
-0.8429000000000002 0.09664
-0.8329000000000004 0.09464
-0.8229000000000006 0.09269999999999999
-0.8129000000000008 0.09072000000000001
-0.8029000000000011 0.08876999999999997
-0.7929000000000013 0.08672000000000002
-0.7829000000000015 0.08459999999999998
-0.7728999999999999 0.08241
-0.7629000000000001 0.08012999999999999
-0.7529000000000003 0.07779
-0.7429000000000006 0.0753
-0.7329000000000008 0.07275
-0.722900000000001 0.07007999999999999
-0.7129000000000012 0.06723000000000001
-0.7029000000000014 0.06432
-0.6928999999999998 0.06135000000000001
-0.6829000000000001 0.05825999999999999
-0.6729000000000003 0.055050000000000016
-0.6629000000000005 0.05180999999999998
-0.6529000000000007 0.04857000000000001
-0.6429000000000009 0.04520999999999999
-0.6329000000000011 0.04193999999999999
-0.6229000000000013 0.038669999999999996
-0.6129000000000016 0.035460000000000005
-0.6029 0.03236
-0.5929000000000002 0.029279999999999994
-0.5829000000000004 0.0264
-0.5729000000000006 0.02362
-0.5629000000000008 0.021011999999999996
-0.5529000000000011 0.018541000000000002
-0.5429000000000013 0.016272
-0.5329000000000015 0.014174999999999998
-0.5228999999999999 0.012264
-0.5129000000000001 0.010532000000000001
-0.5029000000000003 0.008982
-0.49290000000000056 0.007605000000000001
-0.4829000000000008 0.006390000000000001
-0.472900000000001 0.005327999999999999
-0.4629000000000012 0.004413
-0.4529000000000014 0.0036239999999999996
-0.44289999999999985 0.0029549999999999997
-0.43290000000000006 0.0023904000000000004
-0.4229000000000003 0.0019185000000000003
-0.4129000000000005 0.0015248999999999996
-0.4029000000000007 0.0012057
-0.3929000000000009 0.0009444000000000003
-0.38290000000000113 0.0007339
-0.37290000000000134 0.0005656999999999998
-0.36290000000000155 0.00043209999999999993
-0.3529 0.0003273
-0.3429000000000002 0.00024605
-0.3329000000000004 0.00018311999999999997
-0.32290000000000063 0.00013533
-0.31290000000000084 9.897e-05
-0.30290000000000106 7.179000000000002e-05
-0.29290000000000127 5.1619999999999983e-05
-0.2829000000000015 3.677e-05
-0.2728999999999999 2.5974e-05
-0.26290000000000013 1.8157e-05
-0.25290000000000035 1.2586e-05
-0.24290000000000056 8.638000000000001e-06
-0.23290000000000077 5.871000000000002e-06
-0.222900000000001 3.957e-06
-0.2129000000000012 2.6393999999999997e-06
-0.2029000000000014 1.7468000000000002e-06
-0.19289999999999985 1.1416e-06
-0.18290000000000006 7.398000000000001e-07
-0.17290000000000028 4.749e-07
-0.1629000000000005 3.015e-07
-0.1529000000000007 1.8982e-07
-0.14290000000000092 1.1821000000000001e-07
-0.13290000000000113 7.289e-08
-0.12290000000000134 4.450999999999999e-08
-0.11290000000000155 2.6900999999999997e-08
-0.10289999999999999 1.6065000000000002e-08
-0.0929000000000002 9.526e-09
-0.08290000000000042 5.585e-09
-0.07290000000000063 3.2377e-09
-0.06290000000000084 1.8600000000000002e-09
-0.05290000000000106 1.0568000000000001e-09
-0.04290000000000127 5.946e-10
-0.032900000000001484 3.3112e-10
-0.02289999999999992 1.823e-10
-0.012900000000000134 9.942000000000002e-11
-0.0029000000000003467 5.365e-11
0.00709999999999944 2.8662e-11
0.017099999999999227 1.5125999999999998e-11
0.027099999999999014 7.894999999999997e-12
0.0370999999999988 4.077e-12
0.04709999999999859 2.0808e-12
0.05710000000000015 1.0418e-12
0.06709999999999994 5.208e-13
0.07709999999999972 2.5869000000000003e-13
0.08709999999999951 1.2422e-13
0.0970999999999993 6.053000000000001e-14
0.10709999999999908 2.5352999999999997e-14
0.11709999999999887 9.285e-15
0.12709999999999866 0.0
0.13709999999999845 0.0
0.1471 0.0
0.1570999999999998 0.0
0.16709999999999958 0.0
0.17709999999999937 0.0
0.18709999999999916 0.0
0.19709999999999894 0.0
0.20709999999999873 0.0
0.21709999999999852 0.0
0.22710000000000008 0.0
0.23709999999999987 0.0
0.24709999999999965 0.0
0.25709999999999944 0.0
0.2670999999999992 0.0
0.277099999999999 0.0
0.2870999999999988 0.0
0.2970999999999986 0.0
0.30710000000000015 0.0
0.31709999999999994 0.0
0.3270999999999997 0.0
0.3370999999999995 0.0
0.3470999999999993 0.0
0.3570999999999991 0.0
0.36709999999999887 0.0
0.37709999999999866 0.0
0.38709999999999845 0.0
0.3971 0.0
0.4070999999999998 0.0
0.4170999999999996 0.0
0.42709999999999937 0.0
0.43709999999999916 0.0
0.44709999999999894 0.0
0.45709999999999873 0.0
0.4670999999999985 0.0
0.4771000000000001 0.0
0.48709999999999987 0.0
0.49709999999999965 0.0
0.5070999999999994 0.0
0.5170999999999992 0.0
0.527099999999999 0.0
0.5370999999999988 0.0
0.5470999999999986 0.0
0.5571000000000002 0.0
0.5670999999999999 0.0
0.5770999999999997 0.0
0.5870999999999995 0.0
0.5970999999999993 0.0
0.6070999999999991 0.0
0.6170999999999989 0.0
0.6270999999999987 0.0
0.6370999999999984 0.0
0.6471 0.0
0.6570999999999998 0.0
0.6670999999999996 0.0
0.6770999999999994 0.0
0.6870999999999992 0.0
0.6970999999999989 0.0
0.7070999999999987 0.0
0.7170999999999985 0.0
0.7271000000000001 0.0
0.7370999999999999 0.0
0.7470999999999997 0.0
0.7570999999999994 0.0
0.7670999999999992 0.0
0.777099999999999 0.0
0.7870999999999988 0.0
0.7970999999999986 0.0
0.8071000000000002 0.0
0.8170999999999999 0.0
0.8270999999999997 0.0
0.8370999999999995 0.0
0.8470999999999993 0.0
0.8570999999999991 0.0
0.8670999999999989 0.0
0.8770999999999987 0.0
0.8870999999999984 0.0
0.8971 2.1098187000000007e-15
0.9070999999999998 4.420713999999999e-15
0.9170999999999996 9.153546000000001e-15
0.9270999999999994 1.8757257999999995e-14
0.9370999999999992 4.0572599999999997e-14
0.9470999999999989 8.157089999999996e-14
0.9570999999999987 1.6212000000000007e-13
0.9670999999999985 3.30798e-13
0.9771000000000001 6.4533e-13
0.9870999999999999 1.2465000000000006e-12
0.9970999999999997 2.3974799999999996e-12
1.0070999999999994 4.539750000000001e-12
1.0170999999999992 8.5074e-12
1.027099999999999 1.5748200000000002e-11
1.0370999999999988 2.9007599999999996e-11
1.0470999999999986 5.2683000000000006e-11
1.0571000000000002 9.481500000000001e-11
1.0671 1.6867499999999996e-10
1.0770999999999997 2.97771e-10
1.0870999999999995 5.1984e-10
1.0970999999999993 8.9827e-10
1.107099999999999 1.5377700000000002e-09
1.1170999999999989 2.6057999999999994e-09
1.1270999999999987 4.3699e-09
1.1370999999999984 7.2609e-09
1.1471 1.1950800000000001e-08
1.1570999999999998 1.9472399999999996e-08
1.1670999999999996 3.1444999999999995e-08
1.1770999999999994 5.026799999999999e-08
1.1870999999999992 7.964400000000002e-08
1.197099999999999 1.24998e-07
1.2070999999999987 1.9434000000000006e-07
1.2170999999999985 3.0002999999999997e-07
1.2271 4.5809999999999995e-07
1.2370999999999999 6.9344e-07
1.2470999999999997 1.0413300000000003e-06
1.2570999999999994 1.5498000000000002e-06
1.2670999999999992 2.2833000000000002e-06
1.277099999999999 3.3429000000000002e-06
1.2870999999999988 4.854300000000001e-06
1.2970999999999986 6.985500000000001e-06
1.3071000000000002 9.978999999999997e-06
1.3171 1.4147999999999999e-05
1.3270999999999997 1.9899e-05
1.3370999999999995 2.7776e-05
1.3470999999999993 3.8454e-05
1.357099999999999 5.2904999999999996e-05
1.3670999999999989 7.226999999999998e-05
1.3770999999999987 9.806999999999996e-05
1.3870999999999984 0.00013218
1.3971 0.00017685
1.4070999999999998 0.00023517000000000007
1.4170999999999996 0.00031100999999999996
1.4270999999999994 0.0004086
1.4370999999999992 0.0005330999999999999
1.447099999999999 0.0006921
1.4570999999999987 0.0008919000000000002
1.4670999999999985 0.0011430000000000001
1.4771 0.0014567999999999996
1.4870999999999999 0.0018459000000000006
1.4970999999999997 0.0023236999999999997
1.5070999999999994 0.0029069999999999994
1.5170999999999992 0.003623
1.527099999999999 0.004481999999999999
1.5370999999999988 0.005507999999999998
1.5470999999999986 0.006741000000000001
1.5571000000000002 0.008187
1.5671 0.009891
1.5770999999999997 0.011877000000000004
1.5870999999999995 0.014168999999999998
1.5970999999999993 0.016803
1.607099999999999 0.019819999999999997
1.6170999999999989 0.023160000000000004
1.6270999999999987 0.02694
1.6370999999999984 0.031229999999999997
1.6471 0.03585
1.6570999999999998 0.04095000000000001
1.6670999999999996 0.04653
1.6770999999999994 0.05247000000000001
1.6870999999999992 0.05879999999999999
1.697099999999999 0.06555
1.7070999999999987 0.07257
1.7170999999999985 0.07991999999999999
1.7271 0.08747999999999997
1.7370999999999999 0.09518999999999998
1.7470999999999997 0.10299000000000001
1.7570999999999994 0.11093999999999998
1.7670999999999992 0.11874000000000001
1.777099999999999 0.12651
1.7870999999999988 0.13409999999999997
1.7970999999999986 0.14143999999999998
1.8071000000000002 0.14845999999999998
1.8171 0.15527999999999995
1.8270999999999997 0.16146
1.8370999999999995 0.16752
1.8470999999999993 0.17256
1.857099999999999 0.17752999999999997
1.8670999999999989 0.18143
1.8770999999999987 0.18519000000000005
1.8870999999999984 0.18788999999999997
1.8971 0.18983999999999998
1.9070999999999998 0.19160999999999995
1.9170999999999996 0.19221
1.9270999999999994 0.19233000000000003
1.9370999999999992 0.19194
1.947099999999999 0.19100999999999996
1.9570999999999987 0.18924
1.9670999999999985 0.18695999999999996
1.9771 0.18474000000000004
1.9870999999999999 0.18176999999999996
1.9970999999999997 0.17799000000000004
2.0070999999999994 0.17460000000000006
2.0170999999999992 0.171
2.027099999999999 0.16731000000000001
2.037099999999999 0.16377
2.0470999999999986 0.16038
2.0571 0.15735
2.0671 0.15471
2.0770999999999997 0.15255
2.0870999999999995 0.15102
2.0970999999999993 0.15018
2.107099999999999 0.15012
2.117099999999999 0.15083999999999997
2.1270999999999987 0.15239999999999995
2.1370999999999984 0.15482999999999997
2.1471 0.15793
2.1571 0.16212
2.1670999999999996 0.16701
2.1770999999999994 0.17311
2.187099999999999 0.17948999999999998
2.197099999999999 0.18617
2.2070999999999987 0.19392
2.2170999999999985 0.20184
2.2271 0.20991000000000004
2.2371 0.21837000000000004
2.2470999999999997 0.22718999999999998
2.2570999999999994 0.23579999999999993
2.2670999999999992 0.24420000000000008
2.277099999999999 0.25260000000000005
2.287099999999999 0.2604
2.2970999999999986 0.2682
2.3071 0.2754
2.3171 0.2814
2.3270999999999997 0.2874
2.3370999999999995 0.2922
2.3470999999999993 0.2964000000000001
2.357099999999999 0.29969999999999997
2.367099999999999 0.3023999999999999
2.3770999999999987 0.3042
2.3870999999999984 0.30510000000000004
2.3971 0.3045
2.4071 0.30360000000000004
2.4170999999999996 0.3018
2.4270999999999994 0.2994
2.437099999999999 0.29610000000000003
2.447099999999999 0.29280000000000006
2.4570999999999987 0.28859999999999997
2.4670999999999985 0.28409999999999996
2.4771 0.2796
2.4871 0.2751
2.4970999999999997 0.2699999999999999
2.5070999999999994 0.2660999999999999
2.5170999999999992 0.2618999999999999
2.527099999999999 0.2583
2.537099999999999 0.2553
2.5470999999999986 0.25289999999999996
2.5571 0.2508000000000001
2.5671 0.24929999999999997
2.5770999999999997 0.24869999999999998
2.5870999999999995 0.2487
2.5970999999999993 0.24899999999999997
2.607099999999999 0.2501999999999999
2.617099999999999 0.2511000000000001
2.6270999999999987 0.2523000000000001
2.6370999999999984 0.2538
2.6471 0.2544
2.6571 0.25560000000000005
2.6670999999999996 0.25590000000000007
2.6770999999999994 0.2565000000000001
2.687099999999999 0.25649999999999995
2.697099999999999 0.25560000000000005
2.7070999999999987 0.2538
2.7170999999999985 0.252
2.7271 0.24870000000000006
2.7371 0.24509999999999993
2.7470999999999997 0.2412
2.7570999999999994 0.237
2.7670999999999992 0.23189999999999997
2.777099999999999 0.22656
2.787099999999999 0.22100999999999998
2.7970999999999986 0.21546000000000004
2.8071 0.20964000000000002
2.8171 0.20387999999999998
2.8270999999999997 0.19857000000000002
2.8370999999999995 0.19307999999999997
2.8470999999999993 0.18767999999999999
2.857099999999999 0.18309999999999998
2.867099999999999 0.17840999999999999
2.8770999999999987 0.17448
2.8870999999999984 0.17076000000000002
2.8971 0.16815
2.9071 0.16575
2.9170999999999996 0.16359
2.9270999999999994 0.16158
2.937099999999999 0.16071
2.947099999999999 0.16008
2.9570999999999987 0.16053
2.9670999999999985 0.16119000000000003
2.9771 0.16241000000000003
2.9871 0.16419
2.9970999999999997 0.16674
3.0070999999999994 0.16956
3.0170999999999992 0.17292
3.027099999999999 0.17717999999999998
3.037099999999999 0.18195
3.0470999999999986 0.18705
3.0571 0.19269000000000003
3.0671 0.19893000000000002
3.0770999999999997 0.20573999999999995
3.0870999999999995 0.21252
3.0970999999999993 0.21986999999999998
3.107099999999999 0.22713
3.117099999999999 0.23486000000000007
3.1270999999999987 0.24222
3.1370999999999984 0.24971000000000004
3.1471 0.25728
3.1571 0.2645
3.1670999999999996 0.2711
3.1770999999999994 0.2778
3.187099999999999 0.2835
3.197099999999999 0.28919999999999996
3.2070999999999987 0.29400000000000004
3.2170999999999985 0.2991
3.2271 0.303
3.2371 0.30749999999999994
3.2470999999999997 0.31159999999999993
3.2570999999999994 0.315
3.2670999999999992 0.31889999999999996
3.277099999999999 0.32309999999999994
3.287099999999999 0.327
3.2970999999999986 0.33209999999999995
3.3071 0.3368999999999999
3.3171 0.342
3.3270999999999997 0.3474000000000001
3.3370999999999995 0.3531000000000001
3.3470999999999993 0.3596999999999999
3.357099999999999 0.36539999999999984
3.367099999999999 0.37170000000000003
3.3770999999999987 0.3779999999999999
3.3870999999999984 0.3837000000000001
3.3971 0.3891
3.4071 0.3941999999999999
3.4170999999999996 0.3987
3.4270999999999994 0.4020000000000001
3.437099999999999 0.4049999999999999
3.447099999999999 0.40679999999999994
3.4570999999999987 0.40769999999999995
3.4670999999999985 0.4074000000000001
3.4771 0.4065000000000001
3.4871 0.40409999999999985
3.4970999999999997 0.40169999999999995
3.5070999999999994 0.3978000000000001
3.5170999999999992 0.3939
3.527099999999999 0.38909999999999995
3.537099999999999 0.38430000000000003
3.5470999999999986 0.3791999999999999
3.5571 0.37410000000000004
3.5671 0.3692999999999999
3.5770999999999997 0.36510000000000004
3.5870999999999995 0.3608999999999999
3.5970999999999993 0.35780000000000006
3.607100000000001 0.3549
3.617099999999999 0.3527999999999999
3.6271000000000004 0.3518999999999999
3.6370999999999984 0.3512999999999999
3.6471 0.3512999999999999
3.657099999999998 0.3519
3.6670999999999996 0.3531000000000001
3.6770999999999976 0.35440000000000005
3.687099999999999 0.35639999999999994
3.6971000000000007 0.35819999999999996
3.7070999999999987 0.3603
3.7171000000000003 0.3615000000000001
3.7270999999999983 0.3629
3.7371 0.3636
3.747099999999998 0.3627
3.7570999999999994 0.3615
3.767100000000001 0.3597
3.777099999999999 0.3567
3.7871000000000006 0.3524999999999999
3.7970999999999986 0.34770000000000006
3.8071 0.34140000000000004
3.817099999999998 0.3344999999999999
3.8270999999999997 0.32609999999999995
3.8370999999999977 0.3183
3.8470999999999993 0.30929999999999996
3.857100000000001 0.30030000000000007
3.867099999999999 0.2901
3.8771000000000004 0.2811
3.8870999999999984 0.27210000000000006
3.8971 0.26370000000000005
3.907099999999998 0.2552000000000001
3.9170999999999996 0.2478
3.9270999999999976 0.2411000000000001
3.937099999999999 0.2349
3.9471000000000007 0.23040000000000008
3.9570999999999987 0.2268
3.9671000000000003 0.22309999999999994
3.9770999999999983 0.22049999999999997
3.9871 0.2193
3.997099999999998 0.21840000000000004
4.007099999999999 0.21810000000000004
4.017100000000001 0.2187000000000001
4.027099999999999 0.2199
4.037100000000001 0.22079999999999997
4.047099999999999 0.22259999999999994
4.0571 0.22440000000000002
4.067099999999998 0.22619999999999998
4.0771 0.22860000000000005
4.087099999999998 0.2304
4.097099999999999 0.23219999999999993
4.107100000000001 0.23400000000000004
4.117099999999999 0.23579999999999998
4.1271 0.23790000000000006
4.1370999999999984 0.24
4.1471 0.24300000000000005
4.157099999999998 0.2448
4.1671 0.24690000000000004
4.177099999999998 0.2501999999999999
4.187099999999999 0.2532
4.197100000000001 0.25650000000000006
4.207099999999999 0.26039999999999996
4.2171 0.2646000000000001
4.227099999999998 0.2690999999999999
4.2371 0.27450000000000013
4.247099999999998 0.27990000000000004
4.257099999999999 0.2856
4.267100000000001 0.2916
4.277099999999999 0.2972999999999999
4.287100000000001 0.30330000000000007
4.297099999999999 0.309
4.3071 0.31500000000000006
4.317099999999998 0.3202
4.3271 0.32430000000000003
4.337099999999998 0.32789999999999997
4.347099999999999 0.3302999999999999
4.357100000000001 0.33210000000000006
4.367099999999999 0.33240000000000003
4.3771 0.33210000000000006
4.3870999999999984 0.3302999999999999
4.3971 0.32699999999999996
4.407099999999998 0.32310000000000005
4.4171 0.31829999999999997
4.427099999999998 0.31260000000000004
4.437099999999999 0.30600000000000005
4.447100000000001 0.2988
4.457099999999999 0.29100000000000004
4.4671 0.28350000000000003
4.477099999999998 0.27540000000000003
4.4871 0.26789999999999997
4.497099999999998 0.26039999999999996
4.507099999999999 0.2529
4.517100000000001 0.24599999999999997
4.527099999999999 0.2403
4.537100000000001 0.23460000000000003
4.547099999999999 0.22920000000000007
4.5571 0.22469999999999998
4.567099999999998 0.2208
4.5771 0.21749999999999997
4.587099999999998 0.2148
4.597099999999999 0.21269999999999994
4.607100000000001 0.2112
4.617099999999999 0.20970000000000008
4.6271 0.20880000000000004
4.6370999999999984 0.20880000000000004
4.6471 0.20880000000000004
4.657099999999998 0.2097
4.6671 0.2097
4.677099999999998 0.21149999999999997
4.687099999999999 0.21300000000000002
4.697100000000001 0.21479999999999996
4.707099999999999 0.21690000000000004
4.7171 0.21869999999999998
4.727099999999998 0.2223
4.7371 0.2241
4.747099999999998 0.2274
4.757099999999999 0.2303999999999999
4.767100000000001 0.23340000000000002
4.777099999999999 0.2367000000000001
4.787100000000001 0.2385
4.797099999999999 0.24119999999999994
4.8071 0.24300000000000005
4.817099999999998 0.2446
4.8271 0.24569999999999995
4.837099999999998 0.24569999999999995
4.847099999999999 0.2453
4.857100000000001 0.24420000000000006
4.867099999999999 0.24239999999999995
4.8771 0.23950000000000007
4.8870999999999984 0.23669999999999994
4.8971 0.23299999999999993
4.907099999999998 0.22850000000000004
4.9171 0.2240999999999999
4.927099999999998 0.21910000000000002
4.937099999999999 0.21409999999999993
4.947100000000001 0.2089
4.957099999999999 0.20379999999999998
4.9671 0.19889999999999994
4.977099999999998 0.1939
4.9871 0.18933999999999998
4.997099999999998 0.18522000000000002
5.007099999999999 0.18106999999999998
5.017100000000001 0.17742999999999998
5.027099999999999 0.17404000000000003
5.037100000000001 0.17091000000000003
5.047099999999999 0.16790000000000002
5.0571 0.16504999999999997
5.067099999999998 0.16225
5.0771 0.15949000000000002
5.087099999999998 0.15675999999999998
5.097099999999999 0.15394
5.107100000000001 0.15103999999999998
5.117099999999999 0.14801999999999998
5.1271 0.14487
5.1370999999999984 0.14158999999999997
5.1471 0.13817
5.157099999999998 0.13462000000000005
5.1671 0.13096
5.177099999999998 0.12721
5.187099999999999 0.12338
5.197100000000001 0.11948000000000002
5.207099999999999 0.11557999999999999
5.2171 0.11164999999999999
5.227099999999998 0.10771999999999998
5.2371 0.10378
5.247099999999998 0.09992000000000001
5.257099999999999 0.09609999999999998
5.267100000000001 0.09230999999999999
5.277099999999999 0.08860000000000001
5.287100000000001 0.08492
5.297099999999999 0.0813
5.3071 0.07779
5.317099999999998 0.07432
5.3271 0.07092000000000001
5.337099999999998 0.06760000000000001
5.347099999999999 0.06432999999999998
5.357100000000001 0.06112999999999999
5.367099999999999 0.05794
5.3771 0.05488
5.3870999999999984 0.051840000000000004
5.3971 0.04882
5.407099999999998 0.04594000000000001
5.4171 0.04307
5.427099999999998 0.04029
5.437099999999999 0.03755
5.447100000000001 0.03495
5.457099999999999 0.03237
5.4671 0.029909999999999996
5.477099999999998 0.02754
5.4871 0.025299999999999996
5.497099999999998 0.023160000000000004
5.507099999999999 0.021130000000000006
5.517100000000001 0.019198999999999997
5.527099999999999 0.01739
5.537100000000001 0.015708999999999997
5.547099999999999 0.014141000000000003
5.5571 0.012683
5.567099999999998 0.011337999999999997
5.5771 0.010096
5.587099999999998 0.008953000000000001
5.597099999999999 0.00791
5.607100000000001 0.006957000000000001
5.617099999999999 0.006085999999999999
5.6271 0.005300000000000001
5.6370999999999984 0.004588999999999999
5.6471 0.003947
5.657099999999998 0.003379
5.6671 0.0028710000000000007
5.677099999999998 0.0024230000000000002
5.687099999999999 0.0020293
5.697100000000001 0.0016863999999999998
5.707099999999999 0.0013913
5.7171 0.0011377
5.727099999999998 0.0009226
5.7371 0.000742
5.747099999999998 0.0005909
5.757099999999999 0.00046640000000000006
5.767100000000001 0.00036500000000000004
5.777099999999999 0.0002828
5.787100000000001 0.00021684000000000002
5.797099999999999 0.00016498999999999998
5.8071 0.00012406
5.817099999999998 9.242000000000001e-05
5.8271 6.814e-05
5.837099999999998 4.976e-05
5.847099999999999 3.596e-05
5.857100000000001 2.5709999999999996e-05
5.867099999999999 1.8216000000000003e-05
5.8771 1.2756999999999997e-05
5.8870999999999984 8.844e-06
5.8971 6.067000000000001e-06
5.907099999999998 4.119e-06
5.9171 2.768e-06
5.927099999999998 1.8394000000000001e-06
5.937099999999999 1.2105e-06
5.947100000000001 7.88e-07
5.957099999999999 5.074e-07
