-22.402900000000002 -0.0011721000000000001
-22.3929 -0.0008408999999999999
-22.3829 -0.0005976000000000001
-22.3729 -0.00041999999999999996
-22.362900000000003 -0.00029219999999999995
-22.352899999999998 -0.00020130000000000001
-22.3429 -0.00013757999999999997
-22.332900000000002 -9.290999999999999e-05
-22.3229 -6.212e-05
-22.3129 -4.11e-05
-22.3029 -2.6909999999999995e-05
-22.292900000000003 -1.7436e-05
-22.2829 -1.1193000000000001e-05
-22.2729 -7.1100000000000005e-06
-22.262900000000002 -4.471999999999999e-06
-22.2529 -2.787e-06
-22.2429 -1.7136e-06
-22.2329 -1.0444e-06
-22.222900000000003 -6.303e-07
-22.2129 -3.7649999999999996e-07
-22.2029 -2.229e-07
-22.1929 -1.3023e-07
-22.1829 -7.542e-08
-22.1729 -4.3230000000000004e-08
-22.1629 -2.4490000000000003e-08
-22.152900000000002 -1.3777000000000002e-08
-22.1429 -7.652999999999999e-09
-22.1329 -4.215e-09
-22.1229 -2.295e-09
-22.112900000000003 -1.2349999999999998e-09
-22.102899999999998 -6.587999999999998e-10
-22.0929 -3.4769999999999995e-10
-22.082900000000002 -1.8171e-10
-22.0729 -9.383000000000003e-11
-22.0629 -4.7940000000000005e-11
-22.0529 -2.4250000000000004e-11
-22.042900000000003 -1.2100000000000004e-11
-22.0329 -5.946e-12
-22.0229 -2.778e-12
-22.012900000000002 -1.233e-12
-22.0029 -4.938000000000001e-13
-21.9929 -2.0010000000000005e-13
-21.9829 -7.742999999999999e-14
-21.972900000000003 -1.1711e-14
-21.9629 -0.0
-21.9529 -0.0
-21.9429 -0.0
-21.9329 -0.0
-21.9229 -0.0
-21.9129 -0.0
-21.902900000000002 -0.0
-21.8929 -0.0
-21.8829 -0.0
-21.8729 -0.0
-21.862900000000003 -0.0
-21.852899999999998 -0.0
-21.8429 -0.0
-21.832900000000002 -0.0
-21.8229 -0.0
-21.8129 -0.0
-21.8029 -0.0
-21.792900000000003 -0.0
-21.7829 -0.0
-21.7729 -0.0
-21.762900000000002 -0.0
-21.7529 -0.0
-21.7429 -0.0
-21.7329 -0.0
-21.722900000000003 -0.0
-21.7129 -0.0
-21.7029 -0.0
-21.6929 -0.0
-21.6829 -0.0
-21.6729 -0.0
-21.6629 -0.0
-21.652900000000002 -0.0
-21.6429 -0.0
-21.6329 -0.0
-21.6229 -0.0
-21.612900000000003 -0.0
-21.602899999999998 -0.0
-21.5929 -0.0
-21.582900000000002 -0.0
-21.5729 -0.0
-21.5629 -0.0
-21.5529 -0.0
-21.542900000000003 -0.0
-21.5329 -0.0
-21.5229 -0.0
-21.512900000000002 -0.0
-21.5029 -0.0
-21.4929 -0.0
-21.4829 -0.0
-21.472900000000003 -0.0
-21.4629 -0.0
-21.4529 -0.0
-21.4429 -0.0
-21.4329 -0.0
-21.4229 -0.0
-21.4129 -0.0
-21.402900000000002 -0.0
-21.3929 -0.0
-21.3829 -0.0
-21.3729 -0.0
-21.362900000000003 -0.0
-21.352899999999998 -0.0
-21.3429 -0.0
-21.332900000000002 -0.0
-21.3229 -0.0
-21.3129 -0.0
-21.3029 -0.0
-21.292900000000003 -0.0
-21.2829 -0.0
-21.2729 -0.0
-21.262900000000002 -0.0
-21.2529 -0.0
-21.2429 -0.0
-21.2329 -0.0
-21.222900000000003 -0.0
-21.2129 -0.0
-21.2029 -0.0
-21.1929 -0.0
-21.1829 -0.0
-21.1729 -0.0
-21.1629 -0.0
-21.152900000000002 -0.0
-21.1429 -0.0
-21.1329 -0.0
-21.1229 -0.0
-21.112900000000003 -0.0
-21.102899999999998 -0.0
-21.0929 -0.0
-21.082900000000002 -0.0
-21.0729 -0.0
-21.0629 -0.0
-21.0529 -0.0
-21.042900000000003 -0.0
-21.0329 -0.0
-21.0229 -0.0
-21.012900000000002 -0.0
-21.0029 -0.0
-20.9929 -0.0
-20.9829 -0.0
-20.972900000000003 -0.0
-20.9629 -0.0
-20.9529 -0.0
-20.9429 -0.0
-20.9329 -0.0
-20.9229 -0.0
-20.9129 -0.0
-20.902900000000002 -0.0
-20.8929 -0.0
-20.8829 -0.0
-20.8729 -0.0
-20.862900000000003 -0.0
-20.852899999999998 -0.0
-20.8429 -0.0
-20.832900000000002 -0.0
-20.8229 -0.0
-20.8129 -0.0
-20.8029 -0.0
-20.792900000000003 -0.0
-20.7829 -0.0
-20.7729 -0.0
-20.762900000000002 -0.0
-20.7529 -0.0
-20.7429 -0.0
-20.7329 -0.0
-20.722900000000003 -0.0
-20.7129 -0.0
-20.7029 -0.0
-20.6929 -0.0
-20.6829 -0.0
-20.6729 -0.0
-20.6629 -0.0
-20.652900000000002 -0.0
-20.6429 -0.0
-20.6329 -0.0
-20.6229 -0.0
-20.612900000000003 -0.0
-20.602899999999998 -0.0
-20.5929 -0.0
-20.582900000000002 -0.0
-20.5729 -0.0
-20.5629 -0.0
-20.5529 -0.0
-20.542900000000003 -0.0
-20.5329 -0.0
-20.5229 -0.0
-20.512900000000002 -0.0
-20.5029 -0.0
-20.4929 -0.0
-20.4829 -0.0
-20.472900000000003 -0.0
-20.4629 -0.0
-20.4529 -0.0
-20.4429 -0.0
-20.4329 -0.0
-20.4229 -0.0
-20.4129 -0.0
-20.402900000000002 -0.0
-20.3929 -0.0
-20.3829 -0.0
-20.3729 -0.0
-20.3629 -0.0
-20.3529 -0.0
-20.3429 -0.0
-20.332900000000002 -0.0
-20.3229 -0.0
-20.3129 -0.0
-20.3029 -0.0
-20.2929 -0.0
-20.2829 -0.0
-20.2729 -0.0
-20.262900000000002 -3.57e-16
-20.2529 -7.499e-16
-20.2429 -1.5568000000000002e-15
-20.2329 -4.346999999999999e-15
-20.222900000000003 -8.907e-15
-20.2129 -1.8037e-14
-20.2029 -3.6210000000000004e-14
-20.1929 -7.186000000000001e-14
-20.1829 -1.4107000000000002e-13
-20.1729 -2.7389999999999997e-13
-20.1629 -5.323999999999999e-13
-20.152900000000002 -1.015e-12
-20.1429 -1.9169999999999996e-12
-20.1329 -3.5849999999999998e-12
-20.1229 -6.6149999999999996e-12
-20.1129 -1.2084999999999998e-11
-20.1029 -2.1889999999999998e-11
-20.0929 -3.912e-11
-20.082900000000002 -6.928e-11
-20.0729 -1.2146e-10
-20.0629 -2.1080000000000006e-10
-20.0529 -3.6239999999999996e-10
-20.0429 -6.16e-10
-20.0329 -1.0367e-09
-20.0229 -1.7280999999999999e-09
-20.012900000000002 -2.8509999999999998e-09
-20.0029 -4.6590000000000006e-09
-19.9929 -7.536e-09
-19.9829 -1.2069e-08
-19.972900000000003 -1.9120000000000002e-08
-19.9629 -3.0089999999999993e-08
-19.9529 -4.6790000000000004e-08
-19.9429 -7.214e-08
-19.9329 -1.1007999999999998e-07
-19.9229 -1.6655999999999998e-07
-19.9129 -2.4959999999999996e-07
-19.902900000000002 -3.7110000000000003e-07
-19.8929 -5.451000000000001e-07
-19.8829 -7.952999999999997e-07
-19.8729 -1.1498e-06
-19.8629 -1.6478e-06
-19.8529 -2.3430000000000003e-06
-19.8429 -3.2969999999999995e-06
-19.832900000000002 -4.604999999999999e-06
-19.8229 -6.380999999999999e-06
-19.8129 -8.766e-06
-19.8029 -1.1948000000000001e-05
-19.7929 -1.6157e-05
-19.7829 -2.1660000000000003e-05
-19.7729 -2.8829999999999997e-05
-19.762900000000002 -3.804e-05
-19.7529 -4.982e-05
-19.7429 -6.479000000000001e-05
-19.7329 -8.358000000000001e-05
-19.722900000000003 -0.00010697999999999997
-19.7129 -0.00013589
-19.7029 -0.00017126999999999998
-19.6929 -0.00021419999999999995
-19.6829 -0.0002661
-19.6729 -0.00032790000000000006
-19.6629 -0.0004005
-19.652900000000002 -0.0004857000000000001
-19.6429 -0.0005847000000000001
-19.6329 -0.0006982000000000001
-19.6229 -0.0008277
-19.6129 -0.0009742999999999998
-19.6029 -0.0011371999999999999
-19.5929 -0.0013179
-19.582900000000002 -0.001516
-19.5729 -0.0017312999999999999
-19.5629 -0.001961
-19.5529 -0.002211
-19.5429 -0.002472
-19.5329 -0.0027489999999999997
-19.5229 -0.0030329999999999997
-19.512900000000002 -0.003336
-19.5029 -0.0036389999999999994
-19.4929 -0.0039510000000000005
-19.4829 -0.004272
-19.472900000000003 -0.004601
-19.4629 -0.004935
-19.4529 -0.00528
-19.4429 -0.005628000000000001
-19.4329 -0.0059910000000000015
-19.4229 -0.006365999999999999
-19.4129 -0.006756
-19.402900000000002 -0.007162999999999999
-19.3929 -0.007593
-19.3829 -0.008036999999999999
-19.3729 -0.008506000000000001
-19.3629 -0.009002
-19.3529 -0.009517
-19.3429 -0.010062000000000001
-19.332900000000002 -0.010623
-19.3229 -0.011204999999999996
-19.3129 -0.011797000000000002
-19.3029 -0.012402000000000002
-19.2929 -0.013002999999999999
-19.2829 -0.013602
-19.2729 -0.014193999999999998
-19.262900000000002 -0.014771000000000001
-19.2529 -0.015325
-19.2429 -0.015855
-19.2329 -0.016352000000000002
-19.222900000000003 -0.016815
-19.2129 -0.017244
-19.2029 -0.017633000000000003
-19.1929 -0.017993000000000002
-19.1829 -0.018298
-19.1729 -0.01863
-19.1629 -0.018869999999999998
-19.152900000000002 -0.019169999999999996
-19.1429 -0.01938
-19.1329 -0.01965
-19.1229 -0.01994
-19.1129 -0.02019
-19.1029 -0.02052
-19.0929 -0.02088
-19.082900000000002 -0.021299999999999996
-19.0729 -0.02181
-19.0629 -0.02238
-19.0529 -0.02295
-19.0429 -0.023670000000000004
-19.0329 -0.02439
-19.0229 -0.025230000000000002
-19.012900000000002 -0.026099999999999998
-19.0029 -0.027059999999999997
-18.9929 -0.028050000000000005
-18.9829 -0.029099999999999997
-18.972900000000003 -0.030119999999999994
-18.9629 -0.031170000000000007
-18.9529 -0.03225
-18.9429 -0.03327
-18.9329 -0.03429
-18.9229 -0.03519
-18.9129 -0.036050000000000006
-18.902900000000002 -0.0369
-18.8929 -0.037590000000000005
-18.8829 -0.038250000000000006
-18.8729 -0.038790000000000005
-18.8629 -0.039299999999999995
-18.8529 -0.03972
-18.8429 -0.04011
-18.832900000000002 -0.04036000000000001
-18.8229 -0.04065
-18.8129 -0.0408
-18.8029 -0.04095000000000001
-18.7929 -0.041120000000000004
-18.7829 -0.041249999999999995
-18.7729 -0.041310000000000006
-18.762900000000002 -0.04143000000000001
-18.7529 -0.04158
-18.7429 -0.041670000000000006
-18.7329 -0.04185
-18.722900000000003 -0.04206
-18.7129 -0.04223999999999999
-18.7029 -0.04247000000000001
-18.6929 -0.04272
-18.6829 -0.04299
-18.6729 -0.04325999999999999
-18.6629 -0.04357999999999999
-18.652900000000002 -0.04386000000000001
-18.6429 -0.04419
-18.6329 -0.044489999999999995
-18.6229 -0.044759999999999994
-18.6129 -0.045030000000000014
-18.6029 -0.04521000000000001
-18.5929 -0.04542
-18.582900000000002 -0.04554
-18.5729 -0.045660000000000006
-18.5629 -0.04572999999999999
-18.5529 -0.045700000000000005
-18.5429 -0.04566
-18.5329 -0.0456
-18.5229 -0.04545
-18.512900000000002 -0.04524
-18.5029 -0.04505999999999999
-18.4929 -0.04479000000000001
-18.4829 -0.044460000000000006
-18.472900000000003 -0.044230000000000005
-18.4629 -0.04388
-18.4529 -0.043480000000000005
-18.4429 -0.04311000000000001
-18.4329 -0.04275000000000002
-18.4229 -0.04239
-18.4129 -0.04203
-18.402900000000002 -0.041669999999999985
-18.3929 -0.04134
-18.3829 -0.041030000000000004
-18.3729 -0.040709999999999996
-18.3629 -0.040469999999999985
-18.3529 -0.04019
-18.3429 -0.03993000000000001
-18.332900000000002 -0.03969000000000001
-18.3229 -0.03948
-18.3129 -0.03919
-18.3029 -0.03888
-18.2929 -0.03863
-18.2829 -0.03831
-18.2729 -0.03792
-18.262900000000002 -0.03753
-18.2529 -0.03705
-18.2429 -0.03657
-18.2329 -0.03602000000000001
-18.222900000000003 -0.0354
-18.2129 -0.034800000000000005
-18.2029 -0.03414
-18.1929 -0.03345000000000001
-18.1829 -0.032819999999999995
-18.1729 -0.03215
-18.1629 -0.03153000000000001
-18.152900000000002 -0.030989999999999993
-18.1429 -0.030450000000000005
-18.1329 -0.030030000000000008
-18.1229 -0.02965999999999999
-18.1129 -0.029399999999999992
-18.1029 -0.029249999999999998
-18.0929 -0.029219999999999996
-18.082900000000002 -0.029279999999999997
-18.0729 -0.029459999999999993
-18.0629 -0.029790000000000004
-18.0529 -0.03018000000000001
-18.0429 -0.030719999999999997
-18.0329 -0.03138
-18.0229 -0.0321
-18.012900000000002 -0.03297
-18.0029 -0.03386999999999999
-17.9929 -0.034890000000000004
-17.9829 -0.03593999999999999
-17.972900000000003 -0.03708
-17.9629 -0.038200000000000005
-17.9529 -0.03936
-17.9429 -0.04061999999999999
-17.9329 -0.041789999999999994
-17.9229 -0.04296
-17.9129 -0.04415
-17.902900000000002 -0.04530000000000001
-17.8929 -0.046380000000000005
-17.8829 -0.04737
-17.8729 -0.0483
-17.8629 -0.04916999999999999
-17.8529 -0.049890000000000004
-17.8429 -0.05046000000000001
-17.832900000000002 -0.05096999999999999
-17.8229 -0.05133
-17.8129 -0.051539999999999996
-17.8029 -0.05159000000000001
-17.7929 -0.05159999999999999
-17.7829 -0.051419999999999993
-17.7729 -0.05124
-17.762900000000002 -0.05088000000000001
-17.7529 -0.05045
-17.7429 -0.04995
-17.7329 -0.04947
-17.722900000000003 -0.048960000000000004
-17.7129 -0.04839
-17.7029 -0.04788
-17.6929 -0.04735
-17.6829 -0.04698
-17.6729 -0.04654
-17.6629 -0.04624
-17.652900000000002 -0.046020000000000005
-17.6429 -0.04579
-17.6329 -0.04561
-17.6229 -0.045529999999999994
-17.6129 -0.04548
-17.6029 -0.04546
-17.5929 -0.04539
-17.582900000000002 -0.04536
-17.5729 -0.04524
-17.5629 -0.04506
-17.5529 -0.044910000000000005
-17.5429 -0.044640000000000006
-17.5329 -0.04427999999999999
-17.5229 -0.0438
-17.512900000000002 -0.04325999999999999
-17.5029 -0.04254
-17.4929 -0.04172999999999999
-17.4829 -0.04082000000000001
-17.472900000000003 -0.03978
-17.4629 -0.03864000000000001
-17.4529 -0.037349999999999994
-17.4429 -0.036019999999999996
-17.4329 -0.03456000000000001
-17.4229 -0.033
-17.4129 -0.03135
-17.402900000000002 -0.029660000000000002
-17.3929 -0.02791
-17.3829 -0.026129999999999997
-17.3729 -0.024300000000000006
-17.3629 -0.022470000000000007
-17.3529 -0.020639999999999995
-17.3429 -0.018856000000000005
-17.332900000000002 -0.017054000000000003
-17.3229 -0.015354000000000003
-17.3129 -0.013709
-17.3029 -0.012143999999999999
-17.2929 -0.010675
-17.2829 -0.009306000000000002
-17.2729 -0.008044
-17.262900000000002 -0.006895000000000001
-17.2529 -0.005858000000000001
-17.2429 -0.004932
-17.2329 -0.004117
-17.222900000000003 -0.003401
-17.2129 -0.0027909999999999996
-17.2029 -0.0022610000000000004
-17.1929 -0.0018177999999999998
-17.1829 -0.0014487
-17.1729 -0.0011421
-17.1629 -0.0008921000000000001
-17.152900000000002 -0.0006899999999999999
-17.1429 -0.0005283999999999999
-17.1329 -0.00040050000000000003
-17.1229 -0.000301
-17.1129 -0.00022369999999999994
-17.1029 -0.00016446999999999998
-17.0929 -0.00011983
-17.082900000000002 -8.637999999999998e-05
-17.0729 -6.171e-05
-17.0629 -4.360000000000001e-05
-17.0529 -3.051e-05
-17.0429 -2.1119999999999998e-05
-17.0329 -1.4480999999999997e-05
-17.0229 -9.827000000000003e-06
-17.012900000000002 -6.6e-06
-17.0029 -4.387999999999999e-06
-16.9929 -2.8869999999999996e-06
-16.9829 -1.8822000000000002e-06
-16.972900000000003 -1.2123e-06
-16.9629 -7.738000000000001e-07
-16.9529 -4.885e-07
-16.9429 -3.055e-07
-16.9329 -1.8898000000000002e-07
-16.9229 -1.1572999999999999e-07
-16.9129 -7.014999999999999e-08
-16.902900000000002 -4.209e-08
-16.8929 -2.5000000000000002e-08
-16.8829 -1.468e-08
-16.8729 -8.538000000000002e-09
-16.8629 -4.914e-09
-16.8529 -2.803e-09
-16.8429 -1.5788999999999998e-09
-16.832900000000002 -8.814e-10
-16.8229 -4.865e-10
-16.8129 -2.6600000000000006e-10
-16.8029 -1.4386999999999996e-10
-16.7929 -7.705e-11
-16.7829 -4.082e-11
-16.7729 -2.1430000000000004e-11
-16.762900000000002 -1.1104999999999998e-11
-16.7529 -5.705e-12
-16.7429 -2.899e-12
-16.7329 -1.4565000000000003e-12
-16.722900000000003 -7.197000000000001e-13
-16.7129 -3.432e-13
-16.7029 -1.5795000000000002e-13
-16.6929 -6.234999999999998e-14
-16.6829 -2.6350000000000003e-14
-16.6729 -9.412e-15
-16.6629 -2.192e-15
-16.652900000000002 -2.7779999999999995e-16
-16.6429 -0.0
-16.6329 -0.0
-16.6229 -0.0
-16.6129 -0.0
-16.6029 -0.0
-16.5929 -0.0
-16.582900000000002 -0.0
-16.5729 -0.0
-16.5629 -0.0
-16.5529 -0.0
-16.5429 -0.0
-16.5329 -0.0
-16.5229 -0.0
-16.512900000000002 -0.0
-16.5029 -0.0
-16.4929 -0.0
-16.4829 -0.0
-16.472900000000003 -0.0
-16.4629 -0.0
-16.4529 -0.0
-16.4429 -0.0
-16.4329 -0.0
-16.4229 -0.0
-16.4129 -0.0
-16.402900000000002 -0.0
-16.3929 -0.0
-16.3829 -0.0
-16.3729 -0.0
-16.3629 -0.0
-16.3529 -0.0
-16.3429 -0.0
-16.332900000000002 -0.0
-16.3229 -0.0
-16.3129 -0.0
-16.3029 -0.0
-16.2929 -0.0
-16.2829 -0.0
-16.2729 -0.0
-16.262900000000002 -0.0
-16.2529 -0.0
-16.2429 -0.0
-16.2329 -0.0
-16.2229 -0.0
-16.2129 -0.0
-16.2029 -0.0
-16.1929 -0.0
-16.1829 -0.0
-16.172900000000002 -0.0
-16.1629 -0.0
-16.152900000000002 -0.0
-16.1429 -0.0
-16.1329 -0.0
-16.1229 -0.0
-16.1129 -0.0
-16.1029 -0.0
-16.0929 -0.0
-16.082900000000002 -0.0
-16.0729 -0.0
-16.0629 -0.0
-16.0529 -0.0
-16.0429 -0.0
-16.0329 -0.0
-16.0229 -0.0
-16.012900000000002 -0.0
-16.0029 -0.0
-15.9929 -0.0
-15.9829 -0.0
-15.972900000000001 -0.0
-15.962900000000001 -0.0
-15.9529 -0.0
-15.942900000000002 -0.0
-15.9329 -0.0
-15.9229 -0.0
-15.9129 -0.0
-15.9029 -0.0
-15.892900000000001 -0.0
-15.882900000000001 -0.0
-15.872900000000001 -0.0
-15.8629 -0.0
-15.852900000000002 -0.0
-15.8429 -0.0
-15.8329 -0.0
-15.8229 -0.0
-15.8129 -0.0
-15.802900000000001 -0.0
-15.792900000000001 -0.0
-15.782900000000001 -0.0
-15.7729 -0.0
-15.7629 -0.0
-15.7529 -0.0
-15.7429 -0.0
-15.7329 -0.0
-15.722900000000001 -0.0
-15.712900000000001 -0.0
-15.7029 -0.0
-15.692900000000002 -0.0
-15.6829 -0.0
-15.6729 -0.0
-15.6629 -0.0
-15.6529 -0.0
-15.642900000000001 -0.0
-15.632900000000001 -0.0
-15.622900000000001 -0.0
-15.6129 -0.0
-15.602900000000002 -0.0
-15.5929 -0.0
-15.5829 -0.0
-15.5729 -0.0
-15.5629 -0.0
-15.552900000000001 -0.0
-15.542900000000001 -0.0
-15.532900000000001 -0.0
-15.5229 -0.0
-15.5129 -0.0
-15.5029 -0.0
-15.4929 -0.0
-15.4829 -0.0
-15.472900000000001 -0.0
-15.462900000000001 -0.0
-15.4529 -0.0
-15.442900000000002 -0.0
-15.4329 -0.0
-15.4229 -0.0
-15.4129 -0.0
-15.4029 -0.0
-15.392900000000001 -0.0
-15.382900000000001 -0.0
-15.372900000000001 -0.0
-15.3629 -0.0
-15.352900000000002 -0.0
-15.3429 -0.0
-15.3329 -0.0
-15.3229 -0.0
-15.3129 -0.0
-15.302900000000001 -0.0
-15.292900000000001 -0.0
-15.282900000000001 -0.0
-15.2729 -0.0
-15.2629 -0.0
-15.2529 -0.0
-15.2429 -0.0
-15.2329 -0.0
-15.222900000000001 -0.0
-15.212900000000001 -0.0
-15.2029 -0.0
-15.192900000000002 -0.0
-15.1829 -0.0
-15.1729 -0.0
-15.1629 -0.0
-15.1529 -0.0
-15.142900000000001 -0.0
-15.132900000000001 -0.0
-15.122900000000001 -0.0
-15.1129 -0.0
-15.102900000000002 -0.0
-15.0929 -0.0
-15.0829 -0.0
-15.0729 -0.0
-15.0629 -0.0
-15.052900000000001 -0.0
-15.042900000000001 -0.0
-15.032900000000001 -0.0
-15.0229 -0.0
-15.0129 -0.0
-15.0029 -0.0
-14.9929 -0.0
-14.9829 -0.0
-14.972900000000001 -0.0
-14.962900000000001 -0.0
-14.9529 -0.0
-14.942900000000002 -0.0
-14.9329 -0.0
-14.9229 -0.0
-14.9129 -0.0
-14.9029 -0.0
-14.892900000000001 -0.0
-14.882900000000001 -0.0
-14.872900000000001 -0.0
-14.8629 -0.0
-14.852900000000002 -0.0
-14.8429 -0.0
-14.8329 -0.0
-14.8229 -0.0
-14.8129 -0.0
-14.802900000000001 -0.0
-14.792900000000001 -0.0
-14.782900000000001 -0.0
-14.7729 -0.0
-14.7629 -0.0
-14.7529 -0.0
-14.7429 -0.0
-14.7329 -0.0
-14.722900000000001 -0.0
-14.712900000000001 -0.0
-14.7029 -0.0
-14.692900000000002 -0.0
-14.6829 -0.0
-14.6729 -0.0
-14.6629 -0.0
-14.6529 -0.0
-14.642900000000001 -0.0
-14.632900000000001 -0.0
-14.622900000000001 -0.0
-14.6129 -0.0
-14.602900000000002 -0.0
-14.5929 -0.0
-14.5829 -0.0
-14.5729 -0.0
-14.5629 -0.0
-14.552900000000001 -0.0
-14.542900000000001 -0.0
-14.532900000000001 -0.0
-14.5229 -0.0
-14.5129 -0.0
-14.5029 -0.0
-14.4929 -0.0
-14.4829 -0.0
-14.472900000000001 -0.0
-14.462900000000001 -0.0
-14.4529 -0.0
-14.442900000000002 -0.0
-14.4329 -0.0
-14.4229 -0.0
-14.4129 -0.0
-14.4029 -0.0
-14.392900000000001 -0.0
-14.382900000000001 -0.0
-14.372900000000001 -0.0
-14.3629 -0.0
-14.3529 -0.0
-14.3429 -0.0
-14.3329 -0.0
-14.3229 -0.0
-14.3129 -0.0
-14.302900000000001 -0.0
-14.292900000000001 -0.0
-14.282900000000001 -0.0
-14.2729 -0.0
-14.2629 -0.0
-14.2529 -0.0
-14.2429 -0.0
-14.2329 -0.0
-14.222900000000001 -0.0
-14.212900000000001 -0.0
-14.202900000000001 -0.0
-14.192900000000002 -0.0
-14.1829 -0.0
-14.1729 -0.0
-14.1629 -0.0
-14.1529 -0.0
-14.142900000000001 -0.0
-14.132900000000001 -0.0
-14.122900000000001 -0.0
-14.1129 -0.0
-14.1029 -0.0
-14.0929 -0.0
-14.0829 -0.0
-14.0729 -0.0
-14.0629 -0.0
-14.052900000000001 -0.0
-14.042900000000001 -0.0
-14.032900000000001 -0.0
-14.0229 -0.0
-14.0129 -0.0
-14.0029 -0.0
-13.9929 -0.0
-13.9829 -0.0
-13.972900000000001 -0.0
-13.962900000000001 -0.0
-13.952900000000001 -0.0
-13.942900000000002 -0.0
-13.9329 -0.0
-13.9229 -0.0
-13.9129 -0.0
-13.9029 -0.0
-13.892900000000001 -0.0
-13.882900000000001 -0.0
-13.872900000000001 -0.0
-13.8629 -0.0
-13.8529 -0.0
-13.8429 -0.0
-13.8329 -0.0
-13.8229 -0.0
-13.8129 -0.0
-13.802900000000001 -0.0
-13.792900000000001 -0.0
-13.782900000000001 -0.0
-13.7729 -0.0
-13.7629 -0.0
-13.7529 -0.0
-13.7429 -0.0
-13.7329 -0.0
-13.722900000000001 -0.0
-13.712900000000001 -0.0
-13.702900000000001 -0.0
-13.692900000000002 -0.0
-13.6829 -0.0
-13.6729 -0.0
-13.6629 -0.0
-13.6529 -0.0
-13.642900000000001 -0.0
-13.632900000000001 -0.0
-13.622900000000001 -0.0
-13.6129 -0.0
-13.6029 -0.0
-13.5929 -0.0
-13.5829 -0.0
-13.5729 -0.0
-13.5629 -0.0
-13.552900000000001 -0.0
-13.542900000000001 -0.0
-13.532900000000001 -0.0
-13.5229 -0.0
-13.5129 -0.0
-13.5029 -0.0
-13.4929 -0.0
-13.4829 -0.0
-13.472900000000001 -0.0
-13.462900000000001 -0.0
-13.452900000000001 -0.0
-13.442900000000002 -0.0
-13.4329 -0.0
-13.4229 -0.0
-13.4129 -0.0
-13.4029 -0.0
-13.392900000000001 -0.0
-13.382900000000001 -0.0
-13.372900000000001 -0.0
-13.3629 -0.0
-13.3529 -0.0
-13.3429 -0.0
-13.3329 -0.0
-13.3229 -0.0
-13.3129 -0.0
-13.302900000000001 -0.0
-13.292900000000001 -0.0
-13.282900000000001 -0.0
-13.2729 -0.0
-13.2629 -0.0
-13.2529 -0.0
-13.2429 -0.0
-13.2329 -0.0
-13.222900000000001 -0.0
-13.212900000000001 -0.0
-13.202900000000001 -0.0
-13.192900000000002 -0.0
-13.1829 -0.0
-13.1729 -0.0
-13.1629 -0.0
-13.1529 -0.0
-13.142900000000001 -0.0
-13.132900000000001 -0.0
-13.122900000000001 -0.0
-13.1129 -0.0
-13.1029 -0.0
-13.0929 -0.0
-13.0829 -0.0
-13.0729 -0.0
-13.0629 -0.0
-13.052900000000001 -0.0
-13.042900000000001 -0.0
-13.032900000000001 -0.0
-13.0229 -0.0
-13.0129 -0.0
-13.0029 -0.0
-12.9929 -0.0
-12.9829 -0.0
-12.972900000000001 -0.0
-12.962900000000001 -0.0
-12.952900000000001 -0.0
-12.942900000000002 -0.0
-12.9329 -0.0
-12.9229 -0.0
-12.9129 -0.0
-12.9029 -0.0
-12.892900000000001 -0.0
-12.882900000000001 -0.0
-12.872900000000001 -0.0
-12.862900000000002 -0.0
-12.8529 -0.0
-12.8429 -0.0
-12.8329 -0.0
-12.8229 -0.0
-12.8129 -0.0
-12.802900000000001 -0.0
-12.792900000000001 -0.0
-12.782900000000001 -0.0
-12.7729 -0.0
-12.7629 -0.0
-12.7529 -0.0
-12.7429 -0.0
-12.7329 -0.0
-12.722900000000001 -0.0
-12.712900000000001 -0.0
-12.702900000000001 -0.0
-12.6929 -0.0
-12.6829 -0.0
-12.6729 -0.0
-12.6629 -0.0
-12.6529 -0.0
-12.642900000000001 -0.0
-12.632900000000001 -0.0
-12.622900000000001 -0.0
-12.612900000000002 -0.0
-12.6029 -0.0
-12.5929 -0.0
-12.5829 -0.0
-12.5729 -0.0
-12.5629 -0.0
-12.552900000000001 -0.0
-12.542900000000001 -0.0
-12.532900000000001 -0.0
-12.5229 -0.0
-12.5129 -0.0
-12.5029 -0.0
-12.4929 -0.0
-12.4829 -0.0
-12.472900000000001 -0.0
-12.462900000000001 -0.0
-12.452900000000001 -0.0
-12.4429 -0.0
-12.4329 -0.0
-12.4229 -0.0
-12.4129 -0.0
-12.4029 -0.0
-12.392900000000001 -0.0
-12.382900000000001 -0.0
-12.372900000000001 -0.0
-12.362900000000002 -0.0
-12.3529 -0.0
-12.3429 -0.0
-12.3329 -0.0
-12.3229 -0.0
-12.3129 -0.0
-12.302900000000001 -0.0
-12.292900000000001 -0.0
-12.282900000000001 -0.0
-12.2729 -0.0
-12.2629 -0.0
-12.2529 -0.0
-12.2429 -0.0
-12.2329 -0.0
-12.222900000000001 -0.0
-12.212900000000001 -0.0
-12.202900000000001 -0.0
-12.1929 -0.0
-12.1829 -0.0
-12.1729 -0.0
-12.1629 -0.0
-12.1529 -0.0
-12.142900000000001 -0.0
-12.132900000000001 -0.0
-12.122900000000001 -0.0
-12.112900000000002 -0.0
-12.1029 -0.0
-12.0929 -0.0
-12.0829 -0.0
-12.0729 -0.0
-12.0629 -0.0
-12.052900000000001 -0.0
-12.042900000000001 -0.0
-12.032900000000001 -0.0
-12.0229 -0.0
-12.0129 -0.0
-12.0029 -0.0
-11.9929 -0.0
-11.9829 -0.0
-11.972900000000001 -0.0
-11.962900000000001 -0.0
-11.952900000000001 -0.0
-11.9429 -0.0
-11.9329 -0.0
-11.9229 -0.0
-11.9129 -0.0
-11.9029 -0.0
-11.892900000000001 -0.0
-11.882900000000001 -0.0
-11.872900000000001 -0.0
-11.8629 -0.0
-11.8529 -0.0
-11.8429 -0.0
-11.8329 -0.0
-11.8229 -0.0
-11.8129 -0.0
-11.802900000000001 -0.0
-11.792900000000001 -0.0
-11.782900000000001 -0.0
-11.7729 -0.0
-11.7629 -0.0
-11.7529 -0.0
-11.7429 -0.0
-11.7329 -0.0
-11.722900000000001 -0.0
-11.712900000000001 -0.0
-11.702900000000001 -0.0
-11.692900000000002 -0.0
-11.6829 -0.0
-11.6729 -0.0
-11.6629 -0.0
-11.6529 -0.0
-11.642900000000001 -0.0
-11.632900000000001 -0.0
-11.622900000000001 -0.0
-11.6129 -0.0
-11.6029 -0.0
-11.5929 -0.0
-11.5829 -0.0
-11.5729 -0.0
-11.5629 -0.0
-11.552900000000001 -0.0
-11.542900000000001 -0.0
-11.532900000000001 -0.0
-11.5229 -0.0
-11.5129 -0.0
-11.5029 -0.0
-11.4929 -0.0
-11.4829 -0.0
-11.472900000000001 -0.0
-11.462900000000001 -0.0
-11.452900000000001 -0.0
-11.442900000000002 -0.0
-11.4329 -0.0
-11.4229 -1.477e-13
-11.4129 -3.096e-13
-11.4029 -8.475000000000001e-13
-11.392900000000001 -1.7489999999999997e-12
-11.382900000000001 -3.909e-12
-11.372900000000001 -8.129999999999999e-12
-11.3629 -1.6562e-11
-11.3529 -3.297e-11
-11.3429 -6.486999999999999e-11
-11.3329 -1.2653e-10
-11.3229 -2.4479999999999997e-10
-11.3129 -4.676999999999999e-10
-11.302900000000001 -8.849999999999999e-10
-11.292900000000001 -1.6567e-09
-11.282900000000001 -3.066e-09
-11.2729 -5.622000000000001e-09
-11.2629 -1.0193000000000002e-08
-11.2529 -1.8291e-08
-11.2429 -3.248999999999999e-08
-11.2329 -5.7150000000000006e-08
-11.222900000000001 -9.947e-08
-11.212900000000001 -1.7136000000000002e-07
-11.202900000000001 -2.9220000000000004e-07
-11.192900000000002 -4.935e-07
-11.1829 -8.246999999999999e-07
-11.1729 -1.3653e-06
-11.1629 -2.235e-06
-11.1529 -3.6269999999999997e-06
-11.142900000000001 -5.825999999999999e-06
-11.132900000000001 -9.267999999999998e-06
-11.122900000000001 -1.4594000000000003e-05
-11.1129 -2.2769999999999994e-05
-11.1029 -3.5159999999999995e-05
-11.0929 -5.375e-05
-11.0829 -8.141000000000001e-05
-11.0729 -0.00012218
-11.0629 -0.00018168000000000004
-11.052900000000001 -0.0002673
-11.042900000000001 -0.00039000000000000005
-11.032900000000001 -0.0005637000000000001
-11.0229 -0.0008073
-11.0129 -0.0011450999999999998
-11.0029 -0.0016104
-10.9929 -0.0022469999999999994
-10.9829 -0.003100999999999999
-10.972900000000001 -0.0042450000000000005
-10.962900000000001 -0.005763
-10.952900000000001 -0.007760999999999999
-10.942900000000002 -0.010353
-10.9329 -0.013703999999999997
-10.9229 -0.017992
-10.9129 -0.023400000000000004
-10.9029 -0.030209999999999994
-10.892900000000001 -0.03873
-10.882900000000001 -0.04916999999999999
-10.872900000000001 -0.06200999999999999
-10.8629 -0.07751
-10.8529 -0.0962
-10.8429 -0.11841000000000002
-10.8329 -0.14465999999999998
-10.8229 -0.17541000000000004
-10.8129 -0.2106
-10.802900000000001 -0.2517
-10.792900000000001 -0.29819999999999997
-10.782900000000001 -0.35009999999999997
-10.7729 -0.4086000000000001
-10.7629 -0.47339999999999993
-10.7529 -0.5433
-10.7429 -0.6192000000000001
-10.7329 -0.7004999999999999
-10.722900000000001 -0.7865999999999999
-10.712900000000001 -0.8763
-10.702900000000001 -0.9686999999999998
-10.692900000000002 -1.0632
-10.6829 -1.1582000000000001
-10.6729 -1.2522
-10.6629 -1.3437000000000001
-10.6529 -1.4322999999999997
-10.642900000000001 -1.5153000000000003
-10.632900000000001 -1.5927000000000002
-10.622900000000001 -1.6629
-10.6129 -1.7245
-10.6029 -1.7778000000000003
-10.5929 -1.8198000000000003
-10.5829 -1.8540000000000005
-10.5729 -1.8810000000000002
-10.5629 -1.8960000000000006
-10.552900000000001 -1.905
-10.542900000000001 -1.905
-10.532900000000001 -1.8990000000000005
-10.5229 -1.8840000000000003
-10.5129 -1.8690000000000002
-10.5029 -1.8443000000000003
-10.4929 -1.8194
-10.4829 -1.7931000000000004
-10.472900000000001 -1.7607
-10.462900000000001 -1.7328999999999994
-10.452900000000001 -1.7031
-10.442900000000002 -1.673
-10.4329 -1.643
-10.4229 -1.6136
-10.4129 -1.5842999999999998
-10.4029 -1.5559999999999998
-10.392900000000001 -1.5273
-10.382900000000001 -1.4993000000000003
-10.372900000000001 -1.4707999999999999
-10.3629 -1.4422999999999997
-10.352900000000002 -1.4132999999999998
-10.3429 -1.3843000000000003
-10.3329 -1.3547
-10.3229 -1.3248
-10.3129 -1.2953000000000001
-10.302900000000001 -1.2656000000000003
-10.292900000000001 -1.236
-10.282900000000001 -1.2070999999999996
-10.2729 -1.1793
-10.2629 -1.1532000000000002
-10.2529 -1.128
-10.2429 -1.1045999999999998
-10.2329 -1.0829999999999997
-10.222900000000001 -1.0647
-10.212900000000001 -1.0478999999999998
-10.2029 -1.0341
-10.192900000000002 -1.0228
-10.1829 -1.0146
-10.1729 -1.008
-10.1629 -1.0037999999999998
-10.1529 -1.0016999999999998
-10.142900000000001 -1.0013999999999998
-10.132900000000001 -1.0026
-10.122900000000001 -1.0041
-10.1129 -1.0062
-10.102900000000002 -1.0088
-10.0929 -1.0099999999999998
-10.0829 -1.0103999999999997
-10.0729 -1.0088
-10.0629 -1.0056000000000003
-10.052900000000001 -0.9999000000000003
-10.042900000000001 -0.9917999999999998
-10.032900000000001 -0.9803999999999999
-10.0229 -0.9657000000000003
-10.0129 -0.9477000000000003
-10.0029 -0.9263999999999999
-9.9929 -0.9024999999999997
-9.9829 -0.8753000000000003
-9.972900000000001 -0.8462999999999999
-9.962900000000001 -0.8153999999999998
-9.9529 -0.7830000000000001
-9.942900000000002 -0.7494000000000001
-9.9329 -0.7157
-9.9229 -0.6825000000000002
-9.9129 -0.6495000000000001
-9.9029 -0.6181
-9.892900000000001 -0.5888
-9.882900000000001 -0.5615
-9.872900000000001 -0.5361
-9.8629 -0.5133000000000001
-9.852900000000002 -0.4923000000000001
-9.8429 -0.47460000000000013
-9.8329 -0.45869999999999994
-9.8229 -0.44520000000000004
-9.8129 -0.4337999999999999
-9.802900000000001 -0.42419999999999997
-9.792900000000001 -0.4157999999999999
-9.782900000000001 -0.40919999999999995
-9.7729 -0.4038
-9.7629 -0.3987
-9.7529 -0.3945
-9.7429 -0.3906
-9.7329 -0.3872
-9.722900000000001 -0.3836999999999999
-9.712900000000001 -0.38010000000000005
-9.7029 -0.3762
-9.692900000000002 -0.37170000000000003
-9.6829 -0.36719999999999997
-9.6729 -0.3612
-9.6629 -0.35519999999999996
-9.6529 -0.3481000000000001
-9.642900000000001 -0.3402
-9.632900000000001 -0.3315000000000001
-9.622900000000001 -0.32189999999999996
-9.6129 -0.3117
-9.602900000000002 -0.30090000000000006
-9.5929 -0.2886000000000001
-9.5829 -0.27630000000000005
-9.5729 -0.2631
-9.5629 -0.24990000000000004
-9.552900000000001 -0.23670000000000005
-9.542900000000001 -0.22319999999999995
-9.532900000000001 -0.20999999999999996
-9.5229 -0.19709999999999991
-9.5129 -0.18448000000000003
-9.5029 -0.17286000000000004
-9.4929 -0.16182000000000002
-9.4829 -0.15168
-9.472900000000001 -0.14240999999999998
-9.462900000000001 -0.13412999999999997
-9.4529 -0.12686
-9.442900000000002 -0.12049999999999998
-9.4329 -0.11508
-9.4229 -0.11048999999999999
-9.4129 -0.10668
-9.4029 -0.10365
-9.392900000000001 -0.10121999999999999
-9.382900000000001 -0.09936000000000002
-9.372900000000001 -0.09797000000000002
-9.3629 -0.09702
-9.352900000000002 -0.09638999999999998
-9.3429 -0.09613
-9.3329 -0.09608999999999998
-9.3229 -0.09624
-9.3129 -0.09658999999999998
-9.302900000000001 -0.09702
-9.292900000000001 -0.09756000000000001
-9.282900000000001 -0.09811000000000002
-9.2729 -0.09864
-9.2629 -0.09910999999999999
-9.2529 -0.09930000000000001
-9.2429 -0.09938000000000001
-9.2329 -0.09906
-9.222900000000001 -0.09839000000000002
-9.212900000000001 -0.09731999999999998
-9.2029 -0.09573000000000001
-9.192900000000002 -0.09366
-9.1829 -0.09108000000000001
-9.1729 -0.08799
-9.1629 -0.08445000000000001
-9.1529 -0.08048999999999999
-9.142900000000001 -0.07616
-9.132900000000001 -0.07151000000000002
-9.122900000000001 -0.06668999999999999
-9.1129 -0.061739999999999996
-9.102900000000002 -0.05679
-9.0929 -0.051899999999999995
-9.0829 -0.04713
-9.0729 -0.042539999999999994
-9.0629 -0.03828000000000001
-9.052900000000001 -0.03434
-9.042900000000001 -0.030750000000000006
-9.032900000000001 -0.02748
-9.0229 -0.0246
-9.0129 -0.022109999999999998
-9.0029 -0.01995
-8.9929 -0.018165
-8.9829 -0.016602
-8.972900000000001 -0.015303
-8.962900000000001 -0.014207999999999997
-8.9529 -0.013283
-8.942900000000002 -0.012491999999999996
-8.9329 -0.011799
-8.9229 -0.011171
-8.9129 -0.010591
-8.9029 -0.010032
-8.892900000000001 -0.009489000000000003
-8.882900000000001 -0.008939999999999997
-8.872900000000001 -0.008394
-8.8629 -0.00783
-8.852900000000002 -0.007267999999999998
-8.8429 -0.006696
-8.8329 -0.006121999999999999
-8.8229 -0.005561999999999998
-8.8129 -0.005008
-8.802900000000001 -0.004475999999999999
-8.792900000000001 -0.003966
-8.782900000000001 -0.0034820000000000003
-8.7729 -0.0030330000000000005
-8.7629 -0.0026220000000000006
-8.7529 -0.0022440000000000003
-8.7429 -0.0019020000000000003
-8.7329 -0.0015985
-8.722900000000001 -0.0013315999999999996
-8.712900000000001 -0.0010988999999999999
-8.7029 -0.0008987
-8.692900000000002 -0.0007281000000000001
-8.6829 -0.0005844
-8.6729 -0.00046450000000000007
-8.6629 -0.0003657
-8.6529 -0.00028559999999999995
-8.642900000000001 -0.0002208
-8.632900000000001 -0.0001686
-8.622900000000001 -0.00012772
-8.6129 -9.579999999999997e-05
-8.602900000000002 -7.116e-05
-8.5929 -5.2340000000000004e-05
-8.5829 -3.8129999999999996e-05
-8.5729 -2.7479999999999994e-05
-8.5629 -1.9649999999999997e-05
-8.552900000000001 -1.3841999999999999e-05
-8.542900000000001 -9.682999999999999e-06
-8.532900000000001 -6.702999999999999e-06
-8.5229 -4.589e-06
-8.5129 -3.116999999999999e-06
-8.5029 -2.0879999999999997e-06
-8.4929 -1.3867000000000002e-06
-8.4829 -9.114e-07
-8.472900000000001 -5.925e-07
-8.462900000000001 -3.8160000000000003e-07
-8.4529 -2.4310000000000005e-07
-8.442900000000002 -1.5313999999999998e-07
-8.4329 -9.549999999999999e-08
-8.4229 -5.893000000000001e-08
-8.4129 -3.603e-08
-8.4029 -2.1800000000000003e-08
-8.392900000000001 -1.3115e-08
-8.382900000000001 -7.924e-09
-8.372900000000001 -4.958999999999999e-09
-8.3629 -3.498e-09
-8.352900000000002 -3.1919999999999997e-09
-8.3429 -4.046e-09
-8.3329 -6.4459999999999995e-09
-8.3229 -1.1281000000000002e-08
-8.3129 -2.026e-08
-8.302900000000001 -3.6410000000000006e-08
-8.2929 -6.517e-08
-8.282900000000001 -1.1530999999999999e-07
-8.2729 -2.0212999999999997e-07
-8.262900000000002 -3.513e-07
-8.2529 -6.029e-07
-8.2429 -1.0244999999999999e-06
-8.2329 -1.7237000000000001e-06
-8.222900000000001 -2.876e-06
-8.212900000000001 -4.742e-06
-8.2029 -7.745e-06
-8.192900000000002 -1.2519e-05
-8.1829 -2.0028e-05
-8.1729 -3.1799999999999994e-05
-8.1629 -4.982e-05
-8.1529 -7.739e-05
-8.142900000000001 -0.00011901000000000001
-8.132900000000001 -0.00018123
-8.122900000000001 -0.0002733
-8.1129 -0.00040820000000000006
-8.102900000000002 -0.0006032
-8.0929 -0.0008827999999999998
-8.0829 -0.0012798999999999996
-8.0729 -0.0018372
-8.0629 -0.0026130000000000003
-8.052900000000001 -0.003681
-8.0429 -0.005130000000000001
-8.032900000000001 -0.0070880000000000006
-8.0229 -0.009699
-8.012900000000002 -0.013143000000000002
-8.0029 -0.017634000000000004
-7.992900000000001 -0.023489
-7.982900000000001 -0.030900000000000004
-7.972900000000001 -0.04038
-7.9629 -0.052230000000000006
-7.9529000000000005 -0.06692000000000001
-7.942900000000001 -0.08501999999999998
-7.932900000000001 -0.10702000000000002
-7.9229 -0.13355
-7.9129000000000005 -0.16488999999999998
-7.902900000000001 -0.20244
-7.892900000000001 -0.24584000000000006
-7.882900000000001 -0.2967
-7.8729000000000005 -0.3543
-7.862900000000001 -0.41980000000000006
-7.852900000000001 -0.4934999999999999
-7.842900000000001 -0.5754999999999999
-7.8329 -0.6657000000000002
-7.822900000000001 -0.7646
-7.812900000000001 -0.8707
-7.802900000000001 -0.9848
-7.7929 -1.1057000000000003
-7.782900000000001 -1.2326
-7.772900000000001 -1.3643
-7.762900000000001 -1.499
-7.7529 -1.6365
-7.742900000000001 -1.7771
-7.732900000000001 -1.9176
-7.722900000000001 -2.058
-7.7129 -2.1946999999999997
-7.7029000000000005 -2.3272999999999997
-7.692900000000001 -2.4552
-7.682900000000001 -2.579
-7.6729 -2.6910000000000003
-7.6629000000000005 -2.8020000000000005
-7.652900000000001 -2.8980000000000006
-7.642900000000001 -2.9910000000000005
-7.632900000000001 -3.0660000000000007
-7.6229000000000005 -3.141
-7.612900000000001 -3.2039999999999997
-7.602900000000001 -3.255000000000001
-7.592900000000001 -3.303000000000001
-7.5829 -3.3419999999999996
-7.572900000000001 -3.375000000000001
-7.562900000000001 -3.405
-7.552900000000001 -3.432
-7.5429 -3.4499999999999997
-7.532900000000001 -3.4759999999999986
-7.522900000000001 -3.498
-7.512900000000001 -3.522
-7.5029 -3.549
-7.492900000000001 -3.5820000000000003
-7.482900000000001 -3.6199999999999983
-7.472900000000001 -3.663
-7.4629 -3.7139999999999995
-7.4529000000000005 -3.77
-7.442900000000001 -3.834000000000001
-7.432900000000001 -3.9030000000000005
-7.4229 -3.9809999999999994
-7.4129000000000005 -4.068
-7.402900000000001 -4.155000000000001
-7.392900000000001 -4.25
-7.382900000000001 -4.340999999999998
-7.3729000000000005 -4.4380000000000015
-7.362900000000001 -4.533
-7.352900000000001 -4.617
-7.342900000000001 -4.704000000000001
-7.3329 -4.782
-7.322900000000001 -4.848
-7.312900000000001 -4.903000000000001
-7.302900000000001 -4.944000000000001
-7.2929 -4.972999999999999
-7.282900000000001 -4.981999999999998
-7.272900000000001 -4.971
-7.262900000000001 -4.946
-7.2529 -4.901999999999999
-7.242900000000001 -4.83
-7.232900000000001 -4.755999999999999
-7.222900000000001 -4.65
-7.2129 -4.533
-7.2029000000000005 -4.398000000000001
-7.192900000000001 -4.2540000000000004
-7.182900000000001 -4.098
-7.1729 -3.936
-7.1629000000000005 -3.765
-7.152900000000001 -3.5909999999999993
-7.142900000000001 -3.411
-7.132900000000001 -3.2369999999999997
-7.1229000000000005 -3.066
-7.112900000000001 -2.8980000000000006
-7.102900000000001 -2.736
-7.092900000000001 -2.5770000000000004
-7.0829 -2.433
-7.072900000000001 -2.2997999999999994
-7.062900000000001 -2.1679
-7.052900000000001 -2.0511
-7.0429 -1.9427000000000003
-7.032900000000001 -1.8426000000000002
-7.022900000000001 -1.7559000000000002
-7.012900000000001 -1.6700999999999997
-7.0029 -1.6005
-6.992900000000001 -1.5378
-6.982900000000001 -1.4814
-6.972900000000001 -1.4286
-6.9629 -1.3896
-6.9529000000000005 -1.3524000000000003
-6.942900000000001 -1.3204
-6.932900000000001 -1.2927
-6.9229 -1.2685
-6.9129000000000005 -1.2468
-6.902900000000001 -1.2267000000000001
-6.892900000000001 -1.2081000000000002
-6.882900000000001 -1.1888999999999998
-6.8729000000000005 -1.1703
-6.862900000000001 -1.1501
-6.852900000000001 -1.1285999999999998
-6.842900000000001 -1.1048999999999998
-6.8329 -1.0796999999999999
-6.822900000000001 -1.0516
-6.812900000000001 -1.0215
-6.802900000000001 -0.9896999999999999
-6.7929 -0.9557999999999999
-6.782900000000001 -0.9201000000000001
-6.772900000000001 -0.8838000000000001
-6.762900000000001 -0.8468000000000001
-6.7529 -0.8094000000000001
-6.742900000000001 -0.7736999999999998
-6.732900000000001 -0.7385999999999999
-6.722900000000001 -0.7056
-6.7129 -0.6738
-6.7029000000000005 -0.6456000000000001
-6.692900000000001 -0.6199
-6.682900000000001 -0.5972999999999999
-6.6729 -0.5778000000000001
-6.6629000000000005 -0.5609
-6.652900000000001 -0.5474999999999999
-6.642900000000001 -0.5361
-6.632900000000001 -0.5271
-6.6229000000000005 -0.5207999999999999
-6.612900000000001 -0.5161
-6.602900000000001 -0.5133
-6.592900000000001 -0.5121
-6.5829 -0.5123999999999999
-6.572900000000001 -0.5144
-6.562900000000001 -0.5175
-6.552900000000001 -0.5226000000000001
-6.5429 -0.5286000000000001
-6.532900000000001 -0.5361
-6.522900000000001 -0.546
-6.512900000000001 -0.5578000000000001
-6.5029 -0.5715
-6.492900000000001 -0.5876
-6.482900000000001 -0.6058999999999999
-6.472900000000001 -0.6260999999999999
-6.4629 -0.6488000000000002
-6.4529000000000005 -0.6732
-6.442900000000001 -0.7
-6.432900000000001 -0.7287000000000002
-6.4229 -0.7583999999999999
-6.4129000000000005 -0.7897000000000001
-6.402900000000001 -0.8221999999999998
-6.392900000000001 -0.8555999999999999
-6.382900000000001 -0.8896
-6.3729000000000005 -0.9238000000000001
-6.362900000000001 -0.9583000000000003
-6.352900000000001 -0.9925000000000002
-6.342900000000001 -1.0267
-6.3329 -1.0604
-6.322900000000001 -1.0935000000000001
-6.312900000000001 -1.1258
-6.302900000000001 -1.1572000000000002
-6.2929 -1.1877000000000002
-6.282900000000001 -1.2170999999999998
-6.272900000000001 -1.2451999999999999
-6.262900000000001 -1.2725000000000002
-6.2529 -1.2995999999999999
-6.242900000000001 -1.3260999999999998
-6.232900000000001 -1.3532000000000002
-6.222900000000001 -1.3807999999999998
-6.2129 -1.4111
-6.2029000000000005 -1.4437000000000004
-6.192900000000001 -1.4805000000000004
-6.182900000000001 -1.5226000000000002
-6.1729 -1.5706000000000004
-6.1629000000000005 -1.6259000000000001
-6.152900000000001 -1.6924000000000003
-6.142900000000001 -1.7651999999999999
-6.132900000000001 -1.8513000000000002
-6.1229000000000005 -1.9479999999999997
-6.112900000000001 -2.0580000000000007
-6.102900000000001 -2.1810000000000005
-6.092900000000001 -2.3080000000000003
-6.0829 -2.450999999999999
-6.072900000000001 -2.604
-6.062900000000001 -2.7620000000000005
-6.052900000000001 -2.9310000000000005
-6.0429 -3.1019999999999994
-6.032900000000001 -3.2789999999999995
-6.022900000000001 -3.4530000000000003
-6.012900000000001 -3.6250000000000004
-6.0029 -3.7929999999999993
-5.992900000000001 -3.9540000000000006
-5.982900000000001 -4.104
-5.972900000000001 -4.244000000000001
-5.9629 -4.365
-5.9529000000000005 -4.47
-5.942900000000001 -4.554999999999999
-5.932900000000001 -4.622000000000001
-5.9229 -4.664
-5.9129000000000005 -4.683000000000001
-5.902900000000001 -4.6770000000000005
-5.892900000000001 -4.649
-5.882900000000001 -4.5969999999999995
-5.8729000000000005 -4.521000000000001
-5.862900000000001 -4.428
-5.852900000000001 -4.311000000000001
-5.842900000000001 -4.183
-5.8329 -4.038000000000001
-5.822900000000001 -3.885
-5.812900000000001 -3.7269999999999994
-5.802900000000001 -3.5669999999999997
-5.7929 -3.4019999999999992
-5.782900000000001 -3.243
-5.772900000000001 -3.0990000000000006
-5.762900000000001 -2.9559999999999995
-5.7529 -2.839
-5.742900000000001 -2.7300000000000004
-5.732900000000001 -2.64
-5.722900000000001 -2.568
-5.7129 -2.517
-5.7029000000000005 -2.484
-5.692900000000001 -2.4720000000000004
-5.682900000000001 -2.4869999999999988
-5.6729 -2.5109999999999997
-5.6629000000000005 -2.556999999999999
-5.652900000000001 -2.6159999999999997
-5.642900000000001 -2.6879999999999997
-5.632900000000001 -2.772
-5.6229000000000005 -2.868
-5.612900000000001 -2.967
-5.602900000000001 -3.0750000000000006
-5.592900000000001 -3.1799999999999993
-5.5829 -3.288
-5.572900000000001 -3.3930000000000002
-5.562900000000001 -3.489
-5.552900000000001 -3.587
-5.5429 -3.6769999999999996
-5.532900000000001 -3.7620000000000005
-5.522900000000001 -3.837
-5.512900000000001 -3.9100000000000006
-5.5029 -3.9700000000000006
-5.492900000000001 -4.032000000000001
-5.482900000000001 -4.085999999999999
-5.472900000000001 -4.131
-5.4629 -4.182
-5.4529000000000005 -4.23
-5.442900000000001 -4.285
-5.432900000000001 -4.335000000000001
-5.4229 -4.396000000000001
-5.4129000000000005 -4.461
-5.402900000000001 -4.539
-5.392900000000001 -4.62
-5.382900000000001 -4.711
-5.3729000000000005 -4.812
-5.362900000000001 -4.920999999999999
-5.352900000000001 -5.031000000000001
-5.342900000000001 -5.149
-5.3329 -5.272999999999999
-5.322900000000001 -5.393999999999998
-5.312900000000001 -5.517
-5.302900000000001 -5.637000000000001
-5.2929 -5.7509999999999994
-5.282900000000001 -5.859000000000002
-5.272900000000001 -5.9590000000000005
-5.262900000000001 -6.047999999999998
-5.2529 -6.128000000000001
-5.242900000000001 -6.192000000000002
-5.232900000000001 -6.240000000000001
-5.222900000000001 -6.282000000000001
-5.2129 -6.309000000000002
-5.2029000000000005 -6.3180000000000005
-5.192900000000001 -6.321000000000001
-5.182900000000001 -6.308999999999999
-5.1729 -6.288
-5.1629000000000005 -6.256
-5.152900000000001 -6.212999999999998
-5.142900000000001 -6.167999999999999
-5.132900000000001 -6.114
-5.1229000000000005 -6.057
-5.112900000000001 -5.990000000000001
-5.102900000000001 -5.923000000000001
-5.092900000000001 -5.855999999999999
-5.0829 -5.781000000000001
-5.072900000000001 -5.706
-5.062900000000001 -5.6370000000000005
-5.052900000000001 -5.562
-5.0429 -5.499
-5.032900000000001 -5.433000000000001
-5.022900000000001 -5.37
-5.012900000000001 -5.31
-5.0029 -5.267999999999999
-4.992900000000001 -5.226
-4.982900000000001 -5.1930000000000005
-4.972900000000001 -5.172000000000001
-4.9629 -5.163000000000001
-4.9529000000000005 -5.1659999999999995
-4.942900000000001 -5.183999999999998
-4.932900000000001 -5.208000000000001
-4.9229 -5.252999999999999
-4.9129000000000005 -5.3069999999999995
-4.902900000000001 -5.370000000000001
-4.892900000000001 -5.447999999999999
-4.882900000000001 -5.529
-4.8729000000000005 -5.619000000000002
-4.862900000000001 -5.717
-4.852900000000001 -5.816999999999999
-4.842900000000001 -5.915999999999999
-4.8329 -6.017999999999999
-4.822900000000001 -6.111000000000001
-4.812900000000001 -6.198
-4.802900000000001 -6.276000000000001
-4.7929 -6.345000000000001
-4.782900000000001 -6.405
-4.772900000000001 -6.449999999999999
-4.762900000000001 -6.481999999999999
-4.7529 -6.498000000000002
-4.742900000000001 -6.507
-4.732900000000001 -6.499999999999999
-4.722900000000001 -6.483000000000001
-4.7129 -6.456999999999999
-4.7029000000000005 -6.422
-4.692900000000001 -6.381
-4.682900000000001 -6.3340000000000005
-4.6729 -6.285000000000002
-4.6629000000000005 -6.237000000000001
-4.652900000000001 -6.186
-4.642900000000001 -6.135000000000002
-4.632900000000001 -6.093000000000001
-4.6229000000000005 -6.048000000000001
-4.612900000000001 -6.014999999999998
-4.602900000000001 -5.981999999999999
-4.592900000000001 -5.954999999999999
-4.5829 -5.931000000000001
-4.572900000000001 -5.915999999999999
-4.562900000000001 -5.901000000000002
-4.552900000000001 -5.888999999999999
-4.5429 -5.8740000000000006
-4.532900000000001 -5.8679999999999986
-4.522900000000001 -5.862
-4.512900000000001 -5.853
-4.5029 -5.841000000000001
-4.492900000000001 -5.831999999999998
-4.482900000000001 -5.823
-4.472900000000001 -5.810999999999999
-4.4629 -5.797999999999998
-4.4529000000000005 -5.784000000000001
-4.442900000000001 -5.775000000000002
-4.432900000000001 -5.759999999999998
-4.4229 -5.7509999999999994
-4.4129000000000005 -5.745
-4.402900000000001 -5.745000000000001
-4.392900000000001 -5.747999999999999
-4.382900000000001 -5.759
-4.372900000000001 -5.773999999999999
-4.3629000000000016 -5.796000000000001
-4.3529 -5.829
-4.3429 -5.867999999999999
-4.3329 -5.9190000000000005
-4.322900000000001 -5.975999999999998
-4.312900000000001 -6.045
-4.302900000000001 -6.117
-4.292900000000001 -6.192000000000002
-4.2829000000000015 -6.27
-4.2729 -6.360000000000001
-4.2629 -6.447000000000001
-4.2529 -6.531
-4.242900000000001 -6.612
-4.232900000000001 -6.695
-4.222900000000001 -6.764
-4.212900000000001 -6.828999999999998
-4.202900000000001 -6.886999999999999
-4.1929 -6.929999999999999
-4.1829 -6.965999999999999
-4.1729 -6.986999999999999
-4.1629000000000005 -6.996
-4.152900000000001 -6.9940000000000015
-4.142900000000001 -6.978000000000001
-4.132900000000001 -6.9510000000000005
-4.122900000000001 -6.913999999999998
-4.1129000000000016 -6.867999999999999
-4.1029 -6.807
-4.0929 -6.7440000000000015
-4.0829 -6.672000000000001
-4.072900000000001 -6.594999999999998
-4.062900000000001 -6.516
-4.052900000000001 -6.436999999999999
-4.042900000000001 -6.356999999999999
-4.0329000000000015 -6.276
-4.0229 -6.201
-4.0129 -6.132000000000001
-4.0029 -6.0680000000000005
-3.9929000000000006 -6.008999999999999
-3.9829000000000008 -5.957999999999999
-3.972900000000001 -5.920999999999999
-3.962900000000001 -5.89
-3.9529000000000014 -5.871000000000001
-3.9429 -5.862000000000001
-3.9329 -5.865
-3.9229000000000003 -5.877
-3.9129000000000005 -5.8999999999999995
-3.9029000000000007 -5.934
-3.892900000000001 -5.981000000000002
-3.882900000000001 -6.026000000000002
-3.8729000000000013 -6.084
-3.8629000000000016 -6.147
-3.8529 -6.207
-3.8429 -6.276000000000001
-3.8329000000000004 -6.3389999999999995
-3.8229000000000006 -6.398999999999997
-3.812900000000001 -6.456999999999998
-3.802900000000001 -6.510000000000002
-3.7929000000000013 -6.5500000000000025
-3.7829000000000015 -6.585
-3.7729 -6.609
-3.7629 -6.621
-3.7529000000000003 -6.624
-3.7429000000000006 -6.615000000000002
-3.7329000000000008 -6.5980000000000025
-3.722900000000001 -6.572999999999998
-3.712900000000001 -6.542
-3.7029000000000014 -6.507
-3.6929 -6.4689999999999985
-3.6829 -6.4289999999999985
-3.6729000000000003 -6.390000000000002
-3.6629000000000005 -6.351000000000001
-3.6529000000000007 -6.323999999999998
-3.642900000000001 -6.3
-3.632900000000001 -6.291000000000002
-3.6229000000000013 -6.288
-3.6129000000000016 -6.297000000000001
-3.6029 -6.318000000000001
-3.5929 -6.345000000000001
-3.5829000000000004 -6.386999999999999
-3.5729000000000006 -6.436999999999999
-3.562900000000001 -6.488000000000001
-3.552900000000001 -6.542999999999999
-3.5429000000000013 -6.603
-3.5329000000000015 -6.663000000000001
-3.5229 -6.7170000000000005
-3.5129 -6.771000000000001
-3.5029000000000003 -6.825
-3.4929000000000006 -6.861000000000001
-3.4829000000000008 -6.900000000000001
-3.472900000000001 -6.930999999999998
-3.462900000000001 -6.960000000000001
-3.4529000000000014 -6.981
-3.4429 -7.000999999999998
-3.4329 -7.0200000000000005
-3.4229000000000003 -7.043
-3.4129000000000005 -7.0680000000000005
-3.4029000000000007 -7.103999999999999
-3.392900000000001 -7.146000000000002
-3.382900000000001 -7.203000000000001
-3.3729000000000013 -7.2749999999999995
-3.3629000000000016 -7.359
-3.3529 -7.457999999999999
-3.3429 -7.572000000000001
-3.3329000000000004 -7.704
-3.3229000000000006 -7.850999999999999
-3.312900000000001 -8.007000000000001
-3.302900000000001 -8.172
-3.2929000000000013 -8.349
-3.2829000000000015 -8.529
-3.2729 -8.713999999999999
-3.2629 -8.892
-3.2529000000000003 -9.068999999999997
-3.2429000000000006 -9.242
-3.2329000000000008 -9.405000000000001
-3.222900000000001 -9.555
-3.212900000000001 -9.692
-3.2029000000000014 -9.819000000000003
-3.1929 -9.924
-3.1829 -10.016
-3.1729000000000003 -10.082999999999998
-3.1629000000000005 -10.137
-3.1529000000000007 -10.171
-3.142900000000001 -10.193999999999997
-3.132900000000001 -10.184999999999999
-3.1229000000000013 -10.161
-3.1129000000000016 -10.122
-3.1029 -10.062
-3.0929 -9.989999999999998
-3.0829000000000004 -9.9
-3.0729000000000006 -9.785
-3.062900000000001 -9.662999999999998
-3.052900000000001 -9.521999999999997
-3.0429000000000013 -9.375
-3.0329000000000015 -9.219
-3.0229 -9.051
-3.0129 -8.883
-3.0029000000000003 -8.715
-2.9929000000000006 -8.542
-2.9829000000000008 -8.379000000000001
-2.972900000000001 -8.22
-2.962900000000001 -8.075999999999999
-2.9529000000000014 -7.945
-2.9429 -7.827
-2.9329 -7.7250000000000005
-2.9229000000000003 -7.644
-2.9129000000000005 -7.586999999999999
-2.9029000000000007 -7.545
-2.892900000000001 -7.523999999999999
-2.882900000000001 -7.529
-2.8729000000000013 -7.548000000000001
-2.8629000000000016 -7.584
-2.8529 -7.6439999999999975
-2.8429 -7.717999999999999
-2.8329000000000004 -7.802000000000001
-2.8229000000000006 -7.902
-2.812900000000001 -8.013
-2.802900000000001 -8.129000000000001
-2.7929000000000013 -8.258000000000001
-2.7829000000000015 -8.385
-2.7729 -8.519
-2.7629 -8.651
-2.7529000000000003 -8.781
-2.7429000000000006 -8.907000000000002
-2.7329000000000008 -9.03
-2.722900000000001 -9.15
-2.712900000000001 -9.255
-2.7029000000000014 -9.351
-2.6929 -9.437999999999999
-2.6829 -9.515000000000002
-2.6729000000000003 -9.581999999999999
-2.6629000000000005 -9.634000000000004
-2.6529000000000007 -9.681000000000001
-2.642900000000001 -9.716999999999999
-2.632900000000001 -9.747000000000002
-2.6229000000000013 -9.773
-2.6129000000000016 -9.796000000000001
-2.6029 -9.828
-2.5929 -9.855000000000002
-2.5829000000000004 -9.900000000000002
-2.5729000000000006 -9.953999999999997
-2.562900000000001 -10.024000000000001
-2.552900000000001 -10.118999999999998
-2.5429000000000013 -10.226000000000003
-2.5329000000000015 -10.363
-2.5229 -10.521
-2.5129 -10.703999999999999
-2.5029000000000003 -10.913999999999996
-2.4929000000000006 -11.146999999999998
-2.4829000000000008 -11.398000000000003
-2.472900000000001 -11.673
-2.462900000000001 -11.962000000000002
-2.4529000000000014 -12.258
-2.4429 -12.567
-2.4329 -12.879000000000001
-2.4229000000000003 -13.184999999999997
-2.4129000000000005 -13.493999999999998
-2.4029000000000007 -13.783000000000003
-2.392900000000001 -14.072000000000001
-2.382900000000001 -14.338000000000001
-2.3729000000000013 -14.590000000000003
-2.3629000000000016 -14.818
-2.3529 -15.027000000000001
-2.3429 -15.208000000000002
-2.3329000000000004 -15.369
-2.3229000000000006 -15.501
-2.312900000000001 -15.615000000000002
-2.302900000000001 -15.695
-2.2929000000000013 -15.753
-2.2829000000000015 -15.791999999999996
-2.2729 -15.801
-2.2629 -15.791000000000004
-2.2529000000000003 -15.756
-2.2429000000000006 -15.698
-2.2329000000000008 -15.614000000000004
-2.222900000000001 -15.514000000000005
-2.212900000000001 -15.389999999999999
-2.2029000000000014 -15.244000000000002
-2.1929 -15.072000000000001
-2.1829 -14.881
-2.1729000000000003 -14.663999999999998
-2.1629000000000005 -14.419000000000004
-2.1529000000000007 -14.156000000000002
-2.142900000000001 -13.869
-2.132900000000001 -13.552
-2.1229000000000013 -13.212000000000005
-2.1129000000000016 -12.849
-2.1029 -12.454999999999998
-2.0929 -12.046000000000001
-2.0829000000000004 -11.614
-2.0729000000000006 -11.165
-2.062900000000001 -10.705
-2.052900000000001 -10.228
-2.0429000000000013 -9.751000000000001
-2.0329000000000015 -9.271
-2.0229 -8.791000000000002
-2.0129 -8.323
-2.0029000000000003 -7.8660000000000005
-1.9929000000000006 -7.431
-1.9829000000000008 -7.0169999999999995
-1.972900000000001 -6.629999999999999
-1.9629000000000012 -6.2700000000000005
-1.9529000000000014 -5.946999999999999
-1.9428999999999998 -5.654999999999999
-1.9329 -5.4
-1.9229000000000003 -5.1770000000000005
-1.9129000000000005 -4.991999999999999
-1.9029000000000007 -4.842
-1.892900000000001 -4.719
-1.8829000000000011 -4.626000000000001
-1.8729000000000013 -4.574000000000001
-1.8629000000000016 -4.537
-1.8529 -4.53
-1.8429000000000002 -4.539
-1.8329000000000004 -4.57
-1.8229000000000006 -4.611000000000001
-1.8129000000000008 -4.675000000000001
-1.802900000000001 -4.746
-1.7929000000000013 -4.821000000000001
-1.7829000000000015 -4.902
-1.7729 -4.989000000000001
-1.7629000000000001 -5.073
-1.7529000000000003 -5.159999999999999
-1.7429000000000006 -5.235000000000001
-1.7329000000000008 -5.313
-1.722900000000001 -5.383
-1.7129000000000012 -5.439
-1.7029000000000014 -5.493
-1.6928999999999998 -5.529000000000001
-1.6829 -5.563000000000001
-1.6729000000000003 -5.58
-1.6629000000000005 -5.592000000000001
-1.6529000000000007 -5.592000000000001
-1.642900000000001 -5.580000000000001
-1.6329000000000011 -5.567000000000001
-1.6229000000000013 -5.550000000000002
-1.6129000000000016 -5.5200000000000005
-1.6029 -5.489
-1.5929000000000002 -5.452
-1.5829000000000004 -5.414999999999999
-1.5729000000000006 -5.382000000000001
-1.5629000000000008 -5.3469999999999995
-1.552900000000001 -5.319
-1.5429000000000013 -5.298
-1.5329000000000015 -5.275
-1.5229 -5.265
-1.5129000000000001 -5.266
-1.5029000000000003 -5.274000000000001
-1.4929000000000006 -5.286000000000001
-1.4829000000000008 -5.313
-1.472900000000001 -5.347
-1.4629000000000012 -5.394
-1.4529000000000014 -5.446
-1.4428999999999998 -5.511
-1.4329 -5.577
-1.4229000000000003 -5.652999999999999
-1.4129000000000005 -5.734
-1.4029000000000007 -5.819999999999999
-1.392900000000001 -5.904
-1.3829000000000011 -5.993999999999999
-1.3729000000000013 -6.088
-1.3629000000000016 -6.185
-1.3529 -6.281999999999999
-1.3429000000000002 -6.379000000000001
-1.3329000000000004 -6.483000000000001
-1.3229000000000006 -6.590999999999999
-1.3129000000000008 -6.699
-1.302900000000001 -6.8130000000000015
-1.2929000000000013 -6.929999999999999
-1.2829000000000015 -7.05
-1.2729 -7.177
-1.2629000000000001 -7.316999999999999
-1.2529000000000003 -7.448000000000001
-1.2429000000000006 -7.587
-1.2329000000000008 -7.728000000000001
-1.222900000000001 -7.872
-1.2129000000000012 -8.007000000000001
-1.2029000000000014 -8.145000000000001
-1.1928999999999998 -8.270999999999999
-1.1829 -8.397000000000002
-1.1729000000000003 -8.502
-1.1629000000000005 -8.602
-1.1529000000000007 -8.685
-1.142900000000001 -8.748
-1.1329000000000011 -8.796
-1.1229000000000013 -8.836000000000002
-1.1129000000000016 -8.850000000000001
-1.1029 -8.857000000000001
-1.0929000000000002 -8.843
-1.0829000000000004 -8.813000000000002
-1.0729000000000006 -8.774000000000001
-1.0629000000000008 -8.727
-1.052900000000001 -8.658000000000001
-1.0429000000000013 -8.589000000000002
-1.0329000000000015 -8.519
-1.0229 -8.442
-1.0129000000000001 -8.363
-1.0029000000000003 -8.285
-0.9929000000000006 -8.208
-0.9829000000000008 -8.139999999999999
-0.972900000000001 -8.075000000000001
-0.9629000000000012 -8.015
-0.9529000000000014 -7.968000000000001
-0.9428999999999998 -7.927999999999999
-0.9329000000000001 -7.89
-0.9229000000000003 -7.869
-0.9129000000000005 -7.852999999999998
-0.9029000000000007 -7.843000000000002
-0.8929000000000009 -7.8469999999999995
-0.8829000000000011 -7.848999999999998
-0.8729000000000013 -7.856999999999999
-0.8629000000000016 -7.864999999999999
-0.8529 -7.878000000000001
-0.8429000000000002 -7.8839999999999995
-0.8329000000000004 -7.884
-0.8229000000000006 -7.880999999999999
-0.8129000000000008 -7.866000000000001
-0.8029000000000011 -7.840999999999999
-0.7929000000000013 -7.797000000000001
-0.7829000000000015 -7.739999999999998
-0.7728999999999999 -7.662
-0.7629000000000001 -7.569
-0.7529000000000003 -7.448
-0.7429000000000006 -7.3119999999999985
-0.7329000000000008 -7.15
-0.722900000000001 -6.9719999999999995
-0.7129000000000012 -6.768000000000001
-0.7029000000000014 -6.543000000000001
-0.6928999999999998 -6.305
-0.6829000000000001 -6.045000000000001
-0.6729000000000003 -5.768999999999998
-0.6629000000000005 -5.476
-0.6529000000000007 -5.175
-0.6429000000000009 -4.861000000000001
-0.6329000000000011 -4.545000000000001
-0.6229000000000013 -4.229999999999999
-0.6129000000000016 -3.9070000000000005
-0.6029 -3.5879999999999987
-0.5929000000000002 -3.2800000000000002
-0.5829000000000004 -2.9760000000000004
-0.5729000000000006 -2.6860000000000004
-0.5629000000000008 -2.4064000000000005
-0.5529000000000011 -2.139299999999999
-0.5429000000000013 -1.8944999999999999
-0.5329000000000015 -1.6631999999999998
-0.5228999999999999 -1.4503000000000001
-0.5129000000000001 -1.2553
-0.5029000000000003 -1.0793
-0.49290000000000056 -0.9208000000000001
-0.4829000000000008 -0.7801
-0.472900000000001 -0.6556000000000002
-0.4629000000000012 -0.5469999999999998
-0.4529000000000014 -0.45300000000000007
-0.44289999999999985 -0.372
-0.43290000000000006 -0.30330000000000007
-0.4229000000000003 -0.24509000000000003
-0.4129000000000005 -0.1964
-0.4029000000000007 -0.15648
-0.3929000000000009 -0.12320000000000005
-0.38290000000000113 -0.09635999999999997
-0.37290000000000134 -0.07473
-0.36290000000000155 -0.05746000000000001
-0.3529 -0.043800000000000006
-0.3429000000000002 -0.03308
-0.3329000000000004 -0.024761
-0.32290000000000063 -0.018385999999999996
-0.31290000000000084 -0.013513999999999997
-0.30290000000000106 -0.009848
-0.29290000000000127 -0.007106
-0.2829000000000015 -0.005083999999999999
-0.2728999999999999 -0.003602999999999999
-0.26290000000000013 -0.0025298
-0.25290000000000035 -0.0017587
-0.24290000000000056 -0.0012108999999999998
-0.23290000000000077 -0.000826
-0.222900000000001 -0.0005578
-0.2129000000000012 -0.00037319999999999996
-0.2029000000000014 -0.00024705999999999996
-0.19289999999999985 -0.00016218
-0.18290000000000006 -0.00010517999999999998
-0.17290000000000028 -6.759000000000001e-05
-0.1629000000000005 -4.2999999999999995e-05
-0.1529000000000007 -2.709e-05
-0.14290000000000092 -1.6932e-05
-0.13290000000000113 -1.0435000000000001e-05
-0.12290000000000134 -6.376e-06
-0.11290000000000155 -3.8549999999999995e-06
-0.10289999999999999 -2.3104e-06
-0.0929000000000002 -1.3692000000000002e-06
-0.08290000000000042 -8.033000000000001e-07
-0.07290000000000063 -4.662e-07
-0.06290000000000084 -2.676e-07
-0.05290000000000106 -1.5213e-07
-0.04290000000000127 -8.569e-08
-0.032900000000001484 -4.7700000000000004e-08
-0.02289999999999992 -2.6309999999999995e-08
-0.012900000000000134 -1.4363999999999999e-08
-0.0029000000000003467 -7.735e-09
0.00709999999999944 -4.128000000000001e-09
0.017099999999999227 -2.1797000000000002e-09
0.027099999999999014 -1.14e-09
0.0370999999999988 -5.889e-10
0.04709999999999859 -3.0070000000000006e-10
0.05710000000000015 -1.5110000000000003e-10
0.06709999999999994 -7.553999999999999e-11
0.07709999999999972 -3.7530000000000005e-11
0.08709999999999951 -1.7855e-11
0.0970999999999993 -8.681999999999999e-12
0.10709999999999908 -3.682e-12
0.11709999999999887 -1.3188000000000002e-12
0.12709999999999866 -0.0
0.13709999999999845 -0.0
0.1471 -0.0
0.1570999999999998 -0.0
0.16709999999999958 -0.0
0.17709999999999937 -0.0
0.18709999999999916 -0.0
0.19709999999999894 -0.0
0.20709999999999873 -0.0
0.21709999999999852 -0.0
0.22710000000000008 -0.0
0.23709999999999987 -0.0
0.24709999999999965 -0.0
0.25709999999999944 -0.0
0.2670999999999992 -0.0
0.277099999999999 -0.0
0.2870999999999988 -0.0
0.2970999999999986 -0.0
0.30710000000000015 -0.0
0.31709999999999994 -0.0
0.3270999999999997 -0.0
0.3370999999999995 -0.0
0.3470999999999993 -0.0
0.3570999999999991 -0.0
0.36709999999999887 -0.0
0.37709999999999866 -0.0
0.38709999999999845 -0.0
0.3971 -0.0
0.4070999999999998 -0.0
0.4170999999999996 -0.0
0.42709999999999937 -0.0
0.43709999999999916 -0.0
0.44709999999999894 -0.0
0.45709999999999873 -0.0
0.4670999999999985 -0.0
0.4771000000000001 -0.0
0.48709999999999987 -0.0
0.49709999999999965 -0.0
0.5070999999999994 -0.0
0.5170999999999992 -0.0
0.527099999999999 -0.0
0.5370999999999988 -0.0
0.5470999999999986 -0.0
0.5571000000000002 -0.0
0.5670999999999999 -0.0
0.5770999999999997 -0.0
0.5870999999999995 -0.0
0.5970999999999993 -0.0
0.6070999999999991 -0.0
0.6170999999999989 -0.0
0.6270999999999987 -0.0
0.6370999999999984 -0.0
0.6471 -0.0
0.6570999999999998 -0.0
0.6670999999999996 -0.0
0.6770999999999994 -0.0
0.6870999999999992 -0.0
0.6970999999999989 -0.0
0.7070999999999987 -0.0
0.7170999999999985 -0.0
0.7271000000000001 -0.0
0.7370999999999999 -0.0
0.7470999999999997 -0.0
0.7570999999999994 -0.0
0.7670999999999992 -0.0
0.777099999999999 -0.0
0.7870999999999988 -0.0
0.7970999999999986 -0.0
0.8071000000000002 -0.0
0.8170999999999999 -0.0
0.8270999999999997 -0.0
0.8370999999999995 -0.0
0.8470999999999993 -0.0
0.8570999999999991 -0.0
0.8670999999999989 -0.0
0.8770999999999987 -0.0
0.8870999999999984 -0.0
0.8971 -1.9270000000000003e-14
0.9070999999999998 -4.0349999999999993e-14
0.9170999999999996 -8.358e-14
0.9270999999999994 -1.7129999999999999e-13
0.9370999999999992 -3.741e-13
0.9470999999999989 -7.532000000000001e-13
0.9570999999999987 -1.4990999999999995e-12
0.9670999999999985 -3.06e-12
0.9771000000000001 -5.988000000000001e-12
0.9870999999999999 -1.1578000000000001e-11
0.9970999999999997 -2.2229999999999997e-11
1.0070999999999994 -4.2270000000000006e-11
1.0170999999999992 -7.941000000000001e-11
1.027099999999999 -1.4742000000000002e-10
1.0370999999999988 -2.708e-10
1.0470999999999986 -4.932e-10
1.0571000000000002 -8.882999999999999e-10
1.0671 -1.5843000000000002e-09
1.0770999999999997 -2.7980000000000005e-09
1.0870999999999995 -4.883999999999999e-09
1.0970999999999993 -8.457e-09
1.107099999999999 -1.4483999999999996e-08
1.1170999999999989 -2.454e-08
1.1270999999999987 -4.122e-08
1.1370999999999984 -6.861e-08
1.1471 -1.1299999999999999e-07
1.1570999999999998 -1.8446999999999998e-07
1.1670999999999996 -2.9789999999999993e-07
1.1770999999999994 -4.764e-07
1.1870999999999992 -7.55e-07
1.197099999999999 -1.1849999999999999e-06
1.2070999999999987 -1.8434999999999998e-06
1.2170999999999985 -2.8349999999999995e-06
1.2271 -4.337999999999999e-06
1.2370999999999999 -6.554999999999999e-06
1.2470999999999997 -9.828e-06
1.2570999999999994 -1.4595e-05
1.2670999999999992 -2.1449999999999996e-05
1.277099999999999 -3.132e-05
1.2870999999999988 -4.532e-05
1.2970999999999986 -6.498e-05
1.3071000000000002 -9.237e-05
1.3171 -0.00013013
1.3270999999999997 -0.00018213
1.3370999999999995 -0.000252
1.3470999999999993 -0.00034629999999999996
1.357099999999999 -0.00047249999999999994
1.3670999999999989 -0.0006384
1.3770999999999987 -0.0008568
1.3870999999999984 -0.0011405
1.3971 -0.0015065999999999999
1.4070999999999998 -0.0019769999999999996
1.4170999999999996 -0.002571
1.4270999999999994 -0.003321
1.4370999999999992 -0.004260000000000001
1.447099999999999 -0.005433
1.4570999999999987 -0.006875999999999999
1.4670999999999985 -0.008646000000000001
1.4771 -0.010803
1.4870999999999999 -0.013419
1.4970999999999997 -0.016560000000000002
1.5070999999999994 -0.02034
1.5170999999999992 -0.02484
1.527099999999999 -0.030119999999999997
1.5370999999999988 -0.036359999999999996
1.5470999999999986 -0.04372000000000001
1.5571000000000002 -0.05228999999999998
1.5671 -0.062270000000000006
1.5770999999999997 -0.07377
1.5870999999999995 -0.08703000000000001
1.5970999999999993 -0.10217999999999999
1.607099999999999 -0.11958000000000002
1.6170999999999989 -0.13929
1.6270999999999987 -0.16165
1.6370999999999984 -0.18661
1.6471 -0.21492000000000006
1.6570999999999998 -0.24600000000000002
1.6670999999999996 -0.2801
1.6770999999999994 -0.3186
1.6870999999999992 -0.36029999999999995
1.697099999999999 -0.4056000000000001
1.7070999999999987 -0.45399999999999996
1.7170999999999985 -0.5066999999999999
1.7271 -0.5631
1.7370999999999999 -0.6220000000000001
1.7470999999999997 -0.6841999999999999
1.7570999999999994 -0.7494
1.7670999999999992 -0.8162999999999999
1.777099999999999 -0.8857999999999999
1.7870999999999988 -0.9569000000000001
1.7970999999999986 -1.0281
1.8071000000000002 -1.1000999999999999
1.8171 -1.1717
1.8270999999999997 -1.2426
1.8370999999999995 -1.3119999999999998
1.8470999999999993 -1.3774000000000002
1.857099999999999 -1.4434
1.8670999999999989 -1.5085000000000002
1.8770999999999987 -1.5633
1.8870999999999984 -1.6185999999999998
1.8971 -1.6665
1.9070999999999998 -1.7142
1.9170999999999996 -1.7514000000000005
1.9270999999999994 -1.7832
1.9370999999999992 -1.8105000000000002
1.947099999999999 -1.8324
1.9570999999999987 -1.8456000000000001
1.9670999999999985 -1.8474000000000004
1.9771 -1.8462
1.9870999999999999 -1.8399
1.9970999999999997 -1.8197999999999999
2.0070999999999994 -1.7975999999999999
2.0170999999999992 -1.7649000000000006
2.027099999999999 -1.7235
2.037099999999999 -1.6770000000000003
2.0470999999999986 -1.6251
2.0571 -1.5654000000000003
2.0671 -1.5042000000000004
2.0770999999999997 -1.4390999999999998
2.0870999999999995 -1.3698
2.0970999999999993 -1.3
2.107099999999999 -1.2306
2.117099999999999 -1.1622999999999999
2.1270999999999987 -1.0968000000000002
2.1370999999999984 -1.0344
2.1471 -0.9762000000000001
2.1571 -0.9233
2.1670999999999996 -0.8754
2.1770999999999994 -0.8342999999999999
2.187099999999999 -0.7991999999999998
2.197099999999999 -0.7710000000000001
2.2070999999999987 -0.7492
2.2170999999999985 -0.7335
2.2271 -0.7242000000000001
2.2371 -0.7202999999999998
2.2470999999999997 -0.7221000000000002
2.2570999999999994 -0.7284000000000002
2.2670999999999992 -0.7392000000000003
2.277099999999999 -0.7539
2.287099999999999 -0.771
2.2970999999999986 -0.7913999999999999
2.3071 -0.8139000000000002
2.3171 -0.8378999999999999
2.3270999999999997 -0.8631000000000003
2.3370999999999995 -0.8883
2.3470999999999993 -0.9143999999999998
2.357099999999999 -0.9402
2.367099999999999 -0.9653999999999999
2.3770999999999987 -0.9903
2.3870999999999984 -1.0137000000000003
2.3971 -1.0368
2.4071 -1.0587
2.4170999999999996 -1.0794
2.4270999999999994 -1.0994
2.437099999999999 -1.1186999999999998
2.447099999999999 -1.1376000000000002
2.4570999999999987 -1.1563999999999997
2.4670999999999985 -1.1763000000000001
2.4771 -1.1961
2.4871 -1.2176999999999998
2.4970999999999997 -1.2408
2.5070999999999994 -1.2671000000000001
2.5170999999999992 -1.2959999999999998
2.527099999999999 -1.3277999999999999
2.537099999999999 -1.3641
2.5470999999999986 -1.4040000000000001
2.5571 -1.4479
2.5671 -1.4963000000000002
2.5770999999999997 -1.5473999999999999
2.5870999999999995 -1.6043999999999998
2.5970999999999993 -1.6616999999999997
2.607099999999999 -1.7227000000000001
2.617099999999999 -1.7873999999999999
2.6270999999999987 -1.8495000000000001
2.6370999999999984 -1.9130999999999998
2.6471 -1.9770000000000003
2.6571 -2.0352
2.6670999999999996 -2.0952
2.6770999999999994 -2.1471000000000005
2.687099999999999 -2.1959999999999997
2.697099999999999 -2.238
2.7070999999999987 -2.277
2.7170999999999985 -2.3100000000000005
2.7271 -2.3349999999999995
2.7371 -2.358
2.7470999999999997 -2.3729999999999998
2.7570999999999994 -2.376
2.7670999999999992 -2.384
2.777099999999999 -2.382
2.787099999999999 -2.37
2.7970999999999986 -2.358
2.8071 -2.337
2.8171 -2.3189999999999995
2.8270999999999997 -2.292
2.8370999999999995 -2.2589999999999995
2.8470999999999993 -2.226000000000001
2.857099999999999 -2.1840000000000006
2.867099999999999 -2.1449999999999996
2.8770999999999987 -2.1
2.8870999999999984 -2.0444999999999998
2.8971 -1.9889999999999999
2.9071 -1.9358
2.9170999999999996 -1.8724
2.9270999999999994 -1.8108000000000002
2.937099999999999 -1.7496
2.947099999999999 -1.6848999999999998
2.9570999999999987 -1.6197000000000001
2.9670999999999985 -1.5546
2.9771 -1.4912000000000003
2.9871 -1.4288999999999998
2.9970999999999997 -1.3689
3.0070999999999994 -1.3116000000000003
3.0170999999999992 -1.2582
3.027099999999999 -1.2086999999999999
3.037099999999999 -1.1631
3.0470999999999986 -1.1221
3.0571 -1.0863
3.0671 -1.0554
3.0770999999999997 -1.0296
3.0870999999999995 -1.008
3.0970999999999993 -0.9912000000000002
3.107099999999999 -0.9789000000000001
3.117099999999999 -0.9699000000000001
3.1270999999999987 -0.9644999999999999
3.1370999999999984 -0.9615
3.1471 -0.9606000000000001
3.1571 -0.9612
3.1670999999999996 -0.9632999999999999
3.1770999999999994 -0.9650999999999998
3.187099999999999 -0.9680999999999997
3.197099999999999 -0.9705999999999998
3.2070999999999987 -0.9735000000000003
3.2170999999999985 -0.9752000000000001
3.2271 -0.9770999999999997
3.2371 -0.9785
3.2470999999999997 -0.9803000000000001
3.2570999999999994 -0.9821999999999999
3.2670999999999992 -0.9849999999999997
3.277099999999999 -0.9882
3.287099999999999 -0.9932999999999997
3.2970999999999986 -0.9989999999999999
3.3071 -1.0059
3.3171 -1.0147000000000002
3.3270999999999997 -1.0254
3.3370999999999995 -1.0373999999999999
3.3470999999999993 -1.0506000000000002
3.357099999999999 -1.0644
3.367099999999999 -1.079
3.3770999999999987 -1.0941
3.3870999999999984 -1.1084999999999998
3.3971 -1.1227
3.4071 -1.1355000000000004
3.4170999999999996 -1.1471999999999998
3.4270999999999994 -1.1568
3.437099999999999 -1.1643
3.447099999999999 -1.1695
3.4570999999999987 -1.1723999999999999
3.4670999999999985 -1.1719
3.4771 -1.17
3.4871 -1.1652000000000002
3.4970999999999997 -1.1588999999999998
3.5070999999999994 -1.1507999999999998
3.5170999999999992 -1.1412
3.527099999999999 -1.1309
3.537099999999999 -1.1201999999999999
3.5470999999999986 -1.1096
3.5571 -1.0989000000000004
3.5671 -1.0898999999999999
3.5770999999999997 -1.0815
3.5870999999999995 -1.0745999999999998
3.5970999999999993 -1.0700999999999998
3.607100000000001 -1.0670999999999997
3.617099999999999 -1.0655999999999999
3.6271000000000004 -1.0674000000000001
3.6370999999999984 -1.0698
3.6471 -1.0745999999999998
3.657099999999998 -1.0804000000000002
3.6670999999999996 -1.0875
3.6770999999999976 -1.0952999999999997
3.687099999999999 -1.1031
3.6971000000000007 -1.1112999999999997
3.7070999999999987 -1.1187000000000002
3.7171000000000003 -1.125
3.7270999999999983 -1.1288999999999998
3.7371 -1.1321999999999999
3.747099999999998 -1.1319
3.7570999999999994 -1.1301
3.767100000000001 -1.125
3.777099999999999 -1.1169000000000002
3.7871000000000006 -1.1061
3.7970999999999986 -1.0919999999999999
3.8071 -1.0755000000000003
3.817099999999998 -1.0565999999999998
3.8270999999999997 -1.0358999999999998
3.8370999999999977 -1.0135
3.8470999999999993 -0.9903
3.857100000000001 -0.9666000000000002
3.867099999999999 -0.9432
3.8771000000000004 -0.9207999999999998
3.8870999999999984 -0.8994000000000001
3.8971 -0.8795999999999998
3.907099999999998 -0.8621999999999996
3.9170999999999996 -0.8475000000000003
3.9270999999999976 -0.8351999999999999
3.937099999999999 -0.8268
3.9471000000000007 -0.8204999999999998
3.9570999999999987 -0.8178
3.9671000000000003 -0.8180999999999999
3.9770999999999983 -0.8211000000000002
3.9871 -0.8268
3.997099999999998 -0.8351999999999999
4.007099999999999 -0.8451
4.017100000000001 -0.8568000000000002
4.027099999999999 -0.8696999999999999
4.037100000000001 -0.8837999999999998
4.047099999999999 -0.8982
4.0571 -0.9129000000000002
4.067099999999998 -0.9279000000000001
4.0771 -0.9427000000000001
4.087099999999998 -0.9563999999999998
4.097099999999999 -0.9702000000000001
4.107100000000001 -0.9837000000000002
4.117099999999999 -0.9963000000000002
4.1271 -1.0089
4.1370999999999984 -1.0206000000000004
4.1471 -1.0331999999999997
4.157099999999998 -1.0460999999999998
4.1671 -1.0593
4.177099999999998 -1.0746000000000002
4.187099999999999 -1.0907999999999998
4.197100000000001 -1.1088000000000002
4.207099999999999 -1.1286000000000003
4.2171 -1.1505000000000003
4.227099999999998 -1.1744999999999999
4.2371 -1.2012000000000003
4.247099999999998 -1.2291
4.257099999999999 -1.2591000000000003
4.267100000000001 -1.2903
4.277099999999999 -1.3217999999999999
4.287100000000001 -1.3535999999999997
4.297099999999999 -1.3842
4.3071 -1.4137
4.317099999999998 -1.4406000000000003
4.3271 -1.4654999999999996
4.337099999999998 -1.4859
4.347099999999999 -1.5015
4.357100000000001 -1.5131999999999997
4.367099999999999 -1.5201000000000002
4.3771 -1.5213
4.3870999999999984 -1.5179999999999993
4.3971 -1.5095999999999998
4.407099999999998 -1.4970000000000006
4.4171 -1.4801999999999997
4.427099999999998 -1.4607
4.437099999999999 -1.4388
4.447100000000001 -1.4145
4.457099999999999 -1.3898999999999995
4.4671 -1.3650000000000002
4.477099999999998 -1.3402
4.4871 -1.3172999999999997
4.497099999999998 -1.2963000000000002
4.507099999999999 -1.2773999999999999
4.517100000000001 -1.2614000000000003
4.527099999999999 -1.2485999999999997
4.537100000000001 -1.2393
4.547099999999999 -1.2335999999999998
4.5571 -1.2309
4.567099999999998 -1.2318
4.5771 -1.2359999999999998
4.587099999999998 -1.2441
4.597099999999999 -1.2551999999999999
4.607100000000001 -1.2687000000000002
4.617099999999999 -1.2861000000000002
4.6271 -1.3059
4.6370999999999984 -1.3281000000000003
4.6471 -1.3533000000000004
4.657099999999998 -1.3814999999999997
4.6671 -1.4123999999999999
4.677099999999998 -1.4459999999999997
4.687099999999999 -1.4828999999999999
4.697100000000001 -1.5218999999999994
4.707099999999999 -1.5639000000000005
4.7171 -1.6084000000000005
4.727099999999998 -1.6547999999999998
4.7371 -1.7033999999999996
4.747099999999998 -1.7529000000000006
4.757099999999999 -1.8017999999999996
4.767100000000001 -1.8540000000000008
4.777099999999999 -1.9069999999999998
4.787100000000001 -1.9530000000000003
4.797099999999999 -1.9990000000000008
4.8071 -2.0430000000000006
4.817099999999998 -2.0790000000000006
4.8271 -2.1149999999999998
4.837099999999998 -2.144
4.847099999999999 -2.1690000000000005
4.857100000000001 -2.192999999999999
4.867099999999999 -2.199
4.8771 -2.2090000000000005
4.8870999999999984 -2.21
4.8971 -2.2059999999999995
4.907099999999998 -2.2039999999999997
4.9171 -2.1979999999999995
4.927099999999998 -2.1849999999999996
4.937099999999999 -2.1710000000000003
4.947100000000001 -2.161
4.957099999999999 -2.149
4.9671 -2.138
4.977099999999998 -2.128
4.9871 -2.12
4.997099999999998 -2.1139999999999994
5.007099999999999 -2.1109999999999998
5.017100000000001 -2.109
5.027099999999999 -2.107
5.037100000000001 -2.107
5.047099999999999 -2.1069999999999998
5.0571 -2.105
5.067099999999998 -2.1020000000000003
5.0771 -2.1
5.087099999999998 -2.0909999999999997
5.097099999999999 -2.0810000000000004
5.107100000000001 -2.0690000000000004
5.117099999999999 -2.0480000000000005
5.1271 -2.0280000000000005
5.1370999999999984 -1.998
5.1471 -1.9680000000000004
5.157099999999998 -1.9320000000000004
5.1671 -1.8910000000000005
5.177099999999998 -1.8509000000000007
5.187099999999999 -1.8008999999999997
5.197100000000001 -1.7530000000000001
5.207099999999999 -1.6993999999999998
5.2171 -1.6445
5.227099999999998 -1.5873999999999997
5.2371 -1.5291000000000001
5.247099999999998 -1.4693999999999996
5.257099999999999 -1.4095999999999997
5.267100000000001 -1.3494000000000002
5.277099999999999 -1.2890000000000001
5.287100000000001 -1.2291999999999998
5.297099999999999 -1.1702000000000001
5.3071 -1.1120999999999999
5.317099999999998 -1.055
5.3271 -0.9996000000000002
5.337099999999998 -0.9452999999999999
5.347099999999999 -0.8929000000000001
5.357100000000001 -0.8421999999999998
5.367099999999999 -0.7930999999999999
5.3771 -0.7455999999999999
5.3870999999999984 -0.7001000000000001
5.3971 -0.6564
5.407099999999998 -0.6142
5.4171 -0.5735999999999999
5.427099999999998 -0.5347999999999999
5.437099999999999 -0.49729999999999996
5.447100000000001 -0.46169999999999994
5.457099999999999 -0.4275
5.4671 -0.39499999999999996
5.477099999999998 -0.364
5.4871 -0.3343999999999999
5.497099999999998 -0.3065
5.507099999999999 -0.2804
5.517100000000001 -0.2555
5.527099999999999 -0.23220000000000002
5.537100000000001 -0.2105
5.547099999999999 -0.19018000000000002
5.5571 -0.17121000000000003
5.567099999999998 -0.15369000000000002
5.5771 -0.13735999999999998
5.587099999999998 -0.12231000000000002
5.597099999999999 -0.10843000000000001
5.607100000000001 -0.09564
5.617099999999999 -0.08396
5.6271 -0.07333999999999999
5.6370999999999984 -0.06366
5.6471 -0.054920000000000004
5.657099999999998 -0.0471
5.6671 -0.04008999999999999
5.677099999999998 -0.03387999999999999
5.687099999999999 -0.028399999999999995
5.697100000000001 -0.023639999999999998
5.707099999999999 -0.019513
5.7171 -0.015982
5.727099999999998 -0.012970999999999998
5.7371 -0.010432000000000002
5.747099999999998 -0.008315
5.757099999999999 -0.006566000000000001
5.767100000000001 -0.0051379999999999985
5.777099999999999 -0.003980000000000001
5.787100000000001 -0.0030559999999999997
5.797099999999999 -0.0023239999999999997
5.8071 -0.0017483
5.817099999999998 -0.0013020000000000002
5.8271 -0.0009601999999999998
5.837099999999998 -0.0007011000000000002
5.847099999999999 -0.0005064
5.857100000000001 -0.00036219999999999997
5.867099999999999 -0.0002564
5.8771 -0.00017960000000000003
5.8870999999999984 -0.00012456
5.8971 -8.544e-05
5.907099999999998 -5.801000000000001e-05
5.9171 -3.8969999999999994e-05
5.927099999999998 -2.59e-05
5.937099999999999 -1.7036e-05
5.947100000000001 -1.1093999999999997e-05
5.957099999999999 -7.143000000000001e-06
