-22.402900000000002 -0.0020423999999999993
-22.3929 -0.0014475000000000002
-22.3829 -0.0010163999999999998
-22.3729 -0.0007064999999999999
-22.362900000000003 -0.00048629999999999995
-22.352899999999998 -0.0003316799999999999
-22.3429 -0.00022431
-22.332900000000002 -0.00015009
-22.3229 -9.946999999999998e-05
-22.3129 -6.528999999999999e-05
-22.3029 -4.240699999999999e-05
-22.292900000000003 -2.7275999999999998e-05
-22.2829 -1.7387000000000005e-05
-22.2729 -1.0970999999999999e-05
-22.262900000000002 -6.856999999999999e-06
-22.2529 -4.2456000000000005e-06
-22.2429 -2.5974000000000003e-06
-22.2329 -1.5748e-06
-22.222900000000003 -9.459000000000001e-07
-22.2129 -5.6209e-07
-22.2029 -3.3125000000000006e-07
-22.1929 -1.9284e-07
-22.1829 -1.1124000000000002e-07
-22.1729 -6.354000000000001e-08
-22.1629 -3.5887e-08
-22.152900000000002 -2.0108e-08
-22.1429 -1.1135999999999998e-08
-22.1329 -6.114300000000001e-09
-22.1229 -3.320000000000001e-09
-22.112900000000003 -1.7824999999999998e-09
-22.102899999999998 -9.484e-10
-22.0929 -4.992200000000001e-10
-22.082900000000002 -2.6002e-10
-22.0729 -1.3391000000000006e-10
-22.0629 -6.801e-11
-22.0529 -3.4177e-11
-22.042900000000003 -1.6924000000000003e-11
-22.0329 -8.223000000000002e-12
-22.0229 -3.816199999999999e-12
-22.012900000000002 -1.7142000000000005e-12
-22.0029 -7.127999999999999e-13
-21.9929 -2.8596000000000003e-13
-21.9829 -1.0686000000000004e-13
-21.972900000000003 -1.466e-14
-21.9629 -0.0
-21.9529 -0.0
-21.9429 -0.0
-21.9329 -0.0
-21.9229 -0.0
-21.9129 -0.0
-21.902900000000002 -0.0
-21.8929 -0.0
-21.8829 -0.0
-21.8729 -0.0
-21.862900000000003 -0.0
-21.852899999999998 -0.0
-21.8429 -0.0
-21.832900000000002 -0.0
-21.8229 -0.0
-21.8129 -0.0
-21.8029 -0.0
-21.792900000000003 -0.0
-21.7829 -0.0
-21.7729 -0.0
-21.762900000000002 -0.0
-21.7529 -0.0
-21.7429 -0.0
-21.7329 -0.0
-21.722900000000003 -0.0
-21.7129 -0.0
-21.7029 -0.0
-21.6929 -0.0
-21.6829 -0.0
-21.6729 -0.0
-21.6629 -0.0
-21.652900000000002 -0.0
-21.6429 -0.0
-21.6329 -0.0
-21.6229 -0.0
-21.612900000000003 -0.0
-21.602899999999998 -0.0
-21.5929 -0.0
-21.582900000000002 -0.0
-21.5729 -0.0
-21.5629 -0.0
-21.5529 -0.0
-21.542900000000003 -0.0
-21.5329 -0.0
-21.5229 -0.0
-21.512900000000002 -0.0
-21.5029 -0.0
-21.4929 -0.0
-21.4829 -0.0
-21.472900000000003 -0.0
-21.4629 -0.0
-21.4529 -0.0
-21.4429 -0.0
-21.4329 -0.0
-21.4229 -0.0
-21.4129 -0.0
-21.402900000000002 -0.0
-21.3929 -0.0
-21.3829 -0.0
-21.3729 -0.0
-21.362900000000003 -0.0
-21.352899999999998 -0.0
-21.3429 -0.0
-21.332900000000002 -0.0
-21.3229 -0.0
-21.3129 -0.0
-21.3029 -0.0
-21.292900000000003 -0.0
-21.2829 -0.0
-21.2729 -0.0
-21.262900000000002 -0.0
-21.2529 -0.0
-21.2429 -0.0
-21.2329 -0.0
-21.222900000000003 -0.0
-21.2129 -0.0
-21.2029 -0.0
-21.1929 -0.0
-21.1829 -0.0
-21.1729 -0.0
-21.1629 -0.0
-21.152900000000002 -0.0
-21.1429 -0.0
-21.1329 -0.0
-21.1229 -0.0
-21.112900000000003 -0.0
-21.102899999999998 -0.0
-21.0929 -0.0
-21.082900000000002 -0.0
-21.0729 -0.0
-21.0629 -0.0
-21.0529 -0.0
-21.042900000000003 -0.0
-21.0329 -0.0
-21.0229 -0.0
-21.012900000000002 -0.0
-21.0029 -0.0
-20.9929 -0.0
-20.9829 -0.0
-20.972900000000003 -0.0
-20.9629 -0.0
-20.9529 -0.0
-20.9429 -0.0
-20.9329 -0.0
-20.9229 -0.0
-20.9129 -0.0
-20.902900000000002 -0.0
-20.8929 -0.0
-20.8829 -0.0
-20.8729 -0.0
-20.862900000000003 -0.0
-20.852899999999998 -0.0
-20.8429 -0.0
-20.832900000000002 -0.0
-20.8229 -0.0
-20.8129 -0.0
-20.8029 -0.0
-20.792900000000003 -0.0
-20.7829 -0.0
-20.7729 -0.0
-20.762900000000002 -0.0
-20.7529 -0.0
-20.7429 -0.0
-20.7329 -0.0
-20.722900000000003 -0.0
-20.7129 -0.0
-20.7029 -0.0
-20.6929 -0.0
-20.6829 -0.0
-20.6729 -0.0
-20.6629 -0.0
-20.652900000000002 -0.0
-20.6429 -0.0
-20.6329 -0.0
-20.6229 -0.0
-20.612900000000003 -0.0
-20.602899999999998 -0.0
-20.5929 -0.0
-20.582900000000002 -0.0
-20.5729 -0.0
-20.5629 -0.0
-20.5529 -0.0
-20.542900000000003 -0.0
-20.5329 -0.0
-20.5229 -0.0
-20.512900000000002 -0.0
-20.5029 -0.0
-20.4929 -0.0
-20.4829 -0.0
-20.472900000000003 -0.0
-20.4629 -0.0
-20.4529 -0.0
-20.4429 -0.0
-20.4329 -0.0
-20.4229 -0.0
-20.4129 -0.0
-20.402900000000002 -0.0
-20.3929 -0.0
-20.3829 -0.0
-20.3729 -0.0
-20.3629 -0.0
-20.3529 -0.0
-20.3429 -0.0
-20.332900000000002 -0.0
-20.3229 -0.0
-20.3129 -0.0
-20.3029 -0.0
-20.2929 -0.0
-20.2829 -0.0
-20.2729 -0.0
-20.262900000000002 -1.1577699999999997e-13
-20.2529 -2.431499e-13
-20.2429 -5.049567999999999e-13
-20.2329 -1.318547e-12
-20.222900000000003 -2.6939070000000005e-12
-20.2129 -5.459037e-12
-20.2029 -1.0932209999999997e-11
-20.1929 -2.1681859999999994e-11
-20.1829 -4.243107e-11
-20.1729 -8.23139e-11
-20.1629 -1.588424e-10
-20.152900000000002 -3.01915e-10
-20.1429 -5.683169999999999e-10
-20.1329 -1.0583850000000002e-09
-20.1229 -1.9476149999999996e-09
-20.1129 -3.5490850000000003e-09
-20.1029 -6.398889999999999e-09
-20.0929 -1.1417119999999999e-08
-20.082900000000002 -2.016928e-08
-20.0729 -3.519145999999999e-08
-20.0629 -6.09308e-08
-20.0529 -1.0421240000000002e-07
-20.0429 -1.7636599999999995e-07
-20.0329 -2.959367000000001e-07
-20.0229 -4.909280999999998e-07
-20.012900000000002 -8.056510000000001e-07
-20.0029 -1.3095590000000003e-06
-19.9929 -2.1045360000000005e-06
-19.9829 -3.3600689999999996e-06
-19.972900000000003 -5.290119999999999e-06
-19.9629 -8.255090000000001e-06
-19.9529 -1.275779e-05
-19.9429 -1.9482139999999997e-05
-19.9329 -2.9570080000000002e-05
-19.9229 -4.432656000000001e-05
-19.9129 -6.58696e-05
-19.902900000000002 -9.69111e-05
-19.8929 -0.00014120510000000002
-19.8829 -0.00020349529999999993
-19.8729 -0.00029124979999999994
-19.8629 -0.00041274779999999993
-19.8529 -0.000579643
-19.8429 -0.000805197
-19.832900000000002 -0.0011100049999999998
-19.8229 -0.0015163810000000005
-19.8129 -0.002051766
-19.8029 -0.002759948
-19.7929 -0.003667157000000001
-19.7829 -0.00484066
-19.7729 -0.006337830000000001
-19.762900000000002 -0.00822704
-19.7529 -0.01058682
-19.7429 -0.013521789999999994
-19.7329 -0.017145580000000007
-19.722900000000003 -0.021546979999999993
-19.7129 -0.02689589
-19.7029 -0.03327126999999999
-19.6929 -0.04087419999999999
-19.6829 -0.049826100000000005
-19.6729 -0.060337900000000014
-19.6629 -0.0724705
-19.652900000000002 -0.08640569999999997
-19.6429 -0.1022647
-19.6329 -0.12017819999999999
-19.6229 -0.1401577
-19.6129 -0.16227429999999995
-19.6029 -0.18662720000000002
-19.5929 -0.21281789999999995
-19.582900000000002 -0.24121600000000004
-19.5729 -0.27163129999999996
-19.5629 -0.302861
-19.5529 -0.336311
-19.5429 -0.37047199999999997
-19.5329 -0.40564900000000004
-19.5229 -0.4412329999999999
-19.512900000000002 -0.4765360000000001
-19.5029 -0.512139
-19.4929 -0.5472509999999999
-19.4829 -0.5814719999999999
-19.472900000000003 -0.6156010000000001
-19.4629 -0.648135
-19.4529 -0.6799799999999999
-19.4429 -0.711028
-19.4329 -0.7410909999999999
-19.4229 -0.771366
-19.4129 -0.801456
-19.402900000000002 -0.8313629999999999
-19.3929 -0.8617929999999999
-19.3829 -0.8935370000000002
-19.3729 -0.926006
-19.3629 -0.9596020000000002
-19.3529 -0.9951169999999998
-19.3429 -1.0319619999999996
-19.332900000000002 -1.0701229999999997
-19.3229 -1.109405
-19.3129 -1.150297
-19.3029 -1.1913019999999999
-19.2929 -1.2327029999999999
-19.2829 -1.2738019999999999
-19.2729 -1.3140939999999999
-19.262900000000002 -1.3529709999999997
-19.2529 -1.3902249999999998
-19.2429 -1.425055
-19.2329 -1.457352
-19.222900000000003 -1.4863149999999998
-19.2129 -1.512644
-19.2029 -1.5356330000000002
-19.1929 -1.5555930000000004
-19.1829 -1.572998
-19.1729 -1.5880300000000003
-19.1629 -1.6007700000000002
-19.152900000000002 -1.6120699999999997
-19.1429 -1.6228800000000008
-19.1329 -1.6338499999999994
-19.1229 -1.6459400000000004
-19.1129 -1.65809
-19.1029 -1.67302
-19.0929 -1.6951799999999997
-19.082900000000002 -1.7171
-19.0729 -1.7451100000000002
-19.0629 -1.78238
-19.0529 -1.8210499999999998
-19.0429 -1.8682699999999997
-19.0329 -1.9189900000000002
-19.0229 -1.97743
-19.012900000000002 -2.0389999999999997
-19.0029 -2.1120600000000005
-18.9929 -2.1820500000000003
-18.9829 -2.2591
-18.972900000000003 -2.3391200000000008
-18.9629 -2.4161700000000006
-18.9529 -2.498249999999999
-18.9429 -2.5792699999999993
-18.9329 -2.6592899999999995
-18.9229 -2.73519
-18.9129 -2.8040499999999993
-18.902900000000002 -2.8718999999999997
-18.8929 -2.933589999999999
-18.8829 -2.9902500000000005
-18.8729 -3.0417899999999998
-18.8629 -3.0903000000000005
-18.8529 -3.13072
-18.8429 -3.16911
-18.832900000000002 -3.2013600000000006
-18.8229 -3.2306500000000016
-18.8129 -3.2588000000000017
-18.8029 -3.27895
-18.7929 -3.29912
-18.7829 -3.32025
-18.7729 -3.3383099999999994
-18.762900000000002 -3.35743
-18.7529 -3.37458
-18.7429 -3.3926699999999994
-18.7329 -3.4148500000000004
-18.722900000000003 -3.43306
-18.7129 -3.4582399999999995
-18.7029 -3.482469999999999
-18.6929 -3.5047200000000007
-18.6829 -3.53099
-18.6729 -3.5572600000000003
-18.6629 -3.5825799999999997
-18.652900000000002 -3.6058600000000003
-18.6429 -3.632189999999998
-18.6329 -3.6514899999999986
-18.6229 -3.66876
-18.6129 -3.6860299999999993
-18.6029 -3.69921
-18.5929 -3.7074200000000013
-18.582900000000002 -3.7145400000000004
-18.5729 -3.7166600000000005
-18.5629 -3.71973
-18.5529 -3.7157000000000013
-18.5429 -3.705660000000001
-18.5329 -3.692600000000001
-18.5229 -3.67845
-18.512900000000002 -3.66324
-18.5029 -3.645060000000001
-18.4929 -3.62379
-18.4829 -3.6024599999999993
-18.472900000000003 -3.584230000000001
-18.4629 -3.5628800000000007
-18.4529 -3.544480000000001
-18.4429 -3.52811
-18.4329 -3.5157499999999993
-18.4229 -3.497389999999999
-18.4129 -3.48003
-18.402900000000002 -3.47367
-18.3929 -3.4693399999999994
-18.3829 -3.4640300000000015
-18.3729 -3.4687099999999997
-18.3629 -3.463470000000001
-18.3529 -3.471190000000001
-18.3429 -3.4779299999999984
-18.332900000000002 -3.4796900000000006
-18.3229 -3.486480000000002
-18.3129 -3.4921899999999995
-18.3029 -3.4968799999999995
-18.2929 -3.4966299999999997
-18.2829 -3.4943100000000005
-18.2729 -3.4889199999999994
-18.262900000000002 -3.475529999999999
-18.2529 -3.4600500000000003
-18.2429 -3.4405699999999997
-18.2329 -3.4130199999999986
-18.222900000000003 -3.3883999999999994
-18.2129 -3.354800000000002
-18.2029 -3.3201400000000003
-18.1929 -3.2874500000000006
-18.1829 -3.2568199999999994
-18.1729 -3.227150000000001
-18.1629 -3.202529999999999
-18.152900000000002 -3.183990000000001
-18.1429 -3.174449999999999
-18.1329 -3.1740299999999992
-18.1229 -3.1846600000000014
-18.1129 -3.211400000000001
-18.1029 -3.2462500000000007
-18.0929 -3.3002199999999995
-18.082900000000002 -3.372279999999999
-18.0729 -3.458460000000001
-18.0629 -3.5627900000000023
-18.0529 -3.6891800000000003
-18.0429 -3.8367200000000015
-18.0329 -4.006379999999998
-18.0229 -4.2011
-18.012900000000002 -4.41097
-18.0029 -4.6538699999999995
-17.9929 -4.916889999999999
-17.9829 -5.203939999999999
-17.972900000000003 -5.5210799999999995
-17.9629 -5.8592
-17.9529 -6.223360000000001
-17.9429 -6.6066199999999995
-17.9329 -7.019789999999996
-17.9229 -7.442959999999998
-17.9129 -7.886150000000001
-17.902900000000002 -8.3473
-17.8929 -8.81038
-17.8829 -9.283369999999998
-17.8729 -9.754299999999999
-17.8629 -10.22417
-17.8529 -10.684890000000003
-17.8429 -11.13146
-17.832900000000002 -11.556969999999996
-17.8229 -11.963329999999997
-17.8129 -12.341540000000002
-17.8029 -12.690590000000004
-17.7929 -13.007599999999998
-17.7829 -13.289419999999998
-17.7729 -13.541239999999998
-17.762900000000002 -13.75888
-17.7529 -13.949450000000002
-17.7429 -14.108949999999998
-17.7329 -14.24547
-17.722900000000003 -14.363959999999997
-17.7129 -14.468389999999998
-17.7029 -14.570880000000002
-17.6929 -14.66935
-17.6829 -14.76998
-17.6729 -14.882540000000002
-17.6629 -15.01224
-17.652900000000002 -15.157020000000006
-17.6429 -15.327789999999998
-17.6329 -15.526609999999998
-17.6229 -15.746529999999998
-17.6129 -15.988480000000001
-17.6029 -16.255459999999996
-17.5929 -16.54439
-17.582900000000002 -16.848359999999996
-17.5729 -17.149240000000002
-17.5629 -17.46306
-17.5529 -17.784910000000004
-17.5429 -18.080639999999995
-17.5329 -18.35428
-17.5229 -18.6308
-17.512900000000002 -18.844259999999995
-17.5029 -19.024540000000005
-17.4929 -19.16973
-17.4829 -19.243820000000003
-17.472900000000003 -19.22378
-17.4629 -19.15664
-17.4529 -19.01135
-17.4429 -18.741020000000002
-17.4329 -18.39756
-17.4229 -17.974999999999998
-17.4129 -17.44635
-17.402900000000002 -16.86066
-17.3929 -16.16391000000001
-17.3829 -15.42813
-17.3729 -14.586300000000001
-17.3629 -13.708470000000002
-17.3529 -12.78264
-17.3429 -11.828855999999996
-17.332900000000002 -10.860054
-17.3229 -9.888354
-17.3129 -8.926708999999999
-17.3029 -7.993143999999999
-17.2929 -7.091674999999999
-17.2829 -6.236306000000001
-17.2729 -5.439044
-17.262900000000002 -4.694895
-17.2529 -4.016857999999999
-17.2429 -3.4059319999999995
-17.2329 -2.860117
-17.222900000000003 -2.378801
-17.2129 -1.9591910000000001
-17.2029 -1.5998610000000006
-17.1929 -1.2915178
-17.1829 -1.0330487
-17.1729 -0.8184421
-17.1629 -0.6419921
-17.152900000000002 -0.49839
-17.1429 -0.38322839999999986
-17.1329 -0.29150050000000005
-17.1229 -0.219831
-17.1129 -0.1638137
-17.1029 -0.12105447000000001
-17.0929 -0.08846983
-17.082900000000002 -0.06401638000000001
-17.0729 -0.045871709999999996
-17.0629 -0.03252359999999999
-17.0529 -0.02281851
-17.0429 -0.01587212
-17.0329 -0.010903480999999998
-17.0229 -0.007422827
-17.012900000000002 -0.005001599999999999
-17.0029 -0.0033373879999999997
-16.9929 -0.0022014870000000007
-16.9829 -0.0014390821999999998
-16.972900000000003 -0.0009302122999999998
-16.9629 -0.0005953738
-16.9529 -0.0003771884999999999
-16.9429 -0.00023644550000000004
-16.9329 -0.00014678898
-16.9229 -9.013573000000001e-05
-16.9129 -5.477014999999999e-05
-16.902900000000002 -3.296209e-05
-16.8929 -1.9634999999999998e-05
-16.8829 -1.1576679999999999e-05
-16.8729 -6.753538e-06
-16.8629 -3.899914e-06
-16.8529 -2.2289030000000002e-06
-16.8429 -1.2596788999999999e-06
-16.832900000000002 -7.053813999999999e-07
-16.8229 -3.906865000000001e-07
-16.8129 -2.142460000000001e-07
-16.8029 -1.1623387e-07
-16.7929 -6.241705e-08
-16.7829 -3.318082e-08
-16.7729 -1.7442429999999996e-08
-16.762900000000002 -9.081104999999999e-09
-16.7529 -4.678705e-09
-16.7429 -2.385099e-09
-16.7329 -1.2019564999999996e-09
-16.722900000000003 -5.965196999999999e-10
-16.7129 -2.871432000000001e-10
-16.7029 -1.3413795e-10
-16.6929 -5.5092350000000006e-11
-16.6829 -2.3826350000000003e-11
-16.6729 -8.938411999999998e-12
-16.6629 -2.306292e-12
-16.652900000000002 -3.077778e-13
-16.6429 -0.0
-16.6329 -0.0
-16.6229 -0.0
-16.6129 -0.0
-16.6029 -0.0
-16.5929 -0.0
-16.582900000000002 -0.0
-16.5729 -0.0
-16.5629 -0.0
-16.5529 -0.0
-16.5429 -0.0
-16.5329 -0.0
-16.5229 -0.0
-16.512900000000002 -0.0
-16.5029 -0.0
-16.4929 -0.0
-16.4829 -0.0
-16.472900000000003 -0.0
-16.4629 -0.0
-16.4529 -0.0
-16.4429 -0.0
-16.4329 -0.0
-16.4229 -0.0
-16.4129 -0.0
-16.402900000000002 -0.0
-16.3929 -0.0
-16.3829 -0.0
-16.3729 -0.0
-16.3629 -0.0
-16.3529 -0.0
-16.3429 -0.0
-16.332900000000002 -0.0
-16.3229 -0.0
-16.3129 -0.0
-16.3029 -0.0
-16.2929 -0.0
-16.2829 -0.0
-16.2729 -0.0
-16.262900000000002 -0.0
-16.2529 -0.0
-16.2429 -0.0
-16.2329 -0.0
-16.2229 -0.0
-16.2129 -0.0
-16.2029 -0.0
-16.1929 -0.0
-16.1829 -0.0
-16.172900000000002 -0.0
-16.1629 -0.0
-16.152900000000002 -0.0
-16.1429 -0.0
-16.1329 -0.0
-16.1229 -0.0
-16.1129 -0.0
-16.1029 -0.0
-16.0929 -0.0
-16.082900000000002 -0.0
-16.0729 -0.0
-16.0629 -0.0
-16.0529 -0.0
-16.0429 -0.0
-16.0329 -0.0
-16.0229 -0.0
-16.012900000000002 -0.0
-16.0029 -0.0
-15.9929 -0.0
-15.9829 -0.0
-15.972900000000001 -0.0
-15.962900000000001 -0.0
-15.9529 -0.0
-15.942900000000002 -0.0
-15.9329 -0.0
-15.9229 -0.0
-15.9129 -0.0
-15.9029 -0.0
-15.892900000000001 -0.0
-15.882900000000001 -0.0
-15.872900000000001 -0.0
-15.8629 -0.0
-15.852900000000002 -0.0
-15.8429 -0.0
-15.8329 -0.0
-15.8229 -0.0
-15.8129 -0.0
-15.802900000000001 -0.0
-15.792900000000001 -0.0
-15.782900000000001 -0.0
-15.7729 -0.0
-15.7629 -0.0
-15.7529 -0.0
-15.7429 -0.0
-15.7329 -0.0
-15.722900000000001 -0.0
-15.712900000000001 -0.0
-15.7029 -0.0
-15.692900000000002 -0.0
-15.6829 -0.0
-15.6729 -0.0
-15.6629 -0.0
-15.6529 -0.0
-15.642900000000001 -0.0
-15.632900000000001 -0.0
-15.622900000000001 -0.0
-15.6129 -0.0
-15.602900000000002 -0.0
-15.5929 -0.0
-15.5829 -0.0
-15.5729 -0.0
-15.5629 -0.0
-15.552900000000001 -0.0
-15.542900000000001 -0.0
-15.532900000000001 -0.0
-15.5229 -0.0
-15.5129 -0.0
-15.5029 -0.0
-15.4929 -0.0
-15.4829 -0.0
-15.472900000000001 -0.0
-15.462900000000001 -0.0
-15.4529 -0.0
-15.442900000000002 -0.0
-15.4329 -0.0
-15.4229 -0.0
-15.4129 -0.0
-15.4029 -0.0
-15.392900000000001 -0.0
-15.382900000000001 -0.0
-15.372900000000001 -0.0
-15.3629 -0.0
-15.352900000000002 -0.0
-15.3429 -0.0
-15.3329 -0.0
-15.3229 -0.0
-15.3129 -0.0
-15.302900000000001 -0.0
-15.292900000000001 -0.0
-15.282900000000001 -0.0
-15.2729 -0.0
-15.2629 -0.0
-15.2529 -0.0
-15.2429 -0.0
-15.2329 -0.0
-15.222900000000001 -0.0
-15.212900000000001 -0.0
-15.2029 -0.0
-15.192900000000002 -0.0
-15.1829 -0.0
-15.1729 -0.0
-15.1629 -0.0
-15.1529 -0.0
-15.142900000000001 -0.0
-15.132900000000001 -0.0
-15.122900000000001 -0.0
-15.1129 -0.0
-15.102900000000002 -0.0
-15.0929 -0.0
-15.0829 -0.0
-15.0729 -0.0
-15.0629 -0.0
-15.052900000000001 -0.0
-15.042900000000001 -0.0
-15.032900000000001 -0.0
-15.0229 -0.0
-15.0129 -0.0
-15.0029 -0.0
-14.9929 -0.0
-14.9829 -0.0
-14.972900000000001 -0.0
-14.962900000000001 -0.0
-14.9529 -0.0
-14.942900000000002 -0.0
-14.9329 -0.0
-14.9229 -0.0
-14.9129 -0.0
-14.9029 -0.0
-14.892900000000001 -0.0
-14.882900000000001 -0.0
-14.872900000000001 -0.0
-14.8629 -0.0
-14.852900000000002 -0.0
-14.8429 -0.0
-14.8329 -0.0
-14.8229 -0.0
-14.8129 -0.0
-14.802900000000001 -0.0
-14.792900000000001 -0.0
-14.782900000000001 -0.0
-14.7729 -0.0
-14.7629 -0.0
-14.7529 -0.0
-14.7429 -0.0
-14.7329 -0.0
-14.722900000000001 -0.0
-14.712900000000001 -0.0
-14.7029 -0.0
-14.692900000000002 -0.0
-14.6829 -0.0
-14.6729 -0.0
-14.6629 -0.0
-14.6529 -0.0
-14.642900000000001 -0.0
-14.632900000000001 -0.0
-14.622900000000001 -0.0
-14.6129 -0.0
-14.602900000000002 -0.0
-14.5929 -0.0
-14.5829 -0.0
-14.5729 -0.0
-14.5629 -0.0
-14.552900000000001 -0.0
-14.542900000000001 -0.0
-14.532900000000001 -0.0
-14.5229 -0.0
-14.5129 -0.0
-14.5029 -0.0
-14.4929 -0.0
-14.4829 -0.0
-14.472900000000001 -0.0
-14.462900000000001 -0.0
-14.4529 -0.0
-14.442900000000002 -0.0
-14.4329 -0.0
-14.4229 -0.0
-14.4129 -0.0
-14.4029 -0.0
-14.392900000000001 -0.0
-14.382900000000001 -0.0
-14.372900000000001 -0.0
-14.3629 -0.0
-14.3529 -0.0
-14.3429 -0.0
-14.3329 -0.0
-14.3229 -0.0
-14.3129 -0.0
-14.302900000000001 -0.0
-14.292900000000001 -0.0
-14.282900000000001 -0.0
-14.2729 -0.0
-14.2629 -0.0
-14.2529 -0.0
-14.2429 -0.0
-14.2329 -0.0
-14.222900000000001 -0.0
-14.212900000000001 -0.0
-14.202900000000001 -0.0
-14.192900000000002 -0.0
-14.1829 -0.0
-14.1729 -0.0
-14.1629 -0.0
-14.1529 -0.0
-14.142900000000001 -0.0
-14.132900000000001 -0.0
-14.122900000000001 -0.0
-14.1129 -0.0
-14.1029 -0.0
-14.0929 -0.0
-14.0829 -0.0
-14.0729 -0.0
-14.0629 -0.0
-14.052900000000001 -0.0
-14.042900000000001 -0.0
-14.032900000000001 -0.0
-14.0229 -0.0
-14.0129 -0.0
-14.0029 -0.0
-13.9929 -0.0
-13.9829 -0.0
-13.972900000000001 -0.0
-13.962900000000001 -0.0
-13.952900000000001 -0.0
-13.942900000000002 -0.0
-13.9329 -0.0
-13.9229 -0.0
-13.9129 -0.0
-13.9029 -0.0
-13.892900000000001 -0.0
-13.882900000000001 -0.0
-13.872900000000001 -0.0
-13.8629 -0.0
-13.8529 -0.0
-13.8429 -0.0
-13.8329 -0.0
-13.8229 -0.0
-13.8129 -0.0
-13.802900000000001 -0.0
-13.792900000000001 -0.0
-13.782900000000001 -0.0
-13.7729 -0.0
-13.7629 -0.0
-13.7529 -0.0
-13.7429 -0.0
-13.7329 -0.0
-13.722900000000001 -0.0
-13.712900000000001 -0.0
-13.702900000000001 -0.0
-13.692900000000002 -0.0
-13.6829 -0.0
-13.6729 -0.0
-13.6629 -0.0
-13.6529 -0.0
-13.642900000000001 -0.0
-13.632900000000001 -0.0
-13.622900000000001 -0.0
-13.6129 -0.0
-13.6029 -0.0
-13.5929 -0.0
-13.5829 -0.0
-13.5729 -0.0
-13.5629 -0.0
-13.552900000000001 -0.0
-13.542900000000001 -0.0
-13.532900000000001 -0.0
-13.5229 -0.0
-13.5129 -0.0
-13.5029 -0.0
-13.4929 -0.0
-13.4829 -0.0
-13.472900000000001 -0.0
-13.462900000000001 -0.0
-13.452900000000001 -0.0
-13.442900000000002 -0.0
-13.4329 -0.0
-13.4229 -0.0
-13.4129 -0.0
-13.4029 -0.0
-13.392900000000001 -0.0
-13.382900000000001 -0.0
-13.372900000000001 -0.0
-13.3629 -0.0
-13.3529 -0.0
-13.3429 -0.0
-13.3329 -0.0
-13.3229 -0.0
-13.3129 -0.0
-13.302900000000001 -0.0
-13.292900000000001 -0.0
-13.282900000000001 -0.0
-13.2729 -0.0
-13.2629 -0.0
-13.2529 -0.0
-13.2429 -0.0
-13.2329 -0.0
-13.222900000000001 -0.0
-13.212900000000001 -0.0
-13.202900000000001 -0.0
-13.192900000000002 -0.0
-13.1829 -0.0
-13.1729 -0.0
-13.1629 -0.0
-13.1529 -0.0
-13.142900000000001 -0.0
-13.132900000000001 -0.0
-13.122900000000001 -0.0
-13.1129 -0.0
-13.1029 -0.0
-13.0929 -0.0
-13.0829 -0.0
-13.0729 -0.0
-13.0629 -0.0
-13.052900000000001 -0.0
-13.042900000000001 -0.0
-13.032900000000001 -0.0
-13.0229 -0.0
-13.0129 -0.0
-13.0029 -0.0
-12.9929 -0.0
-12.9829 -0.0
-12.972900000000001 -0.0
-12.962900000000001 -0.0
-12.952900000000001 -0.0
-12.942900000000002 -0.0
-12.9329 -0.0
-12.9229 -0.0
-12.9129 -0.0
-12.9029 -0.0
-12.892900000000001 -0.0
-12.882900000000001 -0.0
-12.872900000000001 -0.0
-12.862900000000002 -0.0
-12.8529 -0.0
-12.8429 -0.0
-12.8329 -0.0
-12.8229 -0.0
-12.8129 -0.0
-12.802900000000001 -0.0
-12.792900000000001 -0.0
-12.782900000000001 -0.0
-12.7729 -0.0
-12.7629 -0.0
-12.7529 -0.0
-12.7429 -0.0
-12.7329 -0.0
-12.722900000000001 -0.0
-12.712900000000001 -0.0
-12.702900000000001 -0.0
-12.6929 -0.0
-12.6829 -0.0
-12.6729 -0.0
-12.6629 -0.0
-12.6529 -0.0
-12.642900000000001 -0.0
-12.632900000000001 -0.0
-12.622900000000001 -0.0
-12.612900000000002 -0.0
-12.6029 -0.0
-12.5929 -0.0
-12.5829 -0.0
-12.5729 -0.0
-12.5629 -0.0
-12.552900000000001 -0.0
-12.542900000000001 -0.0
-12.532900000000001 -0.0
-12.5229 -0.0
-12.5129 -0.0
-12.5029 -0.0
-12.4929 -0.0
-12.4829 -0.0
-12.472900000000001 -0.0
-12.462900000000001 -0.0
-12.452900000000001 -0.0
-12.4429 -0.0
-12.4329 -0.0
-12.4229 -0.0
-12.4129 -0.0
-12.4029 -0.0
-12.392900000000001 -0.0
-12.382900000000001 -0.0
-12.372900000000001 -0.0
-12.362900000000002 -0.0
-12.3529 -0.0
-12.3429 -0.0
-12.3329 -0.0
-12.3229 -0.0
-12.3129 -0.0
-12.302900000000001 -0.0
-12.292900000000001 -0.0
-12.282900000000001 -0.0
-12.2729 -0.0
-12.2629 -0.0
-12.2529 -0.0
-12.2429 -0.0
-12.2329 -0.0
-12.222900000000001 -0.0
-12.212900000000001 -0.0
-12.202900000000001 -0.0
-12.1929 -0.0
-12.1829 -0.0
-12.1729 -0.0
-12.1629 -0.0
-12.1529 -0.0
-12.142900000000001 -0.0
-12.132900000000001 -0.0
-12.122900000000001 -0.0
-12.112900000000002 -0.0
-12.1029 -0.0
-12.0929 -0.0
-12.0829 -0.0
-12.0729 -0.0
-12.0629 -0.0
-12.052900000000001 -0.0
-12.042900000000001 -0.0
-12.032900000000001 -0.0
-12.0229 -0.0
-12.0129 -0.0
-12.0029 -0.0
-11.9929 -0.0
-11.9829 -0.0
-11.972900000000001 -0.0
-11.962900000000001 -0.0
-11.952900000000001 -0.0
-11.9429 -0.0
-11.9329 -0.0
-11.9229 -0.0
-11.9129 -0.0
-11.9029 -0.0
-11.892900000000001 -0.0
-11.882900000000001 -0.0
-11.872900000000001 -0.0
-11.8629 -0.0
-11.8529 -0.0
-11.8429 -0.0
-11.8329 -0.0
-11.8229 -0.0
-11.8129 -0.0
-11.802900000000001 -0.0
-11.792900000000001 -0.0
-11.782900000000001 -0.0
-11.7729 -0.0
-11.7629 -0.0
-11.7529 -0.0
-11.7429 -0.0
-11.7329 -0.0
-11.722900000000001 -0.0
-11.712900000000001 -0.0
-11.702900000000001 -0.0
-11.692900000000002 -0.0
-11.6829 -0.0
-11.6729 -0.0
-11.6629 -0.0
-11.6529 -0.0
-11.642900000000001 -0.0
-11.632900000000001 -0.0
-11.622900000000001 -0.0
-11.6129 -0.0
-11.6029 -0.0
-11.5929 -0.0
-11.5829 -0.0
-11.5729 -0.0
-11.5629 -0.0
-11.552900000000001 -0.0
-11.542900000000001 -0.0
-11.532900000000001 -0.0
-11.5229 -0.0
-11.5129 -0.0
-11.5029 -0.0
-11.4929 -0.0
-11.4829 -0.0
-11.472900000000001 -0.0
-11.462900000000001 -0.0
-11.452900000000001 -0.0
-11.442900000000002 -0.0
-11.4329 -0.0
-11.4229 -1.7242e-13
-11.4129 -3.614399999999999e-13
-11.4029 -9.914100000000001e-13
-11.392900000000001 -2.0457e-12
-11.382900000000001 -4.5669e-12
-11.372900000000001 -9.492299999999999e-12
-11.3629 -1.9338999999999996e-11
-11.3529 -3.848899999999999e-11
-11.3429 -7.573199999999998e-11
-11.3329 -1.4777e-10
-11.3229 -2.8578e-10
-11.3129 -5.460899999999999e-10
-11.302900000000001 -1.0331699999999999e-09
-11.292900000000001 -1.9336e-09
-11.282900000000001 -3.5792999999999986e-09
-11.2729 -6.562600000000001e-09
-11.2629 -1.1898200000000001e-08
-11.2529 -2.1352e-08
-11.2429 -3.7922999999999995e-08
-11.2329 -6.670200000000002e-08
-11.222900000000001 -1.1608999999999998e-07
-11.212900000000001 -1.9995000000000004e-07
-11.202900000000001 -3.4098e-07
-11.192900000000002 -5.759099999999999e-07
-11.1829 -9.6237e-07
-11.1729 -1.5929999999999998e-06
-11.1629 -2.6082000000000007e-06
-11.1529 -4.2321e-06
-11.142900000000001 -6.797499999999999e-06
-11.132900000000001 -1.0812399999999998e-05
-11.122900000000001 -1.7021e-05
-11.1129 -2.6556e-05
-11.1029 -4.1012999999999995e-05
-11.0929 -6.2696e-05
-11.0829 -9.496e-05
-11.0729 -0.00014252
-11.0629 -0.00021186000000000005
-11.052900000000001 -0.00031179000000000005
-11.042900000000001 -0.00045479999999999994
-11.032900000000001 -0.00065736
-11.0229 -0.00094135
-11.0129 -0.0013353000000000002
-11.0029 -0.001878
-10.9929 -0.0026196
-10.9829 -0.0036157999999999997
-10.972900000000001 -0.0049496
-10.962900000000001 -0.006718999999999999
-10.952900000000001 -0.009047999999999999
-10.942900000000002 -0.012070599999999997
-10.9329 -0.015978
-10.9229 -0.020977000000000003
-10.9129 -0.027282000000000015
-10.9029 -0.035225999999999986
-10.892900000000001 -0.04515500000000001
-10.882900000000001 -0.057332999999999995
-10.872900000000001 -0.07229700000000001
-10.8629 -0.090383
-10.8529 -0.112178
-10.8429 -0.13806000000000004
-10.8329 -0.16874999999999998
-10.8229 -0.2046
-10.8129 -0.24576000000000003
-10.802900000000001 -0.29371999999999987
-10.792900000000001 -0.34796999999999995
-10.782900000000001 -0.4087500000000001
-10.7729 -0.4771199999999999
-10.7629 -0.5528699999999999
-10.7529 -0.63478
-10.7429 -0.7238099999999998
-10.7329 -0.81923
-10.722900000000001 -0.9204
-10.712900000000001 -1.02597
-10.702900000000001 -1.1350100000000003
-10.692900000000002 -1.2466199999999996
-10.6829 -1.3592000000000004
-10.6729 -1.4708999999999997
-10.6629 -1.5799000000000003
-10.6529 -1.6866999999999996
-10.642900000000001 -1.7867000000000004
-10.632900000000001 -1.880999999999999
-10.622900000000001 -1.9671000000000007
-10.6129 -2.043999999999999
-10.6029 -2.111700000000001
-10.5929 -2.1669
-10.5829 -2.2134000000000005
-10.5729 -2.2515000000000005
-10.5629 -2.2767000000000004
-10.552900000000001 -2.2947999999999995
-10.542900000000001 -2.3028000000000004
-10.532900000000001 -2.3045999999999998
-10.5229 -2.2960000000000003
-10.5129 -2.2872
-10.5029 -2.2673000000000005
-10.4929 -2.2478
-10.4829 -2.2260000000000004
-10.472900000000001 -2.1981
-10.462900000000001 -2.1738999999999997
-10.452900000000001 -2.1478
-10.442900000000002 -2.121199999999999
-10.4329 -2.0944999999999996
-10.4229 -2.0671999999999997
-10.4129 -2.040900000000001
-10.4029 -2.014700000000001
-10.392900000000001 -1.987800000000001
-10.382900000000001 -1.9601000000000015
-10.372900000000001 -1.9322000000000008
-10.3629 -1.9034000000000006
-10.352900000000002 -1.8735000000000006
-10.3429 -1.8433
-10.3329 -1.8112999999999997
-10.3229 -1.7786999999999997
-10.3129 -1.7461999999999998
-10.302900000000001 -1.7132000000000003
-10.292900000000001 -1.6797
-10.282900000000001 -1.6468999999999996
-10.2729 -1.6152000000000002
-10.2629 -1.5856000000000006
-10.2529 -1.5569999999999997
-10.2429 -1.5308999999999993
-10.2329 -1.5066
-10.222900000000001 -1.4873999999999998
-10.212900000000001 -1.4696999999999993
-10.2029 -1.4562
-10.192900000000002 -1.4458
-10.1829 -1.4396999999999998
-10.1729 -1.4360999999999997
-10.1629 -1.4354999999999998
-10.1529 -1.4379000000000004
-10.142900000000001 -1.443
-10.132900000000001 -1.4498999999999997
-10.122900000000001 -1.4573999999999996
-10.1129 -1.4652999999999994
-10.102900000000002 -1.4734999999999998
-10.0929 -1.4807000000000001
-10.0829 -1.4859
-10.0729 -1.4879000000000002
-10.0629 -1.4870999999999994
-10.052900000000001 -1.4831999999999996
-10.042900000000001 -1.4747999999999997
-10.032900000000001 -1.4612999999999998
-10.0229 -1.4426999999999996
-10.0129 -1.4193
-10.0029 -1.3905
-9.9929 -1.3574999999999997
-9.9829 -1.3193000000000004
-9.972900000000001 -1.2786
-9.962900000000001 -1.2338999999999998
-9.9529 -1.1871000000000003
-9.942900000000002 -1.1382999999999999
-9.9329 -1.0889000000000002
-9.9229 -1.0397999999999996
-9.9129 -0.9915000000000003
-9.9029 -0.9447999999999999
-9.892900000000001 -0.9010999999999996
-9.882900000000001 -0.8605999999999998
-9.872900000000001 -0.8223000000000004
-9.8629 -0.7878
-9.852900000000002 -0.7565999999999998
-9.8429 -0.7302000000000003
-9.8329 -0.7064999999999999
-9.8229 -0.6860999999999999
-9.8129 -0.6687
-9.802900000000001 -0.6545999999999998
-9.792900000000001 -0.6422999999999998
-9.782900000000001 -0.6321
-9.7729 -0.6246
-9.7629 -0.6174000000000002
-9.7529 -0.6114
-9.7429 -0.6059999999999998
-9.7329 -0.6007999999999998
-9.722900000000001 -0.5954999999999999
-9.712900000000001 -0.5906999999999999
-9.7029 -0.5849999999999999
-9.692900000000002 -0.5784
-9.6829 -0.5718000000000001
-9.6729 -0.5631000000000002
-9.6629 -0.5538000000000001
-9.6529 -0.5430999999999999
-9.642900000000001 -0.5311799999999999
-9.632900000000001 -0.5176800000000003
-9.622900000000001 -0.50301
-9.6129 -0.4874999999999998
-9.602900000000002 -0.47061000000000003
-9.5929 -0.45189000000000007
-9.5829 -0.4328400000000001
-9.5729 -0.4125800000000001
-9.5629 -0.39220999999999995
-9.552900000000001 -0.3717200000000001
-9.542900000000001 -0.35090999999999994
-9.532900000000001 -0.33054
-9.5229 -0.3107099999999999
-9.5129 -0.2914000000000001
-9.5029 -0.27354
-9.4929 -0.25658999999999993
-9.4829 -0.24111000000000005
-9.472900000000001 -0.22706999999999997
-9.462900000000001 -0.21446999999999994
-9.4529 -0.20350999999999997
-9.442900000000002 -0.19399999999999998
-9.4329 -0.18603
-9.4229 -0.17933999999999997
-9.4129 -0.17388000000000006
-9.4029 -0.16959
-9.392900000000001 -0.16631999999999997
-9.382900000000001 -0.16389000000000004
-9.372900000000001 -0.16226000000000004
-9.3629 -0.1613
-9.352900000000002 -0.16085999999999998
-9.3429 -0.16096000000000002
-9.3329 -0.16148999999999997
-9.3229 -0.1623
-9.3129 -0.16340000000000002
-9.302900000000001 -0.16466999999999996
-9.292900000000001 -0.16610999999999998
-9.282900000000001 -0.16752
-9.2729 -0.16887000000000002
-9.2629 -0.17009
-9.2529 -0.17085000000000006
-9.2429 -0.17129000000000005
-9.2329 -0.17114
-9.222900000000001 -0.17027000000000006
-9.212900000000001 -0.16866
-9.2029 -0.16620000000000001
-9.192900000000002 -0.16283999999999998
-9.1829 -0.1586
-9.1729 -0.15341999999999995
-9.1629 -0.14745000000000005
-9.1529 -0.1407
-9.142900000000001 -0.13332
-9.132900000000001 -0.12536
-9.122900000000001 -0.11711999999999999
-9.1129 -0.10856999999999997
-9.102900000000002 -0.10005000000000003
-9.0929 -0.09162
-9.0829 -0.08345999999999999
-9.0729 -0.07566
-9.0629 -0.06831000000000001
-9.052900000000001 -0.06158
-9.042900000000001 -0.055439999999999996
-9.032900000000001 -0.049920000000000006
-9.0229 -0.04506000000000001
-9.0129 -0.04084000000000001
-9.0029 -0.037232999999999995
-8.9929 -0.034220999999999994
-8.9829 -0.031632
-8.972900000000001 -0.029477999999999997
-8.962900000000001 -0.027669000000000003
-8.9529 -0.02612600000000001
-8.942900000000002 -0.024804000000000003
-8.9329 -0.023622000000000004
-8.9229 -0.022543999999999995
-8.9129 -0.021514000000000005
-8.9029 -0.020493
-8.892900000000001 -0.019478999999999996
-8.882900000000001 -0.018434999999999997
-8.872900000000001 -0.017365
-8.8629 -0.016251000000000005
-8.852900000000002 -0.015124999999999998
-8.8429 -0.013970999999999997
-8.8329 -0.012803
-8.8229 -0.011652000000000004
-8.8129 -0.010516
-8.802900000000001 -0.009413
-8.792900000000001 -0.008355
-8.782900000000001 -0.0073459999999999975
-8.7729 -0.0064080000000000005
-8.7629 -0.0055439999999999994
-8.7529 -0.004754999999999998
-8.7429 -0.004032000000000001
-8.7329 -0.0033939999999999994
-8.722900000000001 -0.0028316
-8.712900000000001 -0.0023397
-8.7029 -0.0019154000000000003
-8.692900000000002 -0.0015534
-8.6829 -0.0012477999999999999
-8.6729 -0.0009926000000000002
-8.6629 -0.0007825999999999998
-8.6529 -0.0006112000000000001
-8.642900000000001 -0.00047280000000000016
-8.632900000000001 -0.00036119999999999994
-8.622900000000001 -0.00027411999999999993
-8.6129 -0.00020578000000000005
-8.602900000000002 -0.00015292999999999996
-8.5929 -0.00011255000000000003
-8.5829 -8.199000000000002e-05
-8.5729 -5.9130000000000005e-05
-8.5629 -4.224e-05
-8.552900000000001 -2.9824000000000004e-05
-8.542900000000001 -2.087e-05
-8.532900000000001 -1.4452e-05
-8.5229 -9.901000000000006e-06
-8.5129 -6.717e-06
-8.5029 -4.5089999999999995e-06
-8.4929 -2.9941999999999996e-06
-8.4829 -1.968100000000001e-06
-8.472900000000001 -1.2804e-06
-8.462900000000001 -8.244999999999998e-07
-8.4529 -5.254e-07
-8.442900000000002 -3.3109000000000014e-07
-8.4329 -2.0653e-07
-8.4229 -1.2742999999999997e-07
-8.4129 -7.790999999999999e-08
-8.4029 -4.706e-08
-8.392900000000001 -2.8234999999999998e-08
-8.382900000000001 -1.6875999999999995e-08
-8.372900000000001 -1.0201999999999998e-08
-8.3629 -6.546e-09
-8.352900000000002 -4.9569000000000005e-09
-8.3429 -5.081e-09
-8.3329 -7.0913e-09
-8.3229 -1.1758900000000004e-08
-8.3129 -2.0740300000000002e-08
-8.302900000000001 -3.7065500000000015e-08
-8.2929 -6.622659999999999e-08
-8.282900000000001 -1.171187e-07
-8.2729 -2.0526199999999995e-07
-8.262900000000002 -3.567039999999999e-07
-8.2529 -6.121609999999998e-07
-8.2429 -1.040203e-06
-8.2329 -1.7501060000000004e-06
-8.222900000000001 -2.919920000000001e-06
-8.212900000000001 -4.81433e-06
-8.2029 -7.862840000000001e-06
-8.192900000000002 -1.2709129999999999e-05
-8.1829 -2.0331900000000004e-05
-8.1729 -3.2280599999999984e-05
-8.1629 -5.05732e-05
-8.1529 -7.85575e-05
-8.142900000000001 -0.00012080270000000005
-8.132900000000001 -0.00018395400000000003
-8.122900000000001 -0.00027740599999999995
-8.1129 -0.00041431500000000006
-8.102900000000002 -0.0006122320000000001
-8.0929 -0.0008960009999999998
-8.0829 -0.0012990359999999997
-8.0729 -0.0018646499999999994
-8.0629 -0.00265195
-8.052900000000001 -0.0037357499999999995
-8.0429 -0.00520635
-8.032900000000001 -0.007193380000000002
-8.0229 -0.009843340000000003
-8.012900000000002 -0.013338150000000005
-8.0029 -0.017896200000000004
-7.992900000000001 -0.023837899999999995
-7.982900000000001 -0.03135930000000001
-7.972900000000001 -0.040979800000000004
-7.9629 -0.053006700000000004
-7.9529000000000005 -0.067916
-7.942900000000001 -0.08628639999999997
-7.932900000000001 -0.10861900000000003
-7.9229 -0.13554520000000003
-7.9129000000000005 -0.16736409999999996
-7.902900000000001 -0.20547600000000008
-7.892900000000001 -0.24954500000000018
-7.882900000000001 -0.3011709999999999
-7.8729000000000005 -0.35966000000000004
-7.862900000000001 -0.42617700000000014
-7.852900000000001 -0.5010259999999999
-7.842900000000001 -0.584315
-7.8329 -0.6759430000000001
-7.822900000000001 -0.7764200000000001
-7.812900000000001 -0.8842379999999996
-7.802900000000001 -1.0001989999999998
-7.7929 -1.1231000000000002
-7.782900000000001 -1.252139
-7.772900000000001 -1.386073
-7.762900000000001 -1.52312
-7.7529 -1.66302
-7.742900000000001 -1.8061599999999998
-7.732900000000001 -1.9491999999999998
-7.722900000000001 -2.0921700000000003
-7.7129 -2.2315099999999997
-7.7029000000000005 -2.366689999999999
-7.692900000000001 -2.4971599999999996
-7.682900000000001 -2.6234600000000006
-7.6729 -2.7379200000000004
-7.6629000000000005 -2.8513599999999997
-7.652900000000001 -2.9496600000000006
-7.642900000000001 -3.044890000000001
-7.632900000000001 -3.1220700000000003
-7.6229000000000005 -3.1991099999999997
-7.612900000000001 -3.2641199999999992
-7.602900000000001 -3.317040000000001
-7.592900000000001 -3.366930000000001
-7.5829 -3.4078200000000005
-7.572900000000001 -3.44274
-7.562900000000001 -3.474659999999999
-7.552900000000001 -3.5036999999999994
-7.5429 -3.523919999999999
-7.532900000000001 -3.5522299999999984
-7.522900000000001 -3.5768300000000006
-7.512900000000001 -3.6036799999999998
-7.5029 -3.6339
-7.492900000000001 -3.670449999999999
-7.482900000000001 -3.712429999999999
-7.472900000000001 -3.759899999999999
-7.4629 -3.8158499999999997
-7.4529000000000005 -3.8773200000000005
-7.442900000000001 -3.947340000000001
-7.432900000000001 -4.0229099999999995
-7.4229 -4.108029999999999
-7.4129000000000005 -4.2026200000000005
-7.402900000000001 -4.2977300000000005
-7.392900000000001 -4.4013
-7.382900000000001 -4.50105
-7.3729000000000005 -4.6069700000000005
-7.362900000000001 -4.71177
-7.352900000000001 -4.80468
-7.342900000000001 -4.9013100000000005
-7.3329 -4.98795
-7.322900000000001 -5.062680000000001
-7.312900000000001 -5.1255700000000015
-7.302900000000001 -5.173889999999998
-7.2929 -5.209580000000002
-7.282900000000001 -5.224009999999997
-7.272900000000001 -5.21712
-7.262900000000001 -5.1952099999999986
-7.2529 -5.153010000000001
-7.242900000000001 -5.082060000000001
-7.232900000000001 -5.006859999999999
-7.222900000000001 -4.898770000000001
-7.2129 -4.77849
-7.2029000000000005 -4.638899999999999
-7.192900000000001 -4.48947
-7.182900000000001 -4.326990000000001
-7.1729 -4.157430000000001
-7.1629000000000005 -3.9780900000000003
-7.152900000000001 -3.795729999999998
-7.142900000000001 -3.606710000000001
-7.132900000000001 -3.42339
-7.1229000000000005 -3.2431499999999995
-7.112900000000001 -3.066
-7.102900000000001 -2.89507
-7.092900000000001 -2.72742
-7.0829 -2.57508
-7.072900000000001 -2.4340199999999994
-7.062900000000001 -2.2947599999999997
-7.052900000000001 -2.1710999999999996
-7.0429 -2.0564400000000007
-7.032900000000001 -1.9506700000000008
-7.022900000000001 -1.8588500000000001
-7.012900000000001 -1.7684799999999994
-7.0029 -1.6948799999999997
-6.992900000000001 -1.6287399999999996
-6.982900000000001 -1.56937
-6.972900000000001 -1.5140799999999999
-6.9629 -1.4730299999999996
-6.9529000000000005 -1.43412
-6.942900000000001 -1.40081
-6.932900000000001 -1.37202
-6.9229 -1.34692
-6.9129000000000005 -1.3244999999999998
-6.902900000000001 -1.3038300000000003
-6.892900000000001 -1.2846999999999995
-6.882900000000001 -1.2648599999999999
-6.8729000000000005 -1.2455699999999996
-6.862900000000001 -1.2245899999999996
-6.852900000000001 -1.2020999999999995
-6.842900000000001 -1.1771699999999998
-6.8329 -1.15047
-6.822900000000001 -1.1206
-6.812900000000001 -1.08849
-6.802900000000001 -1.05435
-6.7929 -1.0178399999999999
-6.782900000000001 -0.9792899999999999
-6.772900000000001 -0.93993
-6.762900000000001 -0.8997600000000001
-6.7529 -0.8589600000000002
-6.742900000000001 -0.8197499999999998
-6.732900000000001 -0.7812099999999997
-6.722900000000001 -0.7448099999999999
-6.7129 -0.7095899999999999
-6.7029000000000005 -0.6780600000000002
-6.692900000000001 -0.64927
-6.682900000000001 -0.6237
-6.6729 -0.6015
-6.6629000000000005 -0.5821399999999999
-6.652900000000001 -0.5664969999999999
-6.642900000000001 -0.5531079999999999
-6.632900000000001 -0.542359
-6.6229000000000005 -0.5345519999999999
-6.612900000000001 -0.5285670000000001
-6.602900000000001 -0.5247000000000002
-6.592900000000001 -0.5226340000000002
-6.5829 -0.5222419999999999
-6.572900000000001 -0.523715
-6.562900000000001 -0.5264389999999999
-6.552900000000001 -0.531291
-6.5429 -0.5371669999999998
-6.532900000000001 -0.5446519999999998
-6.522900000000001 -0.554629
-6.512900000000001 -0.566598
-6.5029 -0.580545
-6.492900000000001 -0.596962
-6.482900000000001 -0.6156489999999998
-6.472900000000001 -0.6362990000000001
-6.4629 -0.6595030000000004
-6.4529000000000005 -0.684457
-6.442900000000001 -0.711857
-6.432900000000001 -0.7411970000000001
-6.4229 -0.77158
-6.4129000000000005 -0.8035879999999999
-6.402900000000001 -0.836836
-6.392900000000001 -0.871007
-6.382900000000001 -0.905803
-6.3729000000000005 -0.9408200000000002
-6.362900000000001 -0.9761849999999999
-6.352900000000001 -1.0112000000000003
-6.342900000000001 -1.0462899999999997
-6.3329 -1.0808900000000004
-6.322900000000001 -1.1148600000000004
-6.312900000000001 -1.14803
-6.302900000000001 -1.1803600000000005
-6.2929 -1.2118000000000002
-6.282900000000001 -1.2420899999999997
-6.272900000000001 -1.27111
-6.262900000000001 -1.29935
-6.2529 -1.3274599999999999
-6.242900000000001 -1.3549499999999999
-6.232900000000001 -1.38311
-6.222900000000001 -1.4118499999999998
-6.2129 -1.44335
-6.2029000000000005 -1.47727
-6.192900000000001 -1.5155400000000008
-6.182900000000001 -1.5593200000000003
-6.1729 -1.6092100000000005
-6.1629000000000005 -1.6666699999999999
-6.152900000000001 -1.7355600000000004
-6.142900000000001 -1.8111000000000006
-6.132900000000001 -1.9002599999999994
-6.1229000000000005 -2.0003699999999993
-6.112900000000001 -2.1141900000000002
-6.102900000000001 -2.241330000000001
-6.092900000000001 -2.37289
-6.0829 -2.52078
-6.072900000000001 -2.678950000000001
-6.062900000000001 -2.842460000000001
-6.052900000000001 -3.0172100000000013
-6.0429 -3.1941399999999995
-6.032900000000001 -3.377159999999999
-6.022900000000001 -3.5572600000000003
-6.012900000000001 -3.7352999999999996
-6.0029 -3.9091999999999976
-5.992900000000001 -4.0759
-5.982900000000001 -4.231250000000001
-5.972900000000001 -4.37621
-5.9629 -4.50168
-5.9529000000000005 -4.610529999999999
-5.942900000000001 -4.69874
-5.932900000000001 -4.76818
-5.9229 -4.811829999999999
-5.9129000000000005 -4.83165
-5.902900000000001 -4.825590000000001
-5.892900000000001 -4.79666
-5.882900000000001 -4.742849999999999
-5.8729000000000005 -4.664230000000002
-5.862900000000001 -4.567789999999998
-5.852900000000001 -4.446629999999999
-5.842900000000001 -4.313819999999999
-5.8329 -4.163470000000001
-5.822900000000001 -4.0046800000000005
-5.812900000000001 -3.8405699999999996
-5.802900000000001 -3.6742199999999987
-5.7929 -3.5027999999999997
-5.782900000000001 -3.337439999999999
-5.772900000000001 -3.1872299999999996
-5.762900000000001 -3.0383399999999994
-5.7529 -2.9157500000000005
-5.742900000000001 -2.8016199999999998
-5.732900000000001 -2.707099999999999
-5.722900000000001 -2.6310599999999997
-5.7129 -2.5767699999999993
-5.7029000000000005 -2.54112
-5.692900000000001 -2.527120000000001
-5.682900000000001 -2.54078
-5.6729 -2.5641599999999998
-5.6629000000000005 -2.6101
-5.652900000000001 -2.66973
-5.642900000000001 -2.74283
-5.632900000000001 -2.8284599999999998
-5.6229000000000005 -2.9265299999999996
-5.612900000000001 -3.02796
-5.602900000000001 -3.138630000000001
-5.592900000000001 -3.2465699999999993
-5.5829 -3.3576600000000005
-5.572900000000001 -3.4658100000000016
-5.562900000000001 -3.56493
-5.552900000000001 -3.66611
-5.5429 -3.759199999999999
-5.532900000000001 -3.847210000000001
-5.522900000000001 -3.925130000000002
-5.512900000000001 -4.000900000000001
-5.5029 -4.063569999999999
-5.492900000000001 -4.12821
-5.482900000000001 -4.184739999999999
-5.472900000000001 -4.2322500000000005
-5.4629 -4.28575
-5.4529000000000005 -4.336310000000001
-5.442900000000001 -4.39401
-5.432900000000001 -4.44682
-5.4229 -4.510790000000003
-5.4129000000000005 -4.579
-5.402900000000001 -4.660410000000001
-5.392900000000001 -4.745009999999998
-5.382900000000001 -4.839860000000001
-5.3729000000000005 -4.944929999999999
-5.362900000000001 -5.05794
-5.352900000000001 -5.172530000000001
-5.342900000000001 -5.29474
-5.3329 -5.4232999999999985
-5.322900000000001 -5.548529999999999
-5.312900000000001 -5.676060000000001
-5.302900000000001 -5.799990000000002
-5.2929 -5.917889999999999
-5.282900000000001 -6.029700000000003
-5.272900000000001 -6.132580000000001
-5.262900000000001 -6.224429999999998
-5.2529 -6.30716
-5.242900000000001 -6.372900000000002
-5.232900000000001 -6.422580000000002
-5.222900000000001 -6.465240000000002
-5.2129 -6.492840000000002
-5.2029000000000005 -6.50142
-5.192900000000001 -6.504810000000001
-5.182900000000001 -6.491339999999997
-5.1729 -6.46965
-5.1629000000000005 -6.435969999999999
-5.152900000000001 -6.39121
-5.142900000000001 -6.34434
-5.132900000000001 -6.287520000000001
-5.1229000000000005 -6.22848
-5.112900000000001 -6.158480000000001
-5.102900000000001 -6.08852
-5.092900000000001 -6.019169999999998
-5.0829 -5.94102
-5.072900000000001 -5.8636800000000004
-5.062900000000001 -5.7914400000000015
-5.052900000000001 -5.7140400000000025
-5.0429 -5.64867
-5.032900000000001 -5.58033
-5.022900000000001 -5.515020000000002
-5.012900000000001 -5.452769999999999
-5.0029 -5.409239999999998
-4.992900000000001 -5.365919999999999
-4.982900000000001 -5.331930000000001
-4.972900000000001 -5.3103000000000025
-4.9629 -5.30109
-4.9529000000000005 -5.304329999999999
-4.942900000000001 -5.322999999999998
-4.932900000000001 -5.348100000000001
-4.9229 -5.394629999999998
-4.9129000000000005 -5.450550000000001
-4.902900000000001 -5.515839999999999
-4.892900000000001 -5.596469999999997
-4.882900000000001 -5.680540000000001
-4.8729000000000005 -5.773230000000004
-4.862900000000001 -5.874920000000001
-4.852900000000001 -5.977769999999999
-4.842900000000001 -6.079889999999999
-4.8329 -6.185309999999999
-4.822900000000001 -6.281040000000001
-4.812900000000001 -6.37065
-4.802900000000001 -6.450540000000002
-4.7929 -6.521539999999999
-4.782900000000001 -6.58275
-4.772900000000001 -6.628699999999999
-4.762900000000001 -6.66142
-4.7529 -6.677010000000003
-4.742900000000001 -6.6853
-4.732900000000001 -6.677389999999996
-4.722900000000001 -6.658940000000002
-4.7129 -6.630980000000001
-4.7029000000000005 -6.5941399999999994
-4.692900000000001 -6.550890000000003
-4.682900000000001 -6.501189999999999
-4.6729 -6.4500600000000015
-4.6629000000000005 -6.399660000000002
-4.652900000000001 -6.34628
-4.642900000000001 -6.293050000000002
-4.632900000000001 -6.248970000000001
-4.6229000000000005 -6.202120000000002
-4.612900000000001 -6.167489999999996
-4.602900000000001 -6.1331099999999985
-4.592900000000001 -6.10485
-4.5829 -6.07995
-4.572900000000001 -6.06426
-4.562900000000001 -6.048779999999999
-4.552900000000001 -6.0364499999999985
-4.5429 -6.021269999999998
-4.532900000000001 -6.015179999999999
-4.522900000000001 -6.009260000000001
-4.512900000000001 -6.00036
-4.5029 -5.988449999999999
-4.492900000000001 -5.979659999999999
-4.482900000000001 -5.970779999999999
-4.472900000000001 -5.958899999999998
-4.4629 -5.945939999999998
-4.4529000000000005 -5.931950000000002
-4.442900000000001 -5.922860000000003
-4.432900000000001 -5.907749999999997
-4.4229 -5.898540000000001
-4.4129000000000005 -5.8922300000000005
-4.402900000000001 -5.89188
-4.392900000000001 -5.894489999999999
-4.382900000000001 -5.9051
-4.372900000000001 -5.919679999999999
-4.3629000000000016 -5.941230000000003
-4.3529 -5.97379
-4.3429 -6.012419999999999
-4.3329 -6.063000000000001
-4.322900000000001 -6.119609999999998
-4.312900000000001 -6.18837
-4.302900000000001 -6.260129999999998
-4.292900000000001 -6.334890000000002
-4.2829000000000015 -6.4127100000000015
-4.2729 -6.5025400000000015
-4.2629 -6.589470000000001
-4.2529 -6.673320000000001
-4.242900000000001 -6.7541800000000025
-4.232900000000001 -6.837049999999999
-4.222900000000001 -6.905829999999999
-4.212900000000001 -6.970519999999998
-4.202900000000001 -7.028179999999997
-4.1929 -7.070699999999999
-4.1829 -7.106049999999999
-4.1729 -7.126349999999999
-4.1629000000000005 -7.13445
-4.152900000000001 -7.131370000000001
-4.142900000000001 -7.114170000000001
-4.132900000000001 -7.085840000000001
-4.122900000000001 -7.047259999999998
-4.1129000000000016 -6.99955
-4.1029 -6.936719999999998
-4.0929 -6.871750000000002
-4.0829 -6.797680000000001
-4.072900000000001 -6.718479999999998
-4.062900000000001 -6.63724
-4.052900000000001 -6.556039999999999
-4.042900000000001 -6.473790000000001
-4.0329000000000015 -6.390630000000001
-4.0229 -6.313409999999999
-4.0129 -6.24252
-4.0029 -6.17663
-3.9929000000000006 -6.116070000000001
-3.9829000000000008 -6.063719999999999
-3.972900000000001 -6.02561
-3.962900000000001 -5.99391
-3.9529000000000014 -5.974440000000001
-3.9429 -5.9653800000000015
-3.9329 -5.96868
-3.9229000000000003 -5.98134
-3.9129000000000005 -6.005359999999999
-3.9029000000000007 -6.04068
-3.892900000000001 -6.089340000000001
-3.882900000000001 -6.136250000000001
-3.8729000000000013 -6.19633
-3.8629000000000016 -6.261660000000001
-3.8529 -6.324000000000001
-3.8429 -6.395460000000001
-3.8329000000000004 -6.460870000000001
-3.8229000000000006 -6.52321
-3.812900000000001 -6.5834399999999995
-3.802900000000001 -6.638510000000001
-3.7929000000000013 -6.680279999999997
-3.7829000000000015 -6.71687
-3.7729 -6.7421500000000005
-3.7629 -6.755140000000001
-3.7529000000000003 -6.758869999999997
-3.7429000000000006 -6.750300000000004
-3.7329000000000008 -6.733510000000002
-3.722900000000001 -6.708549999999997
-3.712900000000001 -6.6774200000000015
-3.7029000000000014 -6.64221
-3.6929 -6.603909999999999
-3.6829 -6.563639999999999
-3.6729000000000003 -6.524430000000001
-3.6629000000000005 -6.48536
-3.6529000000000007 -6.45846
-3.642900000000001 -6.434759999999999
-3.632900000000001 -6.426240000000001
-3.6229000000000013 -6.42397
-3.6129000000000016 -6.43391
-3.6029 -6.4559700000000015
-3.5929 -6.484229999999999
-3.5829000000000004 -6.527559999999998
-3.5729000000000006 -6.578869999999998
-3.562900000000001 -6.631160000000002
-3.552900000000001 -6.687299999999999
-3.5429000000000013 -6.7482500000000005
-3.5329000000000015 -6.80895
-3.5229 -6.8633500000000005
-3.5129 -6.91734
-3.5029000000000003 -6.970949999999999
-3.4929000000000006 -7.006140000000001
-3.4829000000000008 -7.04396
-3.472900000000001 -7.073379999999997
-3.462900000000001 -7.100460000000003
-3.4529000000000014 -7.119240000000001
-3.4429 -7.136749999999998
-3.4329 -7.153200000000001
-3.4229000000000003 -7.1735299999999995
-3.4129000000000005 -7.195929999999998
-3.4029000000000007 -7.229459999999998
-3.392900000000001 -7.269120000000005
-3.382900000000001 -7.324110000000004
-3.3729000000000013 -7.394369999999999
-3.3629000000000016 -7.4770699999999986
-3.3529 -7.575179999999998
-3.3429 -7.688700000000001
-3.3329000000000004 -7.8206999999999995
-3.3229000000000006 -7.968099999999998
-3.312900000000001 -8.124930000000004
-3.302900000000001 -8.2911
-3.2929000000000013 -8.469600000000002
-3.2829000000000015 -8.65134
-3.2729 -8.838379999999997
-3.2629 -9.018449999999998
-3.2529000000000003 -9.197759999999997
-3.2429000000000006 -9.37298
-3.2329000000000008 -9.538250000000001
-3.222900000000001 -9.690450000000004
-3.212900000000001 -9.829580000000002
-3.2029000000000014 -9.958540000000001
-3.1929 -10.065360000000002
-3.1829 -10.159000000000002
-3.1729000000000003 -10.227450000000001
-3.1629000000000005 -10.28268
-3.1529000000000007 -10.317750000000004
-3.142900000000001 -10.341629999999997
-3.132900000000001 -10.333239999999998
-3.1229000000000013 -10.309680000000002
-3.1129000000000016 -10.270799999999998
-3.1029 -10.21086
-3.0929 -10.138649999999997
-3.0829000000000004 -10.048250000000003
-3.0729000000000006 -9.932690000000003
-3.062900000000001 -9.809949999999999
-3.052900000000001 -9.668069999999998
-3.0429000000000013 -9.52011
-3.0329000000000015 -9.362969999999999
-3.0229 -9.19374
-3.0129 -9.024540000000002
-3.0029000000000003 -8.85525
-2.9929000000000006 -8.681019999999998
-2.9829000000000008 -8.51681
-2.972900000000001 -8.356630000000001
-2.962900000000001 -8.2116
-2.9529000000000014 -8.079689999999998
-2.9429 -7.960870000000002
-2.9329 -7.858290000000002
-2.9229000000000003 -7.776810000000002
-2.9129000000000005 -7.719509999999998
-2.9029000000000007 -7.677410000000002
-2.892900000000001 -7.656499999999999
-2.882900000000001 -7.6616100000000005
-2.8729000000000013 -7.68096
-2.8629000000000016 -7.717410000000001
-2.8529 -7.777859999999998
-2.8429 -7.852429999999999
-2.8329000000000004 -7.937019999999998
-2.8229000000000006 -8.037600000000001
-2.812900000000001 -8.14914
-2.802900000000001 -8.265709999999999
-2.7929000000000013 -8.395110000000003
-2.7829000000000015 -8.522490000000001
-2.7729 -8.65673
-2.7629 -8.788879999999999
-2.7529000000000003 -8.918890000000005
-2.7429000000000006 -9.04473
-2.7329000000000008 -9.167459999999995
-2.722900000000001 -9.286980000000002
-2.712900000000001 -9.391379999999998
-2.7029000000000014 -9.486569999999999
-2.6929 -9.572640000000002
-2.6829 -9.64852
-2.6729000000000003 -9.714219999999997
-2.6629000000000005 -9.764790000000003
-2.6529000000000007 -9.810290000000002
-2.642900000000001 -9.844619999999997
-2.632900000000001 -9.87285
-2.6229000000000013 -9.897079999999995
-2.6129000000000016 -9.918270000000005
-2.6029 -9.948459999999999
-2.5929 -9.973680000000003
-2.5829000000000004 -10.017059999999999
-2.5729000000000006 -10.069489999999998
-2.562900000000001 -10.138030000000004
-2.552900000000001 -10.231829999999999
-2.5429000000000013 -10.337750000000002
-2.5329000000000015 -10.473940000000002
-2.5229 -10.63131
-2.5129 -10.813870000000001
-2.5029000000000003 -11.023659999999998
-2.4929000000000006 -11.256599999999999
-2.4829000000000008 -11.50771
-2.472900000000001 -11.782960000000003
-2.462900000000001 -12.072400000000002
-2.4529000000000014 -12.368849999999997
-2.4429 -12.678299999999995
-2.4329 -12.990749999999998
-2.4229000000000003 -13.29722
-2.4129000000000005 -13.606530000000005
-2.4029000000000007 -13.895819999999999
-2.392900000000001 -14.184990000000008
-2.382900000000001 -14.450950000000006
-2.3729000000000013 -14.702790000000002
-2.3629000000000016 -14.930469999999996
-2.3529 -15.138990000000003
-2.3429 -15.319279999999996
-2.3329000000000004 -15.479440000000004
-2.3229000000000006 -15.610429999999996
-2.312900000000001 -15.72327000000001
-2.302900000000001 -15.801979999999993
-2.2929000000000013 -15.858569999999997
-2.2829000000000015 -15.89601
-2.2729 -15.903399999999998
-2.2629 -15.89172
-2.2529000000000003 -15.855000000000006
-2.2429000000000006 -15.795230000000002
-2.2329000000000008 -15.709420000000005
-2.222900000000001 -15.607630000000004
-2.212900000000001 -15.481819999999997
-2.2029000000000014 -15.333970000000008
-2.1929 -15.160200000000003
-2.1829 -14.967459999999999
-2.1729000000000003 -14.74869
-2.1629000000000005 -14.501900000000001
-2.1529000000000007 -14.237180000000004
-2.142900000000001 -13.948439999999998
-2.132900000000001 -13.629639999999995
-2.1229000000000013 -13.287900000000002
-2.1129000000000016 -12.923100000000002
-2.1029 -12.52728
-2.0929 -12.1165
-2.0829000000000004 -11.682749999999997
-2.0729000000000006 -11.231989999999998
-2.062900000000001 -10.770310000000002
-2.052900000000001 -10.291660000000002
-2.0429000000000013 -9.813249999999998
-2.0329000000000015 -9.331900000000001
-2.0229 -8.850820000000002
-2.0129 -8.38198
-2.0029000000000003 -7.924469999999999
-1.9929000000000006 -7.489260000000002
-1.9829000000000008 -7.07549
-1.972900000000001 -6.689160000000001
-1.9629000000000012 -6.330239999999999
-1.9529000000000014 -6.008739999999997
-1.9428999999999998 -5.718810000000001
-1.9329 -5.466239999999999
-1.9229000000000003 -5.24628
-1.9129000000000005 -5.06477
-1.9029000000000007 -4.91868
-1.892900000000001 -4.8000300000000005
-1.8829000000000011 -4.711749999999999
-1.8729000000000013 -4.6648700000000005
-1.8629000000000016 -4.633209999999999
-1.8529 -4.63177
-1.8429000000000002 -4.64653
-1.8329000000000004 -4.68341
-1.8229000000000006 -4.730330000000001
-1.8129000000000008 -4.800199999999999
-1.802900000000001 -4.876970000000001
-1.7929000000000013 -4.957520000000001
-1.7829000000000015 -5.04381
-1.7729 -5.135810000000002
-1.7629000000000001 -5.22437
-1.7529000000000003 -5.31543
-1.7429000000000006 -5.394030000000004
-1.7329000000000008 -5.4752100000000015
-1.722900000000001 -5.547620000000001
-1.7129000000000012 -5.605500000000002
-1.7029000000000014 -5.6602700000000015
-1.6928999999999998 -5.6973600000000015
-1.6829 -5.731030000000001
-1.6729000000000003 -5.74803
-1.6629000000000005 -5.7589500000000005
-1.6529000000000007 -5.757390000000003
-1.642900000000001 -5.743379999999999
-1.6329000000000011 -5.7282
-1.6229000000000013 -5.708760000000002
-1.6129000000000016 -5.676140000000001
-1.6029 -5.642359999999999
-1.5929000000000002 -5.60257
-1.5829000000000004 -5.562839999999997
-1.5729000000000006 -5.52717
-1.5629000000000008 -5.489669999999999
-1.552900000000001 -5.459340000000002
-1.5429000000000013 -5.436230000000001
-1.5329000000000015 -5.4114700000000004
-1.5229 -5.399940000000001
-1.5129000000000001 -5.39968
-1.5029000000000003 -5.406750000000001
-1.4929000000000006 -5.4181099999999995
-1.4829000000000008 -5.44475
-1.472900000000001 -5.478660000000001
-1.4629000000000012 -5.525759999999999
-1.4529000000000014 -5.57805
-1.4428999999999998 -5.64347
-1.4329 -5.709960000000001
-1.4229000000000003 -5.786489999999998
-1.4129000000000005 -5.86804
-1.4029000000000007 -5.954549999999999
-1.392900000000001 -6.0389599999999986
-1.3829000000000011 -6.1293
-1.3729000000000013 -6.223540000000001
-1.3629000000000016 -6.320659999999999
-1.3529 -6.41769
-1.3429000000000002 -6.514650000000001
-1.3329000000000004 -6.6185100000000014
-1.3229000000000006 -6.726360000000001
-1.3129000000000008 -6.834150000000003
-1.302900000000001 -6.948030000000002
-1.2929000000000013 -7.064940000000001
-1.2829000000000015 -7.1849500000000015
-1.2729 -7.31209
-1.2629000000000001 -7.452379999999998
-1.2529000000000003 -7.583830000000003
-1.2429000000000006 -7.723370000000001
-1.2329000000000008 -7.865100000000003
-1.222900000000001 -8.009989999999998
-1.2129000000000012 -8.145910000000002
-1.2029000000000014 -8.28492
-1.1928999999999998 -8.41197
-1.1829 -8.53899
-1.1729000000000003 -8.64498
-1.1629000000000005 -8.745849999999999
-1.1529000000000007 -8.8296
-1.142900000000001 -8.893199999999998
-1.1329000000000011 -8.941589999999998
-1.1229000000000013 -8.981750000000002
-1.1129000000000016 -8.995730000000002
-1.1029 -9.0024
-1.0929000000000002 -8.987869999999997
-1.0829000000000004 -8.957120000000002
-1.0729000000000006 -8.917100000000003
-1.0629000000000008 -8.868890000000002
-1.052900000000001 -8.798470000000002
-1.0429000000000013 -8.72793
-1.0329000000000015 -8.65617
-1.0229 -8.577300000000001
-1.0129000000000001 -8.496319999999995
-1.0029000000000003 -8.416190000000002
-0.9929000000000006 -8.33703
-0.9829000000000008 -8.266810000000001
-0.972900000000001 -8.199560000000004
-0.9629000000000012 -8.13731
-0.9529000000000014 -8.08797
-0.9428999999999998 -8.045659999999996
-0.9329000000000001 -8.005380000000002
-0.9229000000000003 -7.982150000000001
-0.9129000000000005 -7.963929999999999
-0.9029000000000007 -7.951720000000001
-0.8929000000000009 -7.95362
-0.8829000000000011 -7.953549999999998
-0.8729000000000013 -7.959509999999999
-0.8629000000000016 -7.96547
-0.8529 -7.976490000000002
-0.8429000000000002 -7.980569999999999
-0.8329000000000004 -7.978559999999999
-0.8229000000000006 -7.9736400000000005
-0.8129000000000008 -7.956680000000002
-0.8029000000000011 -7.9296799999999985
-0.7929000000000013 -7.883650000000003
-0.7829000000000015 -7.824539999999999
-0.7728999999999999 -7.7443399999999984
-0.7629000000000001 -7.649080000000001
-0.7529000000000003 -7.5257000000000005
-0.7429000000000006 -7.3872399999999985
-0.7329000000000008 -7.222710000000002
-0.722900000000001 -7.04199
-0.7129000000000012 -6.8351999999999995
-0.7029000000000014 -6.6072900000000025
-0.6928999999999998 -6.36629
-0.6829000000000001 -6.103199999999998
-0.6729000000000003 -5.823989999999999
-0.6629000000000005 -5.5278100000000014
-0.6529000000000007 -5.223510000000001
-0.6429000000000009 -4.9062399999999995
-0.6329000000000011 -4.586879999999999
-0.6229000000000013 -4.268609999999998
-0.6129000000000016 -3.9423999999999997
-0.6029 -3.620309999999999
-0.5929000000000002 -3.30928
-0.5829000000000004 -3.002370000000001
-0.5729000000000006 -2.7095770000000003
-0.5629000000000008 -2.4274
-0.5529000000000011 -2.157818999999999
-0.5429000000000013 -1.9107629999999998
-0.5329000000000015 -1.677365
-0.5228999999999999 -1.4625400000000004
-0.5129000000000001 -1.2658129999999999
-0.5029000000000003 -1.088267
-0.49290000000000056 -0.9283869999999999
-0.4829000000000008 -0.7864749999999999
-0.472900000000001 -0.6609190000000001
-0.4629000000000012 -0.5514009999999998
-0.4529000000000014 -0.45661500000000016
-0.44289999999999985 -0.3749459999999999
-0.43290000000000006 -0.3056834
-0.4229000000000003 -0.24700350000000007
-0.4129000000000005 -0.19792050000000003
-0.4029000000000007 -0.15768210000000002
-0.3929000000000009 -0.12414170000000006
-0.38290000000000113 -0.0970917
-0.37290000000000134 -0.0752939
-0.36290000000000155 -0.0578902
-0.3529 -0.0441261
-0.3429000000000002 -0.03332487
-0.3329000000000004 -0.02494362
-0.32290000000000063 -0.018520909999999995
-0.31290000000000084 -0.013612609999999999
-0.30290000000000106 -0.00991952
-0.29290000000000127 -0.007157389999999999
-0.2829000000000015 -0.005120639999999999
-0.2728999999999999 -0.0036288509999999993
-0.26290000000000013 -0.002547872
-0.25290000000000035 -0.0017712380000000003
-0.24290000000000056 -0.0012194949999999997
-0.23290000000000077 -0.0008318469999999997
-0.222900000000001 -0.0005617360000000001
-0.2129000000000012 -0.00037582879999999993
-0.2029000000000014 -0.0002487954999999999
-0.19289999999999985 -0.00016331579999999998
-0.18290000000000006 -0.00010591589999999996
-0.17290000000000028 -6.806210000000001e-05
-0.1629000000000005 -4.329984e-05
-0.1529000000000007 -2.7278639999999993e-05
-0.14290000000000092 -1.7049510000000004e-05
-0.13290000000000113 -1.0507460000000003e-05
-0.12290000000000134 -6.42025e-06
-0.11290000000000155 -3.881739e-06
-0.10289999999999999 -2.3264070000000003e-06
-0.0929000000000002 -1.3786660000000002e-06
-0.08290000000000042 -8.088499999999997e-07
-0.07290000000000063 -4.6941989999999983e-07
-0.06290000000000084 -2.6944760000000005e-07
-0.05290000000000106 -1.5318e-07
-0.04290000000000127 -8.628089999999997e-08
-0.032900000000001484 -4.802878000000001e-08
-0.02289999999999992 -2.6491039999999992e-08
-0.012900000000000134 -1.4462729999999999e-08
-0.0029000000000003467 -7.78827e-09
0.00709999999999944 -4.156414e-09
0.017099999999999227 -2.194736e-09
0.027099999999999014 -1.1478360000000002e-09
0.0370999999999988 -5.92947e-10
0.04709999999999859 -3.027647000000001e-10
0.05710000000000015 -1.5213290000000002e-10
0.06709999999999994 -7.605719999999997e-11
0.07709999999999972 -3.7787130000000004e-11
0.08709999999999951 -1.797806e-11
0.0970999999999993 -8.742009999999999e-12
0.10709999999999908 -3.707143e-12
0.11709999999999887 -1.327998e-12
0.12709999999999866 -0.0
0.13709999999999845 -0.0
0.1471 -0.0
0.1570999999999998 -0.0
0.16709999999999958 -0.0
0.17709999999999937 -0.0
0.18709999999999916 -0.0
0.19709999999999894 -0.0
0.20709999999999873 -0.0
0.21709999999999852 -0.0
0.22710000000000008 -0.0
0.23709999999999987 -0.0
0.24709999999999965 -0.0
0.25709999999999944 -0.0
0.2670999999999992 -0.0
0.277099999999999 -0.0
0.2870999999999988 -0.0
0.2970999999999986 -0.0
0.30710000000000015 -0.0
0.31709999999999994 -0.0
0.3270999999999997 -0.0
0.3370999999999995 -0.0
0.3470999999999993 -0.0
0.3570999999999991 -0.0
0.36709999999999887 -0.0
0.37709999999999866 -0.0
0.38709999999999845 -0.0
0.3971 -0.0
0.4070999999999998 -0.0
0.4170999999999996 -0.0
0.42709999999999937 -0.0
0.43709999999999916 -0.0
0.44709999999999894 -0.0
0.45709999999999873 -0.0
0.4670999999999985 -0.0
0.4771000000000001 -0.0
0.48709999999999987 -0.0
0.49709999999999965 -0.0
0.5070999999999994 -0.0
0.5170999999999992 -0.0
0.527099999999999 -0.0
0.5370999999999988 -0.0
0.5470999999999986 -0.0
0.5571000000000002 -0.0
0.5670999999999999 -0.0
0.5770999999999997 -0.0
0.5870999999999995 -0.0
0.5970999999999993 -0.0
0.6070999999999991 -0.0
0.6170999999999989 -0.0
0.6270999999999987 -0.0
0.6370999999999984 -0.0
0.6471 -0.0
0.6570999999999998 -0.0
0.6670999999999996 -0.0
0.6770999999999994 -0.0
0.6870999999999992 -0.0
0.6970999999999989 -0.0
0.7070999999999987 -0.0
0.7170999999999985 -0.0
0.7271000000000001 -0.0
0.7370999999999999 -0.0
0.7470999999999997 -0.0
0.7570999999999994 -0.0
0.7670999999999992 -0.0
0.777099999999999 -0.0
0.7870999999999988 -0.0
0.7970999999999986 -0.0
0.8071000000000002 -0.0
0.8170999999999999 -0.0
0.8270999999999997 -0.0
0.8370999999999995 -0.0
0.8470999999999993 -0.0
0.8570999999999991 -0.0
0.8670999999999989 -0.0
0.8770999999999987 -0.0
0.8870999999999984 -0.0
0.8971 -2.1286782400000005e-14
0.9070999999999998 -4.457263799999999e-14
0.9170999999999996 -9.232239300000001e-14
0.9270999999999994 -1.8921695099999998e-13
0.9370999999999992 -4.1288369999999997e-13
0.9470999999999989 -8.312521999999997e-13
0.9570999999999987 -1.6545419999999997e-12
0.9670999999999985 -3.3767639999999985e-12
0.9771000000000001 -6.607049999999999e-12
0.9870999999999999 -1.2775569999999994e-11
0.9970999999999997 -2.452782000000001e-11
1.0070999999999994 -4.663178999999999e-11
1.0170999999999992 -8.758530000000002e-11
1.027099999999999 -1.625829e-10
1.0370999999999988 -2.9869799999999994e-10
1.0470999999999986 -5.43969e-10
1.0571000000000002 -9.796790000000002e-10
1.0671 -1.7470770000000006e-09
1.0770999999999997 -3.08521e-09
1.0870999999999995 -5.386109999999998e-09
1.0970999999999993 -9.32497e-09
1.107099999999999 -1.5971639999999997e-08
1.1170999999999989 -2.7061139999999988e-08
1.1270999999999987 -4.545030000000001e-08
1.1370999999999984 -7.564250000000001e-08
1.1471 -1.24571e-07
1.1570999999999998 -2.0333819999999998e-07
1.1670999999999996 -3.2839799999999995e-07
1.1770999999999994 -5.25225e-07
1.1870999999999992 -8.32385e-07
1.197099999999999 -1.3064459999999997e-06
1.2070999999999987 -2.03262e-06
1.2170999999999985 -3.12651e-06
1.2271 -4.783920000000001e-06
1.2370999999999999 -7.230329999999998e-06
1.2470999999999997 -1.0845639999999996e-05
1.2570999999999994 -1.61046e-05
1.2670999999999992 -2.3678999999999988e-05
1.277099999999999 -3.4584e-05
1.2870999999999988 -5.006029999999999e-05
1.2970999999999986 -7.180500000000004e-05
1.3071000000000002 -0.00010211999999999996
1.3171 -0.00014396
1.3270999999999997 -0.00020159400000000006
1.3370999999999995 -0.00027918900000000005
1.3470999999999993 -0.000384003
1.357099999999999 -0.0005243709999999999
1.3670999999999989 -0.0007092300000000001
1.3770999999999987 -0.000953
1.3870999999999984 -0.0012699999999999999
1.3971 -0.0016801799999999997
1.4070999999999998 -0.0022079999999999995
1.4170999999999996 -0.0028762199999999996
1.4270999999999994 -0.0037224
1.4370999999999992 -0.0047837999999999995
1.447099999999999 -0.006112799999999999
1.4570999999999987 -0.0077535
1.4670999999999985 -0.009770800000000001
1.4771 -0.012236400000000003
1.4870999999999999 -0.0152352
1.4970999999999997 -0.018848100000000003
1.5070999999999994 -0.023207999999999996
1.5170999999999992 -0.02840999999999999
1.527099999999999 -0.034539
1.5370999999999988 -0.041796
1.5470999999999986 -0.050371
1.5571000000000002 -0.060374999999999984
1.5671 -0.07204100000000001
1.5770999999999997 -0.08550299999999998
1.5870999999999995 -0.101037
1.5970999999999993 -0.11879699999999999
1.607099999999999 -0.13914
1.6170999999999989 -0.16226999999999997
1.6270999999999987 -0.18838000000000002
1.6370999999999984 -0.21753999999999993
1.6471 -0.25043999999999994
1.6570999999999998 -0.28656
1.6670999999999996 -0.3262399999999999
1.6770999999999994 -0.37066
1.6870999999999992 -0.4186699999999999
1.697099999999999 -0.47064000000000006
1.7070999999999987 -0.52606
1.7170999999999985 -0.5861099999999999
1.7271 -0.65004
1.7370999999999999 -0.7166500000000001
1.7470999999999997 -0.7867100000000001
1.7570999999999994 -0.8597899999999997
1.7670999999999992 -0.9345499999999998
1.777099999999999 -1.0118
1.7870999999999988 -1.0905200000000006
1.7970999999999986 -1.16907
1.8071000000000002 -1.24815
1.8171 -1.3262599999999998
1.8270999999999997 -1.4033399999999994
1.8370999999999995 -1.4788
1.8470999999999993 -1.5495400000000001
1.857099999999999 -1.6202
1.8670999999999989 -1.6898500000000003
1.8770999999999987 -1.74813
1.8870999999999984 -1.8064299999999993
1.8971 -1.8563100000000006
1.9070999999999998 -1.9057499999999998
1.9170999999999996 -1.9436000000000002
1.9270999999999994 -1.9755300000000005
1.9370999999999992 -2.0027700000000004
1.947099999999999 -2.0234400000000003
1.9570999999999987 -2.0351999999999997
1.9670999999999985 -2.0350400000000004
1.9771 -2.03105
1.9870999999999999 -2.0217500000000004
1.9970999999999997 -1.9984799999999996
2.0070999999999994 -1.9727099999999993
2.0170999999999992 -1.9363200000000012
2.027099999999999 -1.89132
2.037099999999999 -1.8411900000000005
2.0470999999999986 -1.7859100000000008
2.0571 -1.7230900000000005
2.0671 -1.6592400000000005
2.0770999999999997 -1.5919500000000002
2.0870999999999995 -1.52106
2.0970999999999993 -1.45039
2.107099999999999 -1.3808699999999996
2.117099999999999 -1.3132099999999998
2.1270999999999987 -1.2491800000000002
2.1370999999999984 -1.18916
2.1471 -1.134
2.1571 -1.0853599999999997
2.1670999999999996 -1.04235
2.1770999999999994 -1.00674
2.187099999999999 -0.9780000000000002
2.197099999999999 -0.9570300000000003
2.2070999999999987 -0.9423700000000005
2.2170999999999985 -0.9343899999999998
2.2271 -0.9336300000000002
2.2371 -0.9382100000000001
2.2470999999999997 -0.9488099999999999
2.2570999999999994 -0.9636000000000003
2.2670999999999992 -0.9827999999999997
2.277099999999999 -1.0062
2.287099999999999 -1.0311000000000003
2.2970999999999986 -1.0589999999999997
2.3071 -1.0884000000000003
2.3171 -1.119
2.3270999999999997 -1.1502000000000006
2.3370999999999995 -1.1805
2.3470999999999993 -1.2104999999999992
2.357099999999999 -1.2399
2.367099999999999 -1.2677999999999998
2.3770999999999987 -1.2942
2.3870999999999984 -1.3184999999999996
2.3971 -1.3412999999999997
2.4071 -1.3626
2.4170999999999996 -1.3814999999999995
2.4270999999999994 -1.3988000000000003
2.437099999999999 -1.4151
2.447099999999999 -1.4304000000000006
2.4570999999999987 -1.445
2.4670999999999985 -1.4606999999999997
2.4771 -1.476
2.4871 -1.493
2.4970999999999997 -1.5114000000000003
2.5070999999999994 -1.5334999999999999
2.5170999999999992 -1.5581999999999996
2.527099999999999 -1.5864000000000003
2.537099999999999 -1.6197000000000001
2.5470999999999986 -1.656900000000001
2.5571 -1.6986999999999992
2.5671 -1.7459000000000005
2.5770999999999997 -1.7961
2.5870999999999995 -1.8531
2.5970999999999993 -1.9110000000000003
2.607099999999999 -1.9729000000000005
2.617099999999999 -2.0387999999999997
2.6270999999999987 -2.1015000000000006
2.6370999999999984 -2.1666000000000003
2.6471 -2.2314999999999996
2.6571 -2.2911
2.6670999999999996 -2.3514
2.6770999999999994 -2.4039000000000006
2.687099999999999 -2.4528000000000003
2.697099999999999 -2.4939
2.7070999999999987 -2.531699999999999
2.7170999999999985 -2.5620000000000003
2.7271 -2.5842999999999994
2.7371 -2.603700000000001
2.7470999999999997 -2.6148
2.7570999999999994 -2.6133000000000006
2.7670999999999992 -2.6168000000000005
2.777099999999999 -2.6091600000000006
2.787099999999999 -2.5916099999999997
2.7970999999999986 -2.5740299999999996
2.8071 -2.5475399999999997
2.8171 -2.523779999999999
2.8270999999999997 -2.49117
2.8370999999999995 -2.4528500000000006
2.8470999999999993 -2.4145500000000006
2.857099999999999 -2.3673600000000006
2.867099999999999 -2.32425
2.8770999999999987 -2.2753199999999993
2.8870999999999984 -2.2160900000000003
2.8971 -2.15733
2.9071 -2.10146
2.9170999999999996 -2.0361100000000003
2.9270999999999994 -1.9731299999999998
2.937099999999999 -1.9110599999999998
2.947099999999999 -1.8456799999999993
2.9570999999999987 -1.7803500000000008
2.9670999999999985 -1.7158799999999996
2.9771 -1.6540099999999995
2.9871 -1.5931199999999999
2.9970999999999997 -1.5353999999999997
3.0070999999999994 -1.4815200000000004
3.0170999999999992 -1.4314500000000001
3.027099999999999 -1.3861900000000003
3.037099999999999 -1.34505
3.0470999999999986 -1.3091500000000003
3.0571 -1.2790900000000003
3.0671 -1.25433
3.0770999999999997 -1.2350300000000005
3.0870999999999995 -1.22048
3.0970999999999993 -1.21071
3.107099999999999 -1.20594
3.117099999999999 -1.2047299999999999
3.1270999999999987 -1.2069500000000002
3.1370999999999984 -1.21144
3.1471 -1.2178200000000003
3.1571 -1.2254999999999998
3.1670999999999996 -1.2341999999999997
3.1770999999999994 -1.2426000000000001
3.187099999999999 -1.2518
3.197099999999999 -1.2594999999999996
3.2070999999999987 -1.2679999999999998
3.2170999999999985 -1.2739999999999994
3.2271 -1.2800999999999998
3.2371 -1.2857
3.2470999999999997 -1.2913999999999999
3.2570999999999994 -1.2974999999999997
3.2670999999999992 -1.3041
3.277099999999999 -1.3116000000000003
3.287099999999999 -1.3205999999999998
3.2970999999999986 -1.3305999999999996
3.3071 -1.3421999999999992
3.3171 -1.3564
3.3270999999999997 -1.3726000000000003
3.3370999999999995 -1.3901999999999992
3.3470999999999993 -1.4102000000000003
3.357099999999999 -1.4301000000000006
3.367099999999999 -1.4506999999999997
3.3770999999999987 -1.4721000000000004
3.3870999999999984 -1.4918999999999991
3.3971 -1.5120000000000005
3.4071 -1.529600000000001
3.4170999999999996 -1.5458999999999998
3.4270999999999994 -1.5593999999999992
3.437099999999999 -1.5693
3.447099999999999 -1.5766999999999998
3.4570999999999987 -1.5803999999999996
3.4670999999999985 -1.5792999999999997
3.4771 -1.5764999999999998
3.4871 -1.5695999999999999
3.4970999999999997 -1.5606000000000002
3.5070999999999994 -1.5485999999999995
3.5170999999999992 -1.5348
3.527099999999999 -1.5203
3.537099999999999 -1.5041999999999995
3.5470999999999986 -1.4891
3.5571 -1.4733000000000007
3.5671 -1.4595000000000007
3.5770999999999997 -1.4462999999999993
3.5870999999999995 -1.4354999999999996
3.5970999999999993 -1.4273999999999996
3.607100000000001 -1.4225999999999996
3.617099999999999 -1.419
3.6271000000000004 -1.4193000000000005
3.6370999999999984 -1.4210000000000003
3.6471 -1.4256000000000002
3.657099999999998 -1.4326000000000003
3.6670999999999996 -1.4405999999999999
3.6770999999999976 -1.4498999999999997
3.687099999999999 -1.4594999999999998
3.6971000000000007 -1.4695
3.7070999999999987 -1.4784
3.7171000000000003 -1.4861999999999995
3.7270999999999983 -1.4912999999999994
3.7371 -1.4954999999999998
3.747099999999998 -1.4945999999999997
3.7570999999999994 -1.4921999999999997
3.767100000000001 -1.4849999999999994
3.777099999999999 -1.4732999999999998
3.7871000000000006 -1.4586000000000003
3.7970999999999986 -1.4400000000000004
3.8071 -1.4169000000000003
3.817099999999998 -1.3913999999999995
3.8270999999999997 -1.3625999999999998
3.8370999999999977 -1.3318000000000003
3.8470999999999993 -1.2998999999999998
3.857100000000001 -1.2663999999999997
3.867099999999999 -1.2336
3.8771000000000004 -1.2019
3.8870999999999984 -1.1718
3.8971 -1.1432999999999995
3.907099999999998 -1.1174999999999993
3.9170999999999996 -1.0955000000000004
3.9270999999999976 -1.0764000000000002
3.937099999999999 -1.0616999999999999
3.9471000000000007 -1.0506
3.9570999999999987 -1.0443
3.9671000000000003 -1.041
3.9770999999999983 -1.0416000000000003
3.9871 -1.0461000000000003
3.997099999999998 -1.0536
4.007099999999999 -1.0632
4.017100000000001 -1.0755000000000001
4.027099999999999 -1.0896
4.037100000000001 -1.1046
4.047099999999999 -1.1207999999999998
4.0571 -1.137
4.067099999999998 -1.1541000000000006
4.0771 -1.1713000000000005
4.087099999999998 -1.1868
4.097099999999999 -1.2024
4.107100000000001 -1.2177000000000002
4.117099999999999 -1.2321000000000002
4.1271 -1.2468000000000001
4.1370999999999984 -1.2609000000000004
4.1471 -1.2758999999999996
4.157099999999998 -1.2909
4.1671 -1.3061999999999996
4.177099999999998 -1.3247999999999995
4.187099999999999 -1.3442999999999996
4.197100000000001 -1.3652999999999995
4.207099999999999 -1.3887000000000005
4.2171 -1.4151000000000007
4.227099999999998 -1.4436000000000002
4.2371 -1.4756999999999998
4.247099999999998 -1.5090000000000001
4.257099999999999 -1.5443999999999998
4.267100000000001 -1.5818999999999996
4.277099999999999 -1.6194000000000006
4.287100000000001 -1.6569
4.297099999999999 -1.6934999999999998
4.3071 -1.7286999999999995
4.317099999999998 -1.7609999999999995
4.3271 -1.7900999999999985
4.337099999999998 -1.8141000000000005
4.347099999999999 -1.8318000000000012
4.357100000000001 -1.8453000000000008
4.367099999999999 -1.8528000000000011
4.3771 -1.853400000000001
4.3870999999999984 -1.8483000000000005
4.3971 -1.8369000000000002
4.407099999999998 -1.8200999999999994
4.4171 -1.798199999999999
4.427099999999998 -1.7730000000000004
4.437099999999999 -1.7448000000000001
4.447100000000001 -1.7133000000000007
4.457099999999999 -1.681199999999999
4.4671 -1.6484999999999999
4.477099999999998 -1.6161999999999999
4.4871 -1.5852000000000002
4.497099999999998 -1.556700000000001
4.507099999999999 -1.5305999999999995
4.517100000000001 -1.5077000000000003
4.527099999999999 -1.4888999999999997
4.537100000000001 -1.4739000000000002
4.547099999999999 -1.4628000000000003
4.5571 -1.4559000000000009
4.567099999999998 -1.4528999999999999
4.5771 -1.4534999999999993
4.587099999999998 -1.4588999999999994
4.597099999999999 -1.4679000000000002
4.607100000000001 -1.4799
4.617099999999999 -1.4958
4.6271 -1.5147
4.6370999999999984 -1.5369
4.6471 -1.5621
4.657099999999998 -1.5911999999999997
4.6671 -1.6220999999999999
4.677099999999998 -1.6574999999999995
4.687099999999999 -1.6958999999999995
4.697100000000001 -1.7366999999999995
4.707099999999999 -1.7808000000000004
4.7171 -1.8271000000000002
4.727099999999998 -1.8770999999999993
4.7371 -1.9274999999999989
4.747099999999998 -1.9803000000000015
4.757099999999999 -2.0321999999999996
4.767100000000001 -2.0872
4.777099999999999 -2.1436999999999995
4.787100000000001 -2.1916
4.797099999999999 -2.2402000000000006
4.8071 -2.2860000000000005
4.817099999999998 -2.3238000000000003
4.8271 -2.3607000000000005
4.837099999999998 -2.3897000000000004
4.847099999999999 -2.4144000000000005
4.857100000000001 -2.4368999999999987
4.867099999999999 -2.4411
4.8771 -2.4486999999999997
4.8870999999999984 -2.4466999999999994
4.8971 -2.4391
4.907099999999998 -2.4322
4.9171 -2.4221
4.927099999999998 -2.4042
4.937099999999999 -2.3852
4.947100000000001 -2.369900000000001
4.957099999999999 -2.353100000000001
4.9671 -2.336899999999999
4.977099999999998 -2.322000000000001
4.9871 -2.30924
4.997099999999998 -2.299329999999999
5.007099999999999 -2.29208
5.017100000000001 -2.2863500000000005
5.027099999999999 -2.28094
5.037100000000001 -2.27777
5.047099999999999 -2.2749099999999998
5.0571 -2.2700400000000007
5.067099999999998 -2.2642600000000006
5.0771 -2.2595300000000003
5.087099999999998 -2.24778
5.097099999999999 -2.2349300000000003
5.107100000000001 -2.22002
5.117099999999999 -2.1960000000000006
5.1271 -2.17289
5.1370999999999984 -2.1395600000000004
5.1471 -2.10617
5.157099999999998 -2.0666100000000003
5.1671 -2.0219500000000004
5.177099999999998 -1.9781000000000002
5.187099999999999 -1.9242399999999995
5.197100000000001 -1.87247
5.207099999999999 -1.8149199999999999
5.2171 -1.75609
5.227099999999998 -1.6950599999999998
5.2371 -1.6328200000000002
5.247099999999998 -1.5692299999999997
5.257099999999999 -1.5055899999999995
5.267100000000001 -1.4415800000000003
5.277099999999999 -1.37744
5.287100000000001 -1.3139199999999998
5.297099999999999 -1.25134
5.3071 -1.1896499999999999
5.317099999999998 -1.1290700000000002
5.3271 -1.07023
5.337099999999998 -1.0125699999999995
5.347099999999999 -0.9568700000000002
5.357100000000001 -0.9029200000000002
5.367099999999999 -0.8506599999999997
5.3771 -0.8000499999999999
5.3870999999999984 -0.7514800000000004
5.3971 -0.70477
5.407099999999998 -0.6596799999999999
5.4171 -0.6162099999999999
5.427099999999998 -0.5746200000000004
5.437099999999999 -0.53438
5.447100000000001 -0.49616999999999983
5.457099999999999 -0.45944
5.4671 -0.42446999999999996
5.477099999999998 -0.39116
5.4871 -0.35933000000000004
5.497099999999998 -0.32930000000000004
5.507099999999999 -0.30120399999999997
5.517100000000001 -0.2743959999999999
5.527099999999999 -0.249334
5.537100000000001 -0.22598400000000002
5.547099999999999 -0.204122
5.5571 -0.183724
5.567099999999998 -0.164883
5.5771 -0.14733599999999997
5.587099999999998 -0.13116599999999998
5.597099999999999 -0.11625800000000001
5.607100000000001 -0.102529
5.617099999999999 -0.08999300000000003
5.6271 -0.07859799999999999
5.6370999999999984 -0.06821600000000001
5.6471 -0.05884199999999999
5.657099999999998 -0.050458
5.6671 -0.04294699999999999
5.677099999999998 -0.036291
5.687099999999999 -0.030421499999999994
5.697100000000001 -0.0253214
5.707099999999999 -0.0209004
5.7171 -0.0171172
5.727099999999998 -0.013892399999999996
5.7371 -0.011172600000000003
5.747099999999998 -0.008905600000000001
5.757099999999999 -0.007032299999999999
5.767100000000001 -0.005502799999999999
5.777099999999999 -0.0042625000000000015
5.787100000000001 -0.00327308
5.797099999999999 -0.0024888999999999996
5.8071 -0.0018723999999999995
5.817099999999998 -0.0013944600000000001
5.8271 -0.00102841
5.837099999999998 -0.00075089
5.847099999999999 -0.0005423800000000001
5.857100000000001 -0.0003879500000000001
5.867099999999999 -0.00027460799999999997
5.8771 -0.00019236700000000004
5.8870999999999984 -0.00013341099999999997
5.8971 -9.151500000000001e-05
5.907099999999998 -6.213200000000001e-05
5.9171 -4.1742e-05
5.927099999999998 -2.774190000000001e-05
5.937099999999999 -1.8248e-05
5.947100000000001 -1.1882699999999999e-05
5.957099999999999 -7.651e-06
