-22.402900000000002 0.0011724000000000003
-22.3929 0.0008412
-22.3829 0.0005976999999999999
-22.3729 0.00041999999999999996
-22.362900000000003 0.0002930000000000001
-22.352899999999998 0.00020130000000000001
-22.3429 0.00013756
-22.332900000000002 9.285999999999999e-05
-22.3229 6.207e-05
-22.3129 4.107e-05
-22.3029 2.688e-05
-22.292900000000003 1.7437000000000003e-05
-22.2829 1.1192e-05
-22.2729 7.107e-06
-22.262900000000002 4.473e-06
-22.2529 2.784e-06
-22.2429 1.7135000000000002e-06
-22.2329 1.0448e-06
-22.222900000000003 6.306e-07
-22.2129 3.7650000000000007e-07
-22.2029 2.2229999999999997e-07
-22.1929 1.3022e-07
-22.1829 7.544e-08
-22.1729 4.328e-08
-22.1629 2.4510000000000002e-08
-22.152900000000002 1.3776e-08
-22.1429 7.652999999999999e-09
-22.1329 4.212e-09
-22.1229 2.2919999999999995e-09
-22.112900000000003 1.2355000000000001e-09
-22.102899999999998 6.587e-10
-22.0929 3.476999999999999e-10
-22.082900000000002 1.8156e-10
-22.0729 9.384000000000002e-11
-22.0629 4.793999999999999e-11
-22.0529 2.4240000000000002e-11
-22.042900000000003 1.2103e-11
-22.0329 5.947999999999999e-12
-22.0229 2.781e-12
-22.012900000000002 1.2331e-12
-22.0029 4.937e-13
-21.9929 2.007e-13
-21.9829 7.870000000000001e-14
-21.972900000000003 1.1711000000000001e-14
-21.9629 0.0
-21.9529 0.0
-21.9429 0.0
-21.9329 0.0
-21.9229 0.0
-21.9129 0.0
-21.902900000000002 0.0
-21.8929 0.0
-21.8829 0.0
-21.8729 0.0
-21.862900000000003 0.0
-21.852899999999998 0.0
-21.8429 0.0
-21.832900000000002 0.0
-21.8229 0.0
-21.8129 0.0
-21.8029 0.0
-21.792900000000003 0.0
-21.7829 0.0
-21.7729 0.0
-21.762900000000002 0.0
-21.7529 0.0
-21.7429 0.0
-21.7329 0.0
-21.722900000000003 0.0
-21.7129 0.0
-21.7029 0.0
-21.6929 0.0
-21.6829 0.0
-21.6729 0.0
-21.6629 0.0
-21.652900000000002 0.0
-21.6429 0.0
-21.6329 0.0
-21.6229 0.0
-21.612900000000003 0.0
-21.602899999999998 0.0
-21.5929 0.0
-21.582900000000002 0.0
-21.5729 0.0
-21.5629 0.0
-21.5529 0.0
-21.542900000000003 0.0
-21.5329 0.0
-21.5229 0.0
-21.512900000000002 0.0
-21.5029 0.0
-21.4929 0.0
-21.4829 0.0
-21.472900000000003 0.0
-21.4629 0.0
-21.4529 0.0
-21.4429 0.0
-21.4329 0.0
-21.4229 0.0
-21.4129 0.0
-21.402900000000002 0.0
-21.3929 0.0
-21.3829 0.0
-21.3729 0.0
-21.362900000000003 0.0
-21.352899999999998 0.0
-21.3429 0.0
-21.332900000000002 0.0
-21.3229 0.0
-21.3129 0.0
-21.3029 0.0
-21.292900000000003 0.0
-21.2829 0.0
-21.2729 0.0
-21.262900000000002 0.0
-21.2529 0.0
-21.2429 0.0
-21.2329 0.0
-21.222900000000003 0.0
-21.2129 0.0
-21.2029 0.0
-21.1929 0.0
-21.1829 0.0
-21.1729 0.0
-21.1629 0.0
-21.152900000000002 0.0
-21.1429 0.0
-21.1329 0.0
-21.1229 0.0
-21.112900000000003 0.0
-21.102899999999998 0.0
-21.0929 0.0
-21.082900000000002 0.0
-21.0729 0.0
-21.0629 0.0
-21.0529 0.0
-21.042900000000003 0.0
-21.0329 0.0
-21.0229 0.0
-21.012900000000002 0.0
-21.0029 0.0
-20.9929 0.0
-20.9829 0.0
-20.972900000000003 0.0
-20.9629 0.0
-20.9529 0.0
-20.9429 0.0
-20.9329 0.0
-20.9229 0.0
-20.9129 0.0
-20.902900000000002 0.0
-20.8929 0.0
-20.8829 0.0
-20.8729 0.0
-20.862900000000003 0.0
-20.852899999999998 0.0
-20.8429 0.0
-20.832900000000002 0.0
-20.8229 0.0
-20.8129 0.0
-20.8029 0.0
-20.792900000000003 0.0
-20.7829 0.0
-20.7729 0.0
-20.762900000000002 0.0
-20.7529 0.0
-20.7429 0.0
-20.7329 0.0
-20.722900000000003 0.0
-20.7129 0.0
-20.7029 0.0
-20.6929 0.0
-20.6829 0.0
-20.6729 0.0
-20.6629 0.0
-20.652900000000002 0.0
-20.6429 0.0
-20.6329 0.0
-20.6229 0.0
-20.612900000000003 0.0
-20.602899999999998 0.0
-20.5929 0.0
-20.582900000000002 0.0
-20.5729 0.0
-20.5629 0.0
-20.5529 0.0
-20.542900000000003 0.0
-20.5329 0.0
-20.5229 0.0
-20.512900000000002 0.0
-20.5029 0.0
-20.4929 0.0
-20.4829 0.0
-20.472900000000003 0.0
-20.4629 0.0
-20.4529 0.0
-20.4429 0.0
-20.4329 0.0
-20.4229 0.0
-20.4129 0.0
-20.402900000000002 0.0
-20.3929 0.0
-20.3829 0.0
-20.3729 0.0
-20.3629 0.0
-20.3529 0.0
-20.3429 0.0
-20.332900000000002 0.0
-20.3229 0.0
-20.3129 0.0
-20.3029 0.0
-20.2929 0.0
-20.2829 0.0
-20.2729 0.0
-20.262900000000002 3.573e-16
-20.2529 7.500000000000001e-16
-20.2429 1.5572000000000001e-15
-20.2329 4.3520000000000005e-15
-20.222900000000003 8.909999999999998e-15
-20.2129 1.8081e-14
-20.2029 3.624e-14
-20.1929 7.188e-14
-20.1829 1.411e-13
-20.1729 2.7419999999999993e-13
-20.1629 5.325e-13
-20.152900000000002 1.0154999999999999e-12
-20.1429 1.917e-12
-20.1329 3.582e-12
-20.1229 6.6179999999999995e-12
-20.1129 1.2092000000000001e-11
-20.1029 2.1869999999999998e-11
-20.0929 3.9119999999999996e-11
-20.082900000000002 6.930999999999999e-11
-20.0729 1.2154e-10
-20.0629 2.11e-10
-20.0529 3.62e-10
-20.0429 6.161e-10
-20.0329 1.0370999999999999e-09
-20.0229 1.7287000000000002e-09
-20.012900000000002 2.85e-09
-20.0029 4.6590000000000006e-09
-19.9929 7.536e-09
-19.9829 1.2073999999999996e-08
-19.972900000000003 1.917e-08
-19.9629 3.009000000000001e-08
-19.9529 4.68e-08
-19.9429 7.215000000000001e-08
-19.9329 1.1013000000000002e-07
-19.9229 1.6658999999999998e-07
-19.9129 2.496e-07
-19.902900000000002 3.7080000000000006e-07
-19.8929 5.457e-07
-19.8829 7.958000000000003e-07
-19.8729 1.1501000000000004e-06
-19.8629 1.6482000000000004e-06
-19.8529 2.34e-06
-19.8429 3.2980000000000013e-06
-19.832900000000002 4.609e-06
-19.8229 6.384000000000001e-06
-19.8129 8.772000000000002e-06
-19.8029 1.1949999999999999e-05
-19.7929 1.6156e-05
-19.7829 2.1689999999999994e-05
-19.7729 2.8829999999999993e-05
-19.762900000000002 3.8039999999999995e-05
-19.7529 4.986e-05
-19.7429 6.478000000000001e-05
-19.7329 8.361e-05
-19.722900000000003 0.00010697999999999998
-19.7129 0.00013593
-19.7029 0.00017126999999999998
-19.6929 0.00021419999999999992
-19.6829 0.0002658
-19.6729 0.00032790000000000006
-19.6629 0.00040019999999999997
-19.652900000000002 0.00048570000000000004
-19.6429 0.0005846000000000001
-19.6329 0.0006984999999999999
-19.6229 0.0008276000000000001
-19.6129 0.0009741999999999997
-19.6029 0.0011374000000000002
-19.5929 0.0013180000000000002
-19.582900000000002 0.0015164000000000004
-19.5729 0.0017318
-19.5629 0.0019619999999999998
-19.5529 0.002214
-19.5429 0.0024749999999999998
-19.5329 0.0027480000000000004
-19.5229 0.003036
-19.512900000000002 0.003333
-19.5029 0.0036390000000000007
-19.4929 0.003953
-19.4829 0.004271999999999999
-19.472900000000003 0.004599
-19.4629 0.004935000000000001
-19.4529 0.005280000000000001
-19.4429 0.0056300000000000005
-19.4329 0.0059910000000000015
-19.4229 0.006363000000000001
-19.4129 0.0067529999999999995
-19.402900000000002 0.0071600000000000006
-19.3929 0.0075910000000000005
-19.3829 0.008037
-19.3729 0.008505000000000002
-19.3629 0.009000000000000003
-19.3529 0.009522
-19.3429 0.010062000000000001
-19.332900000000002 0.010622999999999999
-19.3229 0.011205
-19.3129 0.011798000000000001
-19.3029 0.012395999999999999
-19.2929 0.013005000000000001
-19.2829 0.013608
-19.2729 0.014193
-19.262900000000002 0.014773999999999999
-19.2529 0.015327
-19.2429 0.015853000000000003
-19.2329 0.01635
-19.222900000000003 0.016812
-19.2129 0.017241
-19.2029 0.017629
-19.1929 0.017994
-19.1829 0.018309
-19.1729 0.018570000000000003
-19.1629 0.018930000000000002
-19.152900000000002 0.01911
-19.1429 0.01941
-19.1329 0.01965
-19.1229 0.019919999999999997
-19.1129 0.02025
-19.1029 0.020550000000000002
-19.0929 0.02088
-19.082900000000002 0.021359999999999997
-19.0729 0.021780000000000004
-19.0629 0.022319999999999996
-19.0529 0.02292
-19.0429 0.02364
-19.0329 0.024389999999999995
-19.0229 0.02526
-19.012900000000002 0.026100000000000005
-19.0029 0.027059999999999997
-18.9929 0.028080000000000008
-18.9829 0.029069999999999988
-18.972900000000003 0.030149999999999996
-18.9629 0.031200000000000006
-18.9529 0.03221999999999999
-18.9429 0.03324
-18.9329 0.034260000000000006
-18.9229 0.03516
-18.9129 0.036000000000000004
-18.902900000000002 0.03686999999999999
-18.8929 0.037559999999999996
-18.8829 0.03824999999999999
-18.8729 0.03885
-18.8629 0.039270000000000006
-18.8529 0.03971999999999999
-18.8429 0.040049999999999995
-18.832900000000002 0.04041
-18.8229 0.040619999999999996
-18.8129 0.040810000000000006
-18.8029 0.04098
-18.7929 0.0411
-18.7829 0.04121999999999999
-18.7729 0.04131
-18.762900000000002 0.04143
-18.7529 0.04158
-18.7429 0.04168000000000001
-18.7329 0.041859999999999994
-18.722900000000003 0.042030000000000005
-18.7129 0.04220999999999999
-18.7029 0.04247000000000001
-18.6929 0.04268999999999999
-18.6829 0.042989999999999993
-18.6729 0.04327
-18.6629 0.04356
-18.652900000000002 0.04389
-18.6429 0.04416
-18.6329 0.044489999999999995
-18.6229 0.04478
-18.6129 0.045
-18.6029 0.04521
-18.5929 0.04542
-18.582900000000002 0.045570000000000006
-18.5729 0.04565
-18.5629 0.04575
-18.5529 0.04572000000000001
-18.5429 0.045660000000000006
-18.5329 0.045570000000000006
-18.5229 0.04542
-18.512900000000002 0.045270000000000005
-18.5029 0.045090000000000005
-18.4929 0.04479000000000001
-18.4829 0.04448999999999999
-18.472900000000003 0.04416
-18.4629 0.04383
-18.4529 0.04348
-18.4429 0.04311999999999999
-18.4329 0.04275000000000001
-18.4229 0.042390000000000004
-18.4129 0.042030000000000005
-18.402900000000002 0.041669999999999985
-18.3929 0.04131999999999999
-18.3829 0.04106
-18.3729 0.04071
-18.3629 0.040469999999999985
-18.3529 0.0402
-18.3429 0.03990000000000001
-18.332900000000002 0.03969
-18.3229 0.039450000000000006
-18.3129 0.03918
-18.3029 0.0389
-18.2929 0.03861
-18.2829 0.038310000000000004
-18.2729 0.03792000000000001
-18.262900000000002 0.037489999999999996
-18.2529 0.037079999999999995
-18.2429 0.036570000000000005
-18.2329 0.03603
-18.222900000000003 0.03546
-18.2129 0.03477000000000001
-18.2029 0.03414
-18.1929 0.03347000000000001
-18.1829 0.03280999999999999
-18.1729 0.03216
-18.1629 0.03153000000000001
-18.152900000000002 0.030959999999999994
-18.1429 0.030450000000000005
-18.1329 0.03000000000000001
-18.1229 0.02969999999999999
-18.1129 0.029379999999999993
-18.1029 0.029219999999999996
-18.0929 0.029189999999999997
-18.082900000000002 0.029279999999999994
-18.0729 0.029459999999999993
-18.0629 0.029790000000000004
-18.0529 0.03018000000000001
-18.0429 0.030719999999999997
-18.0329 0.03137999999999999
-18.0229 0.03213
-18.012900000000002 0.03293999999999999
-18.0029 0.033839999999999995
-17.9929 0.03486
-17.9829 0.03594
-17.972900000000003 0.03704999999999999
-17.9629 0.03822
-17.9529 0.03939000000000001
-17.9429 0.040630000000000006
-17.9329 0.041819999999999996
-17.9229 0.04299
-17.9129 0.04419
-17.902900000000002 0.04533000000000001
-17.8929 0.04639
-17.8829 0.047400000000000005
-17.8729 0.04832999999999999
-17.8629 0.04913
-17.8529 0.049859999999999995
-17.8429 0.05048999999999999
-17.832900000000002 0.05091
-17.8229 0.051289999999999995
-17.8129 0.051519999999999996
-17.8029 0.05165
-17.7929 0.05159
-17.7829 0.05142
-17.7729 0.051199999999999996
-17.762900000000002 0.05085
-17.7529 0.05046
-17.7429 0.04995
-17.7329 0.04950000000000001
-17.722900000000003 0.04895999999999999
-17.7129 0.0484
-17.7029 0.04786
-17.6929 0.04743
-17.6829 0.046950000000000006
-17.6729 0.04659
-17.6629 0.04626
-17.652900000000002 0.04600999999999999
-17.6429 0.045779999999999994
-17.6329 0.04567
-17.6229 0.045520000000000005
-17.6129 0.04545
-17.6029 0.04545
-17.5929 0.045369999999999994
-17.582900000000002 0.04534
-17.5729 0.04524
-17.5629 0.04511
-17.5529 0.04491
-17.5429 0.04463999999999999
-17.5329 0.04426999999999999
-17.5229 0.04378
-17.512900000000002 0.04323000000000001
-17.5029 0.04252999999999999
-17.4929 0.04176
-17.4829 0.04077999999999999
-17.472900000000003 0.039779999999999996
-17.4629 0.03862000000000001
-17.4529 0.03737000000000001
-17.4429 0.036000000000000004
-17.4329 0.03454
-17.4229 0.03297
-17.4129 0.03139
-17.402900000000002 0.029700000000000004
-17.3929 0.027899999999999998
-17.3829 0.02616
-17.3729 0.02432
-17.3629 0.02246
-17.3529 0.020630000000000003
-17.3429 0.018847000000000003
-17.332900000000002 0.017060000000000002
-17.3229 0.015351000000000002
-17.3129 0.013706999999999997
-17.3029 0.012141999999999998
-17.2929 0.010674
-17.2829 0.009304
-17.2729 0.008042
-17.262900000000002 0.006890000000000002
-17.2529 0.005855
-17.2429 0.004929000000000001
-17.2329 0.004114
-17.222900000000003 0.0034059999999999997
-17.2129 0.0027869999999999995
-17.2029 0.002262
-17.1929 0.0018178999999999997
-17.1829 0.0014478999999999998
-17.1729 0.0011420000000000002
-17.1629 0.0008918000000000001
-17.152900000000002 0.0006895999999999998
-17.1429 0.0005279
-17.1329 0.0004003999999999999
-17.1229 0.00030090000000000005
-17.1129 0.0002234
-17.1029 0.00016441999999999997
-17.0929 0.00011976
-17.082900000000002 8.635e-05
-17.0729 6.166e-05
-17.0629 4.3559999999999996e-05
-17.0529 3.0470000000000005e-05
-17.0429 2.1099999999999998e-05
-17.0329 1.4472000000000001e-05
-17.0229 9.821e-06
-17.012900000000002 6.598e-06
-17.0029 4.3870000000000005e-06
-16.9929 2.8840000000000007e-06
-16.9829 1.8795000000000002e-06
-16.972900000000003 1.2118000000000002e-06
-16.9629 7.733000000000001e-07
-16.9529 4.882999999999999e-07
-16.9429 3.056e-07
-16.9329 1.8883e-07
-16.9229 1.1565000000000002e-07
-16.9129 7.009e-08
-16.902900000000002 4.2070000000000005e-08
-16.8929 2.4990000000000004e-08
-16.8829 1.4672e-08
-16.8729 8.533999999999999e-09
-16.8629 4.912999999999999e-09
-16.8529 2.7990000000000004e-09
-16.8429 1.5780000000000001e-09
-16.832900000000002 8.806999999999999e-10
-16.8229 4.863e-10
-16.8129 2.657e-10
-16.8029 1.438e-10
-16.7929 7.700999999999999e-11
-16.7829 4.0789999999999996e-11
-16.7729 2.138e-11
-16.762900000000002 1.1099999999999999e-11
-16.7529 5.701e-12
-16.7429 2.8990000000000005e-12
-16.7329 1.4555999999999996e-12
-16.722900000000003 7.195e-13
-16.7129 3.4330000000000006e-13
-16.7029 1.5788000000000003e-13
-16.6929 6.230000000000001e-14
-16.6829 2.633e-14
-16.6729 9.409e-15
-16.6629 2.19e-15
-16.652900000000002 2.78e-16
-16.6429 0.0
-16.6329 0.0
-16.6229 0.0
-16.6129 0.0
-16.6029 0.0
-16.5929 0.0
-16.582900000000002 0.0
-16.5729 0.0
-16.5629 0.0
-16.5529 0.0
-16.5429 0.0
-16.5329 0.0
-16.5229 0.0
-16.512900000000002 0.0
-16.5029 0.0
-16.4929 0.0
-16.4829 0.0
-16.472900000000003 0.0
-16.4629 0.0
-16.4529 0.0
-16.4429 0.0
-16.4329 0.0
-16.4229 0.0
-16.4129 0.0
-16.402900000000002 0.0
-16.3929 0.0
-16.3829 0.0
-16.3729 0.0
-16.3629 0.0
-16.3529 0.0
-16.3429 0.0
-16.332900000000002 0.0
-16.3229 0.0
-16.3129 0.0
-16.3029 0.0
-16.2929 0.0
-16.2829 0.0
-16.2729 0.0
-16.262900000000002 0.0
-16.2529 0.0
-16.2429 0.0
-16.2329 0.0
-16.2229 0.0
-16.2129 0.0
-16.2029 0.0
-16.1929 0.0
-16.1829 0.0
-16.172900000000002 0.0
-16.1629 0.0
-16.152900000000002 0.0
-16.1429 0.0
-16.1329 0.0
-16.1229 0.0
-16.1129 0.0
-16.1029 0.0
-16.0929 0.0
-16.082900000000002 0.0
-16.0729 0.0
-16.0629 0.0
-16.0529 0.0
-16.0429 0.0
-16.0329 0.0
-16.0229 0.0
-16.012900000000002 0.0
-16.0029 0.0
-15.9929 0.0
-15.9829 0.0
-15.972900000000001 0.0
-15.962900000000001 0.0
-15.9529 0.0
-15.942900000000002 0.0
-15.9329 0.0
-15.9229 0.0
-15.9129 0.0
-15.9029 0.0
-15.892900000000001 0.0
-15.882900000000001 0.0
-15.872900000000001 0.0
-15.8629 0.0
-15.852900000000002 0.0
-15.8429 0.0
-15.8329 0.0
-15.8229 0.0
-15.8129 0.0
-15.802900000000001 0.0
-15.792900000000001 0.0
-15.782900000000001 0.0
-15.7729 0.0
-15.7629 0.0
-15.7529 0.0
-15.7429 0.0
-15.7329 0.0
-15.722900000000001 0.0
-15.712900000000001 0.0
-15.7029 0.0
-15.692900000000002 0.0
-15.6829 0.0
-15.6729 0.0
-15.6629 0.0
-15.6529 0.0
-15.642900000000001 0.0
-15.632900000000001 0.0
-15.622900000000001 0.0
-15.6129 0.0
-15.602900000000002 0.0
-15.5929 0.0
-15.5829 0.0
-15.5729 0.0
-15.5629 0.0
-15.552900000000001 0.0
-15.542900000000001 0.0
-15.532900000000001 0.0
-15.5229 0.0
-15.5129 0.0
-15.5029 0.0
-15.4929 0.0
-15.4829 0.0
-15.472900000000001 0.0
-15.462900000000001 0.0
-15.4529 0.0
-15.442900000000002 0.0
-15.4329 0.0
-15.4229 0.0
-15.4129 0.0
-15.4029 0.0
-15.392900000000001 0.0
-15.382900000000001 0.0
-15.372900000000001 0.0
-15.3629 0.0
-15.352900000000002 0.0
-15.3429 0.0
-15.3329 0.0
-15.3229 0.0
-15.3129 0.0
-15.302900000000001 0.0
-15.292900000000001 0.0
-15.282900000000001 0.0
-15.2729 0.0
-15.2629 0.0
-15.2529 0.0
-15.2429 0.0
-15.2329 0.0
-15.222900000000001 0.0
-15.212900000000001 0.0
-15.2029 0.0
-15.192900000000002 0.0
-15.1829 0.0
-15.1729 0.0
-15.1629 0.0
-15.1529 0.0
-15.142900000000001 0.0
-15.132900000000001 0.0
-15.122900000000001 0.0
-15.1129 0.0
-15.102900000000002 0.0
-15.0929 0.0
-15.0829 0.0
-15.0729 0.0
-15.0629 0.0
-15.052900000000001 0.0
-15.042900000000001 0.0
-15.032900000000001 0.0
-15.0229 0.0
-15.0129 0.0
-15.0029 0.0
-14.9929 0.0
-14.9829 0.0
-14.972900000000001 0.0
-14.962900000000001 0.0
-14.9529 0.0
-14.942900000000002 0.0
-14.9329 0.0
-14.9229 0.0
-14.9129 0.0
-14.9029 0.0
-14.892900000000001 0.0
-14.882900000000001 0.0
-14.872900000000001 0.0
-14.8629 0.0
-14.852900000000002 0.0
-14.8429 0.0
-14.8329 0.0
-14.8229 0.0
-14.8129 0.0
-14.802900000000001 0.0
-14.792900000000001 0.0
-14.782900000000001 0.0
-14.7729 0.0
-14.7629 0.0
-14.7529 0.0
-14.7429 0.0
-14.7329 0.0
-14.722900000000001 0.0
-14.712900000000001 0.0
-14.7029 0.0
-14.692900000000002 0.0
-14.6829 0.0
-14.6729 0.0
-14.6629 0.0
-14.6529 0.0
-14.642900000000001 0.0
-14.632900000000001 0.0
-14.622900000000001 0.0
-14.6129 0.0
-14.602900000000002 0.0
-14.5929 0.0
-14.5829 0.0
-14.5729 0.0
-14.5629 0.0
-14.552900000000001 0.0
-14.542900000000001 0.0
-14.532900000000001 0.0
-14.5229 0.0
-14.5129 0.0
-14.5029 0.0
-14.4929 0.0
-14.4829 0.0
-14.472900000000001 0.0
-14.462900000000001 0.0
-14.4529 0.0
-14.442900000000002 0.0
-14.4329 0.0
-14.4229 0.0
-14.4129 0.0
-14.4029 0.0
-14.392900000000001 0.0
-14.382900000000001 0.0
-14.372900000000001 0.0
-14.3629 0.0
-14.3529 0.0
-14.3429 0.0
-14.3329 0.0
-14.3229 0.0
-14.3129 0.0
-14.302900000000001 0.0
-14.292900000000001 0.0
-14.282900000000001 0.0
-14.2729 0.0
-14.2629 0.0
-14.2529 0.0
-14.2429 0.0
-14.2329 0.0
-14.222900000000001 0.0
-14.212900000000001 0.0
-14.202900000000001 0.0
-14.192900000000002 0.0
-14.1829 0.0
-14.1729 0.0
-14.1629 0.0
-14.1529 0.0
-14.142900000000001 0.0
-14.132900000000001 0.0
-14.122900000000001 0.0
-14.1129 0.0
-14.1029 0.0
-14.0929 0.0
-14.0829 0.0
-14.0729 0.0
-14.0629 0.0
-14.052900000000001 0.0
-14.042900000000001 0.0
-14.032900000000001 0.0
-14.0229 0.0
-14.0129 0.0
-14.0029 0.0
-13.9929 0.0
-13.9829 0.0
-13.972900000000001 0.0
-13.962900000000001 0.0
-13.952900000000001 0.0
-13.942900000000002 0.0
-13.9329 0.0
-13.9229 0.0
-13.9129 0.0
-13.9029 0.0
-13.892900000000001 0.0
-13.882900000000001 0.0
-13.872900000000001 0.0
-13.8629 0.0
-13.8529 0.0
-13.8429 0.0
-13.8329 0.0
-13.8229 0.0
-13.8129 0.0
-13.802900000000001 0.0
-13.792900000000001 0.0
-13.782900000000001 0.0
-13.7729 0.0
-13.7629 0.0
-13.7529 0.0
-13.7429 0.0
-13.7329 0.0
-13.722900000000001 0.0
-13.712900000000001 0.0
-13.702900000000001 0.0
-13.692900000000002 0.0
-13.6829 0.0
-13.6729 0.0
-13.6629 0.0
-13.6529 0.0
-13.642900000000001 0.0
-13.632900000000001 0.0
-13.622900000000001 0.0
-13.6129 0.0
-13.6029 0.0
-13.5929 0.0
-13.5829 0.0
-13.5729 0.0
-13.5629 0.0
-13.552900000000001 0.0
-13.542900000000001 0.0
-13.532900000000001 0.0
-13.5229 0.0
-13.5129 0.0
-13.5029 0.0
-13.4929 0.0
-13.4829 0.0
-13.472900000000001 0.0
-13.462900000000001 0.0
-13.452900000000001 0.0
-13.442900000000002 0.0
-13.4329 0.0
-13.4229 0.0
-13.4129 0.0
-13.4029 0.0
-13.392900000000001 0.0
-13.382900000000001 0.0
-13.372900000000001 0.0
-13.3629 0.0
-13.3529 0.0
-13.3429 0.0
-13.3329 0.0
-13.3229 0.0
-13.3129 0.0
-13.302900000000001 0.0
-13.292900000000001 0.0
-13.282900000000001 0.0
-13.2729 0.0
-13.2629 0.0
-13.2529 0.0
-13.2429 0.0
-13.2329 0.0
-13.222900000000001 0.0
-13.212900000000001 0.0
-13.202900000000001 0.0
-13.192900000000002 0.0
-13.1829 0.0
-13.1729 0.0
-13.1629 0.0
-13.1529 0.0
-13.142900000000001 0.0
-13.132900000000001 0.0
-13.122900000000001 0.0
-13.1129 0.0
-13.1029 0.0
-13.0929 0.0
-13.0829 0.0
-13.0729 0.0
-13.0629 0.0
-13.052900000000001 0.0
-13.042900000000001 0.0
-13.032900000000001 0.0
-13.0229 0.0
-13.0129 0.0
-13.0029 0.0
-12.9929 0.0
-12.9829 0.0
-12.972900000000001 0.0
-12.962900000000001 0.0
-12.952900000000001 0.0
-12.942900000000002 0.0
-12.9329 0.0
-12.9229 0.0
-12.9129 0.0
-12.9029 0.0
-12.892900000000001 0.0
-12.882900000000001 0.0
-12.872900000000001 0.0
-12.862900000000002 0.0
-12.8529 0.0
-12.8429 0.0
-12.8329 0.0
-12.8229 0.0
-12.8129 0.0
-12.802900000000001 0.0
-12.792900000000001 0.0
-12.782900000000001 0.0
-12.7729 0.0
-12.7629 0.0
-12.7529 0.0
-12.7429 0.0
-12.7329 0.0
-12.722900000000001 0.0
-12.712900000000001 0.0
-12.702900000000001 0.0
-12.6929 0.0
-12.6829 0.0
-12.6729 0.0
-12.6629 0.0
-12.6529 0.0
-12.642900000000001 0.0
-12.632900000000001 0.0
-12.622900000000001 0.0
-12.612900000000002 0.0
-12.6029 0.0
-12.5929 0.0
-12.5829 0.0
-12.5729 0.0
-12.5629 0.0
-12.552900000000001 0.0
-12.542900000000001 0.0
-12.532900000000001 0.0
-12.5229 0.0
-12.5129 0.0
-12.5029 0.0
-12.4929 0.0
-12.4829 0.0
-12.472900000000001 0.0
-12.462900000000001 0.0
-12.452900000000001 0.0
-12.4429 0.0
-12.4329 0.0
-12.4229 0.0
-12.4129 0.0
-12.4029 0.0
-12.392900000000001 0.0
-12.382900000000001 0.0
-12.372900000000001 0.0
-12.362900000000002 0.0
-12.3529 0.0
-12.3429 0.0
-12.3329 0.0
-12.3229 0.0
-12.3129 0.0
-12.302900000000001 0.0
-12.292900000000001 0.0
-12.282900000000001 0.0
-12.2729 0.0
-12.2629 0.0
-12.2529 0.0
-12.2429 0.0
-12.2329 0.0
-12.222900000000001 0.0
-12.212900000000001 0.0
-12.202900000000001 0.0
-12.1929 0.0
-12.1829 0.0
-12.1729 0.0
-12.1629 0.0
-12.1529 0.0
-12.142900000000001 0.0
-12.132900000000001 0.0
-12.122900000000001 0.0
-12.112900000000002 0.0
-12.1029 0.0
-12.0929 0.0
-12.0829 0.0
-12.0729 0.0
-12.0629 0.0
-12.052900000000001 0.0
-12.042900000000001 0.0
-12.032900000000001 0.0
-12.0229 0.0
-12.0129 0.0
-12.0029 0.0
-11.9929 0.0
-11.9829 0.0
-11.972900000000001 0.0
-11.962900000000001 0.0
-11.952900000000001 0.0
-11.9429 0.0
-11.9329 0.0
-11.9229 0.0
-11.9129 0.0
-11.9029 0.0
-11.892900000000001 0.0
-11.882900000000001 0.0
-11.872900000000001 0.0
-11.8629 0.0
-11.8529 0.0
-11.8429 0.0
-11.8329 0.0
-11.8229 0.0
-11.8129 0.0
-11.802900000000001 0.0
-11.792900000000001 0.0
-11.782900000000001 0.0
-11.7729 0.0
-11.7629 0.0
-11.7529 0.0
-11.7429 0.0
-11.7329 0.0
-11.722900000000001 0.0
-11.712900000000001 0.0
-11.702900000000001 0.0
-11.692900000000002 0.0
-11.6829 0.0
-11.6729 0.0
-11.6629 0.0
-11.6529 0.0
-11.642900000000001 0.0
-11.632900000000001 0.0
-11.622900000000001 0.0
-11.6129 0.0
-11.6029 0.0
-11.5929 0.0
-11.5829 0.0
-11.5729 0.0
-11.5629 0.0
-11.552900000000001 0.0
-11.542900000000001 0.0
-11.532900000000001 0.0
-11.5229 0.0
-11.5129 0.0
-11.5029 0.0
-11.4929 0.0
-11.4829 0.0
-11.472900000000001 0.0
-11.462900000000001 0.0
-11.452900000000001 0.0
-11.442900000000002 0.0
-11.4329 0.0
-11.4229 1.4733e-13
-11.4129 3.090000000000001e-13
-11.4029 8.453999999999999e-13
-11.392900000000001 1.7456999999999997e-12
-11.382900000000001 3.900000000000001e-12
-11.372900000000001 8.109000000000001e-12
-11.3629 1.6521e-11
-11.3529 3.291e-11
-11.3429 6.472999999999999e-11
-11.3329 1.2621e-10
-11.3229 2.445e-10
-11.3129 4.665000000000001e-10
-11.302900000000001 8.831999999999999e-10
-11.292900000000001 1.6527000000000005e-09
-11.282900000000001 3.057e-09
-11.2729 5.61e-09
-11.2629 1.0170000000000001e-08
-11.2529 1.8269999999999998e-08
-11.2429 3.239999999999999e-08
-11.2329 5.7029999999999995e-08
-11.222900000000001 9.924000000000001e-08
-11.212900000000001 1.7104999999999999e-07
-11.202900000000001 2.9220000000000004e-07
-11.192900000000002 4.924999999999999e-07
-11.1829 8.236999999999999e-07
-11.1729 1.3626000000000003e-06
-11.1629 2.235e-06
-11.1529 3.623999999999999e-06
-11.142900000000001 5.817e-06
-11.132900000000001 9.250999999999998e-06
-11.122900000000001 1.4568999999999999e-05
-11.1129 2.2709999999999998e-05
-11.1029 3.507e-05
-11.0929 5.370000000000002e-05
-11.0829 8.128999999999999e-05
-11.0729 0.00012198
-11.0629 0.00018123000000000002
-11.052900000000001 0.00026699999999999993
-11.042900000000001 0.00038930000000000003
-11.032900000000001 0.0005628
-11.0229 0.0008063000000000001
-11.0129 0.0011442000000000002
-11.0029 0.0016085000000000001
-10.9929 0.0022409999999999995
-10.9829 0.003098
-10.972900000000001 0.0042439999999999995
-10.962900000000001 0.005757000000000001
-10.952900000000001 0.007754
-10.942900000000002 0.010347
-10.9329 0.013694999999999999
-10.9229 0.017954
-10.9129 0.023370000000000002
-10.9029 0.030239999999999996
-10.892900000000001 0.03867
-10.882900000000001 0.04920000000000001
-10.872900000000001 0.061980000000000014
-10.8629 0.07746000000000001
-10.8529 0.09612
-10.8429 0.11829
-10.8329 0.14456999999999998
-10.8229 0.17532000000000003
-10.8129 0.2112
-10.802900000000001 0.25200000000000006
-10.792900000000001 0.2979
-10.782900000000001 0.3501
-10.7729 0.4086
-10.7629 0.4728
-10.7529 0.5429999999999999
-10.7429 0.6194000000000001
-10.7329 0.7002
-10.722900000000001 0.7862
-10.712900000000001 0.876
-10.702900000000001 0.9686000000000001
-10.692900000000002 1.0629
-10.6829 1.1573999999999998
-10.6729 1.2515999999999998
-10.6629 1.3437
-10.6529 1.4320999999999997
-10.642900000000001 1.5150000000000003
-10.632900000000001 1.5925000000000002
-10.622900000000001 1.6623
-10.6129 1.7244000000000002
-10.6029 1.7778000000000003
-10.5929 1.8228000000000004
-10.5829 1.8570000000000007
-10.5729 1.8810000000000002
-10.5629 1.8990000000000005
-10.552900000000001 1.908
-10.542900000000001 1.905
-10.532900000000001 1.8950000000000007
-10.5229 1.8870000000000007
-10.5129 1.869
-10.5029 1.8441999999999998
-10.4929 1.8162000000000005
-10.4829 1.7934
-10.472900000000001 1.7609
-10.462900000000001 1.7330999999999999
-10.452900000000001 1.7031999999999998
-10.442900000000002 1.6728000000000003
-10.4329 1.6431
-10.4229 1.6136000000000001
-10.4129 1.5849999999999997
-10.4029 1.5557999999999998
-10.392900000000001 1.5276000000000003
-10.382900000000001 1.4993000000000003
-10.372900000000001 1.4708999999999999
-10.3629 1.4423999999999997
-10.352900000000002 1.4136000000000002
-10.3429 1.3840000000000001
-10.3329 1.3546999999999998
-10.3229 1.3248
-10.3129 1.2951000000000001
-10.302900000000001 1.2654000000000003
-10.292900000000001 1.2363
-10.282900000000001 1.2071999999999998
-10.2729 1.1794000000000002
-10.2629 1.1526
-10.2529 1.1279000000000001
-10.2429 1.1045999999999998
-10.2329 1.0836
-10.222900000000001 1.0643
-10.212900000000001 1.0485000000000002
-10.2029 1.0348
-10.192900000000002 1.0231999999999997
-10.1829 1.0146000000000002
-10.1729 1.0081
-10.1629 1.0040999999999998
-10.1529 1.0022999999999997
-10.142900000000001 1.0015999999999998
-10.132900000000001 1.0024999999999997
-10.122900000000001 1.0040999999999998
-10.1129 1.0065
-10.102900000000002 1.0084
-10.0929 1.0098
-10.0829 1.0103
-10.0729 1.0091999999999999
-10.0629 1.0062000000000002
-10.052900000000001 0.9999000000000003
-10.042900000000001 0.9914999999999998
-10.032900000000001 0.9803999999999999
-10.0229 0.9657000000000002
-10.0129 0.9477000000000002
-10.0029 0.9267
-9.9929 0.9024999999999999
-9.9829 0.8754000000000002
-9.972900000000001 0.8466999999999999
-9.962900000000001 0.8153999999999999
-9.9529 0.7827000000000001
-9.942900000000002 0.7490999999999999
-9.9329 0.7154999999999999
-9.9229 0.6821999999999998
-9.9129 0.6499000000000001
-9.9029 0.6188999999999999
-9.892900000000001 0.5892000000000001
-9.882900000000001 0.5616
-9.872900000000001 0.5361000000000001
-9.8629 0.513
-9.852900000000002 0.49230000000000007
-9.8429 0.4749000000000001
-9.8329 0.45869999999999994
-9.8229 0.44520000000000004
-9.8129 0.43379999999999996
-9.802900000000001 0.4244
-9.792900000000001 0.4161
-9.782900000000001 0.40919999999999995
-9.7729 0.40379999999999994
-9.7629 0.39840000000000003
-9.7529 0.3944999999999999
-9.7429 0.3906
-9.7329 0.387
-9.722900000000001 0.3836999999999999
-9.712900000000001 0.3798000000000001
-9.7029 0.3761999999999999
-9.692900000000002 0.372
-9.6829 0.3672
-9.6729 0.36150000000000004
-9.6629 0.3551999999999999
-9.6529 0.34830000000000005
-9.642900000000001 0.3404999999999999
-9.632900000000001 0.3318000000000001
-9.622900000000001 0.32189999999999996
-9.6129 0.3117
-9.602900000000002 0.3008
-9.5929 0.28859999999999997
-9.5829 0.2763
-9.5729 0.2634
-9.5629 0.2502
-9.552900000000001 0.2364
-9.542900000000001 0.22319999999999998
-9.532900000000001 0.20999999999999996
-9.5229 0.19709999999999991
-9.5129 0.18447000000000002
-9.5029 0.17287999999999998
-9.4929 0.16187000000000004
-9.4829 0.15171
-9.472900000000001 0.14248999999999998
-9.462900000000001 0.13422
-9.4529 0.12686999999999998
-9.442900000000002 0.12051
-9.4329 0.11507999999999997
-9.4229 0.11047
-9.4129 0.10671000000000001
-9.4029 0.10363000000000001
-9.392900000000001 0.10118999999999999
-9.382900000000001 0.09933
-9.372900000000001 0.09798000000000001
-9.3629 0.09702000000000001
-9.352900000000002 0.09644999999999998
-9.3429 0.09608999999999998
-9.3329 0.09606
-9.3229 0.09623999999999999
-9.3129 0.09659000000000002
-9.302900000000001 0.09707
-9.292900000000001 0.09761999999999997
-9.282900000000001 0.09816
-9.2729 0.09867000000000001
-9.2629 0.09912
-9.2529 0.09933
-9.2429 0.09933
-9.2329 0.09906000000000001
-9.222900000000001 0.09836000000000002
-9.212900000000001 0.09726
-9.2029 0.09573000000000001
-9.192900000000002 0.09365000000000001
-9.1829 0.09109999999999999
-9.1729 0.08804
-9.1629 0.08449000000000001
-9.1529 0.08049
-9.142900000000001 0.07616999999999999
-9.132900000000001 0.07155
-9.122900000000001 0.06674
-9.1129 0.06179999999999999
-9.102900000000002 0.056760000000000005
-9.0929 0.0519
-9.0829 0.04713
-9.0729 0.04254
-9.0629 0.03824999999999999
-9.052900000000001 0.03435
-9.042900000000001 0.030719999999999997
-9.032900000000001 0.027479999999999997
-9.0229 0.02468
-9.0129 0.022119999999999997
-9.0029 0.01995
-8.9929 0.018135
-8.9829 0.016608000000000005
-8.972900000000001 0.015302999999999999
-8.962900000000001 0.014207000000000003
-8.9529 0.013284
-8.942900000000002 0.012491
-8.9329 0.011798000000000001
-8.9229 0.011170999999999997
-8.9129 0.010589999999999997
-8.9029 0.010038000000000002
-8.892900000000001 0.009489000000000001
-8.882900000000001 0.008946
-8.872900000000001 0.008391000000000003
-8.8629 0.007829999999999998
-8.852900000000002 0.007267999999999999
-8.8429 0.0066960000000000006
-8.8329 0.006124999999999999
-8.8229 0.005560999999999999
-8.8129 0.00501
-8.802900000000001 0.004476000000000001
-8.792900000000001 0.003962999999999999
-8.782900000000001 0.0034799999999999996
-8.7729 0.0030360000000000005
-8.7629 0.002622
-8.7529 0.002243
-8.7429 0.001902
-8.7329 0.0015988
-8.722900000000001 0.0013317000000000001
-8.712900000000001 0.0010991
-8.7029 0.0008985000000000001
-8.692900000000002 0.0007280999999999999
-8.6829 0.0005840999999999999
-8.6729 0.0004647
-8.6629 0.000366
-8.6529 0.00028499999999999993
-8.642900000000001 0.0002204
-8.632900000000001 0.00016861999999999997
-8.622900000000001 0.00012774
-8.6129 9.581e-05
-8.602900000000002 7.119e-05
-8.5929 5.233e-05
-8.5829 3.8100000000000005e-05
-8.5729 2.748e-05
-8.5629 1.9559999999999996e-05
-8.552900000000001 1.3845000000000002e-05
-8.542900000000001 9.684000000000002e-06
-8.532900000000001 6.7019999999999995e-06
-8.5229 4.590000000000001e-06
-8.5129 3.1089999999999994e-06
-8.5029 2.0850000000000004e-06
-8.4929 1.3865000000000004e-06
-8.4829 9.113e-07
-8.472900000000001 5.931e-07
-8.462900000000001 3.8130000000000006e-07
-8.4529 2.432000000000001e-07
-8.442900000000002 1.5315e-07
-8.4329 9.552e-08
-8.4229 5.8950000000000015e-08
-8.4129 3.6030000000000006e-08
-8.4029 2.181e-08
-8.392900000000001 1.3115000000000002e-08
-8.382900000000001 7.915999999999998e-09
-8.372900000000001 4.946e-09
-8.3629 3.4679999999999996e-09
-8.352900000000002 3.135e-09
-8.3429 3.948e-09
-8.3329 6.2519999999999995e-09
-8.3229 1.0932000000000002e-08
-8.3129 1.9644e-08
-8.302900000000001 3.5309999999999997e-08
-8.2929 6.317999999999999e-08
-8.282900000000001 1.1192000000000001e-07
-8.2729 1.9611000000000003e-07
-8.262900000000002 3.4080000000000003e-07
-8.2529 5.859e-07
-8.2429 9.964000000000001e-07
-8.2329 1.6769999999999998e-06
-8.222900000000001 2.801e-06
-8.212900000000001 4.620000000000001e-06
-8.2029 7.544999999999999e-06
-8.192900000000002 1.2211e-05
-8.1829 1.9551e-05
-8.1729 3.1e-05
-8.1629 4.8650000000000003e-05
-8.1529 7.560000000000001e-05
-8.142900000000001 0.00011636999999999999
-8.132900000000001 0.0001771
-8.122900000000001 0.00026740000000000005
-8.1129 0.0003995
-8.102900000000002 0.000591
-8.0929 0.0008656
-8.0829 0.0012553999999999998
-8.0729 0.0018038000000000002
-8.0629 0.0025619999999999996
-8.052900000000001 0.0036159999999999994
-8.0429 0.0050430000000000015
-8.032900000000001 0.006971
-8.0229 0.009539
-8.012900000000002 0.012934000000000001
-8.0029 0.017359
-7.992900000000001 0.023095
-7.982900000000001 0.03048
-7.972900000000001 0.039839999999999993
-7.9629 0.05149000000000001
-7.9529000000000005 0.06609999999999999
-7.942900000000001 0.08399
-7.932900000000001 0.10576999999999999
-7.9229 0.13201000000000002
-7.9129000000000005 0.16338
-7.902900000000001 0.20020000000000004
-7.892900000000001 0.24342999999999998
-7.882900000000001 0.2934
-7.8729000000000005 0.3513
-7.862900000000001 0.4160999999999999
-7.852900000000001 0.4897
-7.842900000000001 0.5710999999999999
-7.8329 0.6607999999999999
-7.822900000000001 0.7592000000000002
-7.812900000000001 0.8649
-7.802900000000001 0.9786000000000001
-7.7929 1.0987000000000002
-7.782900000000001 1.2253999999999998
-7.772900000000001 1.3571000000000002
-7.762900000000001 1.4944
-7.7529 1.6332000000000002
-7.742900000000001 1.7704
-7.732900000000001 1.9089000000000007
-7.722900000000001 2.0492999999999997
-7.7129 2.1890999999999994
-7.7029000000000005 2.3188000000000004
-7.692900000000001 2.4467999999999996
-7.682900000000001 2.569
-7.6729 2.6850000000000005
-7.6629000000000005 2.7920000000000003
-7.652900000000001 2.892000000000001
-7.642900000000001 2.984
-7.632900000000001 3.065000000000001
-7.6229000000000005 3.1350000000000007
-7.612900000000001 3.198
-7.602900000000001 3.2550000000000003
-7.592900000000001 3.2999999999999994
-7.5829 3.342
-7.572900000000001 3.372
-7.562900000000001 3.4050000000000002
-7.552900000000001 3.4279999999999995
-7.5429 3.447
-7.532900000000001 3.473999999999999
-7.522900000000001 3.492
-7.512900000000001 3.5189999999999992
-7.5029 3.5490000000000004
-7.492900000000001 3.579
-7.482900000000001 3.617999999999999
-7.472900000000001 3.66
-7.4629 3.7109999999999994
-7.4529000000000005 3.762000000000001
-7.442900000000001 3.827
-7.432900000000001 3.9000000000000004
-7.4229 3.9799999999999995
-7.4129000000000005 4.059
-7.402900000000001 4.149000000000001
-7.392900000000001 4.242000000000001
-7.382900000000001 4.332
-7.3729000000000005 4.434
-7.362900000000001 4.525
-7.352900000000001 4.614
-7.342900000000001 4.6979999999999995
-7.3329 4.776000000000001
-7.322900000000001 4.8450000000000015
-7.312900000000001 4.899
-7.302900000000001 4.941000000000001
-7.2929 4.973000000000001
-7.282900000000001 4.983
-7.272900000000001 4.972
-7.262900000000001 4.949999999999999
-7.2529 4.905
-7.242900000000001 4.839
-7.232900000000001 4.761000000000001
-7.222900000000001 4.658999999999999
-7.2129 4.5409999999999995
-7.2029000000000005 4.41
-7.192900000000001 4.263000000000001
-7.182900000000001 4.11
-7.1729 3.9480000000000004
-7.1629000000000005 3.7779999999999996
-7.152900000000001 3.5999999999999996
-7.142900000000001 3.426
-7.132900000000001 3.2499999999999996
-7.1229000000000005 3.0749999999999997
-7.112900000000001 2.9129999999999994
-7.102900000000001 2.7479999999999998
-7.092900000000001 2.592
-7.0829 2.4450000000000003
-7.072900000000001 2.3073000000000006
-7.062900000000001 2.1768
-7.052900000000001 2.0606999999999998
-7.0429 1.9524
-7.032900000000001 1.8482999999999998
-7.022900000000001 1.7583
-7.012900000000001 1.6784999999999997
-7.0029 1.6059000000000003
-6.992900000000001 1.5398
-6.982900000000001 1.4831999999999999
-6.972900000000001 1.4357999999999995
-6.9629 1.3932
-6.9529000000000005 1.3558000000000001
-6.942900000000001 1.3236
-6.932900000000001 1.2954
-6.9229 1.2711000000000001
-6.9129000000000005 1.2489999999999999
-6.902900000000001 1.2288999999999999
-6.892900000000001 1.2098000000000002
-6.882900000000001 1.1913
-6.8729000000000005 1.1727000000000003
-6.862900000000001 1.1529
-6.852900000000001 1.1317000000000002
-6.842900000000001 1.1079
-6.8329 1.0824
-6.822900000000001 1.0554
-6.812900000000001 1.0253999999999999
-6.802900000000001 0.9932999999999998
-6.7929 0.9596999999999998
-6.782900000000001 0.9241
-6.772900000000001 0.888
-6.762900000000001 0.8512000000000001
-6.7529 0.8144000000000001
-6.742900000000001 0.7779
-6.732900000000001 0.7429000000000001
-6.722900000000001 0.7096000000000001
-6.7129 0.6782999999999999
-6.7029000000000005 0.6498000000000002
-6.692900000000001 0.6237
-6.682900000000001 0.6003
-6.6729 0.5805
-6.6629000000000005 0.5638000000000001
-6.652900000000001 0.5496
-6.642900000000001 0.5380999999999998
-6.632900000000001 0.5292
-6.6229000000000005 0.5223
-6.612900000000001 0.5175
-6.602900000000001 0.5146
-6.592900000000001 0.5133
-6.5829 0.5136
-6.572900000000001 0.5147999999999999
-6.562900000000001 0.5180999999999999
-6.552900000000001 0.5226000000000002
-6.5429 0.5289
-6.532900000000001 0.5365999999999999
-6.522900000000001 0.5462999999999999
-6.512900000000001 0.558
-6.5029 0.5715
-6.492900000000001 0.5870999999999998
-6.482900000000001 0.6053999999999999
-6.472900000000001 0.6258999999999999
-6.4629 0.6486000000000001
-6.4529000000000005 0.6730000000000002
-6.442900000000001 0.6996
-6.432900000000001 0.7281000000000002
-6.4229 0.7581
-6.4129000000000005 0.7893999999999999
-6.402900000000001 0.8218
-6.392900000000001 0.8550000000000001
-6.382900000000001 0.8892999999999999
-6.3729000000000005 0.9234
-6.362900000000001 0.9575000000000001
-6.352900000000001 0.9918999999999998
-6.342900000000001 1.0261
-6.3329 1.0599999999999998
-6.322900000000001 1.0934
-6.312900000000001 1.1252
-6.302900000000001 1.1572000000000002
-6.2929 1.1874000000000002
-6.282900000000001 1.2163999999999997
-6.272900000000001 1.245
-6.262900000000001 1.2726
-6.2529 1.2988999999999997
-6.242900000000001 1.3258
-6.232900000000001 1.3525
-6.222900000000001 1.3809999999999998
-6.2129 1.4106
-6.2029000000000005 1.4435999999999998
-6.192900000000001 1.4805000000000001
-6.182900000000001 1.5221999999999998
-6.1729 1.5705000000000002
-6.1629000000000005 1.6263000000000003
-6.152900000000001 1.6891
-6.142900000000001 1.7649000000000001
-6.132900000000001 1.8512000000000002
-6.1229000000000005 1.9497
-6.112900000000001 2.0570000000000004
-6.102900000000001 2.175
-6.092900000000001 2.3099999999999996
-6.0829 2.448
-6.072900000000001 2.6009999999999995
-6.062900000000001 2.766
-6.052900000000001 2.931
-6.0429 3.102
-6.032900000000001 3.2779999999999996
-6.022900000000001 3.453
-6.012900000000001 3.6249999999999996
-6.0029 3.795000000000001
-5.992900000000001 3.955000000000001
-5.982900000000001 4.102
-5.972900000000001 4.239000000000001
-5.9629 4.366999999999999
-5.9529000000000005 4.47
-5.942900000000001 4.56
-5.932900000000001 4.622000000000001
-5.9229 4.667
-5.9129000000000005 4.682999999999999
-5.902900000000001 4.677
-5.892900000000001 4.647
-5.882900000000001 4.595
-5.8729000000000005 4.521
-5.862900000000001 4.428000000000001
-5.852900000000001 4.313
-5.842900000000001 4.184
-5.8329 4.039000000000001
-5.822900000000001 3.885
-5.812900000000001 3.727
-5.802900000000001 3.561
-5.7929 3.4019999999999997
-5.782900000000001 3.249
-5.772900000000001 3.0960000000000005
-5.762900000000001 2.964
-5.7529 2.838
-5.742900000000001 2.727
-5.732900000000001 2.6369999999999996
-5.722900000000001 2.5649999999999995
-5.7129 2.517
-5.7029000000000005 2.483999999999999
-5.692900000000001 2.472
-5.682900000000001 2.484999999999999
-5.6729 2.5139999999999993
-5.6629000000000005 2.5559999999999996
-5.652900000000001 2.619
-5.642900000000001 2.691
-5.632900000000001 2.772
-5.6229000000000005 2.865
-5.612900000000001 2.967
-5.602900000000001 3.072
-5.592900000000001 3.1769999999999996
-5.5829 3.285
-5.572900000000001 3.3899999999999997
-5.562900000000001 3.489
-5.552900000000001 3.5850000000000004
-5.5429 3.6779999999999995
-5.532900000000001 3.762000000000001
-5.522900000000001 3.8389999999999995
-5.512900000000001 3.9060000000000006
-5.5029 3.9690000000000003
-5.492900000000001 4.0280000000000005
-5.482900000000001 4.079999999999999
-5.472900000000001 4.131
-5.4629 4.1850000000000005
-5.4529000000000005 4.2299999999999995
-5.442900000000001 4.281000000000001
-5.432900000000001 4.335000000000001
-5.4229 4.3950000000000005
-5.4129000000000005 4.465
-5.402900000000001 4.5360000000000005
-5.392900000000001 4.62
-5.382900000000001 4.713
-5.3729000000000005 4.811999999999999
-5.362900000000001 4.919999999999999
-5.352900000000001 5.031
-5.342900000000001 5.148
-5.3329 5.272000000000001
-5.322900000000001 5.396
-5.312900000000001 5.5200000000000005
-5.302900000000001 5.639
-5.2929 5.751
-5.282900000000001 5.859000000000001
-5.272900000000001 5.959999999999999
-5.262900000000001 6.050999999999999
-5.2529 6.125
-5.242900000000001 6.189
-5.232900000000001 6.243000000000001
-5.222900000000001 6.282000000000001
-5.2129 6.306000000000001
-5.2029000000000005 6.320999999999999
-5.192900000000001 6.320999999999999
-5.182900000000001 6.308999999999999
-5.1729 6.285000000000002
-5.1629000000000005 6.254999999999999
-5.152900000000001 6.215999999999999
-5.142900000000001 6.168
-5.132900000000001 6.1129999999999995
-5.1229000000000005 6.0569999999999995
-5.112900000000001 5.990999999999999
-5.102900000000001 5.923
-5.092900000000001 5.849999999999998
-5.0829 5.781000000000001
-5.072900000000001 5.708999999999999
-5.062900000000001 5.634000000000001
-5.052900000000001 5.565000000000001
-5.0429 5.496
-5.032900000000001 5.43
-5.022900000000001 5.366999999999999
-5.012900000000001 5.313000000000001
-5.0029 5.267999999999999
-4.992900000000001 5.223
-4.982900000000001 5.193999999999999
-4.972900000000001 5.170000000000001
-4.9629 5.162000000000001
-4.9529000000000005 5.163000000000001
-4.942900000000001 5.180999999999999
-4.932900000000001 5.205000000000001
-4.9229 5.25
-4.9129000000000005 5.303999999999999
-4.902900000000001 5.364000000000001
-4.892900000000001 5.440999999999999
-4.882900000000001 5.525999999999999
-4.8729000000000005 5.6160000000000005
-4.862900000000001 5.716
-4.852900000000001 5.814
-4.842900000000001 5.917999999999999
-4.8329 6.012
-4.822900000000001 6.11
-4.812900000000001 6.196999999999999
-4.802900000000001 6.276000000000001
-4.7929 6.3450000000000015
-4.782900000000001 6.3999999999999995
-4.772900000000001 6.448
-4.762900000000001 6.4799999999999995
-4.7529 6.5040000000000004
-4.742900000000001 6.509000000000001
-4.732900000000001 6.5040000000000004
-4.722900000000001 6.484
-4.7129 6.456
-4.7029000000000005 6.419999999999999
-4.692900000000001 6.3809999999999985
-4.682900000000001 6.336
-4.6729 6.285000000000001
-4.6629000000000005 6.234
-4.652900000000001 6.183000000000001
-4.642900000000001 6.138000000000002
-4.632900000000001 6.093000000000001
-4.6229000000000005 6.054
-4.612900000000001 6.014999999999999
-4.602900000000001 5.985
-4.592900000000001 5.958
-4.5829 5.934000000000001
-4.572900000000001 5.9159999999999995
-4.562900000000001 5.8980000000000015
-4.552900000000001 5.887
-4.5429 5.877
-4.532900000000001 5.868000000000001
-4.522900000000001 5.859000000000001
-4.512900000000001 5.853
-4.5029 5.844000000000001
-4.492900000000001 5.831999999999998
-4.482900000000001 5.8229999999999995
-4.472900000000001 5.810999999999999
-4.4629 5.797000000000001
-4.4529000000000005 5.784000000000001
-4.442900000000001 5.775000000000001
-4.432900000000001 5.759999999999998
-4.4229 5.751
-4.4129000000000005 5.747999999999999
-4.402900000000001 5.745
-4.392900000000001 5.747999999999999
-4.382900000000001 5.757
-4.372900000000001 5.771999999999999
-4.3629000000000016 5.7989999999999995
-4.3529 5.832
-4.3429 5.874
-4.3329 5.919
-4.322900000000001 5.981999999999999
-4.312900000000001 6.039
-4.302900000000001 6.114000000000001
-4.292900000000001 6.189000000000001
-4.2829000000000015 6.273
-4.2729 6.360000000000001
-4.2629 6.444000000000001
-4.2529 6.530999999999999
-4.242900000000001 6.612000000000001
-4.232900000000001 6.693
-4.222900000000001 6.765
-4.212900000000001 6.8309999999999995
-4.202900000000001 6.884999999999998
-4.1929 6.929999999999999
-4.1829 6.962999999999999
-4.1729 6.986999999999999
-4.1629000000000005 6.999000000000001
-4.152900000000001 6.996
-4.142900000000001 6.981000000000001
-4.132900000000001 6.950999999999999
-4.122900000000001 6.911999999999999
-4.1129000000000016 6.864000000000001
-4.1029 6.809000000000001
-4.0929 6.739000000000001
-4.0829 6.675
-4.072900000000001 6.6
-4.062900000000001 6.513
-4.052900000000001 6.441
-4.042900000000001 6.356999999999999
-4.0329000000000015 6.276000000000002
-4.0229 6.2
-4.0129 6.131000000000001
-4.0029 6.067000000000002
-3.9929000000000006 6.009000000000001
-3.9829000000000008 5.96
-3.972900000000001 5.921999999999999
-3.962900000000001 5.889
-3.9529000000000014 5.871
-3.9429 5.862000000000001
-3.9329 5.867000000000001
-3.9229000000000003 5.876999999999999
-3.9129000000000005 5.898
-3.9029000000000007 5.934
-3.892900000000001 5.976000000000002
-3.882900000000001 6.026
-3.8729000000000013 6.0840000000000005
-3.8629000000000016 6.143999999999998
-3.8529 6.209999999999999
-3.8429 6.273000000000001
-3.8329000000000004 6.339
-3.8229000000000006 6.398999999999998
-3.812900000000001 6.459
-3.802900000000001 6.504
-3.7929000000000013 6.549
-3.7829000000000015 6.579
-3.7729 6.608
-3.7629 6.6209999999999996
-3.7529000000000003 6.6209999999999996
-3.7429000000000006 6.615000000000002
-3.7329000000000008 6.594000000000001
-3.722900000000001 6.575999999999999
-3.712900000000001 6.542999999999998
-3.7029000000000014 6.5089999999999995
-3.6929 6.466999999999998
-3.6829 6.425999999999999
-3.6729000000000003 6.3870000000000005
-3.6629000000000005 6.351000000000001
-3.6529000000000007 6.323999999999999
-3.642900000000001 6.302
-3.632900000000001 6.291000000000001
-3.6229000000000013 6.288
-3.6129000000000016 6.300000000000001
-3.6029 6.318
-3.5929 6.348
-3.5829000000000004 6.3870000000000005
-3.5729000000000006 6.432
-3.562900000000001 6.489000000000001
-3.552900000000001 6.545999999999999
-3.5429000000000013 6.6
-3.5329000000000015 6.663000000000001
-3.5229 6.72
-3.5129 6.773999999999999
-3.5029000000000003 6.822
-3.4929000000000006 6.864000000000001
-3.4829000000000008 6.9
-3.472900000000001 6.932999999999998
-3.462900000000001 6.96
-3.4529000000000014 6.978000000000001
-3.4429 7.001999999999998
-3.4329 7.02
-3.4229000000000003 7.042
-3.4129000000000005 7.071
-3.4029000000000007 7.106000000000001
-3.392900000000001 7.146000000000001
-3.382900000000001 7.203000000000001
-3.3729000000000013 7.275
-3.3629000000000016 7.356000000000002
-3.3529 7.457999999999998
-3.3429 7.578
-3.3329000000000004 7.701
-3.3229000000000006 7.851
-3.312900000000001 8.007
-3.302900000000001 8.17
-3.2929000000000013 8.346
-3.2829000000000015 8.530999999999999
-3.2729 8.714
-3.2629 8.892
-3.2529000000000003 9.071
-3.2429000000000006 9.241
-3.2329000000000008 9.404
-3.222900000000001 9.552999999999999
-3.212900000000001 9.696
-3.2029000000000014 9.813
-3.1929 9.923000000000002
-3.1829 10.011000000000001
-3.1729000000000003 10.083
-3.1629000000000005 10.14
-3.1529000000000007 10.173
-3.142900000000001 10.187999999999999
-3.132900000000001 10.183000000000002
-3.1229000000000013 10.167
-3.1129000000000016 10.122
-3.1029 10.064999999999998
-3.0929 9.989999999999997
-3.0829000000000004 9.896
-3.0729000000000006 9.785
-3.062900000000001 9.66
-3.052900000000001 9.525
-3.0429000000000013 9.372000000000002
-3.0329000000000015 9.216
-3.0229 9.054
-3.0129 8.879999999999999
-3.0029000000000003 8.712000000000002
-2.9929000000000006 8.541
-2.9829000000000008 8.382
-2.972900000000001 8.223
-2.962900000000001 8.075999999999999
-2.9529000000000014 7.943999999999999
-2.9429 7.827
-2.9329 7.728000000000001
-2.9229000000000003 7.645000000000001
-2.9129000000000005 7.585000000000001
-2.9029000000000007 7.545
-2.892900000000001 7.523999999999999
-2.882900000000001 7.524
-2.8729000000000013 7.548
-2.8629000000000016 7.587
-2.8529 7.640999999999998
-2.8429 7.715999999999999
-2.8329000000000004 7.805000000000003
-2.8229000000000006 7.902
-2.812900000000001 8.01
-2.802900000000001 8.129999999999999
-2.7929000000000013 8.257
-2.7829000000000015 8.382
-2.7729 8.518
-2.7629 8.646
-2.7529000000000003 8.778
-2.7429000000000006 8.907
-2.7329000000000008 9.030000000000001
-2.722900000000001 9.147
-2.712900000000001 9.254000000000001
-2.7029000000000014 9.350999999999999
-2.6929 9.438
-2.6829 9.517
-2.6729000000000003 9.579
-2.6629000000000005 9.638000000000002
-2.6529000000000007 9.678000000000003
-2.642900000000001 9.715
-2.632900000000001 9.746
-2.6229000000000013 9.770999999999999
-2.6129000000000016 9.796000000000003
-2.6029 9.825000000000001
-2.5929 9.860999999999999
-2.5829000000000004 9.899999999999999
-2.5729000000000006 9.956000000000001
-2.562900000000001 10.022999999999998
-2.552900000000001 10.113
-2.5429000000000013 10.228000000000002
-2.5329000000000015 10.358
-2.5229 10.517999999999997
-2.5129 10.706999999999999
-2.5029000000000003 10.915
-2.4929000000000006 11.144999999999998
-2.4829000000000008 11.397
-2.472900000000001 11.672000000000004
-2.462900000000001 11.960999999999997
-2.4529000000000014 12.257
-2.4429 12.564000000000004
-2.4329 12.878999999999998
-2.4229000000000003 13.185999999999998
-2.4129000000000005 13.487999999999998
-2.4029000000000007 13.788999999999998
-2.392900000000001 14.07
-2.382900000000001 14.340000000000002
-2.3729000000000013 14.588999999999999
-2.3629000000000016 14.818000000000001
-2.3529 15.024000000000001
-2.3429 15.207999999999998
-2.3329000000000004 15.370000000000001
-2.3229000000000006 15.499000000000002
-2.312900000000001 15.614999999999997
-2.302900000000001 15.696000000000003
-2.2929000000000013 15.751999999999999
-2.2829000000000015 15.789
-2.2729 15.801999999999998
-2.2629 15.789000000000001
-2.2529000000000003 15.755999999999998
-2.2429000000000006 15.690999999999999
-2.2329000000000008 15.616000000000003
-2.222900000000001 15.513000000000002
-2.212900000000001 15.391000000000004
-2.2029000000000014 15.242999999999999
-2.1929 15.074
-2.1829 14.879
-2.1729000000000003 14.662000000000003
-2.1629000000000005 14.421
-2.1529000000000007 14.159
-2.142900000000001 13.866999999999999
-2.132900000000001 13.551
-2.1229000000000013 13.212
-2.1129000000000016 12.848999999999998
-2.1029 12.458000000000002
-2.0929 12.045999999999998
-2.0829000000000004 11.615
-2.0729000000000006 11.168000000000001
-2.062900000000001 10.705
-2.052900000000001 10.230000000000002
-2.0429000000000013 9.746000000000002
-2.0329000000000015 9.272
-2.0229 8.791999999999998
-2.0129 8.325
-2.0029000000000003 7.866999999999998
-1.9929000000000006 7.431
-1.9829000000000008 7.016999999999998
-1.972900000000001 6.629999999999999
-1.9629000000000012 6.271000000000001
-1.9529000000000014 5.944
-1.9428999999999998 5.653
-1.9329 5.398
-1.9229000000000003 5.175000000000001
-1.9129000000000005 4.986000000000001
-1.9029000000000007 4.835
-1.892900000000001 4.716
-1.8829000000000011 4.6290000000000004
-1.8729000000000013 4.569999999999999
-1.8629000000000016 4.535999999999998
-1.8529 4.527
-1.8429000000000002 4.5360000000000005
-1.8329000000000004 4.566
-1.8229000000000006 4.616
-1.8129000000000008 4.6739999999999995
-1.802900000000001 4.740000000000001
-1.7929000000000013 4.818000000000001
-1.7829000000000015 4.899000000000001
-1.7729 4.986000000000001
-1.7629000000000001 5.067
-1.7529000000000003 5.156999999999998
-1.7429000000000006 5.231
-1.7329000000000008 5.313999999999999
-1.722900000000001 5.382000000000001
-1.7129000000000012 5.438000000000001
-1.7029000000000014 5.491
-1.6928999999999998 5.529
-1.6829 5.562
-1.6729000000000003 5.582000000000002
-1.6629000000000005 5.592000000000001
-1.6529000000000007 5.589
-1.642900000000001 5.582999999999999
-1.6329000000000011 5.5680000000000005
-1.6229000000000013 5.547
-1.6129000000000016 5.521
-1.6029 5.485
-1.5929000000000002 5.456999999999999
-1.5829000000000004 5.414999999999999
-1.5729000000000006 5.379
-1.5629000000000008 5.348999999999998
-1.552900000000001 5.322000000000001
-1.5429000000000013 5.296
-1.5329000000000015 5.274
-1.5229 5.265000000000001
-1.5129000000000001 5.262
-1.5029000000000003 5.271000000000001
-1.4929000000000006 5.284999999999999
-1.4829000000000008 5.312
-1.472900000000001 5.349
-1.4629000000000012 5.391000000000001
-1.4529000000000014 5.446000000000001
-1.4428999999999998 5.506999999999999
-1.4329 5.574000000000001
-1.4229000000000003 5.652
-1.4129000000000005 5.727
-1.4029000000000007 5.813999999999999
-1.392900000000001 5.904000000000002
-1.3829000000000011 5.993999999999998
-1.3729000000000013 6.087000000000001
-1.3629000000000016 6.182999999999999
-1.3529 6.279999999999999
-1.3429000000000002 6.381
-1.3329000000000004 6.483
-1.3229000000000006 6.588000000000001
-1.3129000000000008 6.698
-1.302900000000001 6.813
-1.2929000000000013 6.926000000000001
-1.2829000000000015 7.05
-1.2729 7.175999999999999
-1.2629000000000001 7.310999999999999
-1.2529000000000003 7.446000000000001
-1.2429000000000006 7.590000000000001
-1.2329000000000008 7.7250000000000005
-1.222900000000001 7.869000000000001
-1.2129000000000012 8.007000000000001
-1.2029000000000014 8.145
-1.1928999999999998 8.268
-1.1829 8.389999999999999
-1.1729000000000003 8.498999999999999
-1.1629000000000005 8.596
-1.1529000000000007 8.679
-1.142900000000001 8.748000000000001
-1.1329000000000011 8.798000000000002
-1.1229000000000013 8.837000000000002
-1.1129000000000016 8.851
-1.1029 8.858
-1.0929000000000002 8.836
-1.0829000000000004 8.810999999999998
-1.0729000000000006 8.772
-1.0629000000000008 8.724
-1.052900000000001 8.661000000000001
-1.0429000000000013 8.591999999999999
-1.0329000000000015 8.52
-1.0229 8.442000000000002
-1.0129000000000001 8.363000000000001
-1.0029000000000003 8.283999999999999
-0.9929000000000006 8.211
-0.9829000000000008 8.139000000000001
-0.972900000000001 8.076
-0.9629000000000012 8.013999999999998
-0.9529000000000014 7.967999999999998
-0.9428999999999998 7.922999999999998
-0.9329000000000001 7.8900000000000015
-0.9229000000000003 7.865999999999999
-0.9129000000000005 7.852999999999999
-0.9029000000000007 7.842000000000001
-0.8929000000000009 7.846
-0.8829000000000011 7.847999999999999
-0.8729000000000013 7.856999999999999
-0.8629000000000016 7.868999999999999
-0.8529 7.878000000000001
-0.8429000000000002 7.886
-0.8329000000000004 7.886999999999999
-0.8229000000000006 7.881000000000002
-0.8129000000000008 7.868999999999999
-0.8029000000000011 7.838000000000001
-0.7929000000000013 7.797
-0.7829000000000015 7.739999999999999
-0.7728999999999999 7.658999999999999
-0.7629000000000001 7.566
-0.7529000000000003 7.452000000000002
-0.7429000000000006 7.3149999999999995
-0.7329000000000008 7.1549999999999985
-0.722900000000001 6.972999999999999
-0.7129000000000012 6.772
-0.7029000000000014 6.548
-0.6928999999999998 6.303
-0.6829000000000001 6.042999999999999
-0.6729000000000003 5.769
-0.6629000000000005 5.481000000000001
-0.6529000000000007 5.177
-0.6429000000000009 4.866
-0.6329000000000011 4.550000000000001
-0.6229000000000013 4.231000000000001
-0.6129000000000016 3.912
-0.6029 3.594
-0.5929000000000002 3.2830000000000004
-0.5829000000000004 2.982
-0.5729000000000006 2.6910000000000003
-0.5629000000000008 2.4093000000000004
-0.5529000000000011 2.1429
-0.5429000000000013 1.8953000000000002
-0.5329000000000015 1.6636000000000002
-0.5228999999999999 1.4509000000000003
-0.5129000000000001 1.2573000000000003
-0.5029000000000003 1.0808999999999997
-0.49290000000000056 0.922
-0.4829000000000008 0.7812000000000002
-0.472900000000001 0.6567999999999999
-0.4629000000000012 0.5478
-0.4529000000000014 0.45359999999999995
-0.44289999999999985 0.3723
-0.43290000000000006 0.30360000000000004
-0.4229000000000003 0.24544000000000002
-0.4129000000000005 0.19685000000000005
-0.4029000000000007 0.15658
-0.3929000000000009 0.12348999999999997
-0.38290000000000113 0.09663
-0.37290000000000134 0.07492000000000001
-0.36290000000000155 0.05760000000000001
-0.3529 0.043910000000000005
-0.3429000000000002 0.033179999999999994
-0.3329000000000004 0.024846
-0.32290000000000063 0.018432999999999995
-0.31290000000000084 0.013557000000000001
-0.30290000000000106 0.009879
-0.29290000000000127 0.007134
-0.2829000000000015 0.005102999999999999
-0.2728999999999999 0.003615
-0.26290000000000013 0.0025366
-0.25290000000000035 0.0017639999999999997
-0.24290000000000056 0.0012158
-0.23290000000000077 0.0008292000000000002
-0.222900000000001 0.0005604000000000001
-0.2129000000000012 0.00037439999999999994
-0.2029000000000014 0.00024831
-0.19289999999999985 0.00016272
-0.18290000000000006 0.00010566
-0.17290000000000028 6.793000000000002e-05
-0.1629000000000005 4.324e-05
-0.1529000000000007 2.7239999999999993e-05
-0.14290000000000092 1.6992e-05
-0.13290000000000113 1.0491e-05
-0.12290000000000134 6.412000000000001e-06
-0.11290000000000155 3.878000000000001e-06
-0.10289999999999999 2.3231e-06
-0.0929000000000002 1.3771000000000003e-06
-0.08290000000000042 8.079e-07
-0.07290000000000063 4.6900000000000003e-07
-0.06290000000000084 2.6919999999999995e-07
-0.05290000000000106 1.5338000000000001e-07
-0.04290000000000127 8.622e-08
-0.032900000000001484 4.799999999999999e-08
-0.02289999999999992 2.649e-08
-0.012900000000000134 1.4455e-08
-0.0029000000000003467 7.791e-09
0.00709999999999944 4.161000000000001e-09
0.017099999999999227 2.1969e-09
0.027099999999999014 1.1478999999999997e-09
0.0370999999999988 5.928999999999999e-10
0.04709999999999859 3.027e-10
0.05710000000000015 1.524e-10
0.06709999999999994 7.611000000000001e-11
0.07709999999999972 3.780000000000001e-11
0.08709999999999951 1.7996999999999996e-11
0.0970999999999993 8.751999999999998e-12
0.10709999999999908 3.709e-12
0.11709999999999887 1.3300000000000004e-12
0.12709999999999866 0.0
0.13709999999999845 0.0
0.1471 0.0
0.1570999999999998 0.0
0.16709999999999958 0.0
0.17709999999999937 0.0
0.18709999999999916 0.0
0.19709999999999894 0.0
0.20709999999999873 0.0
0.21709999999999852 0.0
0.22710000000000008 0.0
0.23709999999999987 0.0
0.24709999999999965 0.0
0.25709999999999944 0.0
0.2670999999999992 0.0
0.277099999999999 0.0
0.2870999999999988 0.0
0.2970999999999986 0.0
0.30710000000000015 0.0
0.31709999999999994 0.0
0.3270999999999997 0.0
0.3370999999999995 0.0
0.3470999999999993 0.0
0.3570999999999991 0.0
0.36709999999999887 0.0
0.37709999999999866 0.0
0.38709999999999845 0.0
0.3971 0.0
0.4070999999999998 0.0
0.4170999999999996 0.0
0.42709999999999937 0.0
0.43709999999999916 0.0
0.44709999999999894 0.0
0.45709999999999873 0.0
0.4670999999999985 0.0
0.4771000000000001 0.0
0.48709999999999987 0.0
0.49709999999999965 0.0
0.5070999999999994 0.0
0.5170999999999992 0.0
0.527099999999999 0.0
0.5370999999999988 0.0
0.5470999999999986 0.0
0.5571000000000002 0.0
0.5670999999999999 0.0
0.5770999999999997 0.0
0.5870999999999995 0.0
0.5970999999999993 0.0
0.6070999999999991 0.0
0.6170999999999989 0.0
0.6270999999999987 0.0
0.6370999999999984 0.0
0.6471 0.0
0.6570999999999998 0.0
0.6670999999999996 0.0
0.6770999999999994 0.0
0.6870999999999992 0.0
0.6970999999999989 0.0
0.7070999999999987 0.0
0.7170999999999985 0.0
0.7271000000000001 0.0
0.7370999999999999 0.0
0.7470999999999997 0.0
0.7570999999999994 0.0
0.7670999999999992 0.0
0.777099999999999 0.0
0.7870999999999988 0.0
0.7970999999999986 0.0
0.8071000000000002 0.0
0.8170999999999999 0.0
0.8270999999999997 0.0
0.8370999999999995 0.0
0.8470999999999993 0.0
0.8570999999999991 0.0
0.8670999999999989 0.0
0.8770999999999987 0.0
0.8870999999999984 0.0
0.8971 2.0250000000000002e-14
0.9070999999999998 4.2329999999999995e-14
0.9170999999999996 8.763e-14
0.9270999999999994 1.7921999999999997e-13
0.9370999999999992 3.9210000000000007e-13
0.9470999999999989 7.884e-13
0.9570999999999987 1.5675e-12
0.9670999999999985 3.2040000000000005e-12
0.9771000000000001 6.252e-12
0.9870999999999999 1.2089999999999999e-11
0.9970999999999997 2.331e-11
1.0070999999999994 4.413e-11
1.0170999999999992 8.271000000000002e-11
1.027099999999999 1.5359999999999997e-10
1.0370999999999988 2.82e-10
1.0470999999999986 5.13e-10
1.0571000000000002 9.234e-10
1.0671 1.6457e-09
1.0770999999999997 2.901e-09
1.0870999999999995 5.073e-09
1.0970999999999993 8.765999999999997e-09
1.107099999999999 1.5009000000000002e-08
1.1170999999999989 2.5439999999999995e-08
1.1270999999999987 4.2689999999999994e-08
1.1370999999999984 7.095e-08
1.1471 1.1682000000000002e-07
1.1570999999999998 1.9029e-07
1.1670999999999996 3.078e-07
1.1770999999999994 4.915999999999999e-07
1.1870999999999992 7.785000000000001e-07
1.197099999999999 1.2216e-06
1.2070999999999987 1.9017000000000004e-06
1.2170999999999985 2.922e-06
1.2271 4.461e-06
1.2370999999999999 6.743999999999999e-06
1.2470999999999997 1.0098000000000002e-05
1.2570999999999994 1.4991000000000001e-05
1.2670999999999992 2.2049999999999997e-05
1.277099999999999 3.2160000000000004e-05
1.2870999999999988 4.6500000000000005e-05
1.2970999999999986 6.663000000000002e-05
1.3071000000000002 9.462000000000001e-05
1.3171 0.00013325999999999998
1.3270999999999997 0.00018660000000000004
1.3370999999999995 0.0002578999999999999
1.3470999999999993 0.0003542999999999999
1.357099999999999 0.0004827
1.3670999999999989 0.0006522
1.3770999999999987 0.0008748
1.3870999999999984 0.001164
1.3971 0.0015368999999999997
1.4070999999999998 0.002013
1.4170999999999996 0.0026219999999999998
1.4270999999999994 0.0033839999999999994
1.4370999999999992 0.004338
1.447099999999999 0.005528999999999998
1.4570999999999987 0.006992999999999998
1.4670999999999985 0.008793
1.4771 0.01098
1.4870999999999999 0.013638
1.4970999999999997 0.016826
1.5070999999999994 0.02064
1.5170999999999992 0.025169999999999998
1.527099999999999 0.0306
1.5370999999999988 0.0369
1.5470999999999986 0.044340000000000004
1.5571000000000002 0.05300999999999999
1.5671 0.06312
1.5770999999999997 0.07476000000000001
1.5870999999999995 0.08815
1.5970999999999993 0.10353
1.607099999999999 0.1211
1.6170999999999989 0.14098000000000002
1.6270999999999987 0.16356
1.6370999999999984 0.18894000000000005
1.6471 0.21732000000000004
1.6570999999999998 0.24840000000000004
1.6670999999999996 0.2834999999999999
1.6770999999999994 0.3219
1.6870999999999992 0.3636000000000001
1.697099999999999 0.40919999999999995
1.7070999999999987 0.4587
1.7170999999999985 0.5115
1.7271 0.5673
1.7370999999999999 0.627
1.7470999999999997 0.6900999999999999
1.7570999999999994 0.7551000000000001
1.7670999999999992 0.8226
1.777099999999999 0.8922000000000001
1.7870999999999988 0.963
1.7970999999999986 1.0344000000000002
1.8071000000000002 1.1063999999999998
1.8171 1.1781
1.8270999999999997 1.2489
1.8370999999999995 1.3183999999999998
1.8470999999999993 1.3857000000000002
1.857099999999999 1.4514
1.8670999999999989 1.5102000000000002
1.8770999999999987 1.5714000000000001
1.8870999999999984 1.6244999999999998
1.8971 1.6739999999999997
1.9070999999999998 1.7157000000000004
1.9170999999999996 1.7556000000000003
1.9270999999999994 1.7873999999999999
1.9370999999999992 1.8144000000000002
1.947099999999999 1.833
1.9570999999999987 1.8459
1.9670999999999985 1.8470999999999997
1.9771 1.8463999999999998
1.9870999999999999 1.8365
1.9970999999999997 1.8182
2.0070999999999994 1.7937
2.0170999999999992 1.7607
2.027099999999999 1.7211000000000005
2.037099999999999 1.6725000000000003
2.0470999999999986 1.6173000000000002
2.0571 1.5606000000000002
2.0671 1.4991
2.0770999999999997 1.4310000000000003
2.0870999999999995 1.362
2.0970999999999993 1.2948
2.107099999999999 1.2248999999999999
2.117099999999999 1.1568
2.1270999999999987 1.0919
2.1370999999999984 1.0296
2.1471 0.9717000000000001
2.1571 0.9188999999999999
2.1670999999999996 0.8718
2.1770999999999994 0.8309999999999998
2.187099999999999 0.7962
2.197099999999999 0.7686
2.2070999999999987 0.7473
2.2170999999999985 0.7323000000000001
2.2271 0.7233000000000002
2.2371 0.7203
2.2470999999999997 0.7224000000000002
2.2570999999999994 0.7290000000000002
2.2670999999999992 0.7403000000000001
2.277099999999999 0.7551
2.287099999999999 0.7727999999999998
2.2970999999999986 0.7935
2.3071 0.816
2.3171 0.8402999999999998
2.3270999999999997 0.8651000000000001
2.3370999999999995 0.8909999999999998
2.3470999999999993 0.9164999999999999
2.357099999999999 0.9425999999999999
2.367099999999999 0.9683
2.3770999999999987 0.9926
2.3870999999999984 1.0164
2.3971 1.0394
2.4071 1.0612
2.4170999999999996 1.0815
2.4270999999999994 1.1014000000000002
2.437099999999999 1.1211
2.447099999999999 1.1394
2.4570999999999987 1.1589
2.4670999999999985 1.1781000000000001
2.4771 1.1982
2.4871 1.2200000000000002
2.4970999999999997 1.2431999999999999
2.5070999999999994 1.2696
2.5170999999999992 1.2987
2.527099999999999 1.3315
2.537099999999999 1.3674
2.5470999999999986 1.4079000000000002
2.5571 1.4521
2.5671 1.5006000000000002
2.5770999999999997 1.5522
2.5870999999999995 1.6095000000000002
2.5970999999999993 1.6698000000000004
2.607099999999999 1.731
2.617099999999999 1.7925000000000002
2.6270999999999987 1.8549999999999998
2.6370999999999984 1.9173
2.6471 1.9790999999999999
2.6571 2.0403000000000002
2.6670999999999996 2.1006
2.6770999999999994 2.1504
2.687099999999999 2.199
2.697099999999999 2.2439999999999998
2.7070999999999987 2.283
2.7170999999999985 2.313
2.7271 2.3369999999999997
2.7371 2.3579999999999997
2.7470999999999997 2.3740000000000006
2.7570999999999994 2.3760000000000003
2.7670999999999992 2.385
2.777099999999999 2.3789999999999996
2.787099999999999 2.3729999999999998
2.7970999999999986 2.3520000000000008
2.8071 2.3400000000000003
2.8171 2.316
2.8270999999999997 2.289
2.8370999999999995 2.2589999999999995
2.8470999999999993 2.2230000000000003
2.857099999999999 2.1810000000000005
2.867099999999999 2.1390000000000002
2.8770999999999987 2.0940000000000003
2.8870999999999984 2.0450999999999997
2.8971 1.9868999999999997
2.9071 1.9287999999999998
2.9170999999999996 1.8691000000000004
2.9270999999999994 1.8087
2.937099999999999 1.7413
2.947099999999999 1.6795000000000004
2.9570999999999987 1.6138999999999994
2.9670999999999985 1.5489
2.9771 1.4853
2.9871 1.4232
2.9970999999999997 1.3633
3.0070999999999994 1.3065000000000002
3.0170999999999992 1.2529
3.027099999999999 1.2038000000000002
3.037099999999999 1.1583
3.0470999999999986 1.1178000000000001
3.0571 1.0824
3.0671 1.0518
3.0770999999999997 1.0263
3.0870999999999995 1.0053
3.0970999999999993 0.9887999999999998
3.107099999999999 0.9768000000000001
3.117099999999999 0.9681000000000001
3.1270999999999987 0.9623999999999999
3.1370999999999984 0.9594000000000001
3.1471 0.9594000000000001
3.1571 0.9602
3.1670999999999996 0.9621000000000001
3.1770999999999994 0.9644999999999998
3.187099999999999 0.9674999999999998
3.197099999999999 0.9698999999999998
3.2070999999999987 0.9729000000000002
3.2170999999999985 0.9750000000000002
3.2271 0.9764999999999998
3.2371 0.9779999999999998
3.2470999999999997 0.9795
3.2570999999999994 0.9818999999999999
3.2670999999999992 0.9845999999999998
3.277099999999999 0.9879
3.287099999999999 0.9926999999999998
3.2970999999999986 0.9986999999999999
3.3071 1.0059
3.3171 1.0149
3.3270999999999997 1.0252999999999999
3.3370999999999995 1.0371
3.3470999999999993 1.0503000000000002
3.357099999999999 1.0643
3.367099999999999 1.0791
3.3770999999999987 1.0941
3.3870999999999984 1.1091
3.3971 1.1228000000000002
3.4071 1.1361000000000003
3.4170999999999996 1.1471999999999998
3.4270999999999994 1.1571
3.437099999999999 1.1643
3.447099999999999 1.1690000000000003
3.4570999999999987 1.1715000000000002
3.4670999999999985 1.1724
3.4771 1.1697000000000002
3.4871 1.1652000000000002
3.4970999999999997 1.1585999999999999
3.5070999999999994 1.1503
3.5170999999999992 1.1409
3.527099999999999 1.1307
3.537099999999999 1.1199
3.5470999999999986 1.1091
3.5571 1.0990000000000004
3.5671 1.0893
3.5770999999999997 1.0817999999999999
3.5870999999999995 1.0745999999999998
3.5970999999999993 1.0701000000000003
3.607100000000001 1.0668
3.617099999999999 1.0659
3.6271000000000004 1.0668
3.6370999999999984 1.0698
3.6471 1.0745999999999998
3.657099999999998 1.0803
3.6670999999999996 1.0875000000000001
3.6770999999999976 1.0952999999999997
3.687099999999999 1.1031000000000002
3.6971000000000007 1.1109
3.7070999999999987 1.1185000000000003
3.7171000000000003 1.1247
3.7270999999999983 1.1290999999999998
3.7371 1.1316000000000002
3.747099999999998 1.1323
3.7570999999999994 1.1298000000000001
3.767100000000001 1.1247
3.777099999999999 1.1169
3.7871000000000006 1.1058000000000001
3.7970999999999986 1.0917
3.8071 1.0752000000000002
3.817099999999998 1.0559999999999998
3.8270999999999997 1.0355999999999999
3.8370999999999977 1.0134
3.8470999999999993 0.99
3.857100000000001 0.9663000000000002
3.867099999999999 0.9431999999999998
3.8771000000000004 0.9203999999999998
3.8870999999999984 0.8991000000000001
3.8971 0.8793000000000001
3.907099999999998 0.8618999999999997
3.9170999999999996 0.8469000000000002
3.9270999999999976 0.8354999999999999
3.937099999999999 0.8262
3.9471000000000007 0.8201999999999998
3.9570999999999987 0.8175
3.9671000000000003 0.8180999999999999
3.9770999999999983 0.8214000000000001
3.9871 0.8271
3.997099999999998 0.8352
4.007099999999999 0.8451
4.017100000000001 0.8568000000000002
4.027099999999999 0.8696999999999998
4.037100000000001 0.8837999999999998
4.047099999999999 0.8982
4.0571 0.9129000000000002
4.067099999999998 0.9279
4.0771 0.9425999999999999
4.087099999999998 0.9567999999999998
4.097099999999999 0.9702000000000001
4.107100000000001 0.9837000000000002
4.117099999999999 0.9963000000000002
4.1271 1.0086
4.1370999999999984 1.0206000000000004
4.1471 1.0331999999999997
4.157099999999998 1.0460999999999998
4.1671 1.0593000000000001
4.177099999999998 1.0746
4.187099999999999 1.0908
4.197100000000001 1.1088000000000002
4.207099999999999 1.1286
4.2171 1.1507999999999998
4.227099999999998 1.1744999999999999
4.2371 1.2012
4.247099999999998 1.2291000000000003
4.257099999999999 1.2593999999999999
4.267100000000001 1.2903000000000002
4.277099999999999 1.3218000000000003
4.287100000000001 1.3535999999999995
4.297099999999999 1.3841999999999999
4.3071 1.414
4.317099999999998 1.4412000000000003
4.3271 1.4648999999999999
4.337099999999998 1.4852999999999998
4.347099999999999 1.5020000000000002
4.357100000000001 1.5131999999999999
4.367099999999999 1.5195
4.3771 1.5212999999999999
4.3870999999999984 1.5176999999999996
4.3971 1.5092999999999999
4.407099999999998 1.4970000000000003
4.4171 1.4798999999999995
4.427099999999998 1.4607
4.437099999999999 1.4383
4.447100000000001 1.4145
4.457099999999999 1.3892999999999998
4.4671 1.3647000000000002
4.477099999999998 1.3405
4.4871 1.3173
4.497099999999998 1.2960000000000003
4.507099999999999 1.2773999999999996
4.517100000000001 1.2615
4.527099999999999 1.2489000000000003
4.537100000000001 1.2394999999999998
4.547099999999999 1.2333
4.5571 1.2309
4.567099999999998 1.2319
4.5771 1.2363
4.587099999999998 1.2439999999999998
4.597099999999999 1.2555
4.607100000000001 1.2687
4.617099999999999 1.2862999999999998
4.6271 1.3057999999999998
4.6370999999999984 1.3282
4.6471 1.3536
4.657099999999998 1.3815000000000002
4.6671 1.4124
4.677099999999998 1.4462999999999995
4.687099999999999 1.4828999999999997
4.697100000000001 1.5218999999999994
4.707099999999999 1.5639000000000005
4.7171 1.6082000000000005
4.727099999999998 1.6546999999999998
4.7371 1.7031999999999996
4.747099999999998 1.7533000000000003
4.757099999999999 1.8019999999999996
4.767100000000001 1.8540000000000008
4.777099999999999 1.908
4.787100000000001 1.9530000000000003
4.797099999999999 1.9990000000000008
4.8071 2.0430000000000006
4.817099999999998 2.0790000000000006
4.8271 2.1149999999999993
4.837099999999998 2.1449999999999996
4.847099999999999 2.1700000000000004
4.857100000000001 2.1889999999999996
4.867099999999999 2.1999999999999997
4.8771 2.2079999999999997
4.8870999999999984 2.2119999999999997
4.8971 2.2099999999999995
4.907099999999998 2.204999999999999
4.9171 2.194
4.927099999999998 2.187
4.937099999999999 2.173
4.947100000000001 2.1580000000000004
4.957099999999999 2.149
4.9671 2.139
4.977099999999998 2.127
4.9871 2.122
4.997099999999998 2.114
5.007099999999999 2.109
5.017100000000001 2.108
5.027099999999999 2.1060000000000003
5.037100000000001 2.1060000000000003
5.047099999999999 2.105
5.0571 2.104
5.067099999999998 2.103
5.0771 2.097
5.087099999999998 2.091
5.097099999999999 2.0820000000000003
5.107100000000001 2.0660000000000003
5.117099999999999 2.0480000000000005
5.1271 2.0240000000000005
5.1370999999999984 1.997
5.1471 1.9690000000000005
5.157099999999998 1.9320000000000002
5.1671 1.8940000000000003
5.177099999999998 1.8494000000000002
5.187099999999999 1.8008999999999997
5.197100000000001 1.752
5.207099999999999 1.6992
5.2171 1.6440000000000001
5.227099999999998 1.5871
5.2371 1.5286
5.247099999999998 1.4693999999999998
5.257099999999999 1.4094
5.267100000000001 1.3490000000000004
5.277099999999999 1.2888
5.287100000000001 1.2287999999999997
5.297099999999999 1.1699000000000002
5.3071 1.1118999999999997
5.317099999999998 1.055
5.3271 0.9993000000000002
5.337099999999998 0.9457000000000003
5.347099999999999 0.8931000000000001
5.357100000000001 0.8425
5.367099999999999 0.7938000000000002
5.3771 0.7464999999999999
5.3870999999999984 0.7011
5.3971 0.6575000000000002
5.407099999999998 0.6153
5.4171 0.5748000000000001
5.427099999999998 0.5360000000000001
5.437099999999999 0.4988000000000001
5.447100000000001 0.46319999999999995
5.457099999999999 0.4292
5.4671 0.39649999999999996
5.477099999999998 0.3654999999999999
5.4871 0.33599999999999997
5.497099999999998 0.30810000000000004
5.507099999999999 0.2816
5.517100000000001 0.25680000000000003
5.527099999999999 0.23359999999999997
5.537100000000001 0.21150000000000002
5.547099999999999 0.1914
5.5571 0.17215999999999998
5.567099999999998 0.15451
5.5771 0.1381
5.587099999999998 0.12293999999999998
5.597099999999999 0.10896
5.607100000000001 0.09612
5.617099999999999 0.08436000000000002
5.6271 0.07365
5.6370999999999984 0.06391
5.6471 0.05511999999999999
5.657099999999998 0.04724
5.6671 0.04018000000000001
5.677099999999998 0.03398
5.687099999999999 0.028489999999999998
5.697100000000001 0.02371
5.707099999999999 0.019565
5.7171 0.016011
5.727099999999998 0.012991999999999997
5.7371 0.010450000000000001
5.747099999999998 0.008329000000000001
5.757099999999999 0.006576000000000001
5.767100000000001 0.005145
5.777099999999999 0.003986000000000001
5.787100000000001 0.0030600000000000007
5.797099999999999 0.002323
5.8071 0.001749
5.817099999999998 0.0013030000000000001
5.8271 0.0009611000000000001
5.837099999999998 0.0007016
5.847099999999999 0.0005067
5.857100000000001 0.0003623
5.867099999999999 0.00025659999999999995
5.8771 0.00017978000000000002
5.8870999999999984 0.00012464
5.8971 8.550999999999997e-05
5.907099999999998 5.804999999999999e-05
5.9171 3.903e-05
5.927099999999998 2.593e-05
5.937099999999999 1.7049000000000002e-05
5.947100000000001 1.1101000000000001e-05
5.957099999999999 7.1469999999999995e-06
