-22.402900000000002 -0.0008702999999999998
-22.3929 -0.0006066000000000002
-22.3829 -0.00041880000000000004
-22.3729 -0.0002865
-22.362900000000003 -0.0001941
-22.352899999999998 -0.00013038
-22.3429 -8.673e-05
-22.332900000000002 -5.718000000000001e-05
-22.3229 -3.735e-05
-22.3129 -2.4189999999999997e-05
-22.3029 -1.5496999999999997e-05
-22.292900000000003 -9.84e-06
-22.2829 -6.194e-06
-22.2729 -3.861000000000001e-06
-22.262900000000002 -2.3849999999999996e-06
-22.2529 -1.4585999999999997e-06
-22.2429 -8.838e-07
-22.2329 -5.304000000000001e-07
-22.222900000000003 -3.156e-07
-22.2129 -1.8559e-07
-22.2029 -1.0834999999999999e-07
-22.1929 -6.261e-08
-22.1829 -3.582e-08
-22.1729 -2.031e-08
-22.1629 -1.1397000000000001e-08
-22.152900000000002 -6.331e-09
-22.1429 -3.4830000000000005e-09
-22.1329 -1.8993e-09
-22.1229 -1.025e-09
-22.112900000000003 -5.475e-10
-22.102899999999998 -2.8960000000000006e-10
-22.0929 -1.5151999999999998e-10
-22.082900000000002 -7.831e-11
-22.0729 -4.008e-11
-22.0629 -2.0069999999999998e-11
-22.0529 -9.927e-12
-22.042900000000003 -4.824e-12
-22.0329 -2.277e-12
-22.0229 -1.0382000000000002e-12
-22.012900000000002 -4.811999999999999e-13
-22.0029 -2.19e-13
-21.9929 -8.586e-14
-21.9829 -2.943e-14
-21.972900000000003 -2.949e-15
-21.9629 -0.0
-21.9529 -0.0
-21.9429 -0.0
-21.9329 -0.0
-21.9229 -0.0
-21.9129 -0.0
-21.902900000000002 -0.0
-21.8929 -0.0
-21.8829 -0.0
-21.8729 -0.0
-21.862900000000003 -0.0
-21.852899999999998 -0.0
-21.8429 -0.0
-21.832900000000002 -0.0
-21.8229 -0.0
-21.8129 -0.0
-21.8029 -0.0
-21.792900000000003 -0.0
-21.7829 -0.0
-21.7729 -0.0
-21.762900000000002 -0.0
-21.7529 -0.0
-21.7429 -0.0
-21.7329 -0.0
-21.722900000000003 -0.0
-21.7129 -0.0
-21.7029 -0.0
-21.6929 -0.0
-21.6829 -0.0
-21.6729 -0.0
-21.6629 -0.0
-21.652900000000002 -0.0
-21.6429 -0.0
-21.6329 -0.0
-21.6229 -0.0
-21.612900000000003 -0.0
-21.602899999999998 -0.0
-21.5929 -0.0
-21.582900000000002 -0.0
-21.5729 -0.0
-21.5629 -0.0
-21.5529 -0.0
-21.542900000000003 -0.0
-21.5329 -0.0
-21.5229 -0.0
-21.512900000000002 -0.0
-21.5029 -0.0
-21.4929 -0.0
-21.4829 -0.0
-21.472900000000003 -0.0
-21.4629 -0.0
-21.4529 -0.0
-21.4429 -0.0
-21.4329 -0.0
-21.4229 -0.0
-21.4129 -0.0
-21.402900000000002 -0.0
-21.3929 -0.0
-21.3829 -0.0
-21.3729 -0.0
-21.362900000000003 -0.0
-21.352899999999998 -0.0
-21.3429 -0.0
-21.332900000000002 -0.0
-21.3229 -0.0
-21.3129 -0.0
-21.3029 -0.0
-21.292900000000003 -0.0
-21.2829 -0.0
-21.2729 -0.0
-21.262900000000002 -0.0
-21.2529 -0.0
-21.2429 -0.0
-21.2329 -0.0
-21.222900000000003 -0.0
-21.2129 -0.0
-21.2029 -0.0
-21.1929 -0.0
-21.1829 -0.0
-21.1729 -0.0
-21.1629 -0.0
-21.152900000000002 -0.0
-21.1429 -0.0
-21.1329 -0.0
-21.1229 -0.0
-21.112900000000003 -0.0
-21.102899999999998 -0.0
-21.0929 -0.0
-21.082900000000002 -0.0
-21.0729 -0.0
-21.0629 -0.0
-21.0529 -0.0
-21.042900000000003 -0.0
-21.0329 -0.0
-21.0229 -0.0
-21.012900000000002 -0.0
-21.0029 -0.0
-20.9929 -0.0
-20.9829 -0.0
-20.972900000000003 -0.0
-20.9629 -0.0
-20.9529 -0.0
-20.9429 -0.0
-20.9329 -0.0
-20.9229 -0.0
-20.9129 -0.0
-20.902900000000002 -0.0
-20.8929 -0.0
-20.8829 -0.0
-20.8729 -0.0
-20.862900000000003 -0.0
-20.852899999999998 -0.0
-20.8429 -0.0
-20.832900000000002 -0.0
-20.8229 -0.0
-20.8129 -0.0
-20.8029 -0.0
-20.792900000000003 -0.0
-20.7829 -0.0
-20.7729 -0.0
-20.762900000000002 -0.0
-20.7529 -0.0
-20.7429 -0.0
-20.7329 -0.0
-20.722900000000003 -0.0
-20.7129 -0.0
-20.7029 -0.0
-20.6929 -0.0
-20.6829 -0.0
-20.6729 -0.0
-20.6629 -0.0
-20.652900000000002 -0.0
-20.6429 -0.0
-20.6329 -0.0
-20.6229 -0.0
-20.612900000000003 -0.0
-20.602899999999998 -0.0
-20.5929 -0.0
-20.582900000000002 -0.0
-20.5729 -0.0
-20.5629 -0.0
-20.5529 -0.0
-20.542900000000003 -0.0
-20.5329 -0.0
-20.5229 -0.0
-20.512900000000002 -0.0
-20.5029 -0.0
-20.4929 -0.0
-20.4829 -0.0
-20.472900000000003 -0.0
-20.4629 -0.0
-20.4529 -0.0
-20.4429 -0.0
-20.4329 -0.0
-20.4229 -0.0
-20.4129 -0.0
-20.402900000000002 -0.0
-20.3929 -0.0
-20.3829 -0.0
-20.3729 -0.0
-20.3629 -0.0
-20.3529 -0.0
-20.3429 -0.0
-20.332900000000002 -0.0
-20.3229 -0.0
-20.3129 -0.0
-20.3029 -0.0
-20.2929 -0.0
-20.2829 -0.0
-20.2729 -0.0
-20.262900000000002 -1.1541999999999998e-13
-20.2529 -2.424e-13
-20.2429 -5.034000000000001e-13
-20.2329 -1.3141999999999998e-12
-20.222900000000003 -2.6850000000000004e-12
-20.2129 -5.441e-12
-20.2029 -1.0896e-11
-20.1929 -2.161e-11
-20.1829 -4.2290000000000003e-11
-20.1729 -8.204000000000001e-11
-20.1629 -1.5831000000000002e-10
-20.152900000000002 -3.009e-10
-20.1429 -5.664e-10
-20.1329 -1.0548000000000001e-09
-20.1229 -1.941e-09
-20.1129 -3.537e-09
-20.1029 -6.377e-09
-20.0929 -1.1377999999999998e-08
-20.082900000000002 -2.01e-08
-20.0729 -3.5069999999999996e-08
-20.0629 -6.071999999999999e-08
-20.0529 -1.0385000000000002e-07
-20.0429 -1.7574999999999997e-07
-20.0329 -2.949000000000001e-07
-20.0229 -4.891999999999999e-07
-20.012900000000002 -8.028000000000001e-07
-20.0029 -1.3049e-06
-19.9929 -2.0970000000000004e-06
-19.9829 -3.348e-06
-19.972900000000003 -5.270999999999999e-06
-19.9629 -8.225e-06
-19.9529 -1.2710999999999999e-05
-19.9429 -1.9409999999999995e-05
-19.9329 -2.946e-05
-19.9229 -4.416000000000001e-05
-19.9129 -6.562e-05
-19.902900000000002 -9.654000000000001e-05
-19.8929 -0.00014066
-19.8829 -0.00020269999999999994
-19.8729 -0.00029009999999999995
-19.8629 -0.00041109999999999986
-19.8529 -0.0005773
-19.8429 -0.0008018999999999999
-19.832900000000002 -0.0011053999999999999
-19.8229 -0.0015099999999999998
-19.8129 -0.0020429999999999997
-19.8029 -0.0027479999999999996
-19.7929 -0.0036510000000000006
-19.7829 -0.0048189999999999995
-19.7729 -0.0063089999999999995
-19.762900000000002 -0.008188999999999998
-19.7529 -0.010537000000000001
-19.7429 -0.013456999999999997
-19.7329 -0.017062
-19.722900000000003 -0.021439999999999997
-19.7129 -0.02676
-19.7029 -0.0331
-19.6929 -0.04066
-19.6829 -0.04956
-19.6729 -0.06001000000000001
-19.6629 -0.07207
-19.652900000000002 -0.08591999999999998
-19.6429 -0.10168
-19.6329 -0.11947999999999998
-19.6229 -0.13933
-19.6129 -0.16129999999999997
-19.6029 -0.18549
-19.5929 -0.2115
-19.582900000000002 -0.2397
-19.5729 -0.2699
-19.5629 -0.30090000000000006
-19.5529 -0.33409999999999995
-19.5429 -0.36799999999999994
-19.5329 -0.40290000000000004
-19.5229 -0.43820000000000003
-19.512900000000002 -0.47320000000000007
-19.5029 -0.5085000000000001
-19.4929 -0.5432999999999999
-19.4829 -0.5771999999999999
-19.472900000000003 -0.611
-19.4629 -0.6432
-19.4529 -0.6747000000000001
-19.4429 -0.7054
-19.4329 -0.7351
-19.4229 -0.7649999999999999
-19.4129 -0.7947
-19.402900000000002 -0.8241999999999998
-19.3929 -0.8542
-19.3829 -0.8855000000000002
-19.3729 -0.9175000000000001
-19.3629 -0.9506
-19.3529 -0.9855999999999998
-19.3429 -1.0218999999999998
-19.332900000000002 -1.0594999999999999
-19.3229 -1.0981999999999998
-19.3129 -1.1384999999999998
-19.3029 -1.1789
-19.2929 -1.2197
-19.2829 -1.2602
-19.2729 -1.2998999999999996
-19.262900000000002 -1.3381999999999998
-19.2529 -1.3749
-19.2429 -1.4092
-19.2329 -1.441
-19.222900000000003 -1.4695
-19.2129 -1.4954
-19.2029 -1.518
-19.1929 -1.5376
-19.1829 -1.5547000000000002
-19.1729 -1.5694
-19.1629 -1.5819
-19.152900000000002 -1.5929
-19.1429 -1.6035
-19.1329 -1.6141999999999999
-19.1229 -1.6260000000000001
-19.1129 -1.6379000000000001
-19.1029 -1.6524999999999999
-19.0929 -1.6743000000000001
-19.082900000000002 -1.6958
-19.0729 -1.7233000000000003
-19.0629 -1.7599999999999996
-19.0529 -1.7981
-19.0429 -1.8446
-19.0329 -1.8945999999999998
-19.0229 -1.9522
-19.012900000000002 -2.0129
-19.0029 -2.085
-18.9929 -2.1540000000000004
-18.9829 -2.2300000000000004
-18.972900000000003 -2.309
-18.9629 -2.3850000000000007
-18.9529 -2.4659999999999997
-18.9429 -2.546
-18.9329 -2.625
-18.9229 -2.6999999999999997
-18.9129 -2.768
-18.902900000000002 -2.8350000000000004
-18.8929 -2.895999999999999
-18.8829 -2.9520000000000004
-18.8729 -3.003
-18.8629 -3.051
-18.8529 -3.091000000000001
-18.8429 -3.1290000000000004
-18.832900000000002 -3.1610000000000005
-18.8229 -3.1900000000000004
-18.8129 -3.218000000000001
-18.8029 -3.2380000000000004
-18.7929 -3.2580000000000005
-18.7829 -3.2790000000000004
-18.7729 -3.297
-18.762900000000002 -3.316
-18.7529 -3.3329999999999997
-18.7429 -3.350999999999999
-18.7329 -3.3729999999999998
-18.722900000000003 -3.390999999999999
-18.7129 -3.416000000000001
-18.7029 -3.44
-18.6929 -3.4619999999999997
-18.6829 -3.4879999999999995
-18.6729 -3.5140000000000007
-18.6629 -3.5389999999999993
-18.652900000000002 -3.5619999999999994
-18.6429 -3.587999999999999
-18.6329 -3.606999999999999
-18.6229 -3.623999999999999
-18.6129 -3.6409999999999987
-18.6029 -3.654
-18.5929 -3.662000000000001
-18.582900000000002 -3.669
-18.5729 -3.671
-18.5629 -3.673999999999999
-18.5529 -3.6700000000000004
-18.5429 -3.66
-18.5329 -3.647
-18.5229 -3.6329999999999996
-18.512900000000002 -3.6180000000000003
-18.5029 -3.600000000000001
-18.4929 -3.579
-18.4829 -3.5579999999999994
-18.472900000000003 -3.540000000000001
-18.4629 -3.519000000000001
-18.4529 -3.5010000000000012
-18.4429 -3.4850000000000003
-18.4329 -3.472999999999999
-18.4229 -3.4549999999999996
-18.4129 -3.4380000000000006
-18.402900000000002 -3.431999999999999
-18.3929 -3.428
-18.3829 -3.423000000000001
-18.3729 -3.427999999999999
-18.3629 -3.423
-18.3529 -3.4310000000000014
-18.3429 -3.4379999999999993
-18.332900000000002 -3.4400000000000004
-18.3229 -3.447000000000001
-18.3129 -3.4529999999999994
-18.3029 -3.4579999999999997
-18.2929 -3.4580000000000006
-18.2829 -3.4559999999999995
-18.2729 -3.4509999999999996
-18.262900000000002 -3.438
-18.2529 -3.423
-18.2429 -3.404
-18.2329 -3.377
-18.222900000000003 -3.352999999999999
-18.2129 -3.3200000000000007
-18.2029 -3.2860000000000005
-18.1929 -3.2539999999999996
-18.1829 -3.224
-18.1729 -3.1950000000000003
-18.1629 -3.170999999999999
-18.152900000000002 -3.1530000000000005
-18.1429 -3.1439999999999992
-18.1329 -3.144
-18.1229 -3.1550000000000002
-18.1129 -3.182000000000001
-18.1029 -3.217000000000001
-18.0929 -3.271
-18.082900000000002 -3.3429999999999986
-18.0729 -3.4290000000000003
-18.0629 -3.533000000000001
-18.0529 -3.659000000000001
-18.0429 -3.806
-18.0329 -3.9749999999999996
-18.0229 -4.169
-18.012900000000002 -4.378
-18.0029 -4.62
-17.9929 -4.882000000000001
-17.9829 -5.167999999999999
-17.972900000000003 -5.484
-17.9629 -5.821000000000001
-17.9529 -6.184000000000001
-17.9429 -6.565999999999999
-17.9329 -6.977999999999997
-17.9229 -7.399999999999999
-17.9129 -7.841999999999999
-17.902900000000002 -8.302000000000001
-17.8929 -8.764
-17.8829 -9.235999999999999
-17.8729 -9.706
-17.8629 -10.175
-17.8529 -10.635000000000002
-17.8429 -11.081
-17.832900000000002 -11.505999999999998
-17.8229 -11.911999999999999
-17.8129 -12.289999999999997
-17.8029 -12.639000000000003
-17.7929 -12.956
-17.7829 -13.237999999999998
-17.7729 -13.49
-17.762900000000002 -13.707999999999998
-17.7529 -13.899
-17.7429 -14.059000000000001
-17.7329 -14.196
-17.722900000000003 -14.314999999999998
-17.7129 -14.419999999999998
-17.7029 -14.522999999999998
-17.6929 -14.622
-17.6829 -14.722999999999999
-17.6729 -14.836
-17.6629 -14.966000000000001
-17.652900000000002 -15.111000000000004
-17.6429 -15.282
-17.6329 -15.480999999999998
-17.6229 -15.700999999999999
-17.6129 -15.943000000000001
-17.6029 -16.209999999999997
-17.5929 -16.499000000000002
-17.582900000000002 -16.802999999999997
-17.5729 -17.104000000000003
-17.5629 -17.417999999999996
-17.5529 -17.740000000000002
-17.5429 -18.035999999999998
-17.5329 -18.31
-17.5229 -18.587
-17.512900000000002 -18.801
-17.5029 -18.982000000000006
-17.4929 -19.128
-17.4829 -19.203
-17.472900000000003 -19.184
-17.4629 -19.118
-17.4529 -18.974000000000004
-17.4429 -18.705000000000002
-17.4329 -18.363
-17.4229 -17.942
-17.4129 -17.415
-17.402900000000002 -16.831
-17.3929 -16.136000000000003
-17.3829 -15.402
-17.3729 -14.561999999999998
-17.3629 -13.686
-17.3529 -12.762
-17.3429 -11.809999999999997
-17.332900000000002 -10.843
-17.3229 -9.873
-17.3129 -8.913
-17.3029 -7.981
-17.2929 -7.0809999999999995
-17.2829 -6.226999999999999
-17.2729 -5.431000000000002
-17.262900000000002 -4.688
-17.2529 -4.011
-17.2429 -3.4009999999999994
-17.2329 -2.856
-17.222900000000003 -2.3754
-17.2129 -1.9564000000000001
-17.2029 -1.5976000000000006
-17.1929 -1.2896999999999998
-17.1829 -1.0315999999999999
-17.1729 -0.8173000000000001
-17.1629 -0.6410999999999999
-17.152900000000002 -0.49770000000000003
-17.1429 -0.38269999999999993
-17.1329 -0.2911
-17.1229 -0.21952999999999998
-17.1129 -0.16358999999999999
-17.1029 -0.12089
-17.0929 -0.08835
-17.082900000000002 -0.06393
-17.0729 -0.04581
-17.0629 -0.03248
-17.0529 -0.022787999999999996
-17.0429 -0.015851000000000004
-17.0329 -0.010888999999999998
-17.0229 -0.0074129999999999995
-17.012900000000002 -0.004995
-17.0029 -0.0033330000000000005
-16.9929 -0.0021986
-16.9829 -0.0014371999999999998
-16.972900000000003 -0.0009289999999999999
-16.9629 -0.0005946
-16.9529 -0.00037669999999999994
-16.9429 -0.00023614
-16.9329 -0.00014659999999999999
-16.9229 -9.002e-05
-16.9129 -5.4699999999999995e-05
-16.902900000000002 -3.292e-05
-16.8929 -1.961e-05
-16.8829 -1.1561999999999999e-05
-16.8729 -6.744999999999999e-06
-16.8629 -3.895e-06
-16.8529 -2.2261e-06
-16.8429 -1.2581e-06
-16.832900000000002 -7.044999999999999e-07
-16.8229 -3.9020000000000004e-07
-16.8129 -2.1398000000000004e-07
-16.8029 -1.1609000000000002e-07
-16.7929 -6.234e-08
-16.7829 -3.314e-08
-16.7729 -1.7420999999999998e-08
-16.762900000000002 -9.07e-09
-16.7529 -4.673e-09
-16.7429 -2.3822e-09
-16.7329 -1.2004999999999997e-09
-16.722900000000003 -5.958e-10
-16.7129 -2.8680000000000003e-10
-16.7029 -1.3398e-10
-16.6929 -5.503000000000001e-11
-16.6829 -2.3799999999999998e-11
-16.6729 -8.929e-12
-16.6629 -2.3041e-12
-16.652900000000002 -3.075e-13
-16.6429 -0.0
-16.6329 -0.0
-16.6229 -0.0
-16.6129 -0.0
-16.6029 -0.0
-16.5929 -0.0
-16.582900000000002 -0.0
-16.5729 -0.0
-16.5629 -0.0
-16.5529 -0.0
-16.5429 -0.0
-16.5329 -0.0
-16.5229 -0.0
-16.512900000000002 -0.0
-16.5029 -0.0
-16.4929 -0.0
-16.4829 -0.0
-16.472900000000003 -0.0
-16.4629 -0.0
-16.4529 -0.0
-16.4429 -0.0
-16.4329 -0.0
-16.4229 -0.0
-16.4129 -0.0
-16.402900000000002 -0.0
-16.3929 -0.0
-16.3829 -0.0
-16.3729 -0.0
-16.3629 -0.0
-16.3529 -0.0
-16.3429 -0.0
-16.332900000000002 -0.0
-16.3229 -0.0
-16.3129 -0.0
-16.3029 -0.0
-16.2929 -0.0
-16.2829 -0.0
-16.2729 -0.0
-16.262900000000002 -0.0
-16.2529 -0.0
-16.2429 -0.0
-16.2329 -0.0
-16.2229 -0.0
-16.2129 -0.0
-16.2029 -0.0
-16.1929 -0.0
-16.1829 -0.0
-16.172900000000002 -0.0
-16.1629 -0.0
-16.152900000000002 -0.0
-16.1429 -0.0
-16.1329 -0.0
-16.1229 -0.0
-16.1129 -0.0
-16.1029 -0.0
-16.0929 -0.0
-16.082900000000002 -0.0
-16.0729 -0.0
-16.0629 -0.0
-16.0529 -0.0
-16.0429 -0.0
-16.0329 -0.0
-16.0229 -0.0
-16.012900000000002 -0.0
-16.0029 -0.0
-15.9929 -0.0
-15.9829 -0.0
-15.972900000000001 -0.0
-15.962900000000001 -0.0
-15.9529 -0.0
-15.942900000000002 -0.0
-15.9329 -0.0
-15.9229 -0.0
-15.9129 -0.0
-15.9029 -0.0
-15.892900000000001 -0.0
-15.882900000000001 -0.0
-15.872900000000001 -0.0
-15.8629 -0.0
-15.852900000000002 -0.0
-15.8429 -0.0
-15.8329 -0.0
-15.8229 -0.0
-15.8129 -0.0
-15.802900000000001 -0.0
-15.792900000000001 -0.0
-15.782900000000001 -0.0
-15.7729 -0.0
-15.7629 -0.0
-15.7529 -0.0
-15.7429 -0.0
-15.7329 -0.0
-15.722900000000001 -0.0
-15.712900000000001 -0.0
-15.7029 -0.0
-15.692900000000002 -0.0
-15.6829 -0.0
-15.6729 -0.0
-15.6629 -0.0
-15.6529 -0.0
-15.642900000000001 -0.0
-15.632900000000001 -0.0
-15.622900000000001 -0.0
-15.6129 -0.0
-15.602900000000002 -0.0
-15.5929 -0.0
-15.5829 -0.0
-15.5729 -0.0
-15.5629 -0.0
-15.552900000000001 -0.0
-15.542900000000001 -0.0
-15.532900000000001 -0.0
-15.5229 -0.0
-15.5129 -0.0
-15.5029 -0.0
-15.4929 -0.0
-15.4829 -0.0
-15.472900000000001 -0.0
-15.462900000000001 -0.0
-15.4529 -0.0
-15.442900000000002 -0.0
-15.4329 -0.0
-15.4229 -0.0
-15.4129 -0.0
-15.4029 -0.0
-15.392900000000001 -0.0
-15.382900000000001 -0.0
-15.372900000000001 -0.0
-15.3629 -0.0
-15.352900000000002 -0.0
-15.3429 -0.0
-15.3329 -0.0
-15.3229 -0.0
-15.3129 -0.0
-15.302900000000001 -0.0
-15.292900000000001 -0.0
-15.282900000000001 -0.0
-15.2729 -0.0
-15.2629 -0.0
-15.2529 -0.0
-15.2429 -0.0
-15.2329 -0.0
-15.222900000000001 -0.0
-15.212900000000001 -0.0
-15.2029 -0.0
-15.192900000000002 -0.0
-15.1829 -0.0
-15.1729 -0.0
-15.1629 -0.0
-15.1529 -0.0
-15.142900000000001 -0.0
-15.132900000000001 -0.0
-15.122900000000001 -0.0
-15.1129 -0.0
-15.102900000000002 -0.0
-15.0929 -0.0
-15.0829 -0.0
-15.0729 -0.0
-15.0629 -0.0
-15.052900000000001 -0.0
-15.042900000000001 -0.0
-15.032900000000001 -0.0
-15.0229 -0.0
-15.0129 -0.0
-15.0029 -0.0
-14.9929 -0.0
-14.9829 -0.0
-14.972900000000001 -0.0
-14.962900000000001 -0.0
-14.9529 -0.0
-14.942900000000002 -0.0
-14.9329 -0.0
-14.9229 -0.0
-14.9129 -0.0
-14.9029 -0.0
-14.892900000000001 -0.0
-14.882900000000001 -0.0
-14.872900000000001 -0.0
-14.8629 -0.0
-14.852900000000002 -0.0
-14.8429 -0.0
-14.8329 -0.0
-14.8229 -0.0
-14.8129 -0.0
-14.802900000000001 -0.0
-14.792900000000001 -0.0
-14.782900000000001 -0.0
-14.7729 -0.0
-14.7629 -0.0
-14.7529 -0.0
-14.7429 -0.0
-14.7329 -0.0
-14.722900000000001 -0.0
-14.712900000000001 -0.0
-14.7029 -0.0
-14.692900000000002 -0.0
-14.6829 -0.0
-14.6729 -0.0
-14.6629 -0.0
-14.6529 -0.0
-14.642900000000001 -0.0
-14.632900000000001 -0.0
-14.622900000000001 -0.0
-14.6129 -0.0
-14.602900000000002 -0.0
-14.5929 -0.0
-14.5829 -0.0
-14.5729 -0.0
-14.5629 -0.0
-14.552900000000001 -0.0
-14.542900000000001 -0.0
-14.532900000000001 -0.0
-14.5229 -0.0
-14.5129 -0.0
-14.5029 -0.0
-14.4929 -0.0
-14.4829 -0.0
-14.472900000000001 -0.0
-14.462900000000001 -0.0
-14.4529 -0.0
-14.442900000000002 -0.0
-14.4329 -0.0
-14.4229 -0.0
-14.4129 -0.0
-14.4029 -0.0
-14.392900000000001 -0.0
-14.382900000000001 -0.0
-14.372900000000001 -0.0
-14.3629 -0.0
-14.3529 -0.0
-14.3429 -0.0
-14.3329 -0.0
-14.3229 -0.0
-14.3129 -0.0
-14.302900000000001 -0.0
-14.292900000000001 -0.0
-14.282900000000001 -0.0
-14.2729 -0.0
-14.2629 -0.0
-14.2529 -0.0
-14.2429 -0.0
-14.2329 -0.0
-14.222900000000001 -0.0
-14.212900000000001 -0.0
-14.202900000000001 -0.0
-14.192900000000002 -0.0
-14.1829 -0.0
-14.1729 -0.0
-14.1629 -0.0
-14.1529 -0.0
-14.142900000000001 -0.0
-14.132900000000001 -0.0
-14.122900000000001 -0.0
-14.1129 -0.0
-14.1029 -0.0
-14.0929 -0.0
-14.0829 -0.0
-14.0729 -0.0
-14.0629 -0.0
-14.052900000000001 -0.0
-14.042900000000001 -0.0
-14.032900000000001 -0.0
-14.0229 -0.0
-14.0129 -0.0
-14.0029 -0.0
-13.9929 -0.0
-13.9829 -0.0
-13.972900000000001 -0.0
-13.962900000000001 -0.0
-13.952900000000001 -0.0
-13.942900000000002 -0.0
-13.9329 -0.0
-13.9229 -0.0
-13.9129 -0.0
-13.9029 -0.0
-13.892900000000001 -0.0
-13.882900000000001 -0.0
-13.872900000000001 -0.0
-13.8629 -0.0
-13.8529 -0.0
-13.8429 -0.0
-13.8329 -0.0
-13.8229 -0.0
-13.8129 -0.0
-13.802900000000001 -0.0
-13.792900000000001 -0.0
-13.782900000000001 -0.0
-13.7729 -0.0
-13.7629 -0.0
-13.7529 -0.0
-13.7429 -0.0
-13.7329 -0.0
-13.722900000000001 -0.0
-13.712900000000001 -0.0
-13.702900000000001 -0.0
-13.692900000000002 -0.0
-13.6829 -0.0
-13.6729 -0.0
-13.6629 -0.0
-13.6529 -0.0
-13.642900000000001 -0.0
-13.632900000000001 -0.0
-13.622900000000001 -0.0
-13.6129 -0.0
-13.6029 -0.0
-13.5929 -0.0
-13.5829 -0.0
-13.5729 -0.0
-13.5629 -0.0
-13.552900000000001 -0.0
-13.542900000000001 -0.0
-13.532900000000001 -0.0
-13.5229 -0.0
-13.5129 -0.0
-13.5029 -0.0
-13.4929 -0.0
-13.4829 -0.0
-13.472900000000001 -0.0
-13.462900000000001 -0.0
-13.452900000000001 -0.0
-13.442900000000002 -0.0
-13.4329 -0.0
-13.4229 -0.0
-13.4129 -0.0
-13.4029 -0.0
-13.392900000000001 -0.0
-13.382900000000001 -0.0
-13.372900000000001 -0.0
-13.3629 -0.0
-13.3529 -0.0
-13.3429 -0.0
-13.3329 -0.0
-13.3229 -0.0
-13.3129 -0.0
-13.302900000000001 -0.0
-13.292900000000001 -0.0
-13.282900000000001 -0.0
-13.2729 -0.0
-13.2629 -0.0
-13.2529 -0.0
-13.2429 -0.0
-13.2329 -0.0
-13.222900000000001 -0.0
-13.212900000000001 -0.0
-13.202900000000001 -0.0
-13.192900000000002 -0.0
-13.1829 -0.0
-13.1729 -0.0
-13.1629 -0.0
-13.1529 -0.0
-13.142900000000001 -0.0
-13.132900000000001 -0.0
-13.122900000000001 -0.0
-13.1129 -0.0
-13.1029 -0.0
-13.0929 -0.0
-13.0829 -0.0
-13.0729 -0.0
-13.0629 -0.0
-13.052900000000001 -0.0
-13.042900000000001 -0.0
-13.032900000000001 -0.0
-13.0229 -0.0
-13.0129 -0.0
-13.0029 -0.0
-12.9929 -0.0
-12.9829 -0.0
-12.972900000000001 -0.0
-12.962900000000001 -0.0
-12.952900000000001 -0.0
-12.942900000000002 -0.0
-12.9329 -0.0
-12.9229 -0.0
-12.9129 -0.0
-12.9029 -0.0
-12.892900000000001 -0.0
-12.882900000000001 -0.0
-12.872900000000001 -0.0
-12.862900000000002 -0.0
-12.8529 -0.0
-12.8429 -0.0
-12.8329 -0.0
-12.8229 -0.0
-12.8129 -0.0
-12.802900000000001 -0.0
-12.792900000000001 -0.0
-12.782900000000001 -0.0
-12.7729 -0.0
-12.7629 -0.0
-12.7529 -0.0
-12.7429 -0.0
-12.7329 -0.0
-12.722900000000001 -0.0
-12.712900000000001 -0.0
-12.702900000000001 -0.0
-12.6929 -0.0
-12.6829 -0.0
-12.6729 -0.0
-12.6629 -0.0
-12.6529 -0.0
-12.642900000000001 -0.0
-12.632900000000001 -0.0
-12.622900000000001 -0.0
-12.612900000000002 -0.0
-12.6029 -0.0
-12.5929 -0.0
-12.5829 -0.0
-12.5729 -0.0
-12.5629 -0.0
-12.552900000000001 -0.0
-12.542900000000001 -0.0
-12.532900000000001 -0.0
-12.5229 -0.0
-12.5129 -0.0
-12.5029 -0.0
-12.4929 -0.0
-12.4829 -0.0
-12.472900000000001 -0.0
-12.462900000000001 -0.0
-12.452900000000001 -0.0
-12.4429 -0.0
-12.4329 -0.0
-12.4229 -0.0
-12.4129 -0.0
-12.4029 -0.0
-12.392900000000001 -0.0
-12.382900000000001 -0.0
-12.372900000000001 -0.0
-12.362900000000002 -0.0
-12.3529 -0.0
-12.3429 -0.0
-12.3329 -0.0
-12.3229 -0.0
-12.3129 -0.0
-12.302900000000001 -0.0
-12.292900000000001 -0.0
-12.282900000000001 -0.0
-12.2729 -0.0
-12.2629 -0.0
-12.2529 -0.0
-12.2429 -0.0
-12.2329 -0.0
-12.222900000000001 -0.0
-12.212900000000001 -0.0
-12.202900000000001 -0.0
-12.1929 -0.0
-12.1829 -0.0
-12.1729 -0.0
-12.1629 -0.0
-12.1529 -0.0
-12.142900000000001 -0.0
-12.132900000000001 -0.0
-12.122900000000001 -0.0
-12.112900000000002 -0.0
-12.1029 -0.0
-12.0929 -0.0
-12.0829 -0.0
-12.0729 -0.0
-12.0629 -0.0
-12.052900000000001 -0.0
-12.042900000000001 -0.0
-12.032900000000001 -0.0
-12.0229 -0.0
-12.0129 -0.0
-12.0029 -0.0
-11.9929 -0.0
-11.9829 -0.0
-11.972900000000001 -0.0
-11.962900000000001 -0.0
-11.952900000000001 -0.0
-11.9429 -0.0
-11.9329 -0.0
-11.9229 -0.0
-11.9129 -0.0
-11.9029 -0.0
-11.892900000000001 -0.0
-11.882900000000001 -0.0
-11.872900000000001 -0.0
-11.8629 -0.0
-11.8529 -0.0
-11.8429 -0.0
-11.8329 -0.0
-11.8229 -0.0
-11.8129 -0.0
-11.802900000000001 -0.0
-11.792900000000001 -0.0
-11.782900000000001 -0.0
-11.7729 -0.0
-11.7629 -0.0
-11.7529 -0.0
-11.7429 -0.0
-11.7329 -0.0
-11.722900000000001 -0.0
-11.712900000000001 -0.0
-11.702900000000001 -0.0
-11.692900000000002 -0.0
-11.6829 -0.0
-11.6729 -0.0
-11.6629 -0.0
-11.6529 -0.0
-11.642900000000001 -0.0
-11.632900000000001 -0.0
-11.622900000000001 -0.0
-11.6129 -0.0
-11.6029 -0.0
-11.5929 -0.0
-11.5829 -0.0
-11.5729 -0.0
-11.5629 -0.0
-11.552900000000001 -0.0
-11.542900000000001 -0.0
-11.532900000000001 -0.0
-11.5229 -0.0
-11.5129 -0.0
-11.5029 -0.0
-11.4929 -0.0
-11.4829 -0.0
-11.472900000000001 -0.0
-11.462900000000001 -0.0
-11.452900000000001 -0.0
-11.442900000000002 -0.0
-11.4329 -0.0
-11.4229 -2.472e-14
-11.4129 -5.1839999999999997e-14
-11.4029 -1.4390999999999996e-13
-11.392900000000001 -2.967e-13
-11.382900000000001 -6.579000000000003e-13
-11.372900000000001 -1.3623e-12
-11.3629 -2.777e-12
-11.3529 -5.519e-12
-11.3429 -1.0862e-11
-11.3329 -2.124e-11
-11.3229 -4.098e-11
-11.3129 -7.838999999999999e-11
-11.302900000000001 -1.4817e-10
-11.292900000000001 -2.7690000000000005e-10
-11.282900000000001 -5.133000000000001e-10
-11.2729 -9.406e-10
-11.2629 -1.7052000000000003e-09
-11.2529 -3.0609999999999997e-09
-11.2429 -5.433e-09
-11.2329 -9.552000000000002e-09
-11.222900000000001 -1.6620000000000003e-08
-11.212900000000001 -2.8590000000000003e-08
-11.202900000000001 -4.877999999999999e-08
-11.192900000000002 -8.241000000000001e-08
-11.1829 -1.3767e-07
-11.1729 -2.2769999999999995e-07
-11.1629 -3.7320000000000003e-07
-11.1529 -6.051e-07
-11.142900000000001 -9.715e-07
-11.132900000000001 -1.5443999999999998e-06
-11.122900000000001 -2.4270000000000002e-06
-11.1129 -3.7860000000000003e-06
-11.1029 -5.8530000000000005e-06
-11.0929 -8.945999999999999e-06
-11.0829 -1.3549999999999999e-05
-11.0729 -2.0340000000000002e-05
-11.0629 -3.018e-05
-11.052900000000001 -4.4489999999999996e-05
-11.042900000000001 -6.48e-05
-11.032900000000001 -9.366000000000002e-05
-11.0229 -0.00013404999999999998
-11.0129 -0.00019019999999999996
-11.0029 -0.0002676
-10.9929 -0.00037259999999999995
-10.9829 -0.0005148000000000002
-10.972900000000001 -0.0007045999999999999
-10.962900000000001 -0.0009559999999999999
-10.952900000000001 -0.0012870000000000002
-10.942900000000002 -0.0017176
-10.9329 -0.002274
-10.9229 -0.0029850000000000002
-10.9129 -0.0038820000000000005
-10.9029 -0.0050160000000000005
-10.892900000000001 -0.006425
-10.882900000000001 -0.008163
-10.872900000000001 -0.010287
-10.8629 -0.012872999999999999
-10.8529 -0.015978
-10.8429 -0.019649999999999994
-10.8329 -0.02409
-10.8229 -0.02919
-10.8129 -0.035160000000000004
-10.802900000000001 -0.042019999999999995
-10.792900000000001 -0.04977
-10.782900000000001 -0.058649999999999994
-10.7729 -0.06852000000000001
-10.7629 -0.07947
-10.7529 -0.09148
-10.7429 -0.10461000000000001
-10.7329 -0.11873
-10.722900000000001 -0.13380000000000003
-10.712900000000001 -0.14967000000000003
-10.702900000000001 -0.16630999999999996
-10.692900000000002 -0.18341999999999994
-10.6829 -0.20099999999999998
-10.6729 -0.21870000000000003
-10.6629 -0.23620000000000005
-10.6529 -0.25439999999999996
-10.642900000000001 -0.2714
-10.632900000000001 -0.2883
-10.622900000000001 -0.3042000000000001
-10.6129 -0.31950000000000006
-10.6029 -0.3339
-10.5929 -0.3471
-10.5829 -0.35939999999999994
-10.5729 -0.37049999999999994
-10.5629 -0.3807
-10.552900000000001 -0.38980000000000004
-10.542900000000001 -0.39780000000000004
-10.532900000000001 -0.4056
-10.5229 -0.412
-10.5129 -0.4182
-10.5029 -0.42299999999999993
-10.4929 -0.42840000000000017
-10.4829 -0.4328999999999999
-10.472900000000001 -0.4374
-10.462900000000001 -0.44099999999999995
-10.452900000000001 -0.4447000000000001
-10.442900000000002 -0.44819999999999993
-10.4329 -0.4515000000000001
-10.4229 -0.45360000000000006
-10.4129 -0.4565999999999999
-10.4029 -0.45869999999999994
-10.392900000000001 -0.46050000000000013
-10.382900000000001 -0.4608000000000001
-10.372900000000001 -0.4614000000000001
-10.3629 -0.4611
-10.352900000000002 -0.4601999999999999
-10.3429 -0.45899999999999996
-10.3329 -0.45660000000000006
-10.3229 -0.45389999999999997
-10.3129 -0.4509
-10.302900000000001 -0.4475999999999999
-10.292900000000001 -0.4437000000000001
-10.282900000000001 -0.43979999999999986
-10.2729 -0.4359
-10.2629 -0.43239999999999995
-10.2529 -0.429
-10.2429 -0.42630000000000007
-10.2329 -0.42359999999999987
-10.222900000000001 -0.4226999999999999
-10.212900000000001 -0.4218
-10.2029 -0.4221
-10.192900000000002 -0.42299999999999993
-10.1829 -0.4251000000000001
-10.1729 -0.4281
-10.1629 -0.4316999999999999
-10.1529 -0.4362
-10.142900000000001 -0.4416000000000001
-10.132900000000001 -0.44729999999999986
-10.122900000000001 -0.4533
-10.1129 -0.4591
-10.102900000000002 -0.46470000000000017
-10.0929 -0.47069999999999984
-10.0829 -0.47550000000000003
-10.0729 -0.4790999999999999
-10.0629 -0.48150000000000004
-10.052900000000001 -0.4833
-10.042900000000001 -0.48300000000000004
-10.032900000000001 -0.48090000000000005
-10.0229 -0.4769999999999999
-10.0129 -0.4716000000000001
-10.0029 -0.4641000000000001
-9.9929 -0.4550000000000001
-9.9829 -0.444
-9.972900000000001 -0.4323
-9.962900000000001 -0.41849999999999987
-9.9529 -0.4040999999999999
-9.942900000000002 -0.3889000000000001
-9.9329 -0.3732000000000001
-9.9229 -0.35730000000000006
-9.9129 -0.34199999999999997
-9.9029 -0.3267
-9.892900000000001 -0.3122999999999999
-9.882900000000001 -0.29910000000000003
-9.872900000000001 -0.2862
-9.8629 -0.2745
-9.852900000000002 -0.2643
-9.8429 -0.25560000000000005
-9.8329 -0.24780000000000008
-9.8229 -0.24089999999999998
-9.8129 -0.2349
-9.802900000000001 -0.23040000000000008
-9.792900000000001 -0.22649999999999998
-9.782900000000001 -0.22290000000000001
-9.7729 -0.22079999999999997
-9.7629 -0.21870000000000003
-9.7529 -0.21689999999999993
-9.7429 -0.2154
-9.7329 -0.2136
-9.722900000000001 -0.2118
-9.712900000000001 -0.21059999999999998
-9.7029 -0.20879999999999999
-9.692900000000002 -0.2067
-9.6829 -0.20460000000000003
-9.6729 -0.2019
-9.6629 -0.19859999999999994
-9.6529 -0.195
-9.642900000000001 -0.19097999999999996
-9.632900000000001 -0.18617999999999998
-9.622900000000001 -0.18111
-9.6129 -0.1758
-9.602900000000002 -0.16971000000000003
-9.5929 -0.16329000000000002
-9.5829 -0.15654
-9.5729 -0.14948
-9.5629 -0.14230999999999996
-9.552900000000001 -0.13502
-9.542900000000001 -0.12771000000000002
-9.532900000000001 -0.12054
-9.5229 -0.11361
-9.5129 -0.10691999999999999
-9.5029 -0.10068
-9.4929 -0.09477000000000001
-9.4829 -0.08943
-9.472900000000001 -0.08466
-9.462900000000001 -0.08034
-9.4529 -0.07665
-9.442900000000002 -0.0735
-9.4329 -0.07095000000000001
-9.4229 -0.06885
-9.4129 -0.06720000000000001
-9.4029 -0.06594
-9.392900000000001 -0.06509999999999999
-9.382900000000001 -0.06453
-9.372900000000001 -0.06429
-9.3629 -0.06428
-9.352900000000002 -0.06447
-9.3429 -0.06482999999999998
-9.3329 -0.06540000000000001
-9.3229 -0.06606
-9.3129 -0.06681
-9.302900000000001 -0.06765
-9.292900000000001 -0.06855000000000001
-9.282900000000001 -0.06941
-9.2729 -0.07023
-9.2629 -0.07098000000000002
-9.2529 -0.07155
-9.2429 -0.07191
-9.2329 -0.07208
-9.222900000000001 -0.07188
-9.212900000000001 -0.07134
-9.2029 -0.07046999999999999
-9.192900000000002 -0.06917999999999999
-9.1829 -0.06752
-9.1729 -0.06542999999999999
-9.1629 -0.063
-9.1529 -0.06021
-9.142900000000001 -0.05716
-9.132900000000001 -0.05385000000000001
-9.122900000000001 -0.05043000000000001
-9.1129 -0.046830000000000004
-9.102900000000002 -0.04326
-9.0929 -0.03972
-9.0829 -0.036329999999999994
-9.0729 -0.03312
-9.0629 -0.030029999999999998
-9.052900000000001 -0.027239999999999993
-9.042900000000001 -0.024690000000000004
-9.032900000000001 -0.022439999999999995
-9.0229 -0.020460000000000006
-9.0129 -0.01873
-9.0029 -0.017283
-8.9929 -0.016056
-8.9829 -0.015029999999999998
-8.972900000000001 -0.014175000000000002
-8.962900000000001 -0.013460999999999999
-8.9529 -0.012842999999999997
-8.942900000000002 -0.012312
-8.9329 -0.011822999999999998
-8.9229 -0.011373
-8.9129 -0.010922999999999997
-8.9029 -0.010460999999999998
-8.892900000000001 -0.00999
-8.882900000000001 -0.009495
-8.872900000000001 -0.008971
-8.8629 -0.008421
-8.852900000000002 -0.007857000000000001
-8.8429 -0.007275000000000001
-8.8329 -0.006681000000000002
-8.8229 -0.00609
-8.8129 -0.005508000000000001
-8.802900000000001 -0.0049369999999999995
-8.792900000000001 -0.0043890000000000005
-8.782900000000001 -0.0038640000000000002
-8.7729 -0.003375
-8.7629 -0.002922
-8.7529 -0.0025109999999999998
-8.7429 -0.00213
-8.7329 -0.0017955000000000004
-8.722900000000001 -0.0015000000000000002
-8.712900000000001 -0.0012408
-8.7029 -0.0010167
-8.692900000000002 -0.0008252999999999997
-8.6829 -0.0006633999999999999
-8.6729 -0.0005281
-8.6629 -0.00041689999999999994
-8.6529 -0.0003256
-8.642900000000001 -0.000252
-8.632900000000001 -0.00019259999999999997
-8.622900000000001 -0.0001464
-8.6129 -0.00010998000000000003
-8.602900000000002 -8.177000000000001e-05
-8.5929 -6.021e-05
-8.5829 -4.3860000000000004e-05
-8.5729 -3.1650000000000004e-05
-8.5629 -2.2589999999999995e-05
-8.552900000000001 -1.5982000000000004e-05
-8.542900000000001 -1.1186999999999998e-05
-8.532900000000001 -7.749000000000002e-06
-8.5229 -5.312e-06
-8.5129 -3.5999999999999994e-06
-8.5029 -2.421e-06
-8.4929 -1.6074999999999996e-06
-8.4829 -1.0567000000000002e-06
-8.472900000000001 -6.878999999999999e-07
-8.462900000000001 -4.428999999999999e-07
-8.4529 -2.823e-07
-8.442900000000002 -1.7795e-07
-8.4329 -1.1103000000000002e-07
-8.4229 -6.85e-08
-8.4129 -4.1879999999999995e-08
-8.4029 -2.5259999999999996e-08
-8.392900000000001 -1.5119999999999996e-08
-8.382900000000001 -8.952000000000001e-09
-8.372900000000001 -5.242999999999999e-09
-8.3629 -3.0480000000000002e-09
-8.352900000000002 -1.7649000000000002e-09
-8.3429 -1.035e-09
-8.3329 -6.452999999999999e-10
-8.3229 -4.779e-10
-8.3129 -4.803e-10
-8.302900000000001 -6.555000000000001e-10
-8.2929 -1.0566e-09
-8.282900000000001 -1.8087000000000006e-09
-8.2729 -3.132e-09
-8.262900000000002 -5.403999999999999e-09
-8.2529 -9.261000000000001e-09
-8.2429 -1.5703000000000002e-08
-8.2329 -2.6406000000000002e-08
-8.222900000000001 -4.3920000000000005e-08
-8.212900000000001 -7.233000000000001e-08
-8.2029 -1.1784000000000001e-07
-8.192900000000002 -1.9012999999999994e-07
-8.1829 -3.0389999999999996e-07
-8.1729 -4.806000000000002e-07
-8.1629 -7.531999999999999e-07
-8.1529 -1.1675000000000003e-06
-8.142900000000001 -1.7926999999999994e-06
-8.132900000000001 -2.7240000000000005e-06
-8.122900000000001 -4.106000000000001e-06
-8.1129 -6.115000000000001e-06
-8.102900000000002 -9.032e-06
-8.0929 -1.3201000000000003e-05
-8.0829 -1.9135999999999998e-05
-8.0729 -2.745e-05
-8.0629 -3.895e-05
-8.052900000000001 -5.4749999999999996e-05
-8.0429 -7.634999999999999e-05
-8.032900000000001 -0.00010538
-8.0229 -0.00014434
-8.012900000000002 -0.00019514999999999995
-8.0029 -0.0002622
-7.992900000000001 -0.0003489
-7.982900000000001 -0.00045929999999999994
-7.972900000000001 -0.0005998000000000002
-7.9629 -0.0007767
-7.9529000000000005 -0.0009960000000000001
-7.942900000000001 -0.0012664
-7.932900000000001 -0.0015989999999999995
-7.9229 -0.0019952
-7.9129000000000005 -0.0024741000000000003
-7.902900000000001 -0.0030359999999999996
-7.892900000000001 -0.003705
-7.882900000000001 -0.004470999999999999
-7.8729000000000005 -0.00536
-7.862900000000001 -0.006376999999999999
-7.852900000000001 -0.007526000000000001
-7.842900000000001 -0.008815
-7.8329 -0.010243
-7.822900000000001 -0.01182
-7.812900000000001 -0.013538
-7.802900000000001 -0.015399
-7.7929 -0.0174
-7.782900000000001 -0.019538999999999994
-7.772900000000001 -0.021773
-7.762900000000001 -0.02412
-7.7529 -0.026519999999999995
-7.742900000000001 -0.029060000000000002
-7.732900000000001 -0.0316
-7.722900000000001 -0.03417
-7.7129 -0.03681
-7.7029000000000005 -0.039389999999999994
-7.692900000000001 -0.04196
-7.682900000000001 -0.044460000000000006
-7.6729 -0.046919999999999996
-7.6629000000000005 -0.04936
-7.652900000000001 -0.05165999999999999
-7.642900000000001 -0.05389000000000001
-7.632900000000001 -0.05607000000000001
-7.6229000000000005 -0.058109999999999995
-7.612900000000001 -0.06011999999999999
-7.602900000000001 -0.06204
-7.592900000000001 -0.06392999999999999
-7.5829 -0.06582
-7.572900000000001 -0.06774
-7.562900000000001 -0.06966
-7.552900000000001 -0.07170000000000001
-7.5429 -0.07392
-7.532900000000001 -0.07623
-7.522900000000001 -0.07883
-7.512900000000001 -0.08167999999999999
-7.5029 -0.0849
-7.492900000000001 -0.08844999999999999
-7.482900000000001 -0.09243
-7.472900000000001 -0.09690000000000001
-7.4629 -0.10185
-7.4529000000000005 -0.10732000000000001
-7.442900000000001 -0.11334000000000002
-7.432900000000001 -0.11990999999999999
-7.4229 -0.12703000000000003
-7.4129000000000005 -0.13462
-7.402900000000001 -0.14273
-7.392900000000001 -0.1513
-7.382900000000001 -0.16005
-7.3729000000000005 -0.16896999999999998
-7.362900000000001 -0.17877000000000007
-7.352900000000001 -0.18767999999999999
-7.342900000000001 -0.19731
-7.3329 -0.20595
-7.322900000000001 -0.21468
-7.312900000000001 -0.22256999999999996
-7.302900000000001 -0.22989
-7.2929 -0.23657999999999996
-7.282900000000001 -0.24200999999999998
-7.272900000000001 -0.24612000000000003
-7.262900000000001 -0.24921
-7.2529 -0.25101
-7.242900000000001 -0.25206000000000006
-7.232900000000001 -0.25085999999999997
-7.222900000000001 -0.24877000000000005
-7.2129 -0.24549000000000004
-7.2029000000000005 -0.2409
-7.192900000000001 -0.23547
-7.182900000000001 -0.22898999999999997
-7.1729 -0.22143000000000004
-7.1629000000000005 -0.21308999999999995
-7.152900000000001 -0.20473
-7.142900000000001 -0.19570999999999994
-7.132900000000001 -0.18639
-7.1229000000000005 -0.17714999999999997
-7.112900000000001 -0.168
-7.102900000000001 -0.15907000000000002
-7.092900000000001 -0.15042
-7.0829 -0.14207999999999998
-7.072900000000001 -0.13422
-7.062900000000001 -0.12686
-7.052900000000001 -0.11999999999999998
-7.0429 -0.11373999999999998
-7.032900000000001 -0.10806999999999999
-7.022900000000001 -0.10294999999999999
-7.012900000000001 -0.09838000000000002
-7.0029 -0.09437999999999999
-6.992900000000001 -0.09094000000000002
-6.982900000000001 -0.08797000000000002
-6.972900000000001 -0.08547999999999997
-6.9629 -0.08343
-6.9529000000000005 -0.08172
-6.942900000000001 -0.08041000000000001
-6.932900000000001 -0.07931999999999997
-6.9229 -0.07842
-6.9129000000000005 -0.07770000000000002
-6.902900000000001 -0.07713
-6.892900000000001 -0.0766
-6.882900000000001 -0.07596
-6.8729000000000005 -0.07526999999999999
-6.862900000000001 -0.07449000000000001
-6.852900000000001 -0.0735
-6.842900000000001 -0.07226999999999999
-6.8329 -0.07076999999999999
-6.822900000000001 -0.069
-6.812900000000001 -0.06699000000000001
-6.802900000000001 -0.06465
-6.7929 -0.062040000000000005
-6.782900000000001 -0.05918999999999999
-6.772900000000001 -0.056130000000000006
-6.762900000000001 -0.05296
-6.7529 -0.04956000000000001
-6.742900000000001 -0.04605
-6.732900000000001 -0.042609999999999995
-6.722900000000001 -0.03921
-6.7129 -0.03579000000000001
-6.7029000000000005 -0.03246000000000001
-6.692900000000001 -0.029369999999999993
-6.682900000000001 -0.026399999999999993
-6.6729 -0.023700000000000002
-6.6629000000000005 -0.02123999999999999
-6.652900000000001 -0.018997
-6.642900000000001 -0.017008
-6.632900000000001 -0.015259
-6.6229000000000005 -0.013751999999999999
-6.612900000000001 -0.012466999999999999
-6.602900000000001 -0.011400000000000004
-6.592900000000001 -0.010534
-6.5829 -0.009842
-6.572900000000001 -0.009315
-6.562900000000001 -0.008939
-6.552900000000001 -0.008691
-6.5429 -0.008566999999999998
-6.532900000000001 -0.008551999999999999
-6.522900000000001 -0.008629
-6.512900000000001 -0.008797999999999999
-6.5029 -0.009045
-6.492900000000001 -0.009361999999999999
-6.482900000000001 -0.009748999999999999
-6.472900000000001 -0.010199
-6.4629 -0.010703000000000002
-6.4529000000000005 -0.011257
-6.442900000000001 -0.011857
-6.432900000000001 -0.012497000000000001
-6.4229 -0.013180000000000002
-6.4129000000000005 -0.013887999999999996
-6.402900000000001 -0.014636
-6.392900000000001 -0.015407000000000002
-6.382900000000001 -0.016203000000000002
-6.3729000000000005 -0.01702
-6.362900000000001 -0.017885000000000005
-6.352900000000001 -0.0187
-6.342900000000001 -0.019590000000000003
-6.3329 -0.020489999999999998
-6.322900000000001 -0.02136
-6.312900000000001 -0.02223
-6.302900000000001 -0.023160000000000004
-6.2929 -0.024099999999999993
-6.282900000000001 -0.024990000000000002
-6.272900000000001 -0.025909999999999996
-6.262900000000001 -0.02685
-6.2529 -0.027860000000000006
-6.242900000000001 -0.02884999999999999
-6.232900000000001 -0.02991
-6.222900000000001 -0.03105000000000001
-6.2129 -0.03225
-6.2029000000000005 -0.033569999999999996
-6.192900000000001 -0.03503999999999999
-6.182900000000001 -0.03672000000000001
-6.1729 -0.038610000000000005
-6.1629000000000005 -0.040769999999999994
-6.152900000000001 -0.04316
-6.142900000000001 -0.04589999999999998
-6.132900000000001 -0.04896
-6.1229000000000005 -0.05237
-6.112900000000001 -0.05619000000000001
-6.102900000000001 -0.06033
-6.092900000000001 -0.06489
-6.0829 -0.06978000000000001
-6.072900000000001 -0.07494999999999999
-6.062900000000001 -0.08046000000000002
-6.052900000000001 -0.08621000000000001
-6.0429 -0.09214000000000001
-6.032900000000001 -0.09816
-6.022900000000001 -0.10426
-6.012900000000001 -0.11030000000000004
-6.0029 -0.11619999999999997
-5.992900000000001 -0.12189999999999998
-5.982900000000001 -0.12725000000000003
-5.972900000000001 -0.13221000000000005
-5.9629 -0.13668
-5.9529000000000005 -0.14053000000000002
-5.942900000000001 -0.14373999999999998
-5.932900000000001 -0.14618
-5.9229 -0.14783000000000002
-5.9129000000000005 -0.14865000000000003
-5.902900000000001 -0.14858999999999997
-5.892900000000001 -0.14765999999999999
-5.882900000000001 -0.14585
-5.8729000000000005 -0.14322999999999997
-5.862900000000001 -0.13979
-5.852900000000001 -0.13563
-5.842900000000001 -0.13082
-5.8329 -0.12546999999999997
-5.822900000000001 -0.11968000000000002
-5.812900000000001 -0.11356999999999999
-5.802900000000001 -0.10722
-5.7929 -0.10080000000000003
-5.782900000000001 -0.09443999999999998
-5.772900000000001 -0.08823000000000002
-5.762900000000001 -0.08234000000000002
-5.7529 -0.07675000000000001
-5.742900000000001 -0.07162
-5.732900000000001 -0.06709999999999999
-5.722900000000001 -0.06306
-5.7129 -0.059770000000000004
-5.7029000000000005 -0.057120000000000004
-5.692900000000001 -0.05512
-5.682900000000001 -0.05378000000000001
-5.6729 -0.05315999999999999
-5.6629000000000005 -0.0531
-5.652900000000001 -0.05373000000000001
-5.642900000000001 -0.05483
-5.632900000000001 -0.05645999999999999
-5.6229000000000005 -0.05853
-5.612900000000001 -0.06096
-5.602900000000001 -0.06362999999999999
-5.592900000000001 -0.06657
-5.5829 -0.06966000000000001
-5.572900000000001 -0.07281
-5.562900000000001 -0.07593
-5.552900000000001 -0.07911
-5.5429 -0.0822
-5.532900000000001 -0.08521
-5.522900000000001 -0.08812999999999999
-5.512900000000001 -0.09090000000000001
-5.5029 -0.09356999999999999
-5.492900000000001 -0.09620999999999999
-5.482900000000001 -0.09873999999999998
-5.472900000000001 -0.10125
-5.4629 -0.10375000000000002
-5.4529000000000005 -0.10631000000000002
-5.442900000000001 -0.10900999999999998
-5.432900000000001 -0.11181999999999999
-5.4229 -0.11479
-5.4129000000000005 -0.11800000000000001
-5.402900000000001 -0.12140999999999999
-5.392900000000001 -0.12500999999999998
-5.382900000000001 -0.12886
-5.3729000000000005 -0.13293000000000002
-5.362900000000001 -0.13693999999999998
-5.352900000000001 -0.14153
-5.342900000000001 -0.14574000000000004
-5.3329 -0.1503
-5.322900000000001 -0.15453000000000003
-5.312900000000001 -0.15905999999999998
-5.302900000000001 -0.16298999999999997
-5.2929 -0.16688999999999998
-5.282900000000001 -0.17070000000000005
-5.272900000000001 -0.17357999999999998
-5.262900000000001 -0.17642999999999998
-5.2529 -0.17915999999999996
-5.242900000000001 -0.18089999999999998
-5.232900000000001 -0.18258
-5.222900000000001 -0.18323999999999993
-5.2129 -0.18384
-5.2029000000000005 -0.18342
-5.192900000000001 -0.18381000000000003
-5.182900000000001 -0.18233999999999997
-5.1729 -0.18164999999999998
-5.1629000000000005 -0.17997000000000002
-5.152900000000001 -0.17821
-5.142900000000001 -0.17634
-5.132900000000001 -0.17352000000000004
-5.1229000000000005 -0.17148000000000005
-5.112900000000001 -0.16848000000000005
-5.102900000000001 -0.16551999999999997
-5.092900000000001 -0.16317000000000004
-5.0829 -0.16002
-5.072900000000001 -0.15768000000000004
-5.062900000000001 -0.15443999999999997
-5.052900000000001 -0.15204000000000004
-5.0429 -0.14967
-5.032900000000001 -0.14733
-5.022900000000001 -0.14501999999999998
-5.012900000000001 -0.14277
-5.0029 -0.14124000000000003
-4.992900000000001 -0.13992
-4.982900000000001 -0.13893000000000003
-4.972900000000001 -0.1383
-4.9629 -0.13809
-4.9529000000000005 -0.13832999999999998
-4.942900000000001 -0.13899999999999998
-4.932900000000001 -0.1401
-4.9229 -0.14163
-4.9129000000000005 -0.14354999999999998
-4.902900000000001 -0.14584
-4.892900000000001 -0.14847000000000002
-4.882900000000001 -0.15153999999999998
-4.8729000000000005 -0.15423000000000003
-4.862900000000001 -0.15791999999999995
-4.852900000000001 -0.16076999999999997
-4.842900000000001 -0.16388999999999998
-4.8329 -0.16731000000000004
-4.822900000000001 -0.17003999999999997
-4.812900000000001 -0.17265000000000003
-4.802900000000001 -0.17453999999999997
-4.7929 -0.17654
-4.782900000000001 -0.17775
-4.772900000000001 -0.17869999999999997
-4.762900000000001 -0.17942
-4.7529 -0.17900999999999997
-4.742900000000001 -0.17830000000000001
-4.732900000000001 -0.17739000000000005
-4.722900000000001 -0.17594
-4.7129 -0.17398000000000002
-4.7029000000000005 -0.17214000000000002
-4.692900000000001 -0.16988999999999999
-4.682900000000001 -0.16718999999999998
-4.6729 -0.16506
-4.6629000000000005 -0.16266
-4.652900000000001 -0.16028
-4.642900000000001 -0.15804999999999997
-4.632900000000001 -0.15597000000000003
-4.6229000000000005 -0.15412
-4.612900000000001 -0.15249
-4.602900000000001 -0.15111000000000002
-4.592900000000001 -0.14985
-4.5829 -0.14895000000000003
-4.572900000000001 -0.14826
-4.562900000000001 -0.14778
-4.552900000000001 -0.14744999999999997
-4.5429 -0.14727
-4.532900000000001 -0.14718000000000003
-4.522900000000001 -0.14726
-4.512900000000001 -0.14736000000000002
-4.5029 -0.14745000000000003
-4.492900000000001 -0.14766
-4.482900000000001 -0.14778000000000002
-4.472900000000001 -0.1479
-4.4629 -0.14794
-4.4529000000000005 -0.14795
-4.442900000000001 -0.14786000000000002
-4.432900000000001 -0.14775
-4.4229 -0.14754
-4.4129000000000005 -0.14723
-4.402900000000001 -0.14688
-4.392900000000001 -0.14649
-4.382900000000001 -0.14609999999999998
-4.372900000000001 -0.14568
-4.3629000000000016 -0.14522999999999997
-4.3529 -0.14479
-4.3429 -0.14442
-4.3329 -0.144
-4.322900000000001 -0.14361000000000002
-4.312900000000001 -0.14337
-4.302900000000001 -0.14312999999999998
-4.292900000000001 -0.14289
-4.2829000000000015 -0.14271
-4.2729 -0.14254
-4.2629 -0.14247
-4.2529 -0.14232
-4.242900000000001 -0.14218
-4.232900000000001 -0.14205
-4.222900000000001 -0.14182999999999998
-4.212900000000001 -0.14151999999999998
-4.202900000000001 -0.14118
-4.1929 -0.1407
-4.1829 -0.14005000000000004
-4.1729 -0.13935000000000003
-4.1629000000000005 -0.13845000000000005
-4.152900000000001 -0.13737
-4.142900000000001 -0.13616999999999996
-4.132900000000001 -0.13484000000000002
-4.122900000000001 -0.13326
-4.1129000000000016 -0.13155
-4.1029 -0.12971999999999997
-4.0929 -0.12774999999999997
-4.0829 -0.12568000000000001
-4.072900000000001 -0.12347999999999999
-4.062900000000001 -0.12123999999999999
-4.052900000000001 -0.11903999999999999
-4.042900000000001 -0.11679
-4.0329000000000015 -0.11463000000000001
-4.0229 -0.11240999999999998
-4.0129 -0.11052
-4.0029 -0.10863
-3.9929000000000006 -0.10706999999999998
-3.9829000000000008 -0.10571999999999998
-3.972900000000001 -0.10460999999999998
-3.962900000000001 -0.10390999999999999
-3.9529000000000014 -0.10343999999999999
-3.9429 -0.10338
-3.9329 -0.10368000000000001
-3.9229000000000003 -0.10434
-3.9129000000000005 -0.10536000000000001
-3.9029000000000007 -0.10668
-3.892900000000001 -0.10834
-3.882900000000001 -0.11025
-3.8729000000000013 -0.11232999999999999
-3.8629000000000016 -0.11466
-3.8529 -0.117
-3.8429 -0.11945999999999998
-3.8329000000000004 -0.12186999999999999
-3.8229000000000006 -0.12421000000000001
-3.812900000000001 -0.12644
-3.802900000000001 -0.12850999999999999
-3.7929000000000013 -0.13027999999999998
-3.7829000000000015 -0.13187
-3.7729 -0.13315
-3.7629 -0.13414
-3.7529000000000003 -0.13487000000000002
-3.7429000000000006 -0.1353
-3.7329000000000008 -0.13551000000000002
-3.722900000000001 -0.13555
-3.712900000000001 -0.13541999999999998
-3.7029000000000014 -0.13521
-3.6929 -0.13491
-3.6829 -0.13464
-3.6729000000000003 -0.13443000000000002
-3.6629000000000005 -0.13435999999999998
-3.6529000000000007 -0.13446
-3.642900000000001 -0.13476000000000002
-3.632900000000001 -0.13523999999999997
-3.6229000000000013 -0.13596999999999998
-3.6129000000000016 -0.13691000000000003
-3.6029 -0.13797
-3.5929 -0.13923
-3.5829000000000004 -0.14056000000000002
-3.5729000000000006 -0.14187
-3.562900000000001 -0.14316
-3.552900000000001 -0.14430000000000004
-3.5429000000000013 -0.14525000000000002
-3.5329000000000015 -0.14594999999999997
-3.5229 -0.14635
-3.5129 -0.14634
-3.5029000000000003 -0.14594999999999997
-3.4929000000000006 -0.14514
-3.4829000000000008 -0.14396000000000003
-3.472900000000001 -0.14238
-3.462900000000001 -0.14046
-3.4529000000000014 -0.13823999999999997
-3.4429 -0.13574999999999998
-3.4329 -0.13319999999999999
-3.4229000000000003 -0.13053
-3.4129000000000005 -0.12793000000000002
-3.4029000000000007 -0.12546000000000002
-3.392900000000001 -0.12312
-3.382900000000001 -0.12111
-3.3729000000000013 -0.11937000000000002
-3.3629000000000016 -0.11807000000000001
-3.3529 -0.11718000000000002
-3.3429 -0.11669999999999998
-3.3329000000000004 -0.11669999999999997
-3.3229000000000006 -0.11709999999999997
-3.312900000000001 -0.11793
-3.302900000000001 -0.11909999999999998
-3.2929000000000013 -0.12060000000000004
-3.2829000000000015 -0.12233999999999999
-3.2729 -0.12438000000000002
-3.2629 -0.12644999999999995
-3.2529000000000003 -0.12876
-3.2429000000000006 -0.13098
-3.2329000000000008 -0.13325
-3.222900000000001 -0.13544999999999996
-3.212900000000001 -0.13757999999999998
-3.2029000000000014 -0.13954000000000003
-3.1929 -0.14135999999999999
-3.1829 -0.14300000000000002
-3.1729000000000003 -0.14445000000000002
-3.1629000000000005 -0.14567999999999998
-3.1529000000000007 -0.14675
-3.142900000000001 -0.14762999999999998
-3.132900000000001 -0.14824
-3.1229000000000013 -0.14868
-3.1129000000000016 -0.1488
-3.1029 -0.14886000000000002
-3.0929 -0.14865
-3.0829000000000004 -0.14825
-3.0729000000000006 -0.14769
-3.062900000000001 -0.14694999999999997
-3.052900000000001 -0.14607
-3.0429000000000013 -0.14511000000000002
-3.0329000000000015 -0.14397000000000001
-3.0229 -0.14273999999999998
-3.0129 -0.14154
-3.0029000000000003 -0.14025000000000004
-2.9929000000000006 -0.13902000000000003
-2.9829000000000008 -0.13781
-2.972900000000001 -0.13663
-2.962900000000001 -0.1356
-2.9529000000000014 -0.13469
-2.9429 -0.13386999999999993
-2.9329 -0.13329
-2.9229000000000003 -0.13280999999999998
-2.9129000000000005 -0.13251000000000004
-2.9029000000000007 -0.13241
-2.892900000000001 -0.13249999999999998
-2.882900000000001 -0.13260999999999998
-2.8729000000000013 -0.13296000000000005
-2.8629000000000016 -0.13341000000000003
-2.8529 -0.13386
-2.8429 -0.13443
-2.8329000000000004 -0.13502000000000003
-2.8229000000000006 -0.1356
-2.812900000000001 -0.13614
-2.802900000000001 -0.13670999999999994
-2.7929000000000013 -0.13711
-2.7829000000000015 -0.13749
-2.7729 -0.13772999999999996
-2.7629 -0.13788000000000003
-2.7529000000000003 -0.13788999999999998
-2.7429000000000006 -0.13773
-2.7329000000000008 -0.13746
-2.722900000000001 -0.13698
-2.712900000000001 -0.13638
-2.7029000000000014 -0.13557
-2.6929 -0.13463999999999998
-2.6829 -0.13352000000000006
-2.6729000000000003 -0.13221999999999998
-2.6629000000000005 -0.13079
-2.6529000000000007 -0.12928999999999996
-2.642900000000001 -0.12761999999999998
-2.632900000000001 -0.12585
-2.6229000000000013 -0.12407999999999997
-2.6129000000000016 -0.12226999999999998
-2.6029 -0.12045999999999998
-2.5929 -0.11867999999999998
-2.5829000000000004 -0.11705999999999997
-2.5729000000000006 -0.11549
-2.562900000000001 -0.11403
-2.552900000000001 -0.11283000000000001
-2.5429000000000013 -0.11175000000000002
-2.5329000000000015 -0.11094000000000001
-2.5229 -0.11030999999999999
-2.5129 -0.10986999999999998
-2.5029000000000003 -0.10966000000000002
-2.4929000000000006 -0.1096
-2.4829000000000008 -0.10970999999999999
-2.472900000000001 -0.10995999999999999
-2.462900000000001 -0.1104
-2.4529000000000014 -0.11084999999999999
-2.4429 -0.11129999999999997
-2.4329 -0.11175
-2.4229000000000003 -0.11222
-2.4129000000000005 -0.11253000000000002
-2.4029000000000007 -0.11282
-2.392900000000001 -0.11298999999999998
-2.382900000000001 -0.11294999999999998
-2.3729000000000013 -0.11279
-2.3629000000000016 -0.11246999999999999
-2.3529 -0.11199000000000002
-2.3429 -0.11128
-2.3329000000000004 -0.11043999999999998
-2.3229000000000006 -0.10943
-2.312900000000001 -0.10827000000000002
-2.302900000000001 -0.10697999999999999
-2.2929000000000013 -0.10557000000000001
-2.2829000000000015 -0.10401000000000002
-2.2729 -0.10239999999999998
-2.2629 -0.10072000000000002
-2.2529000000000003 -0.09899999999999998
-2.2429000000000006 -0.09723
-2.2329000000000008 -0.09542
-2.222900000000001 -0.09363
-2.212900000000001 -0.09182
-2.2029000000000014 -0.08997000000000001
-2.1929 -0.0882
-2.1829 -0.08646000000000002
-2.1729000000000003 -0.08469
-2.1629000000000005 -0.0829
-2.1529000000000007 -0.08118
-2.142900000000001 -0.07944
-2.132900000000001 -0.07764
-2.1229000000000013 -0.0759
-2.1129000000000016 -0.0741
-2.1029 -0.07228000000000001
-2.0929 -0.07050000000000001
-2.0829000000000004 -0.06875
-2.0729000000000006 -0.06699000000000001
-2.062900000000001 -0.06531
-2.052900000000001 -0.06366
-2.0429000000000013 -0.06224999999999999
-2.0329000000000015 -0.06089999999999999
-2.0229 -0.05982000000000001
-2.0129 -0.05898000000000001
-2.0029000000000003 -0.05847000000000001
-1.9929000000000006 -0.05825999999999998
-1.9829000000000008 -0.05849000000000001
-1.972900000000001 -0.05916000000000001
-1.9629000000000012 -0.060239999999999995
-1.9529000000000014 -0.06174000000000001
-1.9428999999999998 -0.06380999999999999
-1.9329 -0.06624000000000001
-1.9229000000000003 -0.06928000000000001
-1.9129000000000005 -0.07277000000000002
-1.9029000000000007 -0.07668
-1.892900000000001 -0.08102999999999999
-1.8829000000000011 -0.08574999999999999
-1.8729000000000013 -0.09087000000000002
-1.8629000000000016 -0.09621
-1.8529 -0.10177000000000003
-1.8429000000000002 -0.10752999999999999
-1.8329000000000004 -0.11341
-1.8229000000000006 -0.11933000000000002
-1.8129000000000008 -0.12520000000000003
-1.802900000000001 -0.13096999999999998
-1.7929000000000013 -0.13651999999999997
-1.7829000000000015 -0.14181
-1.7729 -0.14681
-1.7629000000000001 -0.15137
-1.7529000000000003 -0.15543
-1.7429000000000006 -0.15903
-1.7329000000000008 -0.16221
-1.722900000000001 -0.16462000000000002
-1.7129000000000012 -0.16649999999999995
-1.7029000000000014 -0.16726999999999997
-1.6928999999999998 -0.16835999999999998
-1.6829 -0.16802999999999998
-1.6729000000000003 -0.16802999999999998
-1.6629000000000005 -0.16695000000000002
-1.6529000000000007 -0.16538999999999998
-1.642900000000001 -0.16338
-1.6329000000000011 -0.16119999999999998
-1.6229000000000013 -0.15875999999999996
-1.6129000000000016 -0.15614
-1.6029 -0.15336
-1.5929000000000002 -0.15056999999999998
-1.5829000000000004 -0.14784
-1.5729000000000006 -0.14517
-1.5629000000000008 -0.14267
-1.552900000000001 -0.14034
-1.5429000000000013 -0.13823
-1.5329000000000015 -0.13646999999999998
-1.5229 -0.13494
-1.5129000000000001 -0.13368
-1.5029000000000003 -0.13274999999999998
-1.4929000000000006 -0.13211000000000003
-1.4829000000000008 -0.13175000000000003
-1.472900000000001 -0.13165999999999997
-1.4629000000000012 -0.13176000000000002
-1.4529000000000014 -0.13205000000000003
-1.4428999999999998 -0.13247
-1.4329 -0.13295999999999997
-1.4229000000000003 -0.13349
-1.4129000000000005 -0.13404000000000002
-1.4029000000000007 -0.13455
-1.392900000000001 -0.13496
-1.3829000000000011 -0.13530000000000003
-1.3729000000000013 -0.13554
-1.3629000000000016 -0.13565999999999998
-1.3529 -0.13568999999999998
-1.3429000000000002 -0.13565
-1.3329000000000004 -0.13550999999999996
-1.3229000000000006 -0.13535999999999998
-1.3129000000000008 -0.13515
-1.302900000000001 -0.13502999999999998
-1.2929000000000013 -0.13493999999999998
-1.2829000000000015 -0.13495
-1.2729 -0.13509000000000002
-1.2629000000000001 -0.13538000000000003
-1.2529000000000003 -0.13583
-1.2429000000000006 -0.13637
-1.2329000000000008 -0.1371
-1.222900000000001 -0.13799000000000003
-1.2129000000000012 -0.13890999999999998
-1.2029000000000014 -0.13992
-1.1928999999999998 -0.14096999999999998
-1.1829 -0.14199
-1.1729000000000003 -0.14298000000000002
-1.1629000000000005 -0.14384999999999998
-1.1529000000000007 -0.1446
-1.142900000000001 -0.1452
-1.1329000000000011 -0.14558999999999997
-1.1229000000000013 -0.14575000000000002
-1.1129000000000016 -0.14573
-1.1029 -0.14540000000000003
-1.0929000000000002 -0.14486999999999997
-1.0829000000000004 -0.14412
-1.0729000000000006 -0.14309999999999998
-1.0629000000000008 -0.14189000000000002
-1.052900000000001 -0.14046999999999998
-1.0429000000000013 -0.13893
-1.0329000000000015 -0.13717000000000001
-1.0229 -0.13529999999999998
-1.0129000000000001 -0.13332
-1.0029000000000003 -0.13119
-0.9929000000000006 -0.12902999999999998
-0.9829000000000008 -0.12680999999999995
-0.972900000000001 -0.12456000000000002
-0.9629000000000012 -0.12231000000000003
-0.9529000000000014 -0.11997000000000001
-0.9428999999999998 -0.11766
-0.9329000000000001 -0.11537999999999997
-0.9229000000000003 -0.11315000000000001
-0.9129000000000005 -0.11092999999999999
-0.9029000000000007 -0.10872000000000001
-0.8929000000000009 -0.10662
-0.8829000000000011 -0.10454999999999998
-0.8729000000000013 -0.10251
-0.8629000000000016 -0.10047000000000002
-0.8529 -0.09849
-0.8429000000000002 -0.09656999999999996
-0.8329000000000004 -0.09455999999999999
-0.8229000000000006 -0.09264
-0.8129000000000008 -0.09068
-0.8029000000000011 -0.08868
-0.7929000000000013 -0.08665
-0.7829000000000015 -0.08453999999999999
-0.7728999999999999 -0.08234
-0.7629000000000001 -0.08008000000000001
-0.7529000000000003 -0.07769999999999999
-0.7429000000000006 -0.07524
-0.7329000000000008 -0.07271
-0.722900000000001 -0.06999
-0.7129000000000012 -0.06720000000000001
-0.7029000000000014 -0.06429
-0.6928999999999998 -0.061290000000000004
-0.6829000000000001 -0.05820000000000001
-0.6729000000000003 -0.05499
-0.6629000000000005 -0.05181
-0.6529000000000007 -0.04850999999999999
-0.6429000000000009 -0.04524000000000001
-0.6329000000000011 -0.04188
-0.6229000000000013 -0.038610000000000005
-0.6129000000000016 -0.03540000000000001
-0.6029 -0.03231
-0.5929000000000002 -0.02928
-0.5829000000000004 -0.02637
-0.5729000000000006 -0.023577
-0.5629000000000008 -0.021000000000000005
-0.5529000000000011 -0.018519
-0.5429000000000013 -0.016263000000000003
-0.5329000000000015 -0.014164999999999999
-0.5228999999999999 -0.01224
-0.5129000000000001 -0.010513
-0.5029000000000003 -0.008967
-0.49290000000000056 -0.007587
-0.4829000000000008 -0.0063750000000000005
-0.472900000000001 -0.005319
-0.4629000000000012 -0.004401
-0.4529000000000014 -0.003615
-0.44289999999999985 -0.0029460000000000003
-0.43290000000000006 -0.0023834
-0.4229000000000003 -0.0019135
-0.4129000000000005 -0.0015205
-0.4029000000000007 -0.0012021000000000002
-0.3929000000000009 -0.0009417
-0.38290000000000113 -0.0007317000000000001
-0.37290000000000134 -0.0005639
-0.36290000000000155 -0.00043019999999999994
-0.3529 -0.0003261
-0.3429000000000002 -0.00024487
-0.3329000000000004 -0.00018261999999999998
-0.32290000000000063 -0.00013491
-0.31290000000000084 -9.860999999999999e-05
-0.30290000000000106 -7.151999999999999e-05
-0.29290000000000127 -5.1389999999999994e-05
-0.2829000000000015 -3.6639999999999995e-05
-0.2728999999999999 -2.5850999999999997e-05
-0.26290000000000013 -1.8072000000000002e-05
-0.25290000000000035 -1.2537999999999998e-05
-0.24290000000000056 -8.595e-06
-0.23290000000000077 -5.846999999999999e-06
-0.222900000000001 -3.936000000000001e-06
-0.2129000000000012 -2.6287999999999997e-06
-0.2029000000000014 -1.7355e-06
-0.19289999999999985 -1.1357999999999998e-06
-0.18290000000000006 -7.359000000000001e-07
-0.17290000000000028 -4.7209999999999995e-07
-0.1629000000000005 -2.9983999999999996e-07
-0.1529000000000007 -1.8863999999999997e-07
-0.14290000000000092 -1.1751e-07
-0.13290000000000113 -7.246000000000001e-08
-0.12290000000000134 -4.425e-08
-0.11290000000000155 -2.6739000000000002e-08
-0.10289999999999999 -1.6007000000000002e-08
-0.0929000000000002 -9.465999999999999e-09
-0.08290000000000042 -5.55e-09
-0.07290000000000063 -3.2199000000000004e-09
-0.06290000000000084 -1.8475999999999997e-09
-0.05290000000000106 -1.0499999999999999e-09
-0.04290000000000127 -5.909000000000001e-10
-0.032900000000001484 -3.2878e-10
-0.02289999999999992 -1.8103999999999998e-10
-0.012900000000000134 -9.873000000000002e-11
-0.0029000000000003467 -5.3269999999999994e-11
0.00709999999999944 -2.8413999999999997e-11
0.017099999999999227 -1.5036e-11
0.027099999999999014 -7.836e-12
0.0370999999999988 -4.047e-12
0.04709999999999859 -2.0647e-12
0.05710000000000015 -1.0329e-12
0.06709999999999994 -5.172e-13
0.07709999999999972 -2.5713000000000004e-13
0.08709999999999951 -1.2306000000000003e-13
0.0970999999999993 -6.001e-14
0.10709999999999908 -2.5142999999999994e-14
0.11709999999999887 -9.198e-15
0.12709999999999866 -0.0
0.13709999999999845 -0.0
0.1471 -0.0
0.1570999999999998 -0.0
0.16709999999999958 -0.0
0.17709999999999937 -0.0
0.18709999999999916 -0.0
0.19709999999999894 -0.0
0.20709999999999873 -0.0
0.21709999999999852 -0.0
0.22710000000000008 -0.0
0.23709999999999987 -0.0
0.24709999999999965 -0.0
0.25709999999999944 -0.0
0.2670999999999992 -0.0
0.277099999999999 -0.0
0.2870999999999988 -0.0
0.2970999999999986 -0.0
0.30710000000000015 -0.0
0.31709999999999994 -0.0
0.3270999999999997 -0.0
0.3370999999999995 -0.0
0.3470999999999993 -0.0
0.3570999999999991 -0.0
0.36709999999999887 -0.0
0.37709999999999866 -0.0
0.38709999999999845 -0.0
0.3971 -0.0
0.4070999999999998 -0.0
0.4170999999999996 -0.0
0.42709999999999937 -0.0
0.43709999999999916 -0.0
0.44709999999999894 -0.0
0.45709999999999873 -0.0
0.4670999999999985 -0.0
0.4771000000000001 -0.0
0.48709999999999987 -0.0
0.49709999999999965 -0.0
0.5070999999999994 -0.0
0.5170999999999992 -0.0
0.527099999999999 -0.0
0.5370999999999988 -0.0
0.5470999999999986 -0.0
0.5571000000000002 -0.0
0.5670999999999999 -0.0
0.5770999999999997 -0.0
0.5870999999999995 -0.0
0.5970999999999993 -0.0
0.6070999999999991 -0.0
0.6170999999999989 -0.0
0.6270999999999987 -0.0
0.6370999999999984 -0.0
0.6471 -0.0
0.6570999999999998 -0.0
0.6670999999999996 -0.0
0.6770999999999994 -0.0
0.6870999999999992 -0.0
0.6970999999999989 -0.0
0.7070999999999987 -0.0
0.7170999999999985 -0.0
0.7271000000000001 -0.0
0.7370999999999999 -0.0
0.7470999999999997 -0.0
0.7570999999999994 -0.0
0.7670999999999992 -0.0
0.777099999999999 -0.0
0.7870999999999988 -0.0
0.7970999999999986 -0.0
0.8071000000000002 -0.0
0.8170999999999999 -0.0
0.8270999999999997 -0.0
0.8370999999999995 -0.0
0.8470999999999993 -0.0
0.8570999999999991 -0.0
0.8670999999999989 -0.0
0.8770999999999987 -0.0
0.8870999999999984 -0.0
0.8971 -2.0167824000000004e-15
0.9070999999999998 -4.222638e-15
0.9170999999999996 -8.742392999999999e-15
0.9270999999999994 -1.7916950999999998e-14
0.9370999999999992 -3.87837e-14
0.9470999999999989 -7.80522e-14
0.9570999999999987 -1.5544199999999999e-13
0.9670999999999985 -3.16764e-13
0.9771000000000001 -6.1905e-13
0.9870999999999999 -1.19757e-12
0.9970999999999997 -2.29782e-12
1.0070999999999994 -4.36179e-12
1.0170999999999992 -8.1753e-12
1.027099999999999 -1.51629e-11
1.0370999999999988 -2.7898000000000007e-11
1.0470999999999986 -5.0769e-11
1.0571000000000002 -9.137899999999999e-11
1.0671 -1.6277699999999998e-10
1.0770999999999997 -2.8721e-10
1.0870999999999995 -5.0211e-10
1.0970999999999993 -8.6797e-10
1.107099999999999 -1.4876399999999998e-09
1.1170999999999989 -2.5211400000000003e-09
1.1270999999999987 -4.2303e-09
1.1370999999999984 -7.032500000000001e-09
1.1471 -1.1571000000000002e-08
1.1570999999999998 -1.88682e-08
1.1670999999999996 -3.049799999999999e-08
1.1770999999999994 -4.8824999999999995e-08
1.1870999999999992 -7.738500000000001e-08
1.197099999999999 -1.2144600000000001e-07
1.2070999999999987 -1.8912e-07
1.2170999999999985 -2.9151e-07
1.2271 -4.4592000000000006e-07
1.2370999999999999 -6.753300000000001e-07
1.2470999999999997 -1.0176399999999998e-06
1.2570999999999994 -1.5096000000000001e-06
1.2670999999999992 -2.2289999999999997e-06
1.277099999999999 -3.2640000000000004e-06
1.2870999999999988 -4.7403e-06
1.2970999999999986 -6.825000000000001e-06
1.3071000000000002 -9.75e-06
1.3171 -1.3830000000000005e-05
1.3270999999999997 -1.9464000000000002e-05
1.3370999999999995 -2.7189000000000003e-05
1.3470999999999993 -3.7702999999999995e-05
1.357099999999999 -5.1871000000000005e-05
1.3670999999999989 -7.083e-05
1.3770999999999987 -9.620000000000001e-05
1.3870999999999984 -0.00012949999999999998
1.3971 -0.00017357999999999997
1.4070999999999998 -0.00023099999999999998
1.4170999999999996 -0.00030522
1.4270999999999994 -0.0004014
1.4370999999999992 -0.0005238000000000002
1.447099999999999 -0.0006798
1.4570999999999987 -0.0008775
1.4670999999999985 -0.0011248
1.4771 -0.0014334000000000003
1.4870999999999999 -0.0018161999999999996
1.4970999999999997 -0.0022881
1.5070999999999994 -0.002868
1.5170999999999992 -0.0035700000000000007
1.527099999999999 -0.004419
1.5370999999999988 -0.005436
1.5470999999999986 -0.006651000000000001
1.5571000000000002 -0.008085
1.5671 -0.009771
1.5770999999999997 -0.011733000000000002
1.5870999999999995 -0.014006999999999999
1.5970999999999993 -0.016617000000000003
1.607099999999999 -0.01956
1.6170999999999989 -0.022980000000000004
1.6270999999999987 -0.026730000000000007
1.6370999999999984 -0.030929999999999996
1.6471 -0.03552
1.6570999999999998 -0.04056
1.6670999999999996 -0.04614
1.6770999999999994 -0.05206000000000001
1.6870999999999992 -0.05836999999999999
1.697099999999999 -0.06504000000000001
1.7070999999999987 -0.07205999999999999
1.7170999999999985 -0.07941
1.7271 -0.08694
1.7370999999999999 -0.09465000000000001
1.7470999999999997 -0.10251000000000002
1.7570999999999994 -0.11039000000000002
1.7670999999999992 -0.11825000000000002
1.777099999999999 -0.126
1.7870999999999988 -0.13362
1.7970999999999986 -0.14097
1.8071000000000002 -0.14805
1.8171 -0.15456
1.8270999999999997 -0.16074000000000002
1.8370999999999995 -0.1668
1.8470999999999993 -0.17214
1.857099999999999 -0.17679999999999998
1.8670999999999989 -0.18135000000000004
1.8770999999999987 -0.18483
1.8870999999999984 -0.18783000000000002
1.8971 -0.18981
1.9070999999999998 -0.19154999999999997
1.9170999999999996 -0.1922
1.9270999999999994 -0.19232999999999995
1.9370999999999992 -0.19226999999999997
1.947099999999999 -0.19104000000000002
1.9570999999999987 -0.1896
1.9670999999999985 -0.18764
1.9771 -0.18485000000000001
1.9870999999999999 -0.18185000000000004
1.9970999999999997 -0.17867999999999998
2.0070999999999994 -0.17511000000000002
2.0170999999999992 -0.17142000000000002
2.027099999999999 -0.16782000000000002
2.037099999999999 -0.16419000000000003
2.0470999999999986 -0.16080999999999995
2.0571 -0.15769000000000002
2.0671 -0.15504
2.0770999999999997 -0.15284999999999999
2.0870999999999995 -0.15126
2.0970999999999993 -0.15039000000000002
2.107099999999999 -0.15027
2.117099999999999 -0.15091
2.1270999999999987 -0.15238
2.1370999999999984 -0.15475999999999998
2.1471 -0.15780000000000002
2.1571 -0.16205999999999998
2.1670999999999996 -0.16695
2.1770999999999994 -0.17243999999999995
2.187099999999999 -0.1788
2.197099999999999 -0.18603
2.2070999999999987 -0.19317000000000004
2.2170999999999985 -0.20088999999999999
2.2271 -0.20943000000000003
2.2371 -0.21791
2.2470999999999997 -0.22671000000000002
2.2570999999999994 -0.23520000000000002
2.2670999999999992 -0.24360000000000004
2.277099999999999 -0.2523
2.287099999999999 -0.26010000000000005
2.2970999999999986 -0.26759999999999995
2.3071 -0.2745
2.3171 -0.28110000000000007
2.3270999999999997 -0.2871
2.3370999999999995 -0.2922
2.3470999999999993 -0.2961
2.357099999999999 -0.2997
2.367099999999999 -0.30239999999999995
2.3770999999999987 -0.30389999999999995
2.3870999999999984 -0.30479999999999996
2.3971 -0.30449999999999994
2.4071 -0.3039
2.4170999999999996 -0.3021
2.4270999999999994 -0.2994
2.437099999999999 -0.2964
2.447099999999999 -0.2928
2.4570999999999987 -0.28859999999999997
2.4670999999999985 -0.2844
2.4771 -0.27990000000000004
2.4871 -0.27530000000000004
2.4970999999999997 -0.2706
2.5070999999999994 -0.26639999999999997
2.5170999999999992 -0.2622
2.527099999999999 -0.25860000000000005
2.537099999999999 -0.25560000000000005
2.5470999999999986 -0.25289999999999996
2.5571 -0.2508
2.5671 -0.24960000000000004
2.5770999999999997 -0.24869999999999995
2.5870999999999995 -0.2487000000000001
2.5970999999999993 -0.24930000000000002
2.607099999999999 -0.25020000000000003
2.617099999999999 -0.2514
2.6270999999999987 -0.252
2.6370999999999984 -0.2535
2.6471 -0.25450000000000006
2.6571 -0.2559
2.6670999999999996 -0.2562
2.6770999999999994 -0.2568000000000001
2.687099999999999 -0.2568
2.697099999999999 -0.25589999999999996
2.7070999999999987 -0.2547
2.7170999999999985 -0.25199999999999995
2.7271 -0.24929999999999997
2.7371 -0.2457
2.7470999999999997 -0.24180000000000001
2.7570999999999994 -0.2373
2.7670999999999992 -0.23279999999999998
2.777099999999999 -0.22716000000000003
2.787099999999999 -0.22161
2.7970999999999986 -0.21602999999999994
2.8071 -0.21054
2.8171 -0.20478000000000002
2.8270999999999997 -0.19916999999999999
2.8370999999999995 -0.19384999999999997
2.8470999999999993 -0.18855000000000002
2.857099999999999 -0.18336000000000002
2.867099999999999 -0.17925
2.8770999999999987 -0.17532
2.8870999999999984 -0.17159
2.8971 -0.16832999999999998
2.9071 -0.16566
2.9170999999999996 -0.16371
2.9270999999999994 -0.16233000000000003
2.937099999999999 -0.16146
2.947099999999999 -0.16078
2.9570999999999987 -0.16065000000000002
2.9670999999999985 -0.16128
2.9771 -0.16281
2.9871 -0.16421999999999998
2.9970999999999997 -0.16649999999999998
3.0070999999999994 -0.16991999999999996
3.0170999999999992 -0.17325
3.027099999999999 -0.17749
3.037099999999999 -0.18195
3.0470999999999986 -0.18704999999999997
3.0571 -0.19279
3.0671 -0.19893000000000005
3.0770999999999997 -0.20542999999999992
3.0870999999999995 -0.21248
3.0970999999999993 -0.21951000000000004
3.107099999999999 -0.22704000000000002
3.117099999999999 -0.23483000000000004
3.1270999999999987 -0.24244999999999997
3.1370999999999984 -0.24994
3.1471 -0.25721999999999995
3.1571 -0.26430000000000003
3.1670999999999996 -0.27090000000000003
3.1770999999999994 -0.2774999999999999
3.187099999999999 -0.28369999999999995
3.197099999999999 -0.28890000000000005
3.2070999999999987 -0.29450000000000004
3.2170999999999985 -0.29880000000000007
3.2271 -0.30300000000000005
3.2371 -0.30720000000000003
3.2470999999999997 -0.3111
3.2570999999999994 -0.31529999999999997
3.2670999999999992 -0.31909999999999994
3.277099999999999 -0.3233999999999999
3.287099999999999 -0.3273
3.2970999999999986 -0.3316
3.3071 -0.3363
3.3171 -0.3417
3.3270999999999997 -0.34719999999999995
3.3370999999999995 -0.35280000000000006
3.3470999999999993 -0.3595999999999999
3.357099999999999 -0.36569999999999997
3.367099999999999 -0.37170000000000003
3.3770999999999987 -0.3779999999999999
3.3870999999999984 -0.3834
3.3971 -0.38930000000000003
3.4071 -0.3940999999999999
3.4170999999999996 -0.39869999999999994
3.4270999999999994 -0.4026000000000001
3.437099999999999 -0.4049999999999999
3.447099999999999 -0.40720000000000006
3.4570999999999987 -0.40800000000000003
3.4670999999999985 -0.4074000000000001
3.4771 -0.4065000000000001
3.4871 -0.40440000000000004
3.4970999999999997 -0.4016999999999999
3.5070999999999994 -0.3978
3.5170999999999992 -0.39360000000000006
3.527099999999999 -0.3893999999999999
3.537099999999999 -0.38400000000000006
3.5470999999999986 -0.3794999999999999
3.5571 -0.37440000000000007
3.5671 -0.3696
3.5770999999999997 -0.36480000000000007
3.5870999999999995 -0.36089999999999994
3.5970999999999993 -0.35730000000000006
3.607100000000001 -0.35550000000000004
3.617099999999999 -0.35339999999999994
3.6271000000000004 -0.35189999999999994
3.6370999999999984 -0.35119999999999996
3.6471 -0.351
3.657099999999998 -0.35219999999999996
3.6670999999999996 -0.35309999999999997
3.6770999999999976 -0.3545999999999999
3.687099999999999 -0.35639999999999983
3.6971000000000007 -0.3582000000000001
3.7070999999999987 -0.3597
3.7171000000000003 -0.3612
3.7270999999999983 -0.3624
3.7371 -0.36329999999999996
3.747099999999998 -0.3627
3.7570999999999994 -0.36210000000000003
3.767100000000001 -0.35999999999999993
3.777099999999999 -0.35639999999999994
3.7871000000000006 -0.35250000000000004
3.7970999999999986 -0.348
3.8071 -0.3414
3.817099999999998 -0.3348000000000001
3.8270999999999997 -0.3267
3.8370999999999977 -0.3182999999999999
3.8470999999999993 -0.3096000000000001
3.857100000000001 -0.29980000000000007
3.867099999999999 -0.2904000000000001
3.8771000000000004 -0.28109999999999996
3.8870999999999984 -0.27240000000000003
3.8971 -0.26370000000000005
3.907099999999998 -0.2553000000000001
3.9170999999999996 -0.24799999999999994
3.9270999999999976 -0.24120000000000005
3.937099999999999 -0.23490000000000008
3.9471000000000007 -0.23010000000000003
3.9570999999999987 -0.22650000000000003
3.9671000000000003 -0.22289999999999996
3.9770999999999983 -0.22050000000000003
3.9871 -0.2193
3.997099999999998 -0.21839999999999998
4.007099999999999 -0.2181
4.017100000000001 -0.21870000000000003
4.027099999999999 -0.2199
4.037100000000001 -0.2208
4.047099999999999 -0.22260000000000002
4.0571 -0.2241
4.067099999999998 -0.22619999999999998
4.0771 -0.22859999999999997
4.087099999999998 -0.23040000000000008
4.097099999999999 -0.2322
4.107100000000001 -0.23399999999999996
4.117099999999999 -0.2358
4.1271 -0.23790000000000003
4.1370999999999984 -0.24030000000000004
4.1471 -0.2427
4.157099999999998 -0.24480000000000002
4.1671 -0.24689999999999998
4.177099999999998 -0.25020000000000003
4.187099999999999 -0.2535
4.197100000000001 -0.2565
4.207099999999999 -0.2601
4.2171 -0.2646
4.227099999999998 -0.26909999999999995
4.2371 -0.27450000000000013
4.247099999999998 -0.27990000000000004
4.257099999999999 -0.2853
4.267100000000001 -0.2916000000000001
4.277099999999999 -0.2975999999999999
4.287100000000001 -0.3033
4.297099999999999 -0.30929999999999996
4.3071 -0.315
4.317099999999998 -0.3203999999999999
4.3271 -0.3246
4.337099999999998 -0.3282
4.347099999999999 -0.3302999999999999
4.357100000000001 -0.3321
4.367099999999999 -0.3327000000000001
4.3771 -0.3321
4.3870999999999984 -0.3302999999999999
4.3971 -0.32730000000000004
4.407099999999998 -0.32310000000000005
4.4171 -0.318
4.427099999999998 -0.3123
4.437099999999999 -0.30600000000000005
4.447100000000001 -0.29880000000000007
4.457099999999999 -0.2913
4.4671 -0.28350000000000003
4.477099999999998 -0.276
4.4871 -0.26789999999999997
4.497099999999998 -0.26039999999999996
4.507099999999999 -0.25320000000000004
4.517100000000001 -0.24630000000000002
4.527099999999999 -0.2403
4.537100000000001 -0.23460000000000003
4.547099999999999 -0.22920000000000004
4.5571 -0.22499999999999998
4.567099999999998 -0.22110000000000002
4.5771 -0.21749999999999997
4.587099999999998 -0.21480000000000002
4.597099999999999 -0.2127
4.607100000000001 -0.2112
4.617099999999999 -0.20970000000000003
4.6271 -0.20879999999999993
4.6370999999999984 -0.20879999999999993
4.6471 -0.20879999999999993
4.657099999999998 -0.20969999999999994
4.6671 -0.20969999999999994
4.677099999999998 -0.21150000000000002
4.687099999999999 -0.21300000000000002
4.697100000000001 -0.2148
4.707099999999999 -0.2169
4.7171 -0.21869999999999995
4.727099999999998 -0.2223
4.7371 -0.22410000000000002
4.747099999999998 -0.22739999999999994
4.757099999999999 -0.23039999999999997
4.767100000000001 -0.23320000000000002
4.777099999999999 -0.23670000000000005
4.787100000000001 -0.23859999999999998
4.797099999999999 -0.2412
4.8071 -0.24299999999999997
4.817099999999998 -0.24480000000000002
4.8271 -0.24569999999999995
4.837099999999998 -0.24569999999999995
4.847099999999999 -0.24539999999999995
4.857100000000001 -0.2439000000000001
4.867099999999999 -0.24209999999999993
4.8771 -0.2397
4.8870999999999984 -0.23669999999999994
4.8971 -0.23309999999999992
4.907099999999998 -0.2282
4.9171 -0.22409999999999994
4.927099999999998 -0.21919999999999998
4.937099999999999 -0.2142
4.947100000000001 -0.20890000000000003
4.957099999999999 -0.20410000000000003
4.9671 -0.1988999999999999
4.977099999999998 -0.19399999999999995
4.9871 -0.18924
4.997099999999998 -0.18532999999999994
5.007099999999999 -0.18108
5.017100000000001 -0.17734999999999998
5.027099999999999 -0.17394000000000004
5.037100000000001 -0.17077
5.047099999999999 -0.16791
5.0571 -0.16504000000000002
5.067099999999998 -0.16226000000000002
5.0771 -0.15952999999999998
5.087099999999998 -0.15678000000000003
5.097099999999999 -0.15393
5.107100000000001 -0.15102
5.117099999999999 -0.14800000000000002
5.1271 -0.14489000000000002
5.1370999999999984 -0.14156000000000002
5.1471 -0.13817
5.157099999999998 -0.13461
5.1671 -0.13094999999999998
5.177099999999998 -0.12719999999999998
5.187099999999999 -0.12333999999999999
5.197100000000001 -0.11947
5.207099999999999 -0.11552000000000003
5.2171 -0.11158999999999997
5.227099999999998 -0.10766
5.2371 -0.10372
5.247099999999998 -0.09983
5.257099999999999 -0.09599000000000002
5.267100000000001 -0.09218
5.277099999999999 -0.08843999999999999
5.287100000000001 -0.08471999999999999
5.297099999999999 -0.08114
5.3071 -0.07755
5.317099999999998 -0.07407
5.3271 -0.07063
5.337099999999998 -0.06727
5.347099999999999 -0.06397
5.357100000000001 -0.06072
5.367099999999999 -0.05756
5.3771 -0.05444999999999999
5.3870999999999984 -0.051379999999999995
5.3971 -0.04836999999999999
5.407099999999998 -0.04548000000000001
5.4171 -0.04261000000000001
5.427099999999998 -0.03982
5.437099999999999 -0.03708
5.447100000000001 -0.03447
5.457099999999999 -0.03194
5.4671 -0.02947
5.477099999999998 -0.02716
5.4871 -0.024929999999999997
5.497099999999998 -0.022800000000000004
5.507099999999999 -0.020804
5.517100000000001 -0.018895999999999996
5.527099999999999 -0.017134
5.537100000000001 -0.015484000000000001
5.547099999999999 -0.013942000000000001
5.5571 -0.012514000000000003
5.567099999999998 -0.011193
5.5771 -0.009976
5.587099999999998 -0.008855999999999998
5.597099999999999 -0.007828
5.607100000000001 -0.006889
5.617099999999999 -0.006032999999999999
5.6271 -0.0052580000000000005
5.6370999999999984 -0.004556000000000001
5.6471 -0.003921999999999999
5.657099999999998 -0.003358
5.6671 -0.0028569999999999997
5.677099999999998 -0.0024110000000000004
5.687099999999999 -0.0020215000000000003
5.697100000000001 -0.0016813999999999996
5.707099999999999 -0.0013874000000000002
5.7171 -0.0011352
5.727099999999998 -0.0009214000000000001
5.7371 -0.0007405999999999999
5.747099999999998 -0.0005906
5.757099999999999 -0.00046630000000000006
5.767100000000001 -0.0003648000000000001
5.777099999999999 -0.0002825
5.787100000000001 -0.00021708000000000003
5.797099999999999 -0.0001649
5.8071 -0.0001241
5.817099999999998 -9.245999999999999e-05
5.8271 -6.821e-05
5.837099999999998 -4.9789999999999996e-05
5.847099999999999 -3.598e-05
5.857100000000001 -2.5750000000000002e-05
5.867099999999999 -1.8208e-05
5.8771 -1.2766999999999998e-05
5.8870999999999984 -8.851e-06
5.8971 -6.075e-06
5.907099999999998 -4.122e-06
5.9171 -2.7719999999999995e-06
5.927099999999998 -1.8419e-06
5.937099999999999 -1.212e-06
5.947100000000001 -7.887e-07
5.957099999999999 -5.08e-07
