-22.402900000000002 0.0020424
-22.3929 0.0014475
-22.3829 0.0010165
-22.3729 0.0007065000000000003
-22.362900000000003 0.00048709999999999986
-22.352899999999998 0.00033167
-22.3429 0.00022430000000000003
-22.332900000000002 0.00015004
-22.3229 9.943000000000003e-05
-22.3129 6.526e-05
-22.3029 4.237799999999999e-05
-22.292900000000003 2.7283e-05
-22.2829 1.7389999999999998e-05
-22.2729 1.0967999999999997e-05
-22.262900000000002 6.858000000000001e-06
-22.2529 4.2429000000000005e-06
-22.2429 2.5976000000000003e-06
-22.2329 1.5755e-06
-22.222900000000003 9.459000000000001e-07
-22.2129 5.624999999999999e-07
-22.2029 3.3068e-07
-22.1929 1.9284000000000002e-07
-22.1829 1.1127999999999999e-07
-22.1729 6.358999999999999e-08
-22.1629 3.5906e-08
-22.152900000000002 2.0109000000000008e-08
-22.1429 1.1141000000000005e-08
-22.1329 6.115200000000001e-09
-22.1229 3.3173999999999993e-09
-22.112900000000003 1.7832000000000004e-09
-22.102899999999998 9.488e-10
-22.0929 4.992599999999999e-10
-22.082900000000002 2.598899999999999e-10
-22.0729 1.3397e-10
-22.0629 6.801999999999999e-11
-22.0529 3.4171999999999995e-11
-22.042900000000003 1.693e-11
-22.0329 8.228e-12
-22.0229 3.8190000000000006e-12
-22.012900000000002 1.7145e-12
-22.0029 7.127e-13
-21.9929 2.865499999999999e-13
-21.9829 1.0909000000000002e-13
-21.972900000000003 1.4654000000000005e-14
-21.9629 0.0
-21.9529 0.0
-21.9429 0.0
-21.9329 0.0
-21.9229 0.0
-21.9129 0.0
-21.902900000000002 0.0
-21.8929 0.0
-21.8829 0.0
-21.8729 0.0
-21.862900000000003 0.0
-21.852899999999998 0.0
-21.8429 0.0
-21.832900000000002 0.0
-21.8229 0.0
-21.8129 0.0
-21.8029 0.0
-21.792900000000003 0.0
-21.7829 0.0
-21.7729 0.0
-21.762900000000002 0.0
-21.7529 0.0
-21.7429 0.0
-21.7329 0.0
-21.722900000000003 0.0
-21.7129 0.0
-21.7029 0.0
-21.6929 0.0
-21.6829 0.0
-21.6729 0.0
-21.6629 0.0
-21.652900000000002 0.0
-21.6429 0.0
-21.6329 0.0
-21.6229 0.0
-21.612900000000003 0.0
-21.602899999999998 0.0
-21.5929 0.0
-21.582900000000002 0.0
-21.5729 0.0
-21.5629 0.0
-21.5529 0.0
-21.542900000000003 0.0
-21.5329 0.0
-21.5229 0.0
-21.512900000000002 0.0
-21.5029 0.0
-21.4929 0.0
-21.4829 0.0
-21.472900000000003 0.0
-21.4629 0.0
-21.4529 0.0
-21.4429 0.0
-21.4329 0.0
-21.4229 0.0
-21.4129 0.0
-21.402900000000002 0.0
-21.3929 0.0
-21.3829 0.0
-21.3729 0.0
-21.362900000000003 0.0
-21.352899999999998 0.0
-21.3429 0.0
-21.332900000000002 0.0
-21.3229 0.0
-21.3129 0.0
-21.3029 0.0
-21.292900000000003 0.0
-21.2829 0.0
-21.2729 0.0
-21.262900000000002 0.0
-21.2529 0.0
-21.2429 0.0
-21.2329 0.0
-21.222900000000003 0.0
-21.2129 0.0
-21.2029 0.0
-21.1929 0.0
-21.1829 0.0
-21.1729 0.0
-21.1629 0.0
-21.152900000000002 0.0
-21.1429 0.0
-21.1329 0.0
-21.1229 0.0
-21.112900000000003 0.0
-21.102899999999998 0.0
-21.0929 0.0
-21.082900000000002 0.0
-21.0729 0.0
-21.0629 0.0
-21.0529 0.0
-21.042900000000003 0.0
-21.0329 0.0
-21.0229 0.0
-21.012900000000002 0.0
-21.0029 0.0
-20.9929 0.0
-20.9829 0.0
-20.972900000000003 0.0
-20.9629 0.0
-20.9529 0.0
-20.9429 0.0
-20.9329 0.0
-20.9229 0.0
-20.9129 0.0
-20.902900000000002 0.0
-20.8929 0.0
-20.8829 0.0
-20.8729 0.0
-20.862900000000003 0.0
-20.852899999999998 0.0
-20.8429 0.0
-20.832900000000002 0.0
-20.8229 0.0
-20.8129 0.0
-20.8029 0.0
-20.792900000000003 0.0
-20.7829 0.0
-20.7729 0.0
-20.762900000000002 0.0
-20.7529 0.0
-20.7429 0.0
-20.7329 0.0
-20.722900000000003 0.0
-20.7129 0.0
-20.7029 0.0
-20.6929 0.0
-20.6829 0.0
-20.6729 0.0
-20.6629 0.0
-20.652900000000002 0.0
-20.6429 0.0
-20.6329 0.0
-20.6229 0.0
-20.612900000000003 0.0
-20.602899999999998 0.0
-20.5929 0.0
-20.582900000000002 0.0
-20.5729 0.0
-20.5629 0.0
-20.5529 0.0
-20.542900000000003 0.0
-20.5329 0.0
-20.5229 0.0
-20.512900000000002 0.0
-20.5029 0.0
-20.4929 0.0
-20.4829 0.0
-20.472900000000003 0.0
-20.4629 0.0
-20.4529 0.0
-20.4429 0.0
-20.4329 0.0
-20.4229 0.0
-20.4129 0.0
-20.402900000000002 0.0
-20.3929 0.0
-20.3829 0.0
-20.3729 0.0
-20.3629 0.0
-20.3529 0.0
-20.3429 0.0
-20.332900000000002 0.0
-20.3229 0.0
-20.3129 0.0
-20.3029 0.0
-20.2929 0.0
-20.2829 0.0
-20.2729 0.0
-20.262900000000002 1.1584730000000001e-13
-20.2529 2.4285e-13
-20.2429 5.052572000000001e-13
-20.2329 1.3191519999999998e-12
-20.222900000000003 2.69691e-12
-20.2129 5.457080999999999e-12
-20.2029 1.0936240000000004e-11
-20.1929 2.1661880000000002e-11
-20.1829 4.24411e-11
-20.1729 8.23542e-11
-20.1629 1.5893250000000004e-10
-20.152900000000002 3.0221550000000003e-10
-20.1429 5.68617e-10
-20.1329 1.0587820000000002e-09
-20.1229 1.9476179999999997e-09
-20.1129 3.5550920000000006e-09
-20.1029 6.401870000000002e-09
-20.0929 1.142112e-08
-20.082900000000002 2.0169310000000003e-08
-20.0729 3.519154e-08
-20.0629 6.092100000000001e-08
-20.0529 1.04262e-07
-20.0429 1.7641610000000003e-07
-20.0329 2.958371e-07
-20.0229 4.908287000000001e-07
-20.012900000000002 8.060499999999999e-07
-20.0029 1.3100589999999997e-06
-19.9929 2.107536e-06
-19.9829 3.356074e-06
-19.972900000000003 5.293170000000001e-06
-19.9629 8.259090000000001e-06
-19.9529 1.27598e-05
-19.9429 1.9522149999999997e-05
-19.9329 2.9570129999999995e-05
-19.9229 4.4386590000000006e-05
-19.9129 6.588960000000002e-05
-19.902900000000002 9.695080000000004e-05
-19.8929 0.0001412357
-19.8829 0.0002037958
-19.8729 0.00029155009999999994
-19.8629 0.00041274819999999985
-19.8529 0.00057944
-19.8429 0.0008057979999999999
-19.832900000000002 0.001110209
-19.8229 0.0015169839999999997
-19.8129 0.0020517720000000003
-19.8029 0.00275595
-19.7929 0.0036701559999999995
-19.7829 0.004842689999999999
-19.7729 0.006335830000000001
-19.762900000000002 0.008222039999999996
-19.7529 0.01058886
-19.7429 0.013524779999999993
-19.7329 0.01713261
-19.722900000000003 0.02152698
-19.7129 0.026865929999999996
-19.7029 0.03326127
-19.6929 0.04087419999999999
-19.6829 0.04984579999999999
-19.6729 0.060327900000000004
-19.6629 0.0724602
-19.652900000000002 0.0864357
-19.6429 0.10227460000000001
-19.6329 0.1201785
-19.6229 0.1401376
-19.6129 0.1622842
-19.6029 0.18662740000000005
-19.5929 0.21281800000000003
-19.582900000000002 0.2410164
-19.5729 0.2714318
-19.5629 0.30316199999999993
-19.5529 0.336114
-19.5429 0.370375
-19.5329 0.4054480000000001
-19.5229 0.44073599999999985
-19.512900000000002 0.4764330000000001
-19.5029 0.511939
-19.4929 0.546953
-19.4829 0.5814720000000001
-19.472900000000003 0.6152990000000002
-19.4629 0.6482349999999999
-19.4529 0.67998
-19.4429 0.71123
-19.4329 0.741291
-19.4229 0.7715630000000001
-19.4129 0.8014529999999999
-19.402900000000002 0.83156
-19.3929 0.8621910000000002
-19.3829 0.893537
-19.3729 0.926205
-19.3629 0.9602
-19.3529 0.9951220000000002
-19.3429 1.0319620000000003
-19.332900000000002 1.0703229999999997
-19.3229 1.1094050000000002
-19.3129 1.150198
-19.3029 1.1910959999999997
-19.2929 1.232705
-19.2829 1.2738080000000003
-19.2729 1.314093
-19.262900000000002 1.353374
-19.2529 1.3903269999999999
-19.2429 1.4248529999999997
-19.2329 1.4575500000000001
-19.222900000000003 1.4866119999999998
-19.2129 1.5126410000000001
-19.2029 1.5356290000000001
-19.1929 1.5556940000000001
-19.1829 1.5731090000000005
-19.1729 1.58767
-19.1629 1.6008299999999998
-19.152900000000002 1.6120099999999997
-19.1429 1.6229100000000005
-19.1329 1.6340499999999996
-19.1229 1.64562
-19.1129 1.6582500000000002
-19.1029 1.67615
-19.0929 1.6952800000000006
-19.082900000000002 1.7192599999999998
-19.0729 1.7481799999999998
-19.0629 1.7825200000000003
-19.0529 1.8221200000000002
-19.0429 1.8673399999999998
-19.0329 1.9201900000000003
-19.0229 1.9774600000000007
-19.012900000000002 2.0428999999999995
-19.0029 2.11106
-18.9929 2.18508
-18.9829 2.25807
-18.972900000000003 2.33915
-18.9629 2.4211999999999994
-18.9529 2.4962199999999997
-18.9429 2.57724
-18.9329 2.6532599999999995
-18.9229 2.73216
-18.9129 2.8040000000000007
-18.902900000000002 2.8688700000000003
-18.8929 2.93356
-18.8829 2.98925
-18.8729 3.0418499999999997
-18.8629 3.089270000000001
-18.8529 3.1317200000000005
-18.8429 3.16805
-18.832900000000002 3.2044100000000006
-18.8229 3.232620000000001
-18.8129 3.2598100000000003
-18.8029 3.2809799999999996
-18.7929 3.2991
-18.7829 3.32022
-18.7729 3.33831
-18.762900000000002 3.3574300000000004
-18.7529 3.3745800000000012
-18.7429 3.3926799999999995
-18.7329 3.4148600000000013
-18.722900000000003 3.433029999999999
-18.7129 3.45921
-18.7029 3.48447
-18.6929 3.5046900000000005
-18.6829 3.5319900000000013
-18.6729 3.55827
-18.6629 3.58556
-18.652900000000002 3.6048900000000006
-18.6429 3.6271599999999986
-18.6329 3.6504899999999996
-18.6229 3.670780000000001
-18.6129 3.687
-18.6029 3.70121
-18.5929 3.7114200000000004
-18.582900000000002 3.71657
-18.5729 3.7146500000000002
-18.5629 3.7157500000000008
-18.5529 3.711720000000001
-18.5429 3.7026600000000007
-18.5329 3.6915700000000014
-18.5229 3.675420000000001
-18.512900000000002 3.665270000000001
-18.5029 3.6410900000000006
-18.4929 3.6237900000000005
-18.4829 3.6054900000000005
-18.472900000000003 3.58516
-18.4629 3.562829999999999
-18.4529 3.544480000000001
-18.4429 3.52612
-18.4329 3.5127499999999987
-18.4229 3.4943899999999988
-18.4129 3.48203
-18.402900000000002 3.475669999999999
-18.3929 3.4663199999999987
-18.3829 3.4630600000000014
-18.3729 3.46671
-18.3629 3.46247
-18.3529 3.4692000000000003
-18.3429 3.4748999999999985
-18.332900000000002 3.479690000000001
-18.3229 3.48645
-18.3129 3.4951800000000004
-18.3029 3.4948999999999995
-18.2929 3.4976100000000003
-18.2829 3.4943100000000014
-18.2729 3.48792
-18.262900000000002 3.472489999999999
-18.2529 3.4620799999999994
-18.2429 3.4395699999999994
-18.2329 3.413029999999999
-18.222900000000003 3.3864599999999996
-18.2129 3.3547700000000007
-18.2029 3.3211400000000006
-18.1929 3.28747
-18.1829 3.2578099999999997
-18.1729 3.22616
-18.1629 3.202529999999999
-18.152900000000002 3.183960000000001
-18.1429 3.174449999999999
-18.1329 3.172
-18.1229 3.1857
-18.1129 3.21138
-18.1029 3.2452199999999998
-18.0929 3.2991899999999994
-18.082900000000002 3.3712800000000005
-18.0729 3.454460000000001
-18.0629 3.5637900000000027
-18.0529 3.691179999999999
-18.0429 3.836720000000001
-18.0329 4.007379999999999
-18.0229 4.196130000000001
-18.012900000000002 4.41494
-18.0029 4.65084
-17.9929 4.917860000000001
-17.9829 5.20694
-17.972900000000003 5.51905
-17.9629 5.85522
-17.9529 6.22239
-17.9429 6.607630000000001
-17.9329 7.014820000000001
-17.9229 7.442990000000002
-17.9129 7.886190000000002
-17.902900000000002 8.343330000000002
-17.8929 8.81039
-17.8829 9.282399999999999
-17.8729 9.756330000000002
-17.8629 10.226129999999998
-17.8529 10.684859999999999
-17.8429 11.13049
-17.832900000000002 11.55991
-17.8229 11.96129
-17.8129 12.343520000000002
-17.8029 12.690650000000002
-17.7929 13.00659
-17.7829 13.291420000000004
-17.7729 13.543199999999997
-17.762900000000002 13.76085
-17.7529 13.948459999999999
-17.7429 14.10895
-17.7329 14.246499999999996
-17.722900000000003 14.367959999999998
-17.7129 14.4694
-17.7029 14.571860000000001
-17.6929 14.66843
-17.6829 14.771950000000002
-17.6729 14.88359
-17.6629 15.01526
-17.652900000000002 15.160010000000005
-17.6429 15.330779999999997
-17.6329 15.526670000000001
-17.6229 15.74652
-17.6129 15.989449999999998
-17.6029 16.25745
-17.5929 16.545369999999995
-17.582900000000002 16.84734
-17.5729 17.151239999999998
-17.5629 17.46311
-17.5529 17.784910000000004
-17.5429 18.083639999999992
-17.5329 18.38527
-17.5229 18.63178
-17.512900000000002 18.876229999999993
-17.5029 19.026530000000005
-17.4929 19.17076
-17.4829 19.24478
-17.472900000000003 19.216779999999996
-17.4629 19.158619999999996
-17.4529 18.982369999999996
-17.4429 18.762
-17.4329 18.418540000000004
-17.4229 18.005969999999998
-17.4129 17.45639
-17.402900000000002 16.8607
-17.3929 16.1869
-17.3829 15.407160000000001
-17.3729 14.597319999999998
-17.3629 13.707460000000001
-17.3529 12.781630000000002
-17.3429 11.828847000000001
-17.332900000000002 10.858059999999998
-17.3229 9.886351
-17.3129 8.924707
-17.3029 7.991141999999998
-17.2929 7.090674
-17.2829 6.238304
-17.2729 5.434042000000002
-17.262900000000002 4.69289
-17.2529 4.015855
-17.2429 3.405929
-17.2329 2.8611139999999997
-17.222900000000003 2.379606
-17.2129 1.9590869999999996
-17.2029 1.5986620000000007
-17.1929 1.2913179
-17.1829 1.0328478999999997
-17.1729 0.8181420000000001
-17.1629 0.6416918
-17.152900000000002 0.49808960000000024
-17.1429 0.3831279
-17.1329 0.2915004
-17.1229 0.2196009
-17.1129 0.16378340000000002
-17.1029 0.12101442
-17.0929 0.08844976
-17.082900000000002 0.06400634999999999
-17.0729 0.04584165999999999
-17.0629 0.03251356
-17.0529 0.022825470000000007
-17.0429 0.0158511
-17.0329 0.010899472
-17.0229 0.007419821
-17.012900000000002 0.004998598000000002
-17.0029 0.003333387000000001
-16.9929 0.002199084
-16.9829 0.0014374795
-16.972900000000003 0.0009297117999999999
-16.9629 0.0005949733000000002
-16.9529 0.00037688829999999986
-16.9429 0.0002363156
-16.9329 0.00014668882999999998
-16.9229 9.008565e-05
-16.9129 5.478009000000001e-05
-16.902900000000002 3.295207e-05
-16.8929 1.961198999999999e-05
-16.8829 1.1566672000000002e-05
-16.8729 6.747534e-06
-16.8629 3.897912999999999e-06
-16.8529 2.2281989999999995e-06
-16.8429 1.2592780000000002e-06
-16.832900000000002 7.045807000000002e-07
-16.8229 3.9038629999999996e-07
-16.8129 2.1410570000000002e-07
-16.8029 1.161438e-07
-16.7929 6.238701e-08
-16.7829 3.316079e-08
-16.7729 1.7425379999999998e-08
-16.762900000000002 9.075099999999999e-09
-16.7529 4.673701000000001e-09
-16.7429 2.3825989999999993e-09
-16.7329 1.2012556e-09
-16.722900000000003 5.963195e-10
-16.7129 2.8704330000000004e-10
-16.7029 1.3400787999999998e-10
-16.6929 5.507229999999998e-11
-16.6829 2.3832330000000004e-11
-16.6729 8.932409000000001e-12
-16.6629 2.3059899999999995e-12
-16.652900000000002 3.0787799999999995e-13
-16.6429 0.0
-16.6329 0.0
-16.6229 0.0
-16.6129 0.0
-16.6029 0.0
-16.5929 0.0
-16.582900000000002 0.0
-16.5729 0.0
-16.5629 0.0
-16.5529 0.0
-16.5429 0.0
-16.5329 0.0
-16.5229 0.0
-16.512900000000002 0.0
-16.5029 0.0
-16.4929 0.0
-16.4829 0.0
-16.472900000000003 0.0
-16.4629 0.0
-16.4529 0.0
-16.4429 0.0
-16.4329 0.0
-16.4229 0.0
-16.4129 0.0
-16.402900000000002 0.0
-16.3929 0.0
-16.3829 0.0
-16.3729 0.0
-16.3629 0.0
-16.3529 0.0
-16.3429 0.0
-16.332900000000002 0.0
-16.3229 0.0
-16.3129 0.0
-16.3029 0.0
-16.2929 0.0
-16.2829 0.0
-16.2729 0.0
-16.262900000000002 0.0
-16.2529 0.0
-16.2429 0.0
-16.2329 0.0
-16.2229 0.0
-16.2129 0.0
-16.2029 0.0
-16.1929 0.0
-16.1829 0.0
-16.172900000000002 0.0
-16.1629 0.0
-16.152900000000002 0.0
-16.1429 0.0
-16.1329 0.0
-16.1229 0.0
-16.1129 0.0
-16.1029 0.0
-16.0929 0.0
-16.082900000000002 0.0
-16.0729 0.0
-16.0629 0.0
-16.0529 0.0
-16.0429 0.0
-16.0329 0.0
-16.0229 0.0
-16.012900000000002 0.0
-16.0029 0.0
-15.9929 0.0
-15.9829 0.0
-15.972900000000001 0.0
-15.962900000000001 0.0
-15.9529 0.0
-15.942900000000002 0.0
-15.9329 0.0
-15.9229 0.0
-15.9129 0.0
-15.9029 0.0
-15.892900000000001 0.0
-15.882900000000001 0.0
-15.872900000000001 0.0
-15.8629 0.0
-15.852900000000002 0.0
-15.8429 0.0
-15.8329 0.0
-15.8229 0.0
-15.8129 0.0
-15.802900000000001 0.0
-15.792900000000001 0.0
-15.782900000000001 0.0
-15.7729 0.0
-15.7629 0.0
-15.7529 0.0
-15.7429 0.0
-15.7329 0.0
-15.722900000000001 0.0
-15.712900000000001 0.0
-15.7029 0.0
-15.692900000000002 0.0
-15.6829 0.0
-15.6729 0.0
-15.6629 0.0
-15.6529 0.0
-15.642900000000001 0.0
-15.632900000000001 0.0
-15.622900000000001 0.0
-15.6129 0.0
-15.602900000000002 0.0
-15.5929 0.0
-15.5829 0.0
-15.5729 0.0
-15.5629 0.0
-15.552900000000001 0.0
-15.542900000000001 0.0
-15.532900000000001 0.0
-15.5229 0.0
-15.5129 0.0
-15.5029 0.0
-15.4929 0.0
-15.4829 0.0
-15.472900000000001 0.0
-15.462900000000001 0.0
-15.4529 0.0
-15.442900000000002 0.0
-15.4329 0.0
-15.4229 0.0
-15.4129 0.0
-15.4029 0.0
-15.392900000000001 0.0
-15.382900000000001 0.0
-15.372900000000001 0.0
-15.3629 0.0
-15.352900000000002 0.0
-15.3429 0.0
-15.3329 0.0
-15.3229 0.0
-15.3129 0.0
-15.302900000000001 0.0
-15.292900000000001 0.0
-15.282900000000001 0.0
-15.2729 0.0
-15.2629 0.0
-15.2529 0.0
-15.2429 0.0
-15.2329 0.0
-15.222900000000001 0.0
-15.212900000000001 0.0
-15.2029 0.0
-15.192900000000002 0.0
-15.1829 0.0
-15.1729 0.0
-15.1629 0.0
-15.1529 0.0
-15.142900000000001 0.0
-15.132900000000001 0.0
-15.122900000000001 0.0
-15.1129 0.0
-15.102900000000002 0.0
-15.0929 0.0
-15.0829 0.0
-15.0729 0.0
-15.0629 0.0
-15.052900000000001 0.0
-15.042900000000001 0.0
-15.032900000000001 0.0
-15.0229 0.0
-15.0129 0.0
-15.0029 0.0
-14.9929 0.0
-14.9829 0.0
-14.972900000000001 0.0
-14.962900000000001 0.0
-14.9529 0.0
-14.942900000000002 0.0
-14.9329 0.0
-14.9229 0.0
-14.9129 0.0
-14.9029 0.0
-14.892900000000001 0.0
-14.882900000000001 0.0
-14.872900000000001 0.0
-14.8629 0.0
-14.852900000000002 0.0
-14.8429 0.0
-14.8329 0.0
-14.8229 0.0
-14.8129 0.0
-14.802900000000001 0.0
-14.792900000000001 0.0
-14.782900000000001 0.0
-14.7729 0.0
-14.7629 0.0
-14.7529 0.0
-14.7429 0.0
-14.7329 0.0
-14.722900000000001 0.0
-14.712900000000001 0.0
-14.7029 0.0
-14.692900000000002 0.0
-14.6829 0.0
-14.6729 0.0
-14.6629 0.0
-14.6529 0.0
-14.642900000000001 0.0
-14.632900000000001 0.0
-14.622900000000001 0.0
-14.6129 0.0
-14.602900000000002 0.0
-14.5929 0.0
-14.5829 0.0
-14.5729 0.0
-14.5629 0.0
-14.552900000000001 0.0
-14.542900000000001 0.0
-14.532900000000001 0.0
-14.5229 0.0
-14.5129 0.0
-14.5029 0.0
-14.4929 0.0
-14.4829 0.0
-14.472900000000001 0.0
-14.462900000000001 0.0
-14.4529 0.0
-14.442900000000002 0.0
-14.4329 0.0
-14.4229 0.0
-14.4129 0.0
-14.4029 0.0
-14.392900000000001 0.0
-14.382900000000001 0.0
-14.372900000000001 0.0
-14.3629 0.0
-14.3529 0.0
-14.3429 0.0
-14.3329 0.0
-14.3229 0.0
-14.3129 0.0
-14.302900000000001 0.0
-14.292900000000001 0.0
-14.282900000000001 0.0
-14.2729 0.0
-14.2629 0.0
-14.2529 0.0
-14.2429 0.0
-14.2329 0.0
-14.222900000000001 0.0
-14.212900000000001 0.0
-14.202900000000001 0.0
-14.192900000000002 0.0
-14.1829 0.0
-14.1729 0.0
-14.1629 0.0
-14.1529 0.0
-14.142900000000001 0.0
-14.132900000000001 0.0
-14.122900000000001 0.0
-14.1129 0.0
-14.1029 0.0
-14.0929 0.0
-14.0829 0.0
-14.0729 0.0
-14.0629 0.0
-14.052900000000001 0.0
-14.042900000000001 0.0
-14.032900000000001 0.0
-14.0229 0.0
-14.0129 0.0
-14.0029 0.0
-13.9929 0.0
-13.9829 0.0
-13.972900000000001 0.0
-13.962900000000001 0.0
-13.952900000000001 0.0
-13.942900000000002 0.0
-13.9329 0.0
-13.9229 0.0
-13.9129 0.0
-13.9029 0.0
-13.892900000000001 0.0
-13.882900000000001 0.0
-13.872900000000001 0.0
-13.8629 0.0
-13.8529 0.0
-13.8429 0.0
-13.8329 0.0
-13.8229 0.0
-13.8129 0.0
-13.802900000000001 0.0
-13.792900000000001 0.0
-13.782900000000001 0.0
-13.7729 0.0
-13.7629 0.0
-13.7529 0.0
-13.7429 0.0
-13.7329 0.0
-13.722900000000001 0.0
-13.712900000000001 0.0
-13.702900000000001 0.0
-13.692900000000002 0.0
-13.6829 0.0
-13.6729 0.0
-13.6629 0.0
-13.6529 0.0
-13.642900000000001 0.0
-13.632900000000001 0.0
-13.622900000000001 0.0
-13.6129 0.0
-13.6029 0.0
-13.5929 0.0
-13.5829 0.0
-13.5729 0.0
-13.5629 0.0
-13.552900000000001 0.0
-13.542900000000001 0.0
-13.532900000000001 0.0
-13.5229 0.0
-13.5129 0.0
-13.5029 0.0
-13.4929 0.0
-13.4829 0.0
-13.472900000000001 0.0
-13.462900000000001 0.0
-13.452900000000001 0.0
-13.442900000000002 0.0
-13.4329 0.0
-13.4229 0.0
-13.4129 0.0
-13.4029 0.0
-13.392900000000001 0.0
-13.382900000000001 0.0
-13.372900000000001 0.0
-13.3629 0.0
-13.3529 0.0
-13.3429 0.0
-13.3329 0.0
-13.3229 0.0
-13.3129 0.0
-13.302900000000001 0.0
-13.292900000000001 0.0
-13.282900000000001 0.0
-13.2729 0.0
-13.2629 0.0
-13.2529 0.0
-13.2429 0.0
-13.2329 0.0
-13.222900000000001 0.0
-13.212900000000001 0.0
-13.202900000000001 0.0
-13.192900000000002 0.0
-13.1829 0.0
-13.1729 0.0
-13.1629 0.0
-13.1529 0.0
-13.142900000000001 0.0
-13.132900000000001 0.0
-13.122900000000001 0.0
-13.1129 0.0
-13.1029 0.0
-13.0929 0.0
-13.0829 0.0
-13.0729 0.0
-13.0629 0.0
-13.052900000000001 0.0
-13.042900000000001 0.0
-13.032900000000001 0.0
-13.0229 0.0
-13.0129 0.0
-13.0029 0.0
-12.9929 0.0
-12.9829 0.0
-12.972900000000001 0.0
-12.962900000000001 0.0
-12.952900000000001 0.0
-12.942900000000002 0.0
-12.9329 0.0
-12.9229 0.0
-12.9129 0.0
-12.9029 0.0
-12.892900000000001 0.0
-12.882900000000001 0.0
-12.872900000000001 0.0
-12.862900000000002 0.0
-12.8529 0.0
-12.8429 0.0
-12.8329 0.0
-12.8229 0.0
-12.8129 0.0
-12.802900000000001 0.0
-12.792900000000001 0.0
-12.782900000000001 0.0
-12.7729 0.0
-12.7629 0.0
-12.7529 0.0
-12.7429 0.0
-12.7329 0.0
-12.722900000000001 0.0
-12.712900000000001 0.0
-12.702900000000001 0.0
-12.6929 0.0
-12.6829 0.0
-12.6729 0.0
-12.6629 0.0
-12.6529 0.0
-12.642900000000001 0.0
-12.632900000000001 0.0
-12.622900000000001 0.0
-12.612900000000002 0.0
-12.6029 0.0
-12.5929 0.0
-12.5829 0.0
-12.5729 0.0
-12.5629 0.0
-12.552900000000001 0.0
-12.542900000000001 0.0
-12.532900000000001 0.0
-12.5229 0.0
-12.5129 0.0
-12.5029 0.0
-12.4929 0.0
-12.4829 0.0
-12.472900000000001 0.0
-12.462900000000001 0.0
-12.452900000000001 0.0
-12.4429 0.0
-12.4329 0.0
-12.4229 0.0
-12.4129 0.0
-12.4029 0.0
-12.392900000000001 0.0
-12.382900000000001 0.0
-12.372900000000001 0.0
-12.362900000000002 0.0
-12.3529 0.0
-12.3429 0.0
-12.3329 0.0
-12.3229 0.0
-12.3129 0.0
-12.302900000000001 0.0
-12.292900000000001 0.0
-12.282900000000001 0.0
-12.2729 0.0
-12.2629 0.0
-12.2529 0.0
-12.2429 0.0
-12.2329 0.0
-12.222900000000001 0.0
-12.212900000000001 0.0
-12.202900000000001 0.0
-12.1929 0.0
-12.1829 0.0
-12.1729 0.0
-12.1629 0.0
-12.1529 0.0
-12.142900000000001 0.0
-12.132900000000001 0.0
-12.122900000000001 0.0
-12.112900000000002 0.0
-12.1029 0.0
-12.0929 0.0
-12.0829 0.0
-12.0729 0.0
-12.0629 0.0
-12.052900000000001 0.0
-12.042900000000001 0.0
-12.032900000000001 0.0
-12.0229 0.0
-12.0129 0.0
-12.0029 0.0
-11.9929 0.0
-11.9829 0.0
-11.972900000000001 0.0
-11.962900000000001 0.0
-11.952900000000001 0.0
-11.9429 0.0
-11.9329 0.0
-11.9229 0.0
-11.9129 0.0
-11.9029 0.0
-11.892900000000001 0.0
-11.882900000000001 0.0
-11.872900000000001 0.0
-11.8629 0.0
-11.8529 0.0
-11.8429 0.0
-11.8329 0.0
-11.8229 0.0
-11.8129 0.0
-11.802900000000001 0.0
-11.792900000000001 0.0
-11.782900000000001 0.0
-11.7729 0.0
-11.7629 0.0
-11.7529 0.0
-11.7429 0.0
-11.7329 0.0
-11.722900000000001 0.0
-11.712900000000001 0.0
-11.702900000000001 0.0
-11.692900000000002 0.0
-11.6829 0.0
-11.6729 0.0
-11.6629 0.0
-11.6529 0.0
-11.642900000000001 0.0
-11.632900000000001 0.0
-11.622900000000001 0.0
-11.6129 0.0
-11.6029 0.0
-11.5929 0.0
-11.5829 0.0
-11.5729 0.0
-11.5629 0.0
-11.552900000000001 0.0
-11.542900000000001 0.0
-11.532900000000001 0.0
-11.5229 0.0
-11.5129 0.0
-11.5029 0.0
-11.4929 0.0
-11.4829 0.0
-11.472900000000001 0.0
-11.462900000000001 0.0
-11.452900000000001 0.0
-11.442900000000002 0.0
-11.4329 0.0
-11.4229 1.7198999999999996e-13
-11.4129 3.6072000000000005e-13
-11.4029 9.888899999999998e-13
-11.392900000000001 2.0420999999999995e-12
-11.382900000000001 4.5561e-12
-11.372900000000001 9.467799999999999e-12
-11.3629 1.9287e-11
-11.3529 3.8415000000000004e-11
-11.3429 7.556799999999999e-11
-11.3329 1.4733000000000002e-10
-11.3229 2.8545e-10
-11.3129 5.447400000000001e-10
-11.302900000000001 1.03108e-09
-11.292900000000001 1.9293000000000008e-09
-11.282900000000001 3.569399999999999e-09
-11.2729 6.548399999999999e-09
-11.2629 1.18712e-08
-11.2529 2.1323999999999996e-08
-11.2429 3.782099999999999e-08
-11.2329 6.656699999999999e-08
-11.222900000000001 1.1582899999999998e-07
-11.212900000000001 1.9963999999999998e-07
-11.202900000000001 3.4091000000000005e-07
-11.192900000000002 5.747299999999999e-07
-11.1829 9.611300000000002e-07
-11.1729 1.5903000000000009e-06
-11.1629 2.6075e-06
-11.1529 4.2282e-06
-11.142900000000001 6.786900000000003e-06
-11.132900000000001 1.0792699999999997e-05
-11.122900000000001 1.6995999999999998e-05
-11.1129 2.6493000000000002e-05
-11.1029 4.091399999999999e-05
-11.0929 6.2634e-05
-11.0829 9.482099999999998e-05
-11.0729 0.00014225999999999998
-11.0629 0.0002113800000000001
-11.052900000000001 0.0003114299999999999
-11.042900000000001 0.00045404
-11.032900000000001 0.0006563399999999999
-11.0229 0.0009401899999999998
-11.0129 0.0013344000000000001
-11.0029 0.0018758000000000004
-10.9929 0.0026135
-10.9829 0.0036121000000000005
-10.972900000000001 0.004947799999999998
-10.962900000000001 0.006712399999999999
-10.952900000000001 0.0090398
-10.942900000000002 0.012063299999999997
-10.9329 0.015966
-10.9229 0.020935999999999996
-10.9129 0.027249000000000006
-10.9029 0.03525
-10.892900000000001 0.045087
-10.882900000000001 0.05735200000000003
-10.872900000000001 0.07226600000000002
-10.8629 0.09032200000000001
-10.8529 0.11208799999999997
-10.8429 0.13797000000000006
-10.8329 0.1686
-10.8229 0.20451000000000008
-10.8129 0.24635999999999994
-10.802900000000001 0.29398999999999986
-10.792900000000001 0.34767000000000003
-10.782900000000001 0.4086900000000001
-10.7729 0.4770599999999999
-10.7629 0.55222
-10.7529 0.6344699999999999
-10.7429 0.72398
-10.7329 0.8188500000000002
-10.722900000000001 0.9199399999999999
-10.712900000000001 1.0256599999999998
-10.702900000000001 1.13486
-10.692900000000002 1.2462900000000001
-10.6829 1.3586999999999998
-10.6729 1.4703000000000002
-10.6629 1.5803999999999998
-10.6529 1.6862000000000001
-10.642900000000001 1.7865000000000006
-10.632900000000001 1.8810999999999998
-10.622900000000001 1.9665000000000008
-10.6129 2.0439
-10.6029 2.1117000000000012
-10.5929 2.1702000000000004
-10.5829 2.216100000000001
-10.5729 2.2515000000000014
-10.5629 2.2794000000000003
-10.552900000000001 2.2979999999999996
-10.542900000000001 2.3031000000000006
-10.532900000000001 2.3003000000000005
-10.5229 2.2986000000000004
-10.5129 2.2866000000000004
-10.5029 2.2675
-10.4929 2.2446000000000006
-10.4829 2.2263000000000006
-10.472900000000001 2.1977
-10.462900000000001 2.1740999999999997
-10.452900000000001 2.148099999999999
-10.442900000000002 2.1208999999999993
-10.4329 2.0942999999999996
-10.4229 2.0678
-10.4129 2.0416000000000003
-10.4029 2.0142000000000007
-10.392900000000001 1.9876000000000014
-10.382900000000001 1.9601000000000013
-10.372900000000001 1.9323000000000006
-10.3629 1.9038000000000004
-10.352900000000002 1.873800000000001
-10.3429 1.8431000000000004
-10.3329 1.8113000000000001
-10.3229 1.7787000000000002
-10.3129 1.7460000000000004
-10.302900000000001 1.712400000000001
-10.292900000000001 1.6799999999999995
-10.282900000000001 1.6467999999999994
-10.2729 1.6156000000000004
-10.2629 1.5846
-10.2529 1.5568999999999993
-10.2429 1.5306
-10.2329 1.5075
-10.222900000000001 1.4864000000000004
-10.212900000000001 1.4699999999999998
-10.2029 1.4566
-10.192900000000002 1.4465000000000003
-10.1829 1.4399999999999997
-10.1729 1.4361999999999995
-10.1629 1.4363999999999992
-10.1529 1.4390999999999996
-10.142900000000001 1.4428999999999996
-10.132900000000001 1.4501000000000002
-10.122900000000001 1.4577
-10.1129 1.4658000000000002
-10.102900000000002 1.4733999999999998
-10.0929 1.4801
-10.0829 1.4857999999999996
-10.0729 1.4879999999999995
-10.0629 1.4879999999999995
-10.052900000000001 1.4830999999999994
-10.042900000000001 1.4744999999999995
-10.032900000000001 1.4612999999999994
-10.0229 1.4426999999999996
-10.0129 1.4196
-10.0029 1.3911
-9.9929 1.3576000000000001
-9.9829 1.3193999999999995
-9.972900000000001 1.2787000000000002
-9.962900000000001 1.2339
-9.9529 1.1864999999999999
-9.942900000000002 1.1375999999999997
-9.9329 1.0884000000000003
-9.9229 1.0394999999999999
-9.9129 0.9919000000000004
-9.9029 0.9459
-9.892900000000001 0.9011999999999998
-9.882900000000001 0.8603999999999998
-9.872900000000001 0.8220000000000003
-9.8629 0.7871999999999997
-9.852900000000002 0.7566
-9.8429 0.7304999999999999
-9.8329 0.7062000000000003
-9.8229 0.6858
-9.8129 0.6689999999999998
-9.802900000000001 0.6548
-9.792900000000001 0.6426000000000001
-9.782900000000001 0.6327
-9.7729 0.6243000000000002
-9.7629 0.6170999999999999
-9.7529 0.6113999999999999
-9.7429 0.6056999999999997
-9.7329 0.6006
-9.722900000000001 0.5958
-9.712900000000001 0.5907000000000001
-9.7029 0.5852999999999998
-9.692900000000002 0.5787
-9.6829 0.5721
-9.6729 0.5631
-9.6629 0.5540999999999999
-9.6529 0.5435999999999999
-9.642900000000001 0.5314099999999999
-9.632900000000001 0.5182900000000001
-9.622900000000001 0.5033099999999999
-9.6129 0.48750000000000004
-9.602900000000002 0.4705399999999999
-9.5929 0.4519499999999999
-9.5829 0.43289999999999995
-9.5729 0.41291999999999995
-9.5629 0.3925
-9.552900000000001 0.37146
-9.542900000000001 0.35093999999999986
-9.532900000000001 0.33056
-9.5229 0.31067999999999985
-9.5129 0.2914200000000001
-9.5029 0.27353000000000005
-9.4929 0.2567000000000001
-9.4829 0.24116000000000007
-9.472900000000001 0.22715000000000002
-9.462900000000001 0.21461999999999998
-9.4529 0.20357999999999998
-9.442900000000002 0.19407000000000005
-9.4329 0.18605999999999998
-9.4229 0.17928999999999995
-9.4129 0.17389
-9.4029 0.16960000000000003
-9.392900000000001 0.16625999999999996
-9.382900000000001 0.16385
-9.372900000000001 0.16223999999999997
-9.3629 0.16125
-9.352900000000002 0.16092
-9.3429 0.16098
-9.3329 0.16146000000000005
-9.3229 0.16229999999999994
-9.3129 0.16343000000000005
-9.302900000000001 0.16472000000000003
-9.292900000000001 0.16614
-9.282900000000001 0.16752000000000003
-9.2729 0.16887000000000002
-9.2629 0.17007
-9.2529 0.17082999999999998
-9.2429 0.17127
-9.2329 0.17115
-9.222900000000001 0.17024
-9.212900000000001 0.16862999999999997
-9.2029 0.16620000000000004
-9.192900000000002 0.16286
-9.1829 0.15860000000000005
-9.1729 0.15344000000000008
-9.1629 0.14746
-9.1529 0.14067000000000002
-9.142900000000001 0.13332999999999995
-9.132900000000001 0.12538999999999997
-9.122900000000001 0.11714000000000001
-9.1129 0.10863000000000002
-9.102900000000002 0.10004999999999999
-9.0929 0.09164999999999997
-9.0829 0.08343000000000002
-9.0729 0.07559999999999997
-9.0629 0.06828
-9.052900000000001 0.061560000000000004
-9.042900000000001 0.055439999999999996
-9.032900000000001 0.04991999999999999
-9.0229 0.04511
-9.0129 0.040870000000000004
-9.0029 0.037239
-8.9929 0.034191
-8.9829 0.031641
-8.972900000000001 0.029481000000000007
-8.962900000000001 0.027664999999999995
-8.9529 0.026129999999999994
-8.942900000000002 0.024800000000000003
-8.9329 0.023628
-8.9229 0.022543999999999998
-8.9129 0.021512999999999997
-8.9029 0.020502999999999993
-8.892900000000001 0.019472999999999997
-8.882900000000001 0.018438
-8.872900000000001 0.017357999999999995
-8.8629 0.016254000000000005
-8.852900000000002 0.015125000000000001
-8.8429 0.013968999999999995
-8.8329 0.012808
-8.8229 0.011653999999999998
-8.8129 0.010515000000000004
-8.802900000000001 0.009412000000000002
-8.792900000000001 0.008348999999999999
-8.782900000000001 0.0073469999999999985
-8.7729 0.006413999999999998
-8.7629 0.005549999999999999
-8.7529 0.004750999999999998
-8.7429 0.004038000000000001
-8.7329 0.0033953
-8.722900000000001 0.0028322000000000004
-8.712900000000001 0.0023399000000000007
-8.7029 0.0019149000000000002
-8.692900000000002 0.0015530999999999995
-8.6829 0.0012477
-8.6729 0.000993
-8.6629 0.000783
-8.6529 0.0006108000000000001
-8.642900000000001 0.00047270000000000016
-8.632900000000001 0.00036151999999999994
-8.622900000000001 0.00027415999999999996
-8.6129 0.00020581999999999998
-8.602900000000002 0.00015295
-8.5929 0.00011251
-8.5829 8.199e-05
-8.5729 5.916000000000001e-05
-8.5629 4.214999999999999e-05
-8.552900000000001 2.9832000000000005e-05
-8.542900000000001 2.0874000000000004e-05
-8.532900000000001 1.4450999999999996e-05
-8.5229 9.903000000000002e-06
-8.5129 6.711999999999999e-06
-8.5029 4.503000000000001e-06
-8.4929 2.9940000000000005e-06
-8.4829 1.9682000000000005e-06
-8.472900000000001 1.2810000000000003e-06
-8.462900000000001 8.243999999999999e-07
-8.4529 5.251999999999998e-07
-8.442900000000002 3.3138000000000005e-07
-8.4329 2.0654000000000002e-07
-8.4229 1.2746999999999996e-07
-8.4129 7.787999999999998e-08
-8.4029 4.707000000000002e-08
-8.392900000000001 2.8241e-08
-8.382900000000001 1.6868000000000003e-08
-8.372900000000001 1.0189999999999999e-08
-8.3629 6.516e-09
-8.352900000000002 4.896600000000001e-09
-8.3429 4.9815e-09
-8.3329 6.8943000000000025e-09
-8.3229 1.1404500000000001e-08
-8.3129 2.0114799999999998e-08
-8.302900000000001 3.594810000000001e-08
-8.2929 6.420539999999999e-08
-8.282900000000001 1.1367260000000003e-07
-8.2729 1.9915199999999993e-07
-8.262900000000002 3.460500000000001e-07
-8.2529 5.94898e-07
-8.2429 1.011659e-06
-8.2329 1.7026910000000002e-06
-8.222900000000001 2.84374e-06
-8.212900000000001 4.6903799999999995e-06
-8.2029 7.659810000000001e-06
-8.192900000000002 1.2396249999999998e-05
-8.1829 1.9847400000000006e-05
-8.1729 3.1468900000000006e-05
-8.1629 4.938499999999999e-05
-8.1529 7.67403e-05
-8.142900000000001 0.00011812229999999997
-8.132900000000001 0.00017976249999999996
-8.122900000000001 0.000271411
-8.1129 0.00040548499999999997
-8.102900000000002 0.000599843
-8.0929 0.0008785370000000001
-8.0829 0.0012741379999999997
-8.0729 0.0018307100000000008
-8.0629 0.0026002
-8.052900000000001 0.0036697799999999997
-8.0429 0.005117950000000001
-8.032900000000001 0.007074560000000001
-8.0229 0.009680730000000004
-8.012900000000002 0.013126249999999999
-8.0029 0.01761687
-7.992900000000001 0.0234383
-7.982900000000001 0.0309324
-7.972900000000001 0.040430999999999995
-7.9629 0.05225550000000001
-7.9529000000000005 0.06708249999999999
-7.942900000000001 0.0852397
-7.932900000000001 0.1073435
-7.9229 0.13398040000000003
-7.9129000000000005 0.1658213
-7.902900000000001 0.203203
-7.892900000000001 0.2470950000000001
-7.882900000000001 0.2978219999999999
-7.8729000000000005 0.35660800000000004
-7.862900000000001 0.42241700000000004
-7.852900000000001 0.49715799999999993
-7.842900000000001 0.5798359999999999
-7.8329 0.670958
-7.822900000000001 0.7709240000000002
-7.812900000000001 0.8783340000000003
-7.802900000000001 0.99389
-7.7929 1.1159890000000001
-7.782900000000001 1.2447889999999997
-7.772900000000001 1.3787240000000003
-7.762900000000001 1.5183700000000002
-7.7529 1.6595700000000004
-7.742900000000001 1.79929
-7.732900000000001 1.9403400000000004
-7.722900000000001 2.0833199999999996
-7.7129 2.2257299999999995
-7.7029000000000005 2.35801
-7.692900000000001 2.4885799999999993
-7.682900000000001 2.61334
-7.6729 2.731770000000001
-7.6629000000000005 2.8411700000000004
-7.652900000000001 2.94351
-7.642900000000001 3.03776
-7.632900000000001 3.1209199999999995
-7.6229000000000005 3.1930000000000005
-7.612900000000001 3.2579700000000003
-7.602900000000001 3.3169200000000014
-7.592900000000001 3.36381
-7.5829 3.4076699999999995
-7.572900000000001 3.4396100000000005
-7.562900000000001 3.474509999999999
-7.552900000000001 3.49955
-7.5429 3.5207100000000007
-7.532900000000001 3.5500399999999983
-7.522900000000001 3.5706
-7.512900000000001 3.60048
-7.5029 3.6336000000000017
-7.492900000000001 3.6671600000000004
-7.482900000000001 3.7101299999999986
-7.472900000000001 3.75657
-7.4629 3.81243
-7.4529000000000005 3.868930000000001
-7.442900000000001 3.9398599999999986
-7.432900000000001 4.019399999999999
-7.4229 4.1064799999999995
-7.4129000000000005 4.19307
-7.402900000000001 4.29114
-7.392900000000001 4.3926300000000005
-7.382900000000001 4.491280000000001
-7.3729000000000005 4.60281
-7.362900000000001 4.70272
-7.352900000000001 4.8014399999999995
-7.342900000000001 4.89443
-7.3329 4.9811700000000005
-7.322900000000001 5.059230000000002
-7.312900000000001 5.120800000000001
-7.302900000000001 5.170470000000001
-7.2929 5.208560000000001
-7.282900000000001 5.224319999999999
-7.272900000000001 5.2177299999999995
-7.262900000000001 5.198879999999999
-7.2529 5.155980000000001
-7.242900000000001 5.09048
-7.232900000000001 5.011890000000002
-7.222900000000001 4.907729999999999
-7.2129 4.786580000000002
-7.2029000000000005 4.651179999999998
-7.192900000000001 4.49859
-7.182900000000001 4.33915
-7.1729 4.1698
-7.1629000000000005 3.991599999999999
-7.152900000000001 3.8049199999999996
-7.142900000000001 3.62222
-7.132900000000001 3.4372000000000007
-7.1229000000000005 3.25295
-7.112900000000001 3.081459999999999
-7.102900000000001 2.90778
-7.092900000000001 2.74293
-7.0829 2.58753
-7.072900000000001 2.4419399999999998
-7.062900000000001 2.30409
-7.052900000000001 2.1811200000000004
-7.0429 2.0665199999999997
-7.032900000000001 1.9566799999999998
-7.022900000000001 1.8615499999999998
-7.012900000000001 1.77715
-7.0029 1.7005400000000008
-6.992900000000001 1.6309200000000008
-6.982900000000001 1.57134
-6.972900000000001 1.5214099999999997
-6.9629 1.4767199999999998
-6.9529000000000005 1.43761
-6.942900000000001 1.4040300000000006
-6.932900000000001 1.3747200000000002
-6.9229 1.34958
-6.9129000000000005 1.3267599999999997
-6.902900000000001 1.30603
-6.892900000000001 1.2863700000000002
-6.882900000000001 1.2672899999999998
-6.8729000000000005 1.24806
-6.862900000000001 1.2274200000000004
-6.852900000000001 1.2052300000000005
-6.842900000000001 1.1802599999999999
-6.8329 1.15333
-6.822900000000001 1.1245500000000002
-6.812900000000001 1.09254
-6.802900000000001 1.05813
-6.7929 1.0219599999999998
-6.782900000000001 0.98353
-6.772900000000001 0.94443
-6.762900000000001 0.9044100000000003
-6.7529 0.86421
-6.742900000000001 0.82427
-6.732900000000001 0.7857999999999998
-6.722900000000001 0.74905
-6.7129 0.7143399999999999
-6.7029000000000005 0.6825600000000001
-6.692900000000001 0.6533100000000001
-6.682900000000001 0.6269700000000001
-6.6729 0.6044700000000001
-6.6629000000000005 0.58528
-6.652900000000001 0.5688040000000001
-6.642900000000001 0.555277
-6.632900000000001 0.5446180000000002
-6.6229000000000005 0.536189
-6.612900000000001 0.5300879999999999
-6.602900000000001 0.5261019999999998
-6.592900000000001 0.523917
-6.5829 0.5235119999999999
-6.572900000000001 0.5241759999999999
-6.562900000000001 0.5270859999999999
-6.552900000000001 0.53133
-6.5429 0.5375
-6.532900000000001 0.5451739999999998
-6.522900000000001 0.5549489999999998
-6.512900000000001 0.5668100000000001
-6.5029 0.5805530000000001
-6.492900000000001 0.5964729999999998
-6.482900000000001 0.6151549999999998
-6.472900000000001 0.6361010000000001
-6.4629 0.6593020000000002
-6.4529000000000005 0.684255
-6.442900000000001 0.7114509999999998
-6.432900000000001 0.7405950000000002
-6.4229 0.7712689999999999
-6.4129000000000005 0.803285
-6.402900000000001 0.8364289999999998
-6.392900000000001 0.870401
-6.382900000000001 0.9054909999999997
-6.3729000000000005 0.940411
-6.362900000000001 0.9753499999999998
-6.352900000000001 1.0106199999999999
-6.342900000000001 1.0457200000000002
-6.3329 1.0804300000000002
-6.322900000000001 1.1147300000000002
-6.312900000000001 1.1474300000000002
-6.302900000000001 1.1803700000000001
-6.2929 1.2114600000000002
-6.282900000000001 1.2413699999999994
-6.272900000000001 1.27092
-6.262900000000001 1.2994599999999998
-6.2529 1.3267399999999998
-6.242900000000001 1.35463
-6.232900000000001 1.3824100000000006
-6.222900000000001 1.4120199999999994
-6.2129 1.4428699999999997
-6.2029000000000005 1.4771699999999999
-6.192900000000001 1.5155299999999996
-6.182900000000001 1.55892
-6.1729 1.6091
-6.1629000000000005 1.6670099999999999
-6.152900000000001 1.7322699999999998
-6.142900000000001 1.81079
-6.132900000000001 1.9001300000000003
-6.1229000000000005 2.00206
-6.112900000000001 2.11315
-6.102900000000001 2.2353
-6.092900000000001 2.37486
-6.0829 2.5177400000000003
-6.072900000000001 2.67595
-6.062900000000001 2.84644
-6.052900000000001 3.01717
-6.0429 3.19407
-6.032900000000001 3.3761299999999994
-6.022900000000001 3.557199999999999
-6.012900000000001 3.73528
-6.0029 3.911160000000001
-5.992900000000001 4.07683
-5.982900000000001 4.229240000000001
-5.972900000000001 4.37118
-5.9629 4.5036499999999995
-5.9529000000000005 4.610489999999998
-5.942900000000001 4.7037
-5.932900000000001 4.76812
-5.9229 4.81481
-5.9129000000000005 4.831609999999999
-5.902900000000001 4.82557
-5.892900000000001 4.794619999999999
-5.882900000000001 4.740830000000001
-5.8729000000000005 4.664220000000001
-5.862900000000001 4.56778
-5.852900000000001 4.44859
-5.842900000000001 4.31482
-5.8329 4.16445
-5.822900000000001 4.00467
-5.812900000000001 3.8405599999999995
-5.802900000000001 3.668250000000001
-5.7929 3.5028199999999994
-5.782900000000001 3.3434600000000003
-5.772900000000001 3.1842900000000007
-5.762900000000001 3.046299999999999
-5.7529 2.9147600000000002
-5.742900000000001 2.798670000000001
-5.732900000000001 2.7040799999999994
-5.722900000000001 2.62806
-5.7129 2.57676
-5.7029000000000005 2.5411
-5.692900000000001 2.527110000000001
-5.682900000000001 2.5388199999999994
-5.6729 2.5671199999999996
-5.6629000000000005 2.609099999999999
-5.652900000000001 2.6727000000000003
-5.642900000000001 2.74587
-5.632900000000001 2.8284599999999998
-5.6229000000000005 2.9235000000000007
-5.612900000000001 3.0279400000000005
-5.602900000000001 3.1355899999999997
-5.592900000000001 3.2435699999999996
-5.5829 3.3546200000000006
-5.572900000000001 3.462780000000001
-5.562900000000001 3.5649300000000013
-5.552900000000001 3.6640900000000007
-5.5429 3.7601799999999987
-5.532900000000001 3.8471800000000003
-5.522900000000001 3.927110000000001
-5.512900000000001 3.9969300000000008
-5.5029 4.0626299999999995
-5.492900000000001 4.124199999999998
-5.482900000000001 4.17873
-5.472900000000001 4.2322500000000005
-5.4629 4.2887400000000016
-5.4529000000000005 4.3363499999999995
-5.442900000000001 4.390020000000002
-5.432900000000001 4.446809999999999
-5.4229 4.509790000000001
-5.4129000000000005 4.582960000000001
-5.402900000000001 4.65736
-5.392900000000001 4.745009999999999
-5.382900000000001 4.841819999999999
-5.3729000000000005 4.944899999999999
-5.362900000000001 5.057339999999997
-5.352900000000001 5.172520000000002
-5.342900000000001 5.294040000000001
-5.3329 5.422270000000002
-5.322900000000001 5.5508099999999985
-5.312900000000001 5.6790600000000016
-5.302900000000001 5.801969999999999
-5.2929 5.917889999999999
-5.282900000000001 6.029380000000002
-5.272900000000001 6.133569999999999
-5.262900000000001 6.22743
-5.2529 6.303829999999997
-5.242900000000001 6.369870000000001
-5.232900000000001 6.425280000000002
-5.222900000000001 6.465210000000002
-5.2129 6.489840000000001
-5.2029000000000005 6.50442
-5.192900000000001 6.504529999999999
-5.182900000000001 6.4913399999999974
-5.1729 6.466620000000001
-5.1629000000000005 6.434969999999997
-5.152900000000001 6.394199999999999
-5.142900000000001 6.344339999999998
-5.132900000000001 6.286490000000001
-5.1229000000000005 6.228479999999999
-5.112900000000001 6.159469999999998
-5.102900000000001 6.08841
-5.092900000000001 6.013169999999998
-5.0829 5.940989999999999
-5.072900000000001 5.86668
-5.062900000000001 5.788410000000002
-5.052900000000001 5.71704
-5.0429 5.645670000000002
-5.032900000000001 5.577329999999999
-5.022900000000001 5.512020000000001
-5.012900000000001 5.455769999999998
-5.0029 5.409239999999999
-4.992900000000001 5.362869999999999
-4.982900000000001 5.33289
-4.972900000000001 5.308270000000002
-4.9629 5.300090000000001
-4.9529000000000005 5.301300000000001
-4.942900000000001 5.31993
-4.932900000000001 5.34504
-4.9229 5.391589999999999
-4.9129000000000005 5.447489999999999
-4.902900000000001 5.50973
-4.892900000000001 5.58938
-4.882900000000001 5.677520000000002
-4.8729000000000005 5.770210000000002
-4.862900000000001 5.87386
-4.852900000000001 5.974710000000002
-4.842900000000001 6.081829999999999
-4.8329 6.179269999999999
-4.822900000000001 6.279980000000003
-4.812900000000001 6.36962
-4.802900000000001 6.450810000000001
-4.7929 6.52152
-4.782900000000001 6.577699999999998
-4.772900000000001 6.62665
-4.762900000000001 6.65907
-4.7529 6.682960000000001
-4.742900000000001 6.687320000000003
-4.732900000000001 6.681399999999998
-4.722900000000001 6.659950000000001
-4.7129 6.630030000000001
-4.7029000000000005 6.592189999999999
-4.692900000000001 6.550890000000003
-4.682900000000001 6.503519999999999
-4.6729 6.450120000000001
-4.6629000000000005 6.396639999999999
-4.652900000000001 6.34331
-4.642900000000001 6.296110000000001
-4.632900000000001 6.2490000000000006
-4.6229000000000005 6.208170000000001
-4.612900000000001 6.1674799999999985
-4.602900000000001 6.136059999999999
-4.592900000000001 6.1079099999999995
-4.5829 6.082939999999999
-4.572900000000001 6.0642499999999995
-4.562900000000001 6.04575
-4.552900000000001 6.03439
-4.5429 6.024210000000001
-4.532900000000001 6.01519
-4.522900000000001 6.00624
-4.512900000000001 6.00033
-4.5029 5.9914499999999995
-4.492900000000001 5.979689999999998
-4.482900000000001 5.97075
-4.472900000000001 5.958900000000001
-4.4629 5.9449000000000005
-4.4529000000000005 5.931900000000001
-4.442900000000001 5.9228400000000025
-4.432900000000001 5.907719999999997
-4.4229 5.898510000000002
-4.4129000000000005 5.89522
-4.402900000000001 5.891870000000001
-4.392900000000001 5.8945
-4.382900000000001 5.903079999999998
-4.372900000000001 5.917679999999999
-4.3629000000000016 5.944199999999997
-4.3529 5.97675
-4.3429 6.01839
-4.3329 6.063000000000001
-4.322900000000001 6.125639999999998
-4.312900000000001 6.18236
-4.302900000000001 6.25708
-4.292900000000001 6.331870000000001
-4.2829000000000015 6.415679999999999
-4.2729 6.50253
-4.2629 6.5864400000000005
-4.2529 6.673289999999999
-4.242900000000001 6.754169999999999
-4.232900000000001 6.83496
-4.222900000000001 6.9067799999999995
-4.212900000000001 6.972469999999999
-4.202900000000001 7.026159999999999
-4.1929 7.07064
-4.1829 7.103070000000001
-4.1729 7.126319999999996
-4.1629000000000005 7.13741
-4.152900000000001 7.1333600000000015
-4.142900000000001 7.11719
-4.132900000000001 7.085789999999999
-4.122900000000001 7.045219999999999
-4.1129000000000016 6.995580000000002
-4.1029 6.938750000000001
-4.0929 6.8667300000000004
-4.0829 6.80064
-4.072900000000001 6.723499999999998
-4.062900000000001 6.634290000000001
-4.052900000000001 6.560059999999999
-4.042900000000001 6.47382
-4.0329000000000015 6.390580000000001
-4.0229 6.3124699999999985
-4.0129 6.2414900000000015
-4.0029 6.175660000000001
-3.9929000000000006 6.116070000000001
-3.9829000000000008 6.065659999999999
-3.972900000000001 6.026609999999999
-3.962900000000001 5.992860000000001
-3.9529000000000014 5.974430000000001
-3.9429 5.965370000000002
-3.9329 5.970680000000002
-3.9229000000000003 5.981299999999999
-3.9129000000000005 6.003329999999997
-3.9029000000000007 6.040710000000002
-3.892900000000001 6.084300000000001
-3.882900000000001 6.136220000000001
-3.8729000000000013 6.196349999999999
-3.8629000000000016 6.258629999999997
-3.8529 6.327
-3.8429 6.392430000000001
-3.8329000000000004 6.46084
-3.8229000000000006 6.523209999999999
-3.812900000000001 6.585429999999997
-3.802900000000001 6.632460000000004
-3.7929000000000013 6.679259999999998
-3.7829000000000015 6.710859999999999
-3.7729 6.741109999999999
-3.7629 6.7551299999999985
-3.7529000000000003 6.755880000000001
-3.7429000000000006 6.7503
-3.7329000000000008 6.729540000000002
-3.722900000000001 6.71154
-3.712900000000001 6.678420000000001
-3.7029000000000014 6.644150000000001
-3.6929 6.601879999999999
-3.6829 6.56061
-3.6729000000000003 6.521450000000002
-3.6629000000000005 6.4853700000000005
-3.6529000000000007 6.458429999999999
-3.642900000000001 6.43673
-3.632900000000001 6.42627
-3.6229000000000013 6.42399
-3.6129000000000016 6.436889999999999
-3.6029 6.456000000000001
-3.5929 6.4872299999999985
-3.5829000000000004 6.527539999999999
-3.5729000000000006 6.573850000000001
-3.562900000000001 6.63219
-3.552900000000001 6.69032
-3.5429000000000013 6.74523
-3.5329000000000015 6.80898
-3.5229 6.866339999999999
-3.5129 6.920389999999998
-3.5029000000000003 6.967949999999998
-3.4929000000000006 7.009229999999999
-3.4829000000000008 7.043970000000001
-3.472900000000001 7.075409999999999
-3.462900000000001 7.100490000000001
-3.4529000000000014 7.116270000000001
-3.4429 7.137779999999999
-3.4329 7.1532300000000015
-3.4229000000000003 7.172589999999999
-3.4129000000000005 7.198959999999998
-3.4029000000000007 7.231490000000001
-3.392900000000001 7.269150000000003
-3.382900000000001 7.324129999999998
-3.3729000000000013 7.394410000000003
-3.3629000000000016 7.474100000000001
-3.3529 7.575239999999996
-3.3429 7.694729999999998
-3.3329000000000004 7.81773
-3.3229000000000006 7.96817
-3.312900000000001 8.12493
-3.302900000000001 8.289110000000003
-3.2929000000000013 8.466630000000002
-3.2829000000000015 8.65338
-3.2729 8.83841
-3.2629 9.01851
-3.2529000000000003 9.199760000000001
-3.2429000000000006 9.372020000000001
-3.2329000000000008 9.537290000000002
-3.222900000000001 9.688499999999998
-3.212900000000001 9.833580000000001
-3.2029000000000014 9.952539999999997
-3.1929 10.064390000000005
-3.1829 10.154040000000002
-3.1729000000000003 10.22745
-3.1629000000000005 10.28574
-3.1529000000000007 10.319820000000004
-3.142900000000001 10.335609999999997
-3.132900000000001 10.3312
-3.1229000000000013 10.315620000000001
-3.1129000000000016 10.270859999999997
-3.1029 10.213890000000001
-3.0929 10.138639999999995
-3.0829000000000004 10.04429
-3.0729000000000006 9.93273
-3.062900000000001 9.807
-3.052900000000001 9.6711
-3.0429000000000013 9.517050000000003
-3.0329000000000015 9.359969999999999
-3.0229 9.196769999999999
-3.0129 9.021489999999998
-3.0029000000000003 8.852279999999999
-2.9929000000000006 8.67996
-2.9829000000000008 8.519789999999999
-2.972900000000001 8.359629999999997
-2.962900000000001 8.21157
-2.9529000000000014 8.07867
-2.9429 7.960859999999999
-2.9329 7.861230000000003
-2.9229000000000003 7.777839999999999
-2.9129000000000005 7.71754
-2.9029000000000007 7.677390000000001
-2.892900000000001 7.656449999999999
-2.882900000000001 7.656630000000001
-2.8729000000000013 7.68095
-2.8629000000000016 7.720369999999999
-2.8529 7.774839999999997
-2.8429 7.850460000000001
-2.8329000000000004 7.9400100000000045
-2.8229000000000006 8.03757
-2.812900000000001 8.14614
-2.802900000000001 8.266689999999997
-2.7929000000000013 8.394129999999999
-2.7829000000000015 8.519549999999999
-2.7729 8.65575
-2.7629 8.783870000000002
-2.7529000000000003 8.91587
-2.7429000000000006 9.044809999999998
-2.7329000000000008 9.16749
-2.722900000000001 9.284009999999999
-2.712900000000001 9.39043
-2.7029000000000014 9.486589999999998
-2.6929 9.57267
-2.6829 9.65055
-2.6729000000000003 9.71124
-2.6629000000000005 9.768830000000003
-2.6529000000000007 9.807300000000001
-2.642900000000001 9.84264
-2.632900000000001 9.87189
-2.6229000000000013 9.895079999999997
-2.6129000000000016 9.918290000000002
-2.6029 9.945450000000003
-2.5929 9.97971
-2.5829000000000004 10.017059999999999
-2.5729000000000006 10.071490000000002
-2.562900000000001 10.137079999999997
-2.552900000000001 10.225809999999996
-2.5429000000000013 10.339780000000003
-2.5329000000000015 10.46897
-2.5229 10.628309999999999
-2.5129 10.816870000000002
-2.5029000000000003 11.024690000000001
-2.4929000000000006 11.254629999999997
-2.4829000000000008 11.506770000000001
-2.472900000000001 11.782009999999998
-2.462900000000001 12.071389999999994
-2.4529000000000014 12.367809999999997
-2.4429 12.675269999999998
-2.4329 12.990749999999997
-2.4229000000000003 13.298200000000001
-2.4129000000000005 13.600580000000003
-2.4029000000000007 13.90185
-2.392900000000001 14.182980000000004
-2.382900000000001 14.452980000000009
-2.3729000000000013 14.70182
-2.3629000000000016 14.930519999999994
-2.3529 15.135990000000007
-2.3429 15.319269999999994
-2.3329000000000004 15.480460000000004
-2.3229000000000006 15.608410000000006
-2.312900000000001 15.723270000000001
-2.302900000000001 15.802970000000006
-2.2929000000000013 15.85756
-2.2829000000000015 15.893040000000006
-2.2729 15.904419999999991
-2.2629 15.88973
-2.2529000000000003 15.855020000000003
-2.2429000000000006 15.788219999999997
-2.2329000000000008 15.711410000000004
-2.222900000000001 15.606600000000002
-2.212900000000001 15.482800000000003
-2.2029000000000014 15.332979999999997
-2.1929 15.162200000000002
-2.1829 14.965459999999993
-2.1729000000000003 14.746710000000002
-2.1629000000000005 14.503899999999996
-2.1529000000000007 14.240180000000006
-2.142900000000001 13.946399999999999
-2.132900000000001 13.628669999999993
-2.1229000000000013 13.287870000000003
-2.1129000000000016 12.92313
-2.1029 12.530270000000007
-2.0929 12.116559999999996
-2.0829000000000004 11.6837
-2.0729000000000006 11.235
-2.062900000000001 10.77025
-2.052900000000001 10.293690000000005
-2.0429000000000013 9.808219999999999
-2.0329000000000015 9.3329
-2.0229 8.851819999999996
-2.0129 8.383979999999998
-2.0029000000000003 7.925439999999998
-1.9929000000000006 7.489270000000002
-1.9829000000000008 7.075480000000001
-1.972900000000001 6.689049999999998
-1.9629000000000012 6.331200000000001
-1.9529000000000014 6.00568
-1.9428999999999998 5.71673
-1.9329 5.464260000000001
-1.9229000000000003 5.244269999999999
-1.9129000000000005 5.058720000000001
-1.9029000000000007 4.91159
-1.892900000000001 4.797
-1.8829000000000011 4.714689999999999
-1.8729000000000013 4.660749999999999
-1.8629000000000016 4.632149999999998
-1.8529 4.62875
-1.8429000000000002 4.64351
-1.8329000000000004 4.67934
-1.8229000000000006 4.73531
-1.8129000000000008 4.79917
-1.802900000000001 4.87093
-1.7929000000000013 4.954440000000002
-1.7829000000000015 5.040810000000001
-1.7729 5.132760000000002
-1.7629000000000001 5.218359999999998
-1.7529000000000003 5.312429999999998
-1.7429000000000006 5.390000000000001
-1.7329000000000008 5.475910000000001
-1.722900000000001 5.54662
-1.7129000000000012 5.604529999999999
-1.7029000000000014 5.658550000000001
-1.6928999999999998 5.697469999999999
-1.6829 5.7299999999999995
-1.6729000000000003 5.750060000000001
-1.6629000000000005 5.758980000000001
-1.6529000000000007 5.754430000000003
-1.642900000000001 5.7463799999999985
-1.6329000000000011 5.729230000000001
-1.6229000000000013 5.7057899999999995
-1.6129000000000016 5.67718
-1.6029 5.638400000000001
-1.5929000000000002 5.607599999999999
-1.5829000000000004 5.562899999999999
-1.5729000000000006 5.52424
-1.5629000000000008 5.491709999999999
-1.552900000000001 5.46234
-1.5429000000000013 5.4342999999999995
-1.5329000000000015 5.410450000000001
-1.5229 5.399920000000001
-1.5129000000000001 5.39571
-1.5029000000000003 5.403779999999999
-1.4929000000000006 5.41715
-1.4829000000000008 5.443779999999999
-1.472900000000001 5.480659999999999
-1.4629000000000012 5.522760000000001
-1.4529000000000014 5.578030000000001
-1.4428999999999998 5.639480000000001
-1.4329 5.706950000000001
-1.4229000000000003 5.785479999999998
-1.4129000000000005 5.861
-1.4029000000000007 5.948519999999999
-1.392900000000001 6.038970000000001
-1.3829000000000011 6.12934
-1.3729000000000013 6.22259
-1.3629000000000016 6.318690000000001
-1.3529 6.415749999999997
-1.3429000000000002 6.516630000000001
-1.3329000000000004 6.61854
-1.3229000000000006 6.72336
-1.3129000000000008 6.833179999999998
-1.302900000000001 6.948070000000001
-1.2929000000000013 7.060970000000001
-1.2829000000000015 7.184969999999999
-1.2729 7.311150000000002
-1.2629000000000001 7.446390000000002
-1.2529000000000003 7.581829999999999
-1.2429000000000006 7.726409999999998
-1.2329000000000008 7.8621500000000015
-1.222900000000001 8.00701
-1.2129000000000012 8.145910000000002
-1.2029000000000014 8.284950000000002
-1.1928999999999998 8.409
-1.1829 8.53199
-1.1729000000000003 8.642009999999999
-1.1629000000000005 8.73985
-1.1529000000000007 8.82363
-1.142900000000001 8.8932
-1.1329000000000011 8.943600000000002
-1.1229000000000013 8.982800000000003
-1.1129000000000016 8.99674
-1.1029 9.00344
-1.0929000000000002 8.98093
-1.0829000000000004 8.95518
-1.0729000000000006 8.91519
-1.0629000000000008 8.865959999999998
-1.052900000000001 8.801549999999999
-1.0429000000000013 8.730960000000001
-1.0329000000000015 8.65725
-1.0229 8.577390000000003
-1.0129000000000001 8.49638
-1.0029000000000003 8.41528
-0.9929000000000006 8.340150000000001
-0.9829000000000008 8.265900000000002
-0.972900000000001 8.200619999999999
-0.9629000000000012 8.136339999999997
-0.9529000000000014 8.088029999999998
-0.9428999999999998 8.04075
-0.9329000000000001 8.00545
-0.9229000000000003 7.979209999999999
-0.9129000000000005 7.96401
-0.9029000000000007 7.950850000000002
-0.8929000000000009 7.952709999999999
-0.8829000000000011 7.952639999999997
-0.8729000000000013 7.959600000000001
-0.8629000000000016 7.969570000000001
-0.8529 7.976579999999999
-0.8429000000000002 7.982640000000002
-0.8329000000000004 7.981639999999999
-0.8229000000000006 7.973700000000002
-0.8129000000000008 7.959719999999999
-0.8029000000000011 7.9267699999999985
-0.7929000000000013 7.883720000000002
-0.7829000000000015 7.824599999999999
-0.7728999999999999 7.741409999999998
-0.7629000000000001 7.64613
-0.7529000000000003 7.529790000000001
-0.7429000000000006 7.390300000000002
-0.7329000000000008 7.2277499999999995
-0.722900000000001 7.043079999999997
-0.7129000000000012 6.83923
-0.7029000000000014 6.612319999999998
-0.6928999999999998 6.36435
-0.6829000000000001 6.101259999999998
-0.6729000000000003 5.8240500000000015
-0.6629000000000005 5.53281
-0.6529000000000007 5.225569999999999
-0.6429000000000009 4.911209999999999
-0.6329000000000011 4.59194
-0.6229000000000013 4.26967
-0.6129000000000016 3.9474599999999995
-0.6029 3.6263599999999987
-0.5929000000000002 3.3122800000000003
-0.5829000000000004 3.008400000000001
-0.5729000000000006 2.714620000000001
-0.5629000000000008 2.4303120000000007
-0.5529000000000011 2.1614410000000004
-0.5429000000000013 1.9115720000000007
-0.5329000000000015 1.6777749999999996
-0.5228999999999999 1.4631640000000004
-0.5129000000000001 1.267832
-0.5029000000000003 1.0898819999999996
-0.49290000000000056 0.9296049999999999
-0.4829000000000008 0.7875899999999999
-0.472900000000001 0.6621280000000003
-0.4629000000000012 0.552213
-0.4529000000000014 0.45722400000000013
-0.44289999999999985 0.37525499999999995
-0.43290000000000006 0.3059904
-0.4229000000000003 0.2473585
-0.4129000000000005 0.1983749000000001
-0.4029000000000007 0.1577857
-0.3929000000000009 0.1244344
-0.38290000000000113 0.09736390000000002
-0.37290000000000134 0.07548570000000002
-0.36290000000000155 0.05803209999999998
-0.3529 0.0442373
-0.3429000000000002 0.03342605
-0.3329000000000004 0.02502912
-0.32290000000000063 0.01856832999999999
-0.31290000000000084 0.013655970000000003
-0.30290000000000106 0.009950790000000001
-0.29290000000000127 0.007185620000000002
-0.2829000000000015 0.005139769999999998
-0.2728999999999999 0.0036409740000000004
-0.26290000000000013 0.002554757
-0.25290000000000035 0.0017765859999999995
-0.24290000000000056 0.001224438
-0.23290000000000077 0.0008350710000000005
-0.222900000000001 0.000564357
-0.2129000000000012 0.00037703939999999983
-0.2029000000000014 0.0002500568
-0.19289999999999985 0.00016386159999999994
-0.18290000000000006 0.00010639980000000001
-0.17290000000000028 6.840490000000003e-05
-0.1629000000000005 4.3541499999999996e-05
-0.1529000000000007 2.7429819999999994e-05
-0.14290000000000092 1.711021e-05
-0.13290000000000113 1.0563890000000002e-05
-0.12290000000000134 6.456510000000002e-06
-0.11290000000000155 3.904901e-06
-0.10289999999999999 2.339165e-06
-0.0929000000000002 1.3866259999999999e-06
-0.08290000000000042 8.13485e-07
-0.07290000000000063 4.7223770000000007e-07
-0.06290000000000084 2.7106e-07
-0.05290000000000106 1.544368e-07
-0.04290000000000127 8.681460000000003e-08
-0.032900000000001484 4.833112e-08
-0.02289999999999992 2.66723e-08
-0.012900000000000134 1.455442e-08
-0.0029000000000003467 7.844649999999998e-09
0.00709999999999944 4.189662000000001e-09
0.017099999999999227 2.212026e-09
0.027099999999999014 1.1557949999999997e-09
0.0370999999999988 5.969769999999999e-10
0.04709999999999859 3.047808000000001e-10
0.05710000000000015 1.534418e-10
0.06709999999999994 7.663080000000001e-11
0.07709999999999972 3.805869000000001e-11
0.08709999999999951 1.8121219999999998e-11
0.0970999999999993 8.81253e-12
0.10709999999999908 3.7343529999999994e-12
0.11709999999999887 1.3392850000000006e-12
0.12709999999999866 0.0
0.13709999999999845 0.0
0.1471 0.0
0.1570999999999998 0.0
0.16709999999999958 0.0
0.17709999999999937 0.0
0.18709999999999916 0.0
0.19709999999999894 0.0
0.20709999999999873 0.0
0.21709999999999852 0.0
0.22710000000000008 0.0
0.23709999999999987 0.0
0.24709999999999965 0.0
0.25709999999999944 0.0
0.2670999999999992 0.0
0.277099999999999 0.0
0.2870999999999988 0.0
0.2970999999999986 0.0
0.30710000000000015 0.0
0.31709999999999994 0.0
0.3270999999999997 0.0
0.3370999999999995 0.0
0.3470999999999993 0.0
0.3570999999999991 0.0
0.36709999999999887 0.0
0.37709999999999866 0.0
0.38709999999999845 0.0
0.3971 0.0
0.4070999999999998 0.0
0.4170999999999996 0.0
0.42709999999999937 0.0
0.43709999999999916 0.0
0.44709999999999894 0.0
0.45709999999999873 0.0
0.4670999999999985 0.0
0.4771000000000001 0.0
0.48709999999999987 0.0
0.49709999999999965 0.0
0.5070999999999994 0.0
0.5170999999999992 0.0
0.527099999999999 0.0
0.5370999999999988 0.0
0.5470999999999986 0.0
0.5571000000000002 0.0
0.5670999999999999 0.0
0.5770999999999997 0.0
0.5870999999999995 0.0
0.5970999999999993 0.0
0.6070999999999991 0.0
0.6170999999999989 0.0
0.6270999999999987 0.0
0.6370999999999984 0.0
0.6471 0.0
0.6570999999999998 0.0
0.6670999999999996 0.0
0.6770999999999994 0.0
0.6870999999999992 0.0
0.6970999999999989 0.0
0.7070999999999987 0.0
0.7170999999999985 0.0
0.7271000000000001 0.0
0.7370999999999999 0.0
0.7470999999999997 0.0
0.7570999999999994 0.0
0.7670999999999992 0.0
0.777099999999999 0.0
0.7870999999999988 0.0
0.7970999999999986 0.0
0.8071000000000002 0.0
0.8170999999999999 0.0
0.8270999999999997 0.0
0.8370999999999995 0.0
0.8470999999999993 0.0
0.8570999999999991 0.0
0.8670999999999989 0.0
0.8770999999999987 0.0
0.8870999999999984 0.0
0.8971 2.2359818700000003e-14
0.9070999999999998 4.6750714e-14
0.9170999999999996 9.678354600000005e-14
0.9270999999999994 1.9797725799999998e-13
0.9370999999999992 4.326726000000001e-13
0.9470999999999989 8.699708999999999e-13
0.9570999999999987 1.7296199999999997e-12
0.9670999999999985 3.534798e-12
0.9771000000000001 6.897329999999999e-12
0.9870999999999999 1.33365e-11
0.9970999999999997 2.570748e-11
1.0070999999999994 4.866974999999999e-11
1.0170999999999992 9.121740000000002e-11
1.027099999999999 1.6934819999999996e-10
1.0370999999999988 3.1100760000000006e-10
1.0470999999999986 5.65683e-10
1.0571000000000002 1.018215e-09
1.0671 1.814375e-09
1.0770999999999997 3.198770999999998e-09
1.0870999999999995 5.59284e-09
1.0970999999999993 9.664270000000001e-09
1.107099999999999 1.6546770000000002e-08
1.1170999999999989 2.804579999999999e-08
1.1270999999999987 4.705989999999998e-08
1.1370999999999984 7.82109e-08
1.1471 1.287708e-07
1.1570999999999998 2.0976240000000004e-07
1.1670999999999996 3.3924499999999994e-07
1.1770999999999994 5.418680000000001e-07
1.1870999999999992 8.58144e-07
1.197099999999999 1.3465980000000003e-06
1.2070999999999987 2.09604e-06
1.2170999999999985 3.2220300000000002e-06
1.2271 4.9191e-06
1.2370999999999999 7.43744e-06
1.2470999999999997 1.1139330000000002e-05
1.2570999999999994 1.65408e-05
1.2670999999999992 2.43333e-05
1.277099999999999 3.5502899999999995e-05
1.2870999999999988 5.135430000000002e-05
1.2970999999999986 7.361550000000003e-05
1.3071000000000002 0.00010459900000000005
1.3171 0.00014740799999999997
1.3270999999999997 0.00020649899999999996
1.3370999999999995 0.00028567599999999995
1.3470999999999993 0.0003927539999999999
1.357099999999999 0.000535605
1.3670999999999989 0.00072447
1.3770999999999987 0.0009728700000000004
1.3870999999999984 0.0012961799999999999
1.3971 0.0017137499999999993
1.4070999999999998 0.0022481699999999994
1.4170999999999996 0.00293301
1.4270999999999994 0.0037926000000000006
1.4370999999999992 0.004871099999999999
1.447099999999999 0.0062211
1.4570999999999987 0.007884899999999999
1.4670999999999985 0.009936
1.4771 0.012436800000000003
1.4870999999999999 0.015483899999999998
1.4970999999999997 0.019149700000000002
1.5070999999999994 0.02354699999999999
1.5170999999999992 0.028793
1.527099999999999 0.035082
1.5370999999999988 0.042407999999999994
1.5470999999999986 0.051081
1.5571000000000002 0.061196999999999994
1.5671 0.073011
1.5770999999999997 0.08663699999999998
1.5870999999999995 0.10231900000000002
1.5970999999999993 0.12033300000000004
1.607099999999999 0.14092000000000002
1.6170999999999989 0.16413999999999998
1.6270999999999987 0.1905
1.6370999999999984 0.22017000000000003
1.6471 0.25317000000000006
1.6570999999999998 0.28934999999999994
1.6670999999999996 0.33003
1.6770999999999994 0.3743700000000001
1.6870999999999992 0.4224
1.697099999999999 0.47475
1.7070999999999987 0.5312699999999999
1.7170999999999985 0.5914200000000001
1.7271 0.6547799999999999
1.7370999999999999 0.7221899999999999
1.7470999999999997 0.79309
1.7570999999999994 0.8660400000000003
1.7670999999999992 0.9413400000000002
1.777099999999999 1.0187100000000002
1.7870999999999988 1.0970999999999997
1.7970999999999986 1.17584
1.8071000000000002 1.2548599999999999
1.8171 1.3333799999999998
1.8270999999999997 1.41036
1.8370999999999995 1.4859199999999995
1.8470999999999993 1.5582600000000004
1.857099999999999 1.6289300000000002
1.8670999999999989 1.6916300000000004
1.8770999999999987 1.7565900000000003
1.8870999999999984 1.81239
1.8971 1.8638399999999997
1.9070999999999998 1.90731
1.9170999999999996 1.9478100000000007
1.9270999999999994 1.97973
1.9370999999999992 2.0063400000000007
1.947099999999999 2.0240099999999996
1.9570999999999987 2.03514
1.9670999999999985 2.0340600000000006
1.9771 2.031139999999999
1.9870999999999999 2.01827
1.9970999999999997 1.9961900000000001
2.0070999999999994 1.9683
2.0170999999999992 1.9317
2.027099999999999 1.8884100000000001
2.037099999999999 1.8362699999999994
2.0470999999999986 1.77768
2.0571 1.7179500000000003
2.0671 1.6538100000000004
2.0770999999999997 1.58355
2.0870999999999995 1.5130200000000003
2.0970999999999993 1.4449800000000004
2.107099999999999 1.37502
2.117099999999999 1.3076400000000001
2.1270999999999987 1.2443000000000002
2.1370999999999984 1.1844299999999999
2.1471 1.1296300000000001
2.1571 1.0810199999999996
2.1670999999999996 1.03881
2.1770999999999994 1.0041099999999996
2.187099999999999 0.9756900000000003
2.197099999999999 0.9547699999999999
2.2070999999999987 0.94122
2.2170999999999985 0.9341400000000001
2.2271 0.9332100000000001
2.2371 0.93867
2.2470999999999997 0.9495900000000002
2.2570999999999994 0.9648000000000002
2.2670999999999992 0.9844999999999996
2.277099999999999 1.0077
2.287099999999999 1.0332000000000001
2.2970999999999986 1.0616999999999999
2.3071 1.0914000000000004
2.3171 1.1217000000000001
2.3270999999999997 1.1524999999999999
2.3370999999999995 1.1831999999999998
2.3470999999999993 1.2128999999999994
2.357099999999999 1.2422999999999995
2.367099999999999 1.2706999999999997
2.3770999999999987 1.2967999999999997
2.3870999999999984 1.3215
2.3971 1.3438999999999997
2.4071 1.3648
2.4170999999999996 1.383299999999999
2.4270999999999994 1.4007999999999998
2.437099999999999 1.4171999999999996
2.447099999999999 1.4321999999999995
2.4570999999999987 1.4474999999999998
2.4670999999999985 1.4622
2.4771 1.4777999999999996
2.4871 1.4951000000000005
2.4970999999999997 1.5131999999999997
2.5070999999999994 1.5356999999999998
2.5170999999999992 1.5605999999999995
2.527099999999999 1.5897999999999997
2.537099999999999 1.6226999999999996
2.5470999999999986 1.6608
2.5571 1.7028999999999992
2.5671 1.7499000000000007
2.5770999999999997 1.8009000000000006
2.5870999999999995 1.8582000000000005
2.5970999999999993 1.9188000000000007
2.607099999999999 1.9812000000000003
2.617099999999999 2.0436000000000005
2.6270999999999987 2.1073000000000004
2.6370999999999984 2.171099999999999
2.6471 2.2335000000000003
2.6571 2.2959
2.6670999999999996 2.3565000000000005
2.6770999999999994 2.4069
2.687099999999999 2.4555
2.697099999999999 2.499600000000001
2.7070999999999987 2.5368
2.7170999999999985 2.5650000000000004
2.7271 2.585700000000001
2.7371 2.603099999999999
2.7470999999999997 2.6151999999999997
2.7570999999999994 2.613
2.7670999999999992 2.6169
2.777099999999999 2.60556
2.787099999999999 2.59401
2.7970999999999986 2.5674600000000005
2.8071 2.5496400000000006
2.8171 2.51988
2.8270999999999997 2.48757
2.8370999999999995 2.4520799999999996
2.8470999999999993 2.41068
2.857099999999999 2.3641000000000005
2.867099999999999 2.3174100000000006
2.8770999999999987 2.2684800000000003
2.8870999999999984 2.2158599999999997
2.8971 2.15505
2.9071 2.0945500000000004
2.9170999999999996 2.0326900000000006
2.9270999999999994 1.97028
2.937099999999999 1.9020100000000002
2.947099999999999 1.8395800000000004
2.9570999999999987 1.7744299999999995
2.9670999999999985 1.7100899999999997
2.9771 1.6477099999999993
2.9871 1.5873899999999996
2.9970999999999997 1.5300399999999998
3.0070999999999994 1.4760600000000001
3.0170999999999992 1.4258199999999999
3.027099999999999 1.3809800000000005
3.037099999999999 1.3402499999999997
3.0470999999999986 1.3048499999999998
3.0571 1.27509
3.0671 1.2507300000000006
3.0770999999999997 1.2320400000000007
3.0870999999999995 1.21782
3.0970999999999993 1.2086699999999995
3.107099999999999 1.2039299999999997
3.117099999999999 1.2029600000000003
3.1270999999999987 1.2046200000000002
3.1370999999999984 1.2091100000000001
3.1471 1.2166800000000002
3.1571 1.2246999999999995
3.1670999999999996 1.2332000000000005
3.1770999999999994 1.2423000000000002
3.187099999999999 1.2510000000000001
3.197099999999999 1.2590999999999999
3.2070999999999987 1.2669
3.2170999999999985 1.2741
3.2271 1.2794999999999999
3.2371 1.2854999999999999
3.2470999999999997 1.2910999999999997
3.2570999999999994 1.2968999999999997
3.2670999999999992 1.3034999999999997
3.277099999999999 1.311
3.287099999999999 1.3197
3.2970999999999986 1.3307999999999998
3.3071 1.3427999999999998
3.3171 1.3568999999999996
3.3270999999999997 1.3727
3.3370999999999995 1.3901999999999992
3.3470999999999993 1.4100000000000001
3.357099999999999 1.4297
3.367099999999999 1.4507999999999992
3.3770999999999987 1.4721000000000009
3.3870999999999984 1.4928000000000001
3.3971 1.5119000000000002
3.4071 1.5303000000000009
3.4170999999999996 1.5458999999999998
3.4270999999999994 1.5590999999999993
3.437099999999999 1.5693000000000001
3.447099999999999 1.5758000000000003
3.4570999999999987 1.5792000000000002
3.4670999999999985 1.5798
3.4771 1.5762000000000005
3.4871 1.5693000000000001
3.4970999999999997 1.5603000000000002
3.5070999999999994 1.5481000000000003
3.5170999999999992 1.5348000000000004
3.527099999999999 1.5197999999999996
3.537099999999999 1.5041999999999995
3.5470999999999986 1.4883000000000002
3.5571 1.4731000000000005
3.5671 1.4586000000000006
3.5770999999999997 1.4468999999999996
3.5870999999999995 1.4355000000000004
3.5970999999999993 1.4278999999999995
3.607100000000001 1.4216999999999993
3.617099999999999 1.4186999999999996
3.6271000000000004 1.4186999999999992
3.6370999999999984 1.4210999999999996
3.6471 1.4259
3.657099999999998 1.4322
3.6670999999999996 1.4405999999999997
3.6770999999999976 1.449699999999999
3.687099999999999 1.4594999999999998
3.6971000000000007 1.4691000000000005
3.7070999999999987 1.4788000000000001
3.7171000000000003 1.4862
3.7270999999999983 1.4920000000000002
3.7371 1.4952000000000008
3.747099999999998 1.495
3.7570999999999994 1.4913
3.767100000000001 1.4844000000000002
3.777099999999999 1.4736
3.7871000000000006 1.4583000000000006
3.7970999999999986 1.4393999999999993
3.8071 1.4165999999999999
3.817099999999998 1.3904999999999998
3.8270999999999997 1.3617000000000004
3.8370999999999977 1.3317000000000005
3.8470999999999993 1.2992999999999997
3.857100000000001 1.2666
3.867099999999999 1.2333000000000003
3.8771000000000004 1.2015000000000005
3.8870999999999984 1.1711999999999998
3.8971 1.1429999999999998
3.907099999999998 1.1170999999999995
3.9170999999999996 1.0947000000000002
3.9270999999999976 1.0766
3.937099999999999 1.0610999999999997
3.9471000000000007 1.0505999999999998
3.9570999999999987 1.0443000000000002
3.9671000000000003 1.0412000000000003
3.9770999999999983 1.0419000000000005
3.9871 1.0464
3.997099999999998 1.0536
4.007099999999999 1.0631999999999997
4.017100000000001 1.0755000000000001
4.027099999999999 1.0896
4.037100000000001 1.1046000000000002
4.047099999999999 1.1208000000000002
4.0571 1.1373000000000002
4.067099999999998 1.1541000000000006
4.0771 1.1712
4.087099999999998 1.1871999999999998
4.097099999999999 1.2023999999999997
4.107100000000001 1.2177000000000002
4.117099999999999 1.2321
4.1271 1.2464999999999997
4.1370999999999984 1.2606
4.1471 1.2761999999999996
4.157099999999998 1.2908999999999995
4.1671 1.3061999999999994
4.177099999999998 1.3248000000000002
4.187099999999999 1.344
4.197100000000001 1.3653000000000002
4.207099999999999 1.389
4.2171 1.4154
4.227099999999998 1.4436000000000004
4.2371 1.4756999999999998
4.247099999999998 1.5089999999999997
4.257099999999999 1.5449999999999995
4.267100000000001 1.5819000000000005
4.277099999999999 1.6191000000000006
4.287100000000001 1.6568999999999998
4.297099999999999 1.6931999999999998
4.3071 1.7289999999999994
4.317099999999998 1.7613999999999994
4.3271 1.7891999999999988
4.337099999999998 1.8132000000000006
4.347099999999999 1.8323000000000012
4.357100000000001 1.8453000000000008
4.367099999999999 1.851900000000001
4.3771 1.853400000000001
4.3870999999999984 1.8480000000000005
4.3971 1.8363000000000005
4.407099999999998 1.8200999999999992
4.4171 1.7981999999999987
4.427099999999998 1.7732999999999999
4.437099999999999 1.7443000000000002
4.447100000000001 1.7133000000000005
4.457099999999999 1.6803000000000001
4.4671 1.6481999999999997
4.477099999999998 1.6159
4.4871 1.5852000000000002
4.497099999999998 1.5564000000000007
4.507099999999999 1.5303
4.517100000000001 1.5074999999999996
4.527099999999999 1.4891999999999999
4.537100000000001 1.4740999999999997
4.547099999999999 1.4625000000000001
4.5571 1.4556000000000004
4.567099999999998 1.4527000000000005
4.5771 1.4538000000000004
4.587099999999998 1.4587999999999997
4.597099999999999 1.4682000000000004
4.607100000000001 1.4799000000000004
4.617099999999999 1.4959999999999993
4.6271 1.5145999999999995
4.6370999999999984 1.5369999999999995
4.6471 1.5623999999999996
4.657099999999998 1.5912000000000006
4.6671 1.6221000000000008
4.677099999999998 1.6578
4.687099999999999 1.6959000000000002
4.697100000000001 1.7366999999999997
4.707099999999999 1.7808000000000004
4.7171 1.8269000000000006
4.727099999999998 1.8769999999999996
4.7371 1.9272999999999991
4.747099999999998 1.9807000000000008
4.757099999999999 2.0324
4.767100000000001 2.0874000000000006
4.777099999999999 2.1447
4.787100000000001 2.1915
4.797099999999999 2.240200000000001
4.8071 2.286
4.817099999999998 2.3236000000000008
4.8271 2.3606999999999996
4.837099999999998 2.3907
4.847099999999999 2.4153000000000002
4.857100000000001 2.4331999999999994
4.867099999999999 2.4423999999999997
4.8771 2.4475000000000007
4.8870999999999984 2.4486999999999997
4.8971 2.4430000000000005
4.907099999999998 2.4335000000000004
4.9171 2.418099999999999
4.927099999999998 2.4060999999999995
4.937099999999999 2.3871000000000007
4.947100000000001 2.3669
4.957099999999999 2.3528
4.9671 2.3379
4.977099999999998 2.3209000000000004
4.9871 2.3113400000000004
4.997099999999998 2.299219999999999
5.007099999999999 2.2900699999999996
5.017100000000001 2.2854299999999994
5.027099999999999 2.2800400000000005
5.037100000000001 2.27691
5.047099999999999 2.2729
5.0571 2.2690500000000005
5.067099999999998 2.26525
5.0771 2.2564899999999994
5.087099999999998 2.2477600000000004
5.097099999999999 2.23594
5.107100000000001 2.21704
5.117099999999999 2.19602
5.1271 2.168870000000001
5.1370999999999984 2.1385899999999998
5.1471 2.107170000000001
5.157099999999998 2.0666200000000003
5.1671 2.0249600000000005
5.177099999999998 1.9766100000000002
5.187099999999999 1.924279999999999
5.197100000000001 1.8714800000000003
5.207099999999999 1.8147799999999998
5.2171 1.75565
5.227099999999998 1.69482
5.2371 1.6323800000000006
5.247099999999998 1.5693199999999998
5.257099999999999 1.5054999999999998
5.267100000000001 1.4413100000000003
5.277099999999999 1.3774
5.287100000000001 1.3137199999999996
5.297099999999999 1.2512000000000003
5.3071 1.1896899999999995
5.317099999999998 1.1293199999999999
5.3271 1.0702200000000002
5.337099999999998 1.0133000000000003
5.347099999999999 0.9574300000000002
5.357100000000001 0.9036300000000002
5.367099999999999 0.8517400000000002
5.3771 0.8013799999999999
5.3870999999999984 0.7529399999999998
5.3971 0.7063200000000001
5.407099999999998 0.6612399999999998
5.4171 0.6178700000000003
5.427099999999998 0.5762900000000002
5.437099999999999 0.5363500000000002
5.447100000000001 0.4981499999999999
5.457099999999999 0.46157000000000004
5.4671 0.4264099999999999
5.477099999999998 0.39303999999999983
5.4871 0.3613000000000001
5.497099999999998 0.33126
5.507099999999999 0.30273000000000005
5.517100000000001 0.275999
5.527099999999999 0.25099000000000005
5.537100000000001 0.22720900000000002
5.547099999999999 0.20554099999999997
5.5571 0.18484300000000006
5.567099999999998 0.16584799999999997
5.5771 0.14819600000000002
5.587099999999998 0.13189299999999998
5.597099999999999 0.11687
5.607100000000001 0.10307699999999997
5.617099999999999 0.090446
5.6271 0.07894999999999999
5.6370999999999984 0.06849899999999999
5.6471 0.059066999999999995
5.657099999999998 0.050619
5.6671 0.04305100000000001
5.677099999999998 0.03640300000000001
5.687099999999999 0.03051929999999999
5.697100000000001 0.025396399999999993
5.707099999999999 0.0209563
5.7171 0.017148700000000003
5.727099999999998 0.0139146
5.7371 0.011191999999999999
5.747099999999998 0.0089199
5.757099999999999 0.007042400000000001
5.767100000000001 0.005510000000000002
5.777099999999999 0.0042688000000000005
5.787100000000001 0.003276840000000001
5.797099999999999 0.0024879900000000007
5.8071 0.0018730599999999997
5.817099999999998 0.00139542
5.8271 0.0010292399999999998
5.837099999999998 0.00075136
5.847099999999999 0.00054266
5.857100000000001 0.00038801
5.867099999999999 0.000274816
5.8771 0.00019253699999999998
5.8870999999999984 0.000133484
5.8971 9.157699999999998e-05
5.907099999999998 6.216900000000002e-05
5.9171 4.1797999999999995e-05
5.927099999999998 2.77694e-05
5.937099999999999 1.8259500000000004e-05
5.947100000000001 1.1889000000000001e-05
5.957099999999999 7.654399999999999e-06
